{
    "search_id": "3154c507-47f5-d2d3-4233-e3b6c757c36a",
    "currency": "EUR",
    "fx_rate": 1,
    "data": [
        {
            "id": "0b7723334e4100009f6097ba_0|233317884e4200002d560649_0|178823334e480000443b870a_0|23330b774e4800008969476a_0",
            "flyFrom": "BUD",
            "flyTo": "HAM",
            "cityFrom": "Budapest",
            "cityCodeFrom": "BUD",
            "cityTo": "Hamburg",
            "cityCodeTo": "HAM",
            "countryFrom": {
                "code": "HU",
                "name": "Hungary"
            },
            "countryTo": {
                "code": "DE",
                "name": "Germany"
            },
            "local_departure": "2024-11-06T19:30:00.000Z",
            "utc_departure": "2024-11-06T18:30:00.000Z",
            "local_arrival": "2024-11-07T15:40:00.000Z",
            "utc_arrival": "2024-11-07T14:40:00.000Z",
            "nightsInDest": 6,
            "quality": 339.666065,
            "distance": 949.98,
            "duration": {
                "departure": 72600,
                "return": 24900,
                "total": 97500
            },
            "price": 99,
            "conversion": {
                "EUR": 99
            },
            "fare": {
                "adults": 99,
                "children": 99,
                "infants": 99
            },
            "fare_locks": {
                "EUR": [
                    {
                        "default": false,
                        "duration": "P1D",
                        "itinerary_price_limit": 299,
                        "itinerary_price_remaining": 99,
                        "fare_lock_kind": "fee",
                        "price": 5,
                        "rule_instance_id": 26749,
                        "version": "v1"
                    },
                    {
                        "default": true,
                        "duration": "P3D",
                        "itinerary_price_limit": 299,
                        "itinerary_price_remaining": 99,
                        "fare_lock_kind": "fee",
                        "price": 10,
                        "rule_instance_id": 26748,
                        "version": "v1"
                    },
                    {
                        "default": false,
                        "duration": "P7D",
                        "itinerary_price_limit": 299,
                        "itinerary_price_remaining": 99,
                        "fare_lock_kind": "fee",
                        "price": 25,
                        "rule_instance_id": 26750,
                        "version": "v1"
                    }
                ]
            },
            "bags_price": {
                "1": 278.25,
                "2": 556.5
            },
            "baglimit": {
                "hand_dimensions_sum": 118,
                "hand_height": 40,
                "hand_length": 55,
                "hand_weight": 10,
                "hand_width": 23,
                "hold_dimensions_sum": 439,
                "hold_height": 149,
                "hold_length": 171,
                "hold_weight": 20,
                "hold_width": 119,
                "personal_item_dimension_sum": 90,
                "personal_item_height": 30,
                "personal_item_length": 40,
                "personal_item_weight": 10,
                "personal_item_width": 20
            },
            "availability": {
                "seats": 9
            },
            "airlines": [
                "W6",
                "W4"
            ],
            "route": [
                {
                    "id": "0b7723334e4100009f6097ba_0",
                    "combination_id": "0b7723334e4100009f6097ba",
                    "flyFrom": "BUD",
                    "flyTo": "TIA",
                    "cityFrom": "Budapest",
                    "cityCodeFrom": "BUD",
                    "cityTo": "Tirana",
                    "cityCodeTo": "TIA",
                    "local_departure": "2024-11-06T19:30:00.000Z",
                    "utc_departure": "2024-11-06T18:30:00.000Z",
                    "local_arrival": "2024-11-06T21:00:00.000Z",
                    "utc_arrival": "2024-11-06T20:00:00.000Z",
                    "airline": "W6",
                    "flight_no": 2233,
                    "operating_carrier": "",
                    "operating_flight_no": "",
                    "fare_basis": "",
                    "fare_category": "M",
                    "fare_classes": "",
                    "return": 0,
                    "bags_recheck_required": false,
                    "vi_connection": false,
                    "guarantee": false,
                    "equipment": null,
                    "vehicle_type": "aircraft"
                },
                {
                    "id": "233317884e4200002d560649_0",
                    "combination_id": "233317884e4200002d560649",
                    "flyFrom": "TIA",
                    "flyTo": "HAM",
                    "cityFrom": "Tirana",
                    "cityCodeFrom": "TIA",
                    "cityTo": "Hamburg",
                    "cityCodeTo": "HAM",
                    "local_departure": "2024-11-07T12:45:00.000Z",
                    "utc_departure": "2024-11-07T11:45:00.000Z",
                    "local_arrival": "2024-11-07T15:40:00.000Z",
                    "utc_arrival": "2024-11-07T14:40:00.000Z",
                    "airline": "W4",
                    "flight_no": 5107,
                    "operating_carrier": "",
                    "operating_flight_no": "",
                    "fare_basis": "",
                    "fare_category": "M",
                    "fare_classes": "",
                    "return": 0,
                    "bags_recheck_required": true,
                    "vi_connection": true,
                    "guarantee": true,
                    "equipment": null,
                    "vehicle_type": "aircraft"
                },
                {
                    "id": "178823334e480000443b870a_0",
                    "combination_id": "178823334e480000443b870a",
                    "flyFrom": "HAM",
                    "flyTo": "TIA",
                    "cityFrom": "Hamburg",
                    "cityCodeFrom": "HAM",
                    "cityTo": "Tirana",
                    "cityCodeTo": "TIA",
                    "local_departure": "2024-11-13T16:15:00.000Z",
                    "utc_departure": "2024-11-13T15:15:00.000Z",
                    "local_arrival": "2024-11-13T18:45:00.000Z",
                    "utc_arrival": "2024-11-13T17:45:00.000Z",
                    "airline": "W4",
                    "flight_no": 5108,
                    "operating_carrier": "",
                    "operating_flight_no": "",
                    "fare_basis": "",
                    "fare_category": "M",
                    "fare_classes": "",
                    "return": 1,
                    "bags_recheck_required": false,
                    "vi_connection": false,
                    "guarantee": false,
                    "equipment": null,
                    "vehicle_type": "aircraft"
                },
                {
                    "id": "23330b774e4800008969476a_0",
                    "combination_id": "23330b774e4800008969476a",
                    "flyFrom": "TIA",
                    "flyTo": "BUD",
                    "cityFrom": "Tirana",
                    "cityCodeFrom": "TIA",
                    "cityTo": "Budapest",
                    "cityCodeTo": "BUD",
                    "local_departure": "2024-11-13T21:35:00.000Z",
                    "utc_departure": "2024-11-13T20:35:00.000Z",
                    "local_arrival": "2024-11-13T23:10:00.000Z",
                    "utc_arrival": "2024-11-13T22:10:00.000Z",
                    "airline": "W6",
                    "flight_no": 2234,
                    "operating_carrier": "",
                    "operating_flight_no": "",
                    "fare_basis": "",
                    "fare_category": "M",
                    "fare_classes": "",
                    "return": 1,
                    "bags_recheck_required": true,
                    "vi_connection": true,
                    "guarantee": true,
                    "equipment": null,
                    "vehicle_type": "aircraft"
                }
            ],
            "booking_token": "HO4LPv4gUXhNUMJ3F_jSaH8i9LhChDZUb_bMjLPjTPObA6RKuOT4LlKWJzd7CN3KmQ5nVyk55nGrFP4vdO1Gb7aP_7ETzxz1agbkmuwMPMCWdRnJLPxLUNlh7mZC_a9SKQv4T4ex8exW8vAwB9HAy2Aw3dQSv_twKi6vzGLy2h4lZjJ3wz00sfc_Hv43G62x0nUN5AmXnmfct_peqmls81Xi1Y27SJ9WE3ZVs1dbmlxQgnkDLgB9qn4G95kI72ImRM4hgY21b6eQPUtJVvtEdcRIoS6iIeC4hRHjPF7E0g9JV3vcPruhlEUs9Y8IcSMNMQzB8jwODb0ZrAdkqTI1ubchpD4u9NgjSFC4zdyWm2TWY8Nbcf9ww6sAF438wkMkWfMSMOjkCvzZqsy64m5TeXu6kvGiOy0M2Zb_P2a5r_aud6SD3namE5defNz39byY8mP2pr2gCnRNXVvF0sV57RkkKlDqctAH3RVVXuqmdZfWWTbHiSJ4Wn0xZirChTU94eBMvdyRRQ83583HIfK3ZHE_FjPQz48i80F7CpvvPdLqZcp59S0MIEgWjfoa6_TTFtlMNq6Zx8uwmdDe9p_2RBqXaIevRvQd281EMcZWhD4gNenCogQ4OGCQv3AsQZX5xAODiaHA2dU6RWxwZbp_sot2qJ-eGnw2iQ1N3Ep_yoy-ZPOO3jjHZhG1VoqJg7ZCvw5fwVDYnrKfpk-UNlAg-Idfo5zLyinSoUB3x43ZgXmiUdN1EHixCt67Q4VUR3nPj5Su00wG0CyW97R9A2jRx5spyJc_4FKEpYWNEVEShXulbtQtU4mVII-e31mnljgi8apQvyJtjqDULH5DrgR_YaSPAsVm6dnfnH7YY38JQqJuMj6IWx9IZA3xdk_2tNf4E",
            "deep_link": "https://www.kiwi.com/deep?affilid=mihalytest&currency=EUR&flightsId=0b7723334e4100009f6097ba_0%7C233317884e4200002d560649_0%7C178823334e480000443b870a_0%7C23330b774e4800008969476a_0&from=BUD&lang=en&passengers=1&to=HAM&booking_token=HO4LPv4gUXhNUMJ3F_jSaH8i9LhChDZUb_bMjLPjTPObA6RKuOT4LlKWJzd7CN3KmQ5nVyk55nGrFP4vdO1Gb7aP_7ETzxz1agbkmuwMPMCWdRnJLPxLUNlh7mZC_a9SKQv4T4ex8exW8vAwB9HAy2Aw3dQSv_twKi6vzGLy2h4lZjJ3wz00sfc_Hv43G62x0nUN5AmXnmfct_peqmls81Xi1Y27SJ9WE3ZVs1dbmlxQgnkDLgB9qn4G95kI72ImRM4hgY21b6eQPUtJVvtEdcRIoS6iIeC4hRHjPF7E0g9JV3vcPruhlEUs9Y8IcSMNMQzB8jwODb0ZrAdkqTI1ubchpD4u9NgjSFC4zdyWm2TWY8Nbcf9ww6sAF438wkMkWfMSMOjkCvzZqsy64m5TeXu6kvGiOy0M2Zb_P2a5r_aud6SD3namE5defNz39byY8mP2pr2gCnRNXVvF0sV57RkkKlDqctAH3RVVXuqmdZfWWTbHiSJ4Wn0xZirChTU94eBMvdyRRQ83583HIfK3ZHE_FjPQz48i80F7CpvvPdLqZcp59S0MIEgWjfoa6_TTFtlMNq6Zx8uwmdDe9p_2RBqXaIevRvQd281EMcZWhD4gNenCogQ4OGCQv3AsQZX5xAODiaHA2dU6RWxwZbp_sot2qJ-eGnw2iQ1N3Ep_yoy-ZPOO3jjHZhG1VoqJg7ZCvw5fwVDYnrKfpk-UNlAg-Idfo5zLyinSoUB3x43ZgXmiUdN1EHixCt67Q4VUR3nPj5Su00wG0CyW97R9A2jRx5spyJc_4FKEpYWNEVEShXulbtQtU4mVII-e31mnljgi8apQvyJtjqDULH5DrgR_YaSPAsVm6dnfnH7YY38JQqJuMj6IWx9IZA3xdk_2tNf4E",
            "facilitated_booking_available": false,
            "pnr_count": 4,
            "has_airport_change": false,
            "technical_stops": 0,
            "throw_away_ticketing": false,
            "hidden_city_ticketing": false,
            "virtual_interlining": true
        },
        {
            "id": "0b7723334e4100009f6097ba_0|233317884e4200002d560649_0|178825134e440000da98a6b5_0|25130b774e45000002e292f3_0",
            "flyFrom": "BUD",
            "flyTo": "HAM",
            "cityFrom": "Budapest",
            "cityCodeFrom": "BUD",
            "cityTo": "Hamburg",
            "cityCodeTo": "HAM",
            "countryFrom": {
                "code": "HU",
                "name": "Hungary"
            },
            "countryTo": {
                "code": "DE",
                "name": "Germany"
            },
            "local_departure": "2024-11-06T19:30:00.000Z",
            "utc_departure": "2024-11-06T18:30:00.000Z",
            "local_arrival": "2024-11-07T15:40:00.000Z",
            "utc_arrival": "2024-11-07T14:40:00.000Z",
            "nightsInDest": 2,
            "quality": 467.332415,
            "distance": 949.98,
            "duration": {
                "departure": 72600,
                "return": 81900,
                "total": 154500
            },
            "price": 100,
            "conversion": {
                "EUR": 100
            },
            "fare": {
                "adults": 100,
                "children": 100,
                "infants": 100
            },
            "fare_locks": {
                "EUR": [
                    {
                        "default": false,
                        "duration": "P1D",
                        "itinerary_price_limit": 300,
                        "itinerary_price_remaining": 100,
                        "fare_lock_kind": "fee",
                        "price": 5,
                        "rule_instance_id": 26749,
                        "version": "v1"
                    },
                    {
                        "default": true,
                        "duration": "P3D",
                        "itinerary_price_limit": 300,
                        "itinerary_price_remaining": 100,
                        "fare_lock_kind": "fee",
                        "price": 10,
                        "rule_instance_id": 26748,
                        "version": "v1"
                    },
                    {
                        "default": false,
                        "duration": "P7D",
                        "itinerary_price_limit": 300,
                        "itinerary_price_remaining": 100,
                        "fare_lock_kind": "fee",
                        "price": 25,
                        "rule_instance_id": 26750,
                        "version": "v1"
                    }
                ]
            },
            "bags_price": {
                "1": 242.816,
                "2": 485.632
            },
            "baglimit": {
                "hand_dimensions_sum": 118,
                "hand_height": 40,
                "hand_length": 55,
                "hand_weight": 10,
                "hand_width": 23,
                "hold_dimensions_sum": 439,
                "hold_height": 149,
                "hold_length": 171,
                "hold_weight": 20,
                "hold_width": 119,
                "personal_item_dimension_sum": 90,
                "personal_item_height": 30,
                "personal_item_length": 40,
                "personal_item_weight": 10,
                "personal_item_width": 20
            },
            "availability": {
                "seats": 9
            },
            "airlines": [
                "W6",
                "W4"
            ],
            "route": [
                {
                    "id": "0b7723334e4100009f6097ba_0",
                    "combination_id": "0b7723334e4100009f6097ba",
                    "flyFrom": "BUD",
                    "flyTo": "TIA",
                    "cityFrom": "Budapest",
                    "cityCodeFrom": "BUD",
                    "cityTo": "Tirana",
                    "cityCodeTo": "TIA",
                    "local_departure": "2024-11-06T19:30:00.000Z",
                    "utc_departure": "2024-11-06T18:30:00.000Z",
                    "local_arrival": "2024-11-06T21:00:00.000Z",
                    "utc_arrival": "2024-11-06T20:00:00.000Z",
                    "airline": "W6",
                    "flight_no": 2233,
                    "operating_carrier": "",
                    "operating_flight_no": "",
                    "fare_basis": "",
                    "fare_category": "M",
                    "fare_classes": "",
                    "return": 0,
                    "bags_recheck_required": false,
                    "vi_connection": false,
                    "guarantee": false,
                    "equipment": null,
                    "vehicle_type": "aircraft"
                },
                {
                    "id": "233317884e4200002d560649_0",
                    "combination_id": "233317884e4200002d560649",
                    "flyFrom": "TIA",
                    "flyTo": "HAM",
                    "cityFrom": "Tirana",
                    "cityCodeFrom": "TIA",
                    "cityTo": "Hamburg",
                    "cityCodeTo": "HAM",
                    "local_departure": "2024-11-07T12:45:00.000Z",
                    "utc_departure": "2024-11-07T11:45:00.000Z",
                    "local_arrival": "2024-11-07T15:40:00.000Z",
                    "utc_arrival": "2024-11-07T14:40:00.000Z",
                    "airline": "W4",
                    "flight_no": 5107,
                    "operating_carrier": "",
                    "operating_flight_no": "",
                    "fare_basis": "",
                    "fare_category": "M",
                    "fare_classes": "",
                    "return": 0,
                    "bags_recheck_required": true,
                    "vi_connection": true,
                    "guarantee": true,
                    "equipment": null,
                    "vehicle_type": "aircraft"
                },
                {
                    "id": "178825134e440000da98a6b5_0",
                    "combination_id": "178825134e440000da98a6b5",
                    "flyFrom": "HAM",
                    "flyTo": "SKP",
                    "cityFrom": "Hamburg",
                    "cityCodeFrom": "HAM",
                    "cityTo": "Skopje",
                    "cityCodeTo": "SKP",
                    "local_departure": "2024-11-09T09:20:00.000Z",
                    "utc_departure": "2024-11-09T08:20:00.000Z",
                    "local_arrival": "2024-11-09T11:55:00.000Z",
                    "utc_arrival": "2024-11-09T10:55:00.000Z",
                    "airline": "W6",
                    "flight_no": 4750,
                    "operating_carrier": "",
                    "operating_flight_no": "",
                    "fare_basis": "",
                    "fare_category": "M",
                    "fare_classes": "",
                    "return": 1,
                    "bags_recheck_required": false,
                    "vi_connection": false,
                    "guarantee": false,
                    "equipment": null,
                    "vehicle_type": "aircraft"
                },
                {
                    "id": "25130b774e45000002e292f3_0",
                    "combination_id": "25130b774e45000002e292f3",
                    "flyFrom": "SKP",
                    "flyTo": "BUD",
                    "cityFrom": "Skopje",
                    "cityCodeFrom": "SKP",
                    "cityTo": "Budapest",
                    "cityCodeTo": "BUD",
                    "local_departure": "2024-11-10T06:40:00.000Z",
                    "utc_departure": "2024-11-10T05:40:00.000Z",
                    "local_arrival": "2024-11-10T08:05:00.000Z",
                    "utc_arrival": "2024-11-10T07:05:00.000Z",
                    "airline": "W6",
                    "flight_no": 2230,
                    "operating_carrier": "",
                    "operating_flight_no": "",
                    "fare_basis": "",
                    "fare_category": "M",
                    "fare_classes": "",
                    "return": 1,
                    "bags_recheck_required": true,
                    "vi_connection": true,
                    "guarantee": true,
                    "equipment": null,
                    "vehicle_type": "aircraft"
                }
            ],
            "booking_token": "HMtaeZ_cmgO3eLTvL3E1CnSkY7yafhiGyX6KSJjM8TAA0msScEVqg8flVeoWvw0S6g1GJm9B7G4sLX6PxbErV03pCZ3WKS0EagJhij76g5mUI6Rsz-2dafdM4z1wMbI_Hxaydfdlhl97ZAjP5ltmCoZZ3-pJQT0h91rDW_BgOs3DlxE-e8HtoqIAD13EkXLFt0HwNYpoanzpCW5qdbwWR3n70VFiUPlwW8FZQ-SXn3rXyR8WpPxTRU5HjTOETZCZpCVBpUsMlrpgh3TOHRk4Z3oOcbezunqAyXzuoMw38XAeN9CZuoPpvy8dam_9xULBSOQ8mPtTc1N8NNhdnGY3nBYHpO3hQjmYidxzQC7EegZyNLg-NXaMMUzTWMwWKChKNISPjoHARHe1eOA6ixGDXQHri58TeXs9vfGAtOPvz9FGahWl4I8LsRZXxEnded5MsD8nGARu_7FXgzQ4hDhVgb8MZyIuOeoe0C76mXvUKkt59Wu_Gga1okrmNXxv1u_tt_m4CXqGu_u9FlDeVANJrpGKuHD-zg55TEAJOe6SIcOHeQqXV7zWEwjhEMEgWMgcD1oCAOspY5ZHIVC65Hl8tK60TBX2lhMhiymstqC5E0Vcyxs68HUf21LpGyQkdP5W05CQWmFd0tzyX1wYOPeT0kMvFVP0pYSrXypsXSwO36uSRWqB28-YblN2syNVbKfJHaV_j3sTbP1hw5hHiL7ILkXePcjC-ZuDilgtUjZUfzckBJw_mGYu5sIX4iCDJYFHak_bSkDEypl12Xs6S1UWzyva5UuEoQWePOQCJAcKoiC9cCRbZVJMS2p0orQ6oeiZhan8QbKN_054xyqqIGjKVXcb4XRBibJ2nd4zne0D3KpY=",
            "deep_link": "https://www.kiwi.com/deep?affilid=mihalytest&currency=EUR&flightsId=0b7723334e4100009f6097ba_0%7C233317884e4200002d560649_0%7C178825134e440000da98a6b5_0%7C25130b774e45000002e292f3_0&from=BUD&lang=en&passengers=1&to=HAM&booking_token=HMtaeZ_cmgO3eLTvL3E1CnSkY7yafhiGyX6KSJjM8TAA0msScEVqg8flVeoWvw0S6g1GJm9B7G4sLX6PxbErV03pCZ3WKS0EagJhij76g5mUI6Rsz-2dafdM4z1wMbI_Hxaydfdlhl97ZAjP5ltmCoZZ3-pJQT0h91rDW_BgOs3DlxE-e8HtoqIAD13EkXLFt0HwNYpoanzpCW5qdbwWR3n70VFiUPlwW8FZQ-SXn3rXyR8WpPxTRU5HjTOETZCZpCVBpUsMlrpgh3TOHRk4Z3oOcbezunqAyXzuoMw38XAeN9CZuoPpvy8dam_9xULBSOQ8mPtTc1N8NNhdnGY3nBYHpO3hQjmYidxzQC7EegZyNLg-NXaMMUzTWMwWKChKNISPjoHARHe1eOA6ixGDXQHri58TeXs9vfGAtOPvz9FGahWl4I8LsRZXxEnded5MsD8nGARu_7FXgzQ4hDhVgb8MZyIuOeoe0C76mXvUKkt59Wu_Gga1okrmNXxv1u_tt_m4CXqGu_u9FlDeVANJrpGKuHD-zg55TEAJOe6SIcOHeQqXV7zWEwjhEMEgWMgcD1oCAOspY5ZHIVC65Hl8tK60TBX2lhMhiymstqC5E0Vcyxs68HUf21LpGyQkdP5W05CQWmFd0tzyX1wYOPeT0kMvFVP0pYSrXypsXSwO36uSRWqB28-YblN2syNVbKfJHaV_j3sTbP1hw5hHiL7ILkXePcjC-ZuDilgtUjZUfzckBJw_mGYu5sIX4iCDJYFHak_bSkDEypl12Xs6S1UWzyva5UuEoQWePOQCJAcKoiC9cCRbZVJMS2p0orQ6oeiZhan8QbKN_054xyqqIGjKVXcb4XRBibJ2nd4zne0D3KpY=",
            "facilitated_booking_available": false,
            "pnr_count": 4,
            "has_airport_change": false,
            "technical_stops": 0,
            "throw_away_ticketing": false,
            "hidden_city_ticketing": false,
            "virtual_interlining": true
        },
        {
            "id": "0b7723334e4a0000890c4139_0|233317884e4b00004acc9761_0|178823334e4d0000731d45ef_0|23330b774e4d0000be4f858f_0",
            "flyFrom": "BUD",
            "flyTo": "HAM",
            "cityFrom": "Budapest",
            "cityCodeFrom": "BUD",
            "cityTo": "Hamburg",
            "cityCodeTo": "HAM",
            "countryFrom": {
                "code": "HU",
                "name": "Hungary"
            },
            "countryTo": {
                "code": "DE",
                "name": "Germany"
            },
            "local_departure": "2024-11-15T19:30:00.000Z",
            "utc_departure": "2024-11-15T18:30:00.000Z",
            "local_arrival": "2024-11-16T15:40:00.000Z",
            "utc_arrival": "2024-11-16T14:40:00.000Z",
            "nightsInDest": 2,
            "quality": 341.666065,
            "distance": 949.98,
            "duration": {
                "departure": 72600,
                "return": 24900,
                "total": 97500
            },
            "price": 101,
            "conversion": {
                "EUR": 101
            },
            "fare": {
                "adults": 101,
                "children": 101,
                "infants": 101
            },
            "fare_locks": {
                "EUR": [
                    {
                        "default": false,
                        "duration": "P1D",
                        "itinerary_price_limit": 301,
                        "itinerary_price_remaining": 101,
                        "fare_lock_kind": "fee",
                        "price": 5.05,
                        "rule_instance_id": 26749,
                        "version": "v1"
                    },
                    {
                        "default": true,
                        "duration": "P3D",
                        "itinerary_price_limit": 301,
                        "itinerary_price_remaining": 101,
                        "fare_lock_kind": "fee",
                        "price": 10.1,
                        "rule_instance_id": 26748,
                        "version": "v1"
                    },
                    {
                        "default": false,
                        "duration": "P7D",
                        "itinerary_price_limit": 301,
                        "itinerary_price_remaining": 101,
                        "fare_lock_kind": "fee",
                        "price": 25.25,
                        "rule_instance_id": 26750,
                        "version": "v1"
                    }
                ]
            },
            "bags_price": {
                "1": 272.874,
                "2": 545.748
            },
            "baglimit": {
                "hand_dimensions_sum": 118,
                "hand_height": 40,
                "hand_length": 55,
                "hand_weight": 10,
                "hand_width": 23,
                "hold_dimensions_sum": 439,
                "hold_height": 149,
                "hold_length": 171,
                "hold_weight": 20,
                "hold_width": 119,
                "personal_item_dimension_sum": 90,
                "personal_item_height": 30,
                "personal_item_length": 40,
                "personal_item_weight": 10,
                "personal_item_width": 20
            },
            "availability": {
                "seats": 1
            },
            "airlines": [
                "W6",
                "W4"
            ],
            "route": [
                {
                    "id": "0b7723334e4a0000890c4139_0",
                    "combination_id": "0b7723334e4a0000890c4139",
                    "flyFrom": "BUD",
                    "flyTo": "TIA",
                    "cityFrom": "Budapest",
                    "cityCodeFrom": "BUD",
                    "cityTo": "Tirana",
                    "cityCodeTo": "TIA",
                    "local_departure": "2024-11-15T19:30:00.000Z",
                    "utc_departure": "2024-11-15T18:30:00.000Z",
                    "local_arrival": "2024-11-15T21:00:00.000Z",
                    "utc_arrival": "2024-11-15T20:00:00.000Z",
                    "airline": "W6",
                    "flight_no": 2233,
                    "operating_carrier": "",
                    "operating_flight_no": "",
                    "fare_basis": "",
                    "fare_category": "M",
                    "fare_classes": "",
                    "return": 0,
                    "bags_recheck_required": false,
                    "vi_connection": false,
                    "guarantee": false,
                    "equipment": null,
                    "vehicle_type": "aircraft"
                },
                {
                    "id": "233317884e4b00004acc9761_0",
                    "combination_id": "233317884e4b00004acc9761",
                    "flyFrom": "TIA",
                    "flyTo": "HAM",
                    "cityFrom": "Tirana",
                    "cityCodeFrom": "TIA",
                    "cityTo": "Hamburg",
                    "cityCodeTo": "HAM",
                    "local_departure": "2024-11-16T12:45:00.000Z",
                    "utc_departure": "2024-11-16T11:45:00.000Z",
                    "local_arrival": "2024-11-16T15:40:00.000Z",
                    "utc_arrival": "2024-11-16T14:40:00.000Z",
                    "airline": "W4",
                    "flight_no": 5107,
                    "operating_carrier": "",
                    "operating_flight_no": "",
                    "fare_basis": "",
                    "fare_category": "M",
                    "fare_classes": "",
                    "return": 0,
                    "bags_recheck_required": true,
                    "vi_connection": true,
                    "guarantee": true,
                    "equipment": null,
                    "vehicle_type": "aircraft"
                },
                {
                    "id": "178823334e4d0000731d45ef_0",
                    "combination_id": "178823334e4d0000731d45ef",
                    "flyFrom": "HAM",
                    "flyTo": "TIA",
                    "cityFrom": "Hamburg",
                    "cityCodeFrom": "HAM",
                    "cityTo": "Tirana",
                    "cityCodeTo": "TIA",
                    "local_departure": "2024-11-18T16:15:00.000Z",
                    "utc_departure": "2024-11-18T15:15:00.000Z",
                    "local_arrival": "2024-11-18T18:45:00.000Z",
                    "utc_arrival": "2024-11-18T17:45:00.000Z",
                    "airline": "W4",
                    "flight_no": 5108,
                    "operating_carrier": "",
                    "operating_flight_no": "",
                    "fare_basis": "",
                    "fare_category": "M",
                    "fare_classes": "",
                    "return": 1,
                    "bags_recheck_required": false,
                    "vi_connection": false,
                    "guarantee": false,
                    "equipment": null,
                    "vehicle_type": "aircraft"
                },
                {
                    "id": "23330b774e4d0000be4f858f_0",
                    "combination_id": "23330b774e4d0000be4f858f",
                    "flyFrom": "TIA",
                    "flyTo": "BUD",
                    "cityFrom": "Tirana",
                    "cityCodeFrom": "TIA",
                    "cityTo": "Budapest",
                    "cityCodeTo": "BUD",
                    "local_departure": "2024-11-18T21:35:00.000Z",
                    "utc_departure": "2024-11-18T20:35:00.000Z",
                    "local_arrival": "2024-11-18T23:10:00.000Z",
                    "utc_arrival": "2024-11-18T22:10:00.000Z",
                    "airline": "W6",
                    "flight_no": 2234,
                    "operating_carrier": "",
                    "operating_flight_no": "",
                    "fare_basis": "",
                    "fare_category": "M",
                    "fare_classes": "",
                    "return": 1,
                    "bags_recheck_required": true,
                    "vi_connection": true,
                    "guarantee": true,
                    "equipment": null,
                    "vehicle_type": "aircraft"
                }
            ],
            "booking_token": "H-td9zTjCp461OIluZAe0heL-KWeCg9gEbSBeRrBxyPHL7cW7QF3E5XNH1jVcvrEsdQ34X9J8vGNby-1-nVOE8U_Kjx_ZkClMS_lRP3ELPxd4ugHPewtX_WozNtIUigJFNLUwUmLOqX33ECrMs9XmNSksGF_61p_n10h6rjR2rPvM77V_quG8sI8knmoZ4TyNPR0P0eqWLSJm6H9aSJLRZnTMaJbwrPSUELsKgNm7ufWxRex_wH30Cxeao3nEj_Kg5Jf3JAfRkpTRaOJ2J8YZjhoA2olZHEfcVw6APykFpOQF_s1QBYj8S0-wGB9-GsmoW30IbUDxPiAo6v2iNjWY0vtdtPRSROvBum_z9Wp2W91Hu_VpSAycpyEJ5jDxYwX6rUBRHVtHMWgLWtAtPtK3vrR3PB6C1Z7_Qe3xOwOfODza_6REkBQrCvjQLDBdOAGjZTsoXFSndpbaLOoVBOKQXlTdMA1S-Xf0wZqvSLm76WfiFNvUD289Cf4i0-cuHTm3tYWI8z-zPcNCgXIT5xDr6KiJOyqO4kbJBfvZWu5X4yv4eEpkxVVG654XE5Dkmrp8ZeLd_VNeUzvx4APRBRAuV5XluisRsBxrAI7x3Wt5xZDYzAidy0YTp_XsIqAGykZS3UvNRTraYJYLqNnJXj2RFL6v0EI9tQuIIDZoB73Hv568WTIip8RxzlS-Gh9Lca-2Zl8oTkmNquaGojXH77npEzuXPU73uxXQMjp5dent6W1BUWWvvROYkT_dCdp21GIXZj9PlRpq0qkyWAfHH7lLzw_Ja3WVMkrxjG0vgG1rb1V57OBIz8uL51_QOZkRQtRncAOoH9kCZ5fqdwnDzx9CTuy2p1zbTphmWgFBLqY6ohVGrM7GhKK9zfCkIQoyPUbgbP4cAt6XkDf6f0JusgEnZA==",
            "deep_link": "https://www.kiwi.com/deep?affilid=mihalytest&currency=EUR&flightsId=0b7723334e4a0000890c4139_0%7C233317884e4b00004acc9761_0%7C178823334e4d0000731d45ef_0%7C23330b774e4d0000be4f858f_0&from=BUD&lang=en&passengers=1&to=HAM&booking_token=H-td9zTjCp461OIluZAe0heL-KWeCg9gEbSBeRrBxyPHL7cW7QF3E5XNH1jVcvrEsdQ34X9J8vGNby-1-nVOE8U_Kjx_ZkClMS_lRP3ELPxd4ugHPewtX_WozNtIUigJFNLUwUmLOqX33ECrMs9XmNSksGF_61p_n10h6rjR2rPvM77V_quG8sI8knmoZ4TyNPR0P0eqWLSJm6H9aSJLRZnTMaJbwrPSUELsKgNm7ufWxRex_wH30Cxeao3nEj_Kg5Jf3JAfRkpTRaOJ2J8YZjhoA2olZHEfcVw6APykFpOQF_s1QBYj8S0-wGB9-GsmoW30IbUDxPiAo6v2iNjWY0vtdtPRSROvBum_z9Wp2W91Hu_VpSAycpyEJ5jDxYwX6rUBRHVtHMWgLWtAtPtK3vrR3PB6C1Z7_Qe3xOwOfODza_6REkBQrCvjQLDBdOAGjZTsoXFSndpbaLOoVBOKQXlTdMA1S-Xf0wZqvSLm76WfiFNvUD289Cf4i0-cuHTm3tYWI8z-zPcNCgXIT5xDr6KiJOyqO4kbJBfvZWu5X4yv4eEpkxVVG654XE5Dkmrp8ZeLd_VNeUzvx4APRBRAuV5XluisRsBxrAI7x3Wt5xZDYzAidy0YTp_XsIqAGykZS3UvNRTraYJYLqNnJXj2RFL6v0EI9tQuIIDZoB73Hv568WTIip8RxzlS-Gh9Lca-2Zl8oTkmNquaGojXH77npEzuXPU73uxXQMjp5dent6W1BUWWvvROYkT_dCdp21GIXZj9PlRpq0qkyWAfHH7lLzw_Ja3WVMkrxjG0vgG1rb1V57OBIz8uL51_QOZkRQtRncAOoH9kCZ5fqdwnDzx9CTuy2p1zbTphmWgFBLqY6ohVGrM7GhKK9zfCkIQoyPUbgbP4cAt6XkDf6f0JusgEnZA==",
            "facilitated_booking_available": false,
            "pnr_count": 4,
            "has_airport_change": false,
            "technical_stops": 0,
            "throw_away_ticketing": false,
            "hidden_city_ticketing": false,
            "virtual_interlining": true
        },
        {
            "id": "0b7723334e4600003d622067_0|233317884e4700007ab70274_0|178823334e4d0000731d45ef_0|23330b774e4d0000be4f858f_0",
            "flyFrom": "BUD",
            "flyTo": "HAM",
            "cityFrom": "Budapest",
            "cityCodeFrom": "BUD",
            "cityTo": "Hamburg",
            "cityCodeTo": "HAM",
            "countryFrom": {
                "code": "HU",
                "name": "Hungary"
            },
            "countryTo": {
                "code": "DE",
                "name": "Germany"
            },
            "local_departure": "2024-11-11T19:30:00.000Z",
            "utc_departure": "2024-11-11T18:30:00.000Z",
            "local_arrival": "2024-11-12T15:40:00.000Z",
            "utc_arrival": "2024-11-12T14:40:00.000Z",
            "nightsInDest": 6,
            "quality": 341.666065,
            "distance": 949.98,
            "duration": {
                "departure": 72600,
                "return": 24900,
                "total": 97500
            },
            "price": 101,
            "conversion": {
                "EUR": 101
            },
            "fare": {
                "adults": 101,
                "children": 101,
                "infants": 101
            },
            "fare_locks": {
                "EUR": [
                    {
                        "default": false,
                        "duration": "P1D",
                        "itinerary_price_limit": 301,
                        "itinerary_price_remaining": 101,
                        "fare_lock_kind": "fee",
                        "price": 5.05,
                        "rule_instance_id": 26749,
                        "version": "v1"
                    },
                    {
                        "default": true,
                        "duration": "P3D",
                        "itinerary_price_limit": 301,
                        "itinerary_price_remaining": 101,
                        "fare_lock_kind": "fee",
                        "price": 10.1,
                        "rule_instance_id": 26748,
                        "version": "v1"
                    },
                    {
                        "default": false,
                        "duration": "P7D",
                        "itinerary_price_limit": 301,
                        "itinerary_price_remaining": 101,
                        "fare_lock_kind": "fee",
                        "price": 25.25,
                        "rule_instance_id": 26750,
                        "version": "v1"
                    }
                ]
            },
            "bags_price": {
                "1": 272.874,
                "2": 545.748
            },
            "baglimit": {
                "hand_dimensions_sum": 118,
                "hand_height": 40,
                "hand_length": 55,
                "hand_weight": 10,
                "hand_width": 23,
                "hold_dimensions_sum": 439,
                "hold_height": 149,
                "hold_length": 171,
                "hold_weight": 20,
                "hold_width": 119,
                "personal_item_dimension_sum": 90,
                "personal_item_height": 30,
                "personal_item_length": 40,
                "personal_item_weight": 10,
                "personal_item_width": 20
            },
            "availability": {
                "seats": 1
            },
            "airlines": [
                "W6",
                "W4"
            ],
            "route": [
                {
                    "id": "0b7723334e4600003d622067_0",
                    "combination_id": "0b7723334e4600003d622067",
                    "flyFrom": "BUD",
                    "flyTo": "TIA",
                    "cityFrom": "Budapest",
                    "cityCodeFrom": "BUD",
                    "cityTo": "Tirana",
                    "cityCodeTo": "TIA",
                    "local_departure": "2024-11-11T19:30:00.000Z",
                    "utc_departure": "2024-11-11T18:30:00.000Z",
                    "local_arrival": "2024-11-11T21:00:00.000Z",
                    "utc_arrival": "2024-11-11T20:00:00.000Z",
                    "airline": "W6",
                    "flight_no": 2233,
                    "operating_carrier": "",
                    "operating_flight_no": "",
                    "fare_basis": "",
                    "fare_category": "M",
                    "fare_classes": "",
                    "return": 0,
                    "bags_recheck_required": false,
                    "vi_connection": false,
                    "guarantee": false,
                    "equipment": null,
                    "vehicle_type": "aircraft"
                },
                {
                    "id": "233317884e4700007ab70274_0",
                    "combination_id": "233317884e4700007ab70274",
                    "flyFrom": "TIA",
                    "flyTo": "HAM",
                    "cityFrom": "Tirana",
                    "cityCodeFrom": "TIA",
                    "cityTo": "Hamburg",
                    "cityCodeTo": "HAM",
                    "local_departure": "2024-11-12T12:45:00.000Z",
                    "utc_departure": "2024-11-12T11:45:00.000Z",
                    "local_arrival": "2024-11-12T15:40:00.000Z",
                    "utc_arrival": "2024-11-12T14:40:00.000Z",
                    "airline": "W4",
                    "flight_no": 5107,
                    "operating_carrier": "",
                    "operating_flight_no": "",
                    "fare_basis": "",
                    "fare_category": "M",
                    "fare_classes": "",
                    "return": 0,
                    "bags_recheck_required": true,
                    "vi_connection": true,
                    "guarantee": true,
                    "equipment": null,
                    "vehicle_type": "aircraft"
                },
                {
                    "id": "178823334e4d0000731d45ef_0",
                    "combination_id": "178823334e4d0000731d45ef",
                    "flyFrom": "HAM",
                    "flyTo": "TIA",
                    "cityFrom": "Hamburg",
                    "cityCodeFrom": "HAM",
                    "cityTo": "Tirana",
                    "cityCodeTo": "TIA",
                    "local_departure": "2024-11-18T16:15:00.000Z",
                    "utc_departure": "2024-11-18T15:15:00.000Z",
                    "local_arrival": "2024-11-18T18:45:00.000Z",
                    "utc_arrival": "2024-11-18T17:45:00.000Z",
                    "airline": "W4",
                    "flight_no": 5108,
                    "operating_carrier": "",
                    "operating_flight_no": "",
                    "fare_basis": "",
                    "fare_category": "M",
                    "fare_classes": "",
                    "return": 1,
                    "bags_recheck_required": false,
                    "vi_connection": false,
                    "guarantee": false,
                    "equipment": null,
                    "vehicle_type": "aircraft"
                },
                {
                    "id": "23330b774e4d0000be4f858f_0",
                    "combination_id": "23330b774e4d0000be4f858f",
                    "flyFrom": "TIA",
                    "flyTo": "BUD",
                    "cityFrom": "Tirana",
                    "cityCodeFrom": "TIA",
                    "cityTo": "Budapest",
                    "cityCodeTo": "BUD",
                    "local_departure": "2024-11-18T21:35:00.000Z",
                    "utc_departure": "2024-11-18T20:35:00.000Z",
                    "local_arrival": "2024-11-18T23:10:00.000Z",
                    "utc_arrival": "2024-11-18T22:10:00.000Z",
                    "airline": "W6",
                    "flight_no": 2234,
                    "operating_carrier": "",
                    "operating_flight_no": "",
                    "fare_basis": "",
                    "fare_category": "M",
                    "fare_classes": "",
                    "return": 1,
                    "bags_recheck_required": true,
                    "vi_connection": true,
                    "guarantee": true,
                    "equipment": null,
                    "vehicle_type": "aircraft"
                }
            ],
            "booking_token": "H4R3zSlqfnKAL4nRRKR5ajU0xqI51QUZgw9TIPjRMaySEluj27NLH0mEq7BfF4gXCOZVWbhcHgkc1p38mG3z8lzswg-4yoprTKs-Eb7EigsrClsc69csIJUlXBCnbuP3YkYcX5GDQi7zsZFzYqa7n1_g1SqF_mGgUildDh55bQmEDcQYP1l5Bv88mWzrewyMXXJAV38C4BeDWArjEMACCn3_WMgIJ0unprBmovPJWJmsZH5I-UDCmEQoCTxH_tlKEpEqLR7Lyrc9pSeMarIl9SSNCArD_-v3sMHOcweU34RprpghMi3q3Sk8MNpmRwN-fVs165FPI_Bmk_1LJSFmyzwAqRG9mXkdwZrZUXDcu_Uk89k93AUPpATq3qeik4HTv2O-FCCKYwCLc8ev1u1LKTRiVG1pFWQIttQ50oYlnIY4sKRP9BnY9IobiNlPOOxyBpEnlpND1xp67k_a00tXaR2UMzvFLDqPczXUH4veu18lu2HgiIOI__LQtFz1MKCCU5zi6S_1yWvGw3WM9XIUpj3V_kDtxTry7VmgXQE4VNURYXR289HovToCwON6-NpHzJqDsQkWv3QXxi4hvUebUIqVoo5yPKf_wU4lZZFmBYo6_QcWCETchrYy4dk1L11_1e91sYG-ze0bMMG9aqRaPQwEwN__vqFdwcrwjyzJl1XOXtxLsddmvN4mBpz4Ej047Nkd1QUQb-iS-NNcMdDwlAeOlIF8MUenCI9m6zHxTCwVO-Zk-aiAFASUH8SPWu7r9oErlKb3MZkrhmIZv9iZ7-kSzk9ARl2j07Wrq0dxMXAJUfnrBClJRzuWFQI6XfDZ6_zkVWCbrPrwqFhv8P4GOny2pi7V3CV32-iMfUiYVO4mU_vSR_FH_4tn87kn08T8R",
            "deep_link": "https://www.kiwi.com/deep?affilid=mihalytest&currency=EUR&flightsId=0b7723334e4600003d622067_0%7C233317884e4700007ab70274_0%7C178823334e4d0000731d45ef_0%7C23330b774e4d0000be4f858f_0&from=BUD&lang=en&passengers=1&to=HAM&booking_token=H4R3zSlqfnKAL4nRRKR5ajU0xqI51QUZgw9TIPjRMaySEluj27NLH0mEq7BfF4gXCOZVWbhcHgkc1p38mG3z8lzswg-4yoprTKs-Eb7EigsrClsc69csIJUlXBCnbuP3YkYcX5GDQi7zsZFzYqa7n1_g1SqF_mGgUildDh55bQmEDcQYP1l5Bv88mWzrewyMXXJAV38C4BeDWArjEMACCn3_WMgIJ0unprBmovPJWJmsZH5I-UDCmEQoCTxH_tlKEpEqLR7Lyrc9pSeMarIl9SSNCArD_-v3sMHOcweU34RprpghMi3q3Sk8MNpmRwN-fVs165FPI_Bmk_1LJSFmyzwAqRG9mXkdwZrZUXDcu_Uk89k93AUPpATq3qeik4HTv2O-FCCKYwCLc8ev1u1LKTRiVG1pFWQIttQ50oYlnIY4sKRP9BnY9IobiNlPOOxyBpEnlpND1xp67k_a00tXaR2UMzvFLDqPczXUH4veu18lu2HgiIOI__LQtFz1MKCCU5zi6S_1yWvGw3WM9XIUpj3V_kDtxTry7VmgXQE4VNURYXR289HovToCwON6-NpHzJqDsQkWv3QXxi4hvUebUIqVoo5yPKf_wU4lZZFmBYo6_QcWCETchrYy4dk1L11_1e91sYG-ze0bMMG9aqRaPQwEwN__vqFdwcrwjyzJl1XOXtxLsddmvN4mBpz4Ej047Nkd1QUQb-iS-NNcMdDwlAeOlIF8MUenCI9m6zHxTCwVO-Zk-aiAFASUH8SPWu7r9oErlKb3MZkrhmIZv9iZ7-kSzk9ARl2j07Wrq0dxMXAJUfnrBClJRzuWFQI6XfDZ6_zkVWCbrPrwqFhv8P4GOny2pi7V3CV32-iMfUiYVO4mU_vSR_FH_4tn87kn08T8R",
            "facilitated_booking_available": false,
            "pnr_count": 4,
            "has_airport_change": false,
            "technical_stops": 0,
            "throw_away_ticketing": false,
            "hidden_city_ticketing": false,
            "virtual_interlining": true
        },
        {
            "id": "0b7723334e4600003d622067_0|233317884e4700007ab70274_0|178823334e480000443b870a_0|23330b774e4800008969476a_0",
            "flyFrom": "BUD",
            "flyTo": "HAM",
            "cityFrom": "Budapest",
            "cityCodeFrom": "BUD",
            "cityTo": "Hamburg",
            "cityCodeTo": "HAM",
            "countryFrom": {
                "code": "HU",
                "name": "Hungary"
            },
            "countryTo": {
                "code": "DE",
                "name": "Germany"
            },
            "local_departure": "2024-11-11T19:30:00.000Z",
            "utc_departure": "2024-11-11T18:30:00.000Z",
            "local_arrival": "2024-11-12T15:40:00.000Z",
            "utc_arrival": "2024-11-12T14:40:00.000Z",
            "nightsInDest": 1,
            "quality": 341.666065,
            "distance": 949.98,
            "duration": {
                "departure": 72600,
                "return": 24900,
                "total": 97500
            },
            "price": 101,
            "conversion": {
                "EUR": 101
            },
            "fare": {
                "adults": 101,
                "children": 101,
                "infants": 101
            },
            "fare_locks": {
                "EUR": [
                    {
                        "default": false,
                        "duration": "P1D",
                        "itinerary_price_limit": 301,
                        "itinerary_price_remaining": 101,
                        "fare_lock_kind": "fee",
                        "price": 5.05,
                        "rule_instance_id": 26749,
                        "version": "v1"
                    },
                    {
                        "default": true,
                        "duration": "P3D",
                        "itinerary_price_limit": 301,
                        "itinerary_price_remaining": 101,
                        "fare_lock_kind": "fee",
                        "price": 10.1,
                        "rule_instance_id": 26748,
                        "version": "v1"
                    },
                    {
                        "default": false,
                        "duration": "P7D",
                        "itinerary_price_limit": 301,
                        "itinerary_price_remaining": 101,
                        "fare_lock_kind": "fee",
                        "price": 25.25,
                        "rule_instance_id": 26750,
                        "version": "v1"
                    }
                ]
            },
            "bags_price": {
                "1": 272.874,
                "2": 545.748
            },
            "baglimit": {
                "hand_dimensions_sum": 118,
                "hand_height": 40,
                "hand_length": 55,
                "hand_weight": 10,
                "hand_width": 23,
                "hold_dimensions_sum": 439,
                "hold_height": 149,
                "hold_length": 171,
                "hold_weight": 20,
                "hold_width": 119,
                "personal_item_dimension_sum": 90,
                "personal_item_height": 30,
                "personal_item_length": 40,
                "personal_item_weight": 10,
                "personal_item_width": 20
            },
            "availability": {
                "seats": 9
            },
            "airlines": [
                "W6",
                "W4"
            ],
            "route": [
                {
                    "id": "0b7723334e4600003d622067_0",
                    "combination_id": "0b7723334e4600003d622067",
                    "flyFrom": "BUD",
                    "flyTo": "TIA",
                    "cityFrom": "Budapest",
                    "cityCodeFrom": "BUD",
                    "cityTo": "Tirana",
                    "cityCodeTo": "TIA",
                    "local_departure": "2024-11-11T19:30:00.000Z",
                    "utc_departure": "2024-11-11T18:30:00.000Z",
                    "local_arrival": "2024-11-11T21:00:00.000Z",
                    "utc_arrival": "2024-11-11T20:00:00.000Z",
                    "airline": "W6",
                    "flight_no": 2233,
                    "operating_carrier": "",
                    "operating_flight_no": "",
                    "fare_basis": "",
                    "fare_category": "M",
                    "fare_classes": "",
                    "return": 0,
                    "bags_recheck_required": false,
                    "vi_connection": false,
                    "guarantee": false,
                    "equipment": null,
                    "vehicle_type": "aircraft"
                },
                {
                    "id": "233317884e4700007ab70274_0",
                    "combination_id": "233317884e4700007ab70274",
                    "flyFrom": "TIA",
                    "flyTo": "HAM",
                    "cityFrom": "Tirana",
                    "cityCodeFrom": "TIA",
                    "cityTo": "Hamburg",
                    "cityCodeTo": "HAM",
                    "local_departure": "2024-11-12T12:45:00.000Z",
                    "utc_departure": "2024-11-12T11:45:00.000Z",
                    "local_arrival": "2024-11-12T15:40:00.000Z",
                    "utc_arrival": "2024-11-12T14:40:00.000Z",
                    "airline": "W4",
                    "flight_no": 5107,
                    "operating_carrier": "",
                    "operating_flight_no": "",
                    "fare_basis": "",
                    "fare_category": "M",
                    "fare_classes": "",
                    "return": 0,
                    "bags_recheck_required": true,
                    "vi_connection": true,
                    "guarantee": true,
                    "equipment": null,
                    "vehicle_type": "aircraft"
                },
                {
                    "id": "178823334e480000443b870a_0",
                    "combination_id": "178823334e480000443b870a",
                    "flyFrom": "HAM",
                    "flyTo": "TIA",
                    "cityFrom": "Hamburg",
                    "cityCodeFrom": "HAM",
                    "cityTo": "Tirana",
                    "cityCodeTo": "TIA",
                    "local_departure": "2024-11-13T16:15:00.000Z",
                    "utc_departure": "2024-11-13T15:15:00.000Z",
                    "local_arrival": "2024-11-13T18:45:00.000Z",
                    "utc_arrival": "2024-11-13T17:45:00.000Z",
                    "airline": "W4",
                    "flight_no": 5108,
                    "operating_carrier": "",
                    "operating_flight_no": "",
                    "fare_basis": "",
                    "fare_category": "M",
                    "fare_classes": "",
                    "return": 1,
                    "bags_recheck_required": false,
                    "vi_connection": false,
                    "guarantee": false,
                    "equipment": null,
                    "vehicle_type": "aircraft"
                },
                {
                    "id": "23330b774e4800008969476a_0",
                    "combination_id": "23330b774e4800008969476a",
                    "flyFrom": "TIA",
                    "flyTo": "BUD",
                    "cityFrom": "Tirana",
                    "cityCodeFrom": "TIA",
                    "cityTo": "Budapest",
                    "cityCodeTo": "BUD",
                    "local_departure": "2024-11-13T21:35:00.000Z",
                    "utc_departure": "2024-11-13T20:35:00.000Z",
                    "local_arrival": "2024-11-13T23:10:00.000Z",
                    "utc_arrival": "2024-11-13T22:10:00.000Z",
                    "airline": "W6",
                    "flight_no": 2234,
                    "operating_carrier": "",
                    "operating_flight_no": "",
                    "fare_basis": "",
                    "fare_category": "M",
                    "fare_classes": "",
                    "return": 1,
                    "bags_recheck_required": true,
                    "vi_connection": true,
                    "guarantee": true,
                    "equipment": null,
                    "vehicle_type": "aircraft"
                }
            ],
            "booking_token": "Hv5tHIUMKw0_Fpalls8F2G_7pgtySXOEWesyDWqjqWYq_-79VV27ytoq78KNREqAiztL1SdLANdxOo7ya5fUazdTtmvt2kb5J_J0hZs4XpQCQWuB1JWTCirXQE2-QsTYk2m5b3dWs8qfZ8ShKq5xXKwRet6NbtAHLRijvtSd2lZ82JBdHHjekhPj4iK798UnVLZ2H9W0240uDpG4k0Gr7pA0aOix-7ER5YgLBnJIJofo9UDAOwFB2MK7uy5d1qNXTUhe6iYdUeSJnlc6rvvntUJi3dReIisoX1zRJitA66-4zS0ob8-899XORJVZTIhwwmMlDGGdH-51rRfG3f_K0GMKkP0ZxC1UMJPSqpEr5kyCgh9NddvVLdSV5Lz50QoJqpuCJgGN3uFXfx1eSq30o0tVdYhJH66xpD1JWoxstab1a91kL8geDzDeKzOX1Hw1SqOKCSsABbra5tjswv_FygIytkx7QLt_PvDRQtuGN_2fAjl12k0V7mmM83GbG-XneBNBl8X4S7y4zPwhu7t_CQ2dhTzRHLphvMd98YrKSS6M6iVGdVir_ziOpB6fHRrCYjjayxtZnoxaGIVT7OQB2S4m9fKRSxCJojL8GEqX6vFwDLyxp5-eqtVoPHdNOxNHe9iUKrcptJVdD8-AKSqssJRdghJnC5NmC14iA0iGkdhVo_9lXb186D9Eeox3gbtEh1pvOqeqQXrQUaN7n8bSK9OjaH9mZ2OIltZ7WeKeAuVsnJzs6Da9bma6sEwHuh0F7lP61So6QO1KHZj6ULVvGacFAXqikyPcXX6CSF7fTFgykyHO-Z_3rBm-rfE6M4ecEbr52-yda9DQWEJaXUHgCjUSBEgSf8Bvh-HeA9hbmUGtCnVkdYsUTsv1_RqfyzVoB",
            "deep_link": "https://www.kiwi.com/deep?affilid=mihalytest&currency=EUR&flightsId=0b7723334e4600003d622067_0%7C233317884e4700007ab70274_0%7C178823334e480000443b870a_0%7C23330b774e4800008969476a_0&from=BUD&lang=en&passengers=1&to=HAM&booking_token=Hv5tHIUMKw0_Fpalls8F2G_7pgtySXOEWesyDWqjqWYq_-79VV27ytoq78KNREqAiztL1SdLANdxOo7ya5fUazdTtmvt2kb5J_J0hZs4XpQCQWuB1JWTCirXQE2-QsTYk2m5b3dWs8qfZ8ShKq5xXKwRet6NbtAHLRijvtSd2lZ82JBdHHjekhPj4iK798UnVLZ2H9W0240uDpG4k0Gr7pA0aOix-7ER5YgLBnJIJofo9UDAOwFB2MK7uy5d1qNXTUhe6iYdUeSJnlc6rvvntUJi3dReIisoX1zRJitA66-4zS0ob8-899XORJVZTIhwwmMlDGGdH-51rRfG3f_K0GMKkP0ZxC1UMJPSqpEr5kyCgh9NddvVLdSV5Lz50QoJqpuCJgGN3uFXfx1eSq30o0tVdYhJH66xpD1JWoxstab1a91kL8geDzDeKzOX1Hw1SqOKCSsABbra5tjswv_FygIytkx7QLt_PvDRQtuGN_2fAjl12k0V7mmM83GbG-XneBNBl8X4S7y4zPwhu7t_CQ2dhTzRHLphvMd98YrKSS6M6iVGdVir_ziOpB6fHRrCYjjayxtZnoxaGIVT7OQB2S4m9fKRSxCJojL8GEqX6vFwDLyxp5-eqtVoPHdNOxNHe9iUKrcptJVdD8-AKSqssJRdghJnC5NmC14iA0iGkdhVo_9lXb186D9Eeox3gbtEh1pvOqeqQXrQUaN7n8bSK9OjaH9mZ2OIltZ7WeKeAuVsnJzs6Da9bma6sEwHuh0F7lP61So6QO1KHZj6ULVvGacFAXqikyPcXX6CSF7fTFgykyHO-Z_3rBm-rfE6M4ecEbr52-yda9DQWEJaXUHgCjUSBEgSf8Bvh-HeA9hbmUGtCnVkdYsUTsv1_RqfyzVoB",
            "facilitated_booking_available": false,
            "pnr_count": 4,
            "has_airport_change": false,
            "technical_stops": 0,
            "throw_away_ticketing": false,
            "hidden_city_ticketing": false,
            "virtual_interlining": true
        },
        {
            "id": "0b7723334e480000289b23a6_0|233317884e490000568781aa_0|178823334e4d0000731d45ef_0|23330b774e4d0000be4f858f_0",
            "flyFrom": "BUD",
            "flyTo": "HAM",
            "cityFrom": "Budapest",
            "cityCodeFrom": "BUD",
            "cityTo": "Hamburg",
            "cityCodeTo": "HAM",
            "countryFrom": {
                "code": "HU",
                "name": "Hungary"
            },
            "countryTo": {
                "code": "DE",
                "name": "Germany"
            },
            "local_departure": "2024-11-13T19:30:00.000Z",
            "utc_departure": "2024-11-13T18:30:00.000Z",
            "local_arrival": "2024-11-14T15:40:00.000Z",
            "utc_arrival": "2024-11-14T14:40:00.000Z",
            "nightsInDest": 4,
            "quality": 341.666065,
            "distance": 949.98,
            "duration": {
                "departure": 72600,
                "return": 24900,
                "total": 97500
            },
            "price": 101,
            "conversion": {
                "EUR": 101
            },
            "fare": {
                "adults": 101,
                "children": 101,
                "infants": 101
            },
            "fare_locks": {
                "EUR": [
                    {
                        "default": false,
                        "duration": "P1D",
                        "itinerary_price_limit": 301,
                        "itinerary_price_remaining": 101,
                        "fare_lock_kind": "fee",
                        "price": 5.05,
                        "rule_instance_id": 26749,
                        "version": "v1"
                    },
                    {
                        "default": true,
                        "duration": "P3D",
                        "itinerary_price_limit": 301,
                        "itinerary_price_remaining": 101,
                        "fare_lock_kind": "fee",
                        "price": 10.1,
                        "rule_instance_id": 26748,
                        "version": "v1"
                    },
                    {
                        "default": false,
                        "duration": "P7D",
                        "itinerary_price_limit": 301,
                        "itinerary_price_remaining": 101,
                        "fare_lock_kind": "fee",
                        "price": 25.25,
                        "rule_instance_id": 26750,
                        "version": "v1"
                    }
                ]
            },
            "bags_price": {
                "1": 272.874,
                "2": 545.748
            },
            "baglimit": {
                "hand_dimensions_sum": 118,
                "hand_height": 40,
                "hand_length": 55,
                "hand_weight": 10,
                "hand_width": 23,
                "hold_dimensions_sum": 439,
                "hold_height": 149,
                "hold_length": 171,
                "hold_weight": 20,
                "hold_width": 119,
                "personal_item_dimension_sum": 90,
                "personal_item_height": 30,
                "personal_item_length": 40,
                "personal_item_weight": 10,
                "personal_item_width": 20
            },
            "availability": {
                "seats": 1
            },
            "airlines": [
                "W6",
                "W4"
            ],
            "route": [
                {
                    "id": "0b7723334e480000289b23a6_0",
                    "combination_id": "0b7723334e480000289b23a6",
                    "flyFrom": "BUD",
                    "flyTo": "TIA",
                    "cityFrom": "Budapest",
                    "cityCodeFrom": "BUD",
                    "cityTo": "Tirana",
                    "cityCodeTo": "TIA",
                    "local_departure": "2024-11-13T19:30:00.000Z",
                    "utc_departure": "2024-11-13T18:30:00.000Z",
                    "local_arrival": "2024-11-13T21:00:00.000Z",
                    "utc_arrival": "2024-11-13T20:00:00.000Z",
                    "airline": "W6",
                    "flight_no": 2233,
                    "operating_carrier": "",
                    "operating_flight_no": "",
                    "fare_basis": "",
                    "fare_category": "M",
                    "fare_classes": "",
                    "return": 0,
                    "bags_recheck_required": false,
                    "vi_connection": false,
                    "guarantee": false,
                    "equipment": null,
                    "vehicle_type": "aircraft"
                },
                {
                    "id": "233317884e490000568781aa_0",
                    "combination_id": "233317884e490000568781aa",
                    "flyFrom": "TIA",
                    "flyTo": "HAM",
                    "cityFrom": "Tirana",
                    "cityCodeFrom": "TIA",
                    "cityTo": "Hamburg",
                    "cityCodeTo": "HAM",
                    "local_departure": "2024-11-14T12:45:00.000Z",
                    "utc_departure": "2024-11-14T11:45:00.000Z",
                    "local_arrival": "2024-11-14T15:40:00.000Z",
                    "utc_arrival": "2024-11-14T14:40:00.000Z",
                    "airline": "W4",
                    "flight_no": 5107,
                    "operating_carrier": "",
                    "operating_flight_no": "",
                    "fare_basis": "",
                    "fare_category": "M",
                    "fare_classes": "",
                    "return": 0,
                    "bags_recheck_required": true,
                    "vi_connection": true,
                    "guarantee": true,
                    "equipment": null,
                    "vehicle_type": "aircraft"
                },
                {
                    "id": "178823334e4d0000731d45ef_0",
                    "combination_id": "178823334e4d0000731d45ef",
                    "flyFrom": "HAM",
                    "flyTo": "TIA",
                    "cityFrom": "Hamburg",
                    "cityCodeFrom": "HAM",
                    "cityTo": "Tirana",
                    "cityCodeTo": "TIA",
                    "local_departure": "2024-11-18T16:15:00.000Z",
                    "utc_departure": "2024-11-18T15:15:00.000Z",
                    "local_arrival": "2024-11-18T18:45:00.000Z",
                    "utc_arrival": "2024-11-18T17:45:00.000Z",
                    "airline": "W4",
                    "flight_no": 5108,
                    "operating_carrier": "",
                    "operating_flight_no": "",
                    "fare_basis": "",
                    "fare_category": "M",
                    "fare_classes": "",
                    "return": 1,
                    "bags_recheck_required": false,
                    "vi_connection": false,
                    "guarantee": false,
                    "equipment": null,
                    "vehicle_type": "aircraft"
                },
                {
                    "id": "23330b774e4d0000be4f858f_0",
                    "combination_id": "23330b774e4d0000be4f858f",
                    "flyFrom": "TIA",
                    "flyTo": "BUD",
                    "cityFrom": "Tirana",
                    "cityCodeFrom": "TIA",
                    "cityTo": "Budapest",
                    "cityCodeTo": "BUD",
                    "local_departure": "2024-11-18T21:35:00.000Z",
                    "utc_departure": "2024-11-18T20:35:00.000Z",
                    "local_arrival": "2024-11-18T23:10:00.000Z",
                    "utc_arrival": "2024-11-18T22:10:00.000Z",
                    "airline": "W6",
                    "flight_no": 2234,
                    "operating_carrier": "",
                    "operating_flight_no": "",
                    "fare_basis": "",
                    "fare_category": "M",
                    "fare_classes": "",
                    "return": 1,
                    "bags_recheck_required": true,
                    "vi_connection": true,
                    "guarantee": true,
                    "equipment": null,
                    "vehicle_type": "aircraft"
                }
            ],
            "booking_token": "HBK_ofCb2dAQ2IE9d9tYVa9S55joltglFSTa7AFy3MKFZ46VfPcpBGaJN57ENjAbIk12letFenj-iZF429X1haB63CDCzHlMAa8HSg2Zvr6xUFVaw15YNvwzjS2AJrEBjIoBRozIO15HNSCeFcUnVZQD3r_rQgPiRLOM1x4S--TW49c5to8U1GCVkGOwknu9Tc6CRPENHob2v9i5A9Xoulb-AtUb7gKxLziO2vqkdq_WcXjAbL5e_q7atRnrMPLd2AymH2yGBXKjLRx6QaM_ZTG5fK23PopAjTK58t3AFCmiLGNNf17ktn7NRPg5cWgLcszfbBU8nEMkkOQPvUwJl5umchknLvabwZ0gaWCaWPMTbX9Zllg_mgbtfKC7T8OkSjP2KJxKW0v2IreQ2fe49d076_TOmQMQuywCRSJTxOClkCq3KZQVPeMxir8ed1ihdYwORfpbkEEcLIR630OkwWVwsrcyR9YNFOmCLf3DkJeDMMobddKf8EV18COfUsX-WOwf36owfxDPaHnfrp6qlheadr7HApvtIjbm63V-2bG6ECIkqoG6xpjhS3sMPMpyofiavZMio6dxG2tnCl5nXrj2iYt4sQihOoOsa_7D5ohlpEFLHOIq15Ii6vOwTtdc182ETfEEKTdUzO14DLG_3gGkgGUgZNpKiHW2eG4ETua7rs6C0w99FyB-4RaPQCsLoWw8qUQg2GZYoyxnq2cHTepso7SDUQq8vpv3FhyDzZBfTYC9-TFo1eqSh_jss_DBQF3CiA7eaG_FUmhiZZwQSzgqQzSN6XhkI0I_YKUjrRw5rPXDb5zpc_7EtMv5vxLx3hZu0SoodZB78q5ATvq35V3VET0hEtUJdxr36VTDciHBKFxs6Mv0yJE5mbrvVyyeY",
            "deep_link": "https://www.kiwi.com/deep?affilid=mihalytest&currency=EUR&flightsId=0b7723334e480000289b23a6_0%7C233317884e490000568781aa_0%7C178823334e4d0000731d45ef_0%7C23330b774e4d0000be4f858f_0&from=BUD&lang=en&passengers=1&to=HAM&booking_token=HBK_ofCb2dAQ2IE9d9tYVa9S55joltglFSTa7AFy3MKFZ46VfPcpBGaJN57ENjAbIk12letFenj-iZF429X1haB63CDCzHlMAa8HSg2Zvr6xUFVaw15YNvwzjS2AJrEBjIoBRozIO15HNSCeFcUnVZQD3r_rQgPiRLOM1x4S--TW49c5to8U1GCVkGOwknu9Tc6CRPENHob2v9i5A9Xoulb-AtUb7gKxLziO2vqkdq_WcXjAbL5e_q7atRnrMPLd2AymH2yGBXKjLRx6QaM_ZTG5fK23PopAjTK58t3AFCmiLGNNf17ktn7NRPg5cWgLcszfbBU8nEMkkOQPvUwJl5umchknLvabwZ0gaWCaWPMTbX9Zllg_mgbtfKC7T8OkSjP2KJxKW0v2IreQ2fe49d076_TOmQMQuywCRSJTxOClkCq3KZQVPeMxir8ed1ihdYwORfpbkEEcLIR630OkwWVwsrcyR9YNFOmCLf3DkJeDMMobddKf8EV18COfUsX-WOwf36owfxDPaHnfrp6qlheadr7HApvtIjbm63V-2bG6ECIkqoG6xpjhS3sMPMpyofiavZMio6dxG2tnCl5nXrj2iYt4sQihOoOsa_7D5ohlpEFLHOIq15Ii6vOwTtdc182ETfEEKTdUzO14DLG_3gGkgGUgZNpKiHW2eG4ETua7rs6C0w99FyB-4RaPQCsLoWw8qUQg2GZYoyxnq2cHTepso7SDUQq8vpv3FhyDzZBfTYC9-TFo1eqSh_jss_DBQF3CiA7eaG_FUmhiZZwQSzgqQzSN6XhkI0I_YKUjrRw5rPXDb5zpc_7EtMv5vxLx3hZu0SoodZB78q5ATvq35V3VET0hEtUJdxr36VTDciHBKFxs6Mv0yJE5mbrvVyyeY",
            "facilitated_booking_available": false,
            "pnr_count": 4,
            "has_airport_change": false,
            "technical_stops": 0,
            "throw_away_ticketing": false,
            "hidden_city_ticketing": false,
            "virtual_interlining": true
        },
        {
            "id": "0b7723334e5b0000bf5133f1_0|233317884e5c0000e709fb49_0|178823334e5d0000b310749b_0|23330b774e5d00007e42b4fb_0",
            "flyFrom": "BUD",
            "flyTo": "HAM",
            "cityFrom": "Budapest",
            "cityCodeFrom": "BUD",
            "cityTo": "Hamburg",
            "cityCodeTo": "HAM",
            "countryFrom": {
                "code": "HU",
                "name": "Hungary"
            },
            "countryTo": {
                "code": "DE",
                "name": "Germany"
            },
            "local_departure": "2024-12-02T19:30:00.000Z",
            "utc_departure": "2024-12-02T18:30:00.000Z",
            "local_arrival": "2024-12-03T15:40:00.000Z",
            "utc_arrival": "2024-12-03T14:40:00.000Z",
            "nightsInDest": 1,
            "quality": 342.666065,
            "distance": 949.98,
            "duration": {
                "departure": 72600,
                "return": 24900,
                "total": 97500
            },
            "price": 102,
            "conversion": {
                "EUR": 102
            },
            "fare": {
                "adults": 102,
                "children": 102,
                "infants": 102
            },
            "fare_locks": {
                "EUR": [
                    {
                        "default": false,
                        "duration": "P1D",
                        "itinerary_price_limit": 302,
                        "itinerary_price_remaining": 102,
                        "fare_lock_kind": "fee",
                        "price": 5.1,
                        "rule_instance_id": 26749,
                        "version": "v1"
                    },
                    {
                        "default": true,
                        "duration": "P3D",
                        "itinerary_price_limit": 302,
                        "itinerary_price_remaining": 102,
                        "fare_lock_kind": "fee",
                        "price": 10.2,
                        "rule_instance_id": 26748,
                        "version": "v1"
                    },
                    {
                        "default": false,
                        "duration": "P7D",
                        "itinerary_price_limit": 302,
                        "itinerary_price_remaining": 102,
                        "fare_lock_kind": "fee",
                        "price": 25.5,
                        "rule_instance_id": 26750,
                        "version": "v1"
                    }
                ]
            },
            "bags_price": {
                "1": 261.184,
                "2": 522.368
            },
            "baglimit": {
                "hand_dimensions_sum": 118,
                "hand_height": 40,
                "hand_length": 55,
                "hand_weight": 10,
                "hand_width": 23,
                "hold_dimensions_sum": 439,
                "hold_height": 149,
                "hold_length": 171,
                "hold_weight": 20,
                "hold_width": 119,
                "personal_item_dimension_sum": 90,
                "personal_item_height": 30,
                "personal_item_length": 40,
                "personal_item_weight": 10,
                "personal_item_width": 20
            },
            "availability": {
                "seats": 5
            },
            "airlines": [
                "W6",
                "W4"
            ],
            "route": [
                {
                    "id": "0b7723334e5b0000bf5133f1_0",
                    "combination_id": "0b7723334e5b0000bf5133f1",
                    "flyFrom": "BUD",
                    "flyTo": "TIA",
                    "cityFrom": "Budapest",
                    "cityCodeFrom": "BUD",
                    "cityTo": "Tirana",
                    "cityCodeTo": "TIA",
                    "local_departure": "2024-12-02T19:30:00.000Z",
                    "utc_departure": "2024-12-02T18:30:00.000Z",
                    "local_arrival": "2024-12-02T21:00:00.000Z",
                    "utc_arrival": "2024-12-02T20:00:00.000Z",
                    "airline": "W6",
                    "flight_no": 2233,
                    "operating_carrier": "",
                    "operating_flight_no": "",
                    "fare_basis": "",
                    "fare_category": "M",
                    "fare_classes": "",
                    "return": 0,
                    "bags_recheck_required": false,
                    "vi_connection": false,
                    "guarantee": false,
                    "equipment": null,
                    "vehicle_type": "aircraft"
                },
                {
                    "id": "233317884e5c0000e709fb49_0",
                    "combination_id": "233317884e5c0000e709fb49",
                    "flyFrom": "TIA",
                    "flyTo": "HAM",
                    "cityFrom": "Tirana",
                    "cityCodeFrom": "TIA",
                    "cityTo": "Hamburg",
                    "cityCodeTo": "HAM",
                    "local_departure": "2024-12-03T12:45:00.000Z",
                    "utc_departure": "2024-12-03T11:45:00.000Z",
                    "local_arrival": "2024-12-03T15:40:00.000Z",
                    "utc_arrival": "2024-12-03T14:40:00.000Z",
                    "airline": "W4",
                    "flight_no": 5107,
                    "operating_carrier": "",
                    "operating_flight_no": "",
                    "fare_basis": "",
                    "fare_category": "M",
                    "fare_classes": "",
                    "return": 0,
                    "bags_recheck_required": true,
                    "vi_connection": true,
                    "guarantee": true,
                    "equipment": null,
                    "vehicle_type": "aircraft"
                },
                {
                    "id": "178823334e5d0000b310749b_0",
                    "combination_id": "178823334e5d0000b310749b",
                    "flyFrom": "HAM",
                    "flyTo": "TIA",
                    "cityFrom": "Hamburg",
                    "cityCodeFrom": "HAM",
                    "cityTo": "Tirana",
                    "cityCodeTo": "TIA",
                    "local_departure": "2024-12-04T16:15:00.000Z",
                    "utc_departure": "2024-12-04T15:15:00.000Z",
                    "local_arrival": "2024-12-04T18:45:00.000Z",
                    "utc_arrival": "2024-12-04T17:45:00.000Z",
                    "airline": "W4",
                    "flight_no": 5108,
                    "operating_carrier": "",
                    "operating_flight_no": "",
                    "fare_basis": "",
                    "fare_category": "M",
                    "fare_classes": "",
                    "return": 1,
                    "bags_recheck_required": false,
                    "vi_connection": false,
                    "guarantee": false,
                    "equipment": null,
                    "vehicle_type": "aircraft"
                },
                {
                    "id": "23330b774e5d00007e42b4fb_0",
                    "combination_id": "23330b774e5d00007e42b4fb",
                    "flyFrom": "TIA",
                    "flyTo": "BUD",
                    "cityFrom": "Tirana",
                    "cityCodeFrom": "TIA",
                    "cityTo": "Budapest",
                    "cityCodeTo": "BUD",
                    "local_departure": "2024-12-04T21:35:00.000Z",
                    "utc_departure": "2024-12-04T20:35:00.000Z",
                    "local_arrival": "2024-12-04T23:10:00.000Z",
                    "utc_arrival": "2024-12-04T22:10:00.000Z",
                    "airline": "W6",
                    "flight_no": 2234,
                    "operating_carrier": "",
                    "operating_flight_no": "",
                    "fare_basis": "",
                    "fare_category": "M",
                    "fare_classes": "",
                    "return": 1,
                    "bags_recheck_required": true,
                    "vi_connection": true,
                    "guarantee": true,
                    "equipment": null,
                    "vehicle_type": "aircraft"
                }
            ],
            "booking_token": "H2BeokftgAwAIhV7e04QTzk59Dlrz73I8pjBbCJC_ff9rU3kfGIX5H5AiVunBhhMCWnHTDdOK8Eep6t5Le0PHN35g-QDhmGlvdMRHorcPwPiYjbO5M8JXSabDyO7p-lGUhUYAAHMjPHtHjJIS-rpi2uUX9BlFLi0BIXeRpIY9toHgzHXf4Stb50AybSls1ArLjr3RVNAuTyHEaKnE7h1Bt6d-puujQQsgLEIbLhCA1gE4CjVxH8OEi0keWvFwSn7dwzuxJKazh4eQzWmNi4TvEcMS7MGGYRc1eVX7ezvra-ksB_od0q60UgpDpwFgZIYtTwUFKkjCl5UxgTWnJWV5-E7YMy4s3MIjnl-C3sbfVL4Xp5lwt-Yn94HzOyaOKW9pMIbqHNOZqUXMLNIBfkOSoSr048izY0TpBUM5j1G3RS3rKAyFqj1n7k1MuserkA1z8oTM1Y2oD1NTySvsckLapWSK-CcSx1Mz_jT-2KsP8uh0vqa8MXbfAHb2tvYWWDUkv9IgCoT7EvOnnfoE0RV98_HaqfH1U_VkU8SnjD9X_zpn9JsJwr3hgIHDX8NAb2MOE3QidCfIUt3hOu63I5YjBQPS965u_wwmbc7I9WMMvdEA27w28LhJZTdndQR2bcYCN6qzMimW505Kf2YEJfZedbWae_-GqPBy0BBiHXd8u_JW_PN_rIFJjsleaKTjg8GlJgQ8CR4A7g_c7ZC1swPMUA_WiysrmUiJCpxlJsQF2y2ytF30ViUkj-ws6jMftX8Ynd33V__gSPF2ZLRmIfpSYQMV_-x6SsR0p2zTdDkacRpRyQ-PfQcLX_yjx6j1F4K8FcvGVC5SvFZEzIfcSQNLtTUYB5V1l7DW1dQ9kZgwaaBXqDLJg893rTi_KlxUDGW3",
            "deep_link": "https://www.kiwi.com/deep?affilid=mihalytest&currency=EUR&flightsId=0b7723334e5b0000bf5133f1_0%7C233317884e5c0000e709fb49_0%7C178823334e5d0000b310749b_0%7C23330b774e5d00007e42b4fb_0&from=BUD&lang=en&passengers=1&to=HAM&booking_token=H2BeokftgAwAIhV7e04QTzk59Dlrz73I8pjBbCJC_ff9rU3kfGIX5H5AiVunBhhMCWnHTDdOK8Eep6t5Le0PHN35g-QDhmGlvdMRHorcPwPiYjbO5M8JXSabDyO7p-lGUhUYAAHMjPHtHjJIS-rpi2uUX9BlFLi0BIXeRpIY9toHgzHXf4Stb50AybSls1ArLjr3RVNAuTyHEaKnE7h1Bt6d-puujQQsgLEIbLhCA1gE4CjVxH8OEi0keWvFwSn7dwzuxJKazh4eQzWmNi4TvEcMS7MGGYRc1eVX7ezvra-ksB_od0q60UgpDpwFgZIYtTwUFKkjCl5UxgTWnJWV5-E7YMy4s3MIjnl-C3sbfVL4Xp5lwt-Yn94HzOyaOKW9pMIbqHNOZqUXMLNIBfkOSoSr048izY0TpBUM5j1G3RS3rKAyFqj1n7k1MuserkA1z8oTM1Y2oD1NTySvsckLapWSK-CcSx1Mz_jT-2KsP8uh0vqa8MXbfAHb2tvYWWDUkv9IgCoT7EvOnnfoE0RV98_HaqfH1U_VkU8SnjD9X_zpn9JsJwr3hgIHDX8NAb2MOE3QidCfIUt3hOu63I5YjBQPS965u_wwmbc7I9WMMvdEA27w28LhJZTdndQR2bcYCN6qzMimW505Kf2YEJfZedbWae_-GqPBy0BBiHXd8u_JW_PN_rIFJjsleaKTjg8GlJgQ8CR4A7g_c7ZC1swPMUA_WiysrmUiJCpxlJsQF2y2ytF30ViUkj-ws6jMftX8Ynd33V__gSPF2ZLRmIfpSYQMV_-x6SsR0p2zTdDkacRpRyQ-PfQcLX_yjx6j1F4K8FcvGVC5SvFZEzIfcSQNLtTUYB5V1l7DW1dQ9kZgwaaBXqDLJg893rTi_KlxUDGW3",
            "facilitated_booking_available": false,
            "pnr_count": 4,
            "has_airport_change": false,
            "technical_stops": 0,
            "throw_away_ticketing": false,
            "hidden_city_ticketing": false,
            "virtual_interlining": true
        },
        {
            "id": "0b7723334e4a0000890c4139_0|233317884e4b00004acc9761_0|178825134e5200009a17787d_0|25130b774e530000af91d2c4_0",
            "flyFrom": "BUD",
            "flyTo": "HAM",
            "cityFrom": "Budapest",
            "cityCodeFrom": "BUD",
            "cityTo": "Hamburg",
            "cityCodeTo": "HAM",
            "countryFrom": {
                "code": "HU",
                "name": "Hungary"
            },
            "countryTo": {
                "code": "DE",
                "name": "Germany"
            },
            "local_departure": "2024-11-15T19:30:00.000Z",
            "utc_departure": "2024-11-15T18:30:00.000Z",
            "local_arrival": "2024-11-16T15:40:00.000Z",
            "utc_arrival": "2024-11-16T14:40:00.000Z",
            "nightsInDest": 7,
            "quality": 469.332415,
            "distance": 949.98,
            "duration": {
                "departure": 72600,
                "return": 81900,
                "total": 154500
            },
            "price": 102,
            "conversion": {
                "EUR": 102
            },
            "fare": {
                "adults": 102,
                "children": 102,
                "infants": 102
            },
            "fare_locks": {
                "EUR": [
                    {
                        "default": false,
                        "duration": "P1D",
                        "itinerary_price_limit": 302,
                        "itinerary_price_remaining": 102,
                        "fare_lock_kind": "fee",
                        "price": 5.1,
                        "rule_instance_id": 26749,
                        "version": "v1"
                    },
                    {
                        "default": true,
                        "duration": "P3D",
                        "itinerary_price_limit": 302,
                        "itinerary_price_remaining": 102,
                        "fare_lock_kind": "fee",
                        "price": 10.2,
                        "rule_instance_id": 26748,
                        "version": "v1"
                    },
                    {
                        "default": false,
                        "duration": "P7D",
                        "itinerary_price_limit": 302,
                        "itinerary_price_remaining": 102,
                        "fare_lock_kind": "fee",
                        "price": 25.5,
                        "rule_instance_id": 26750,
                        "version": "v1"
                    }
                ]
            },
            "bags_price": {
                "1": 237.44,
                "2": 474.88
            },
            "baglimit": {
                "hand_dimensions_sum": 118,
                "hand_height": 40,
                "hand_length": 55,
                "hand_weight": 10,
                "hand_width": 23,
                "hold_dimensions_sum": 439,
                "hold_height": 149,
                "hold_length": 171,
                "hold_weight": 20,
                "hold_width": 119,
                "personal_item_dimension_sum": 90,
                "personal_item_height": 30,
                "personal_item_length": 40,
                "personal_item_weight": 10,
                "personal_item_width": 20
            },
            "availability": {
                "seats": 7
            },
            "airlines": [
                "W6",
                "W4"
            ],
            "route": [
                {
                    "id": "0b7723334e4a0000890c4139_0",
                    "combination_id": "0b7723334e4a0000890c4139",
                    "flyFrom": "BUD",
                    "flyTo": "TIA",
                    "cityFrom": "Budapest",
                    "cityCodeFrom": "BUD",
                    "cityTo": "Tirana",
                    "cityCodeTo": "TIA",
                    "local_departure": "2024-11-15T19:30:00.000Z",
                    "utc_departure": "2024-11-15T18:30:00.000Z",
                    "local_arrival": "2024-11-15T21:00:00.000Z",
                    "utc_arrival": "2024-11-15T20:00:00.000Z",
                    "airline": "W6",
                    "flight_no": 2233,
                    "operating_carrier": "",
                    "operating_flight_no": "",
                    "fare_basis": "",
                    "fare_category": "M",
                    "fare_classes": "",
                    "return": 0,
                    "bags_recheck_required": false,
                    "vi_connection": false,
                    "guarantee": false,
                    "equipment": null,
                    "vehicle_type": "aircraft"
                },
                {
                    "id": "233317884e4b00004acc9761_0",
                    "combination_id": "233317884e4b00004acc9761",
                    "flyFrom": "TIA",
                    "flyTo": "HAM",
                    "cityFrom": "Tirana",
                    "cityCodeFrom": "TIA",
                    "cityTo": "Hamburg",
                    "cityCodeTo": "HAM",
                    "local_departure": "2024-11-16T12:45:00.000Z",
                    "utc_departure": "2024-11-16T11:45:00.000Z",
                    "local_arrival": "2024-11-16T15:40:00.000Z",
                    "utc_arrival": "2024-11-16T14:40:00.000Z",
                    "airline": "W4",
                    "flight_no": 5107,
                    "operating_carrier": "",
                    "operating_flight_no": "",
                    "fare_basis": "",
                    "fare_category": "M",
                    "fare_classes": "",
                    "return": 0,
                    "bags_recheck_required": true,
                    "vi_connection": true,
                    "guarantee": true,
                    "equipment": null,
                    "vehicle_type": "aircraft"
                },
                {
                    "id": "178825134e5200009a17787d_0",
                    "combination_id": "178825134e5200009a17787d",
                    "flyFrom": "HAM",
                    "flyTo": "SKP",
                    "cityFrom": "Hamburg",
                    "cityCodeFrom": "HAM",
                    "cityTo": "Skopje",
                    "cityCodeTo": "SKP",
                    "local_departure": "2024-11-23T09:20:00.000Z",
                    "utc_departure": "2024-11-23T08:20:00.000Z",
                    "local_arrival": "2024-11-23T11:55:00.000Z",
                    "utc_arrival": "2024-11-23T10:55:00.000Z",
                    "airline": "W6",
                    "flight_no": 4750,
                    "operating_carrier": "",
                    "operating_flight_no": "",
                    "fare_basis": "",
                    "fare_category": "M",
                    "fare_classes": "",
                    "return": 1,
                    "bags_recheck_required": false,
                    "vi_connection": false,
                    "guarantee": false,
                    "equipment": null,
                    "vehicle_type": "aircraft"
                },
                {
                    "id": "25130b774e530000af91d2c4_0",
                    "combination_id": "25130b774e530000af91d2c4",
                    "flyFrom": "SKP",
                    "flyTo": "BUD",
                    "cityFrom": "Skopje",
                    "cityCodeFrom": "SKP",
                    "cityTo": "Budapest",
                    "cityCodeTo": "BUD",
                    "local_departure": "2024-11-24T06:40:00.000Z",
                    "utc_departure": "2024-11-24T05:40:00.000Z",
                    "local_arrival": "2024-11-24T08:05:00.000Z",
                    "utc_arrival": "2024-11-24T07:05:00.000Z",
                    "airline": "W6",
                    "flight_no": 2230,
                    "operating_carrier": "",
                    "operating_flight_no": "",
                    "fare_basis": "",
                    "fare_category": "M",
                    "fare_classes": "",
                    "return": 1,
                    "bags_recheck_required": true,
                    "vi_connection": true,
                    "guarantee": true,
                    "equipment": null,
                    "vehicle_type": "aircraft"
                }
            ],
            "booking_token": "HFjtpRXRiLZ8I1jobhcyFphorSjcqGr5jZGzp0V28HInDvdrxqLd791uyZdy8p0wdjI2maoIhVUc6O4kHEkU7P3dY8lUYF-nimo86W4aXcpNiJXmEtBvf-427YQ1itjpw0YynB5rftePEb3Xd0TKAsN0P0SJTG8uAEV7Yl8fqC_9V7yQCp7IrFa_wNBVobVFyFYDS963drCovlrvQBz3IXsOZV3VKibILTY5tQeHOd-FbfJpLRjHFZ0fgAwg48vKiz4BuV4d47o6QDa10MJUyTWOWJKMp7ByUd9sTPbeKUTMzCUVikr68iVG3OInEzIGuu-0MA14CeMOh2LCUMVDfkFUaw0fo7QsDpTGaz1x9llmf5V6kQhnTbs8O3dhcPy5T7dcpeiBsB8FdJyTkrEiyLQ8YIIrdf-a_cIh9lQtE7jVmZ8QJAIeG3Y3a6I0EmiLXAU8BfJQBHO6YPnu9QPndjOoFAws5-cZS64BZ7sO_lIN5EnNRjHRsPS-4IQScZjTxW15-Q2hCOR9Rb2kVCW_LGh9kNKYb7lOBuaX26OFFdiDtqIVnkraBBR6RKDu0aebhMA4rWHcTiCS4e8TDM3y4yL9iII2DyY7bZxYwNGG0XQv9RKcmot5e5v5bcDUuBtt-r8VMr-K9hdpOjIJ8zOLd66q59I48Iqvchpg48YZmUob6udNvUDXfc8xmwLjVPZfUobMn3-qI2jfrCGE2WG7EJKEyUUjGCMGlEERsDCS9JST1LXxvA9f-Zz3K7WcLHVBdD-QFmUO31dT4-nxw1B2i6IFgWaE-143Wy3iDoQp2D6ApbWcBrT-2DyiOdAim4ynh9bYQZ6WffaH3DwfqkPc4FWb29beKRcC2vbqpwnO25AATWEYIhGFJgaboAy3moDET",
            "deep_link": "https://www.kiwi.com/deep?affilid=mihalytest&currency=EUR&flightsId=0b7723334e4a0000890c4139_0%7C233317884e4b00004acc9761_0%7C178825134e5200009a17787d_0%7C25130b774e530000af91d2c4_0&from=BUD&lang=en&passengers=1&to=HAM&booking_token=HFjtpRXRiLZ8I1jobhcyFphorSjcqGr5jZGzp0V28HInDvdrxqLd791uyZdy8p0wdjI2maoIhVUc6O4kHEkU7P3dY8lUYF-nimo86W4aXcpNiJXmEtBvf-427YQ1itjpw0YynB5rftePEb3Xd0TKAsN0P0SJTG8uAEV7Yl8fqC_9V7yQCp7IrFa_wNBVobVFyFYDS963drCovlrvQBz3IXsOZV3VKibILTY5tQeHOd-FbfJpLRjHFZ0fgAwg48vKiz4BuV4d47o6QDa10MJUyTWOWJKMp7ByUd9sTPbeKUTMzCUVikr68iVG3OInEzIGuu-0MA14CeMOh2LCUMVDfkFUaw0fo7QsDpTGaz1x9llmf5V6kQhnTbs8O3dhcPy5T7dcpeiBsB8FdJyTkrEiyLQ8YIIrdf-a_cIh9lQtE7jVmZ8QJAIeG3Y3a6I0EmiLXAU8BfJQBHO6YPnu9QPndjOoFAws5-cZS64BZ7sO_lIN5EnNRjHRsPS-4IQScZjTxW15-Q2hCOR9Rb2kVCW_LGh9kNKYb7lOBuaX26OFFdiDtqIVnkraBBR6RKDu0aebhMA4rWHcTiCS4e8TDM3y4yL9iII2DyY7bZxYwNGG0XQv9RKcmot5e5v5bcDUuBtt-r8VMr-K9hdpOjIJ8zOLd66q59I48Iqvchpg48YZmUob6udNvUDXfc8xmwLjVPZfUobMn3-qI2jfrCGE2WG7EJKEyUUjGCMGlEERsDCS9JST1LXxvA9f-Zz3K7WcLHVBdD-QFmUO31dT4-nxw1B2i6IFgWaE-143Wy3iDoQp2D6ApbWcBrT-2DyiOdAim4ynh9bYQZ6WffaH3DwfqkPc4FWb29beKRcC2vbqpwnO25AATWEYIhGFJgaboAy3moDET",
            "facilitated_booking_available": false,
            "pnr_count": 4,
            "has_airport_change": false,
            "technical_stops": 0,
            "throw_away_ticketing": false,
            "hidden_city_ticketing": false,
            "virtual_interlining": true
        },
        {
            "id": "0b7723334e4d00001fbde143_0|233317884e4e0000c4b0d1e4_0|178825134e5200009a17787d_0|25130b774e530000af91d2c4_0",
            "flyFrom": "BUD",
            "flyTo": "HAM",
            "cityFrom": "Budapest",
            "cityCodeFrom": "BUD",
            "cityTo": "Hamburg",
            "cityCodeTo": "HAM",
            "countryFrom": {
                "code": "HU",
                "name": "Hungary"
            },
            "countryTo": {
                "code": "DE",
                "name": "Germany"
            },
            "local_departure": "2024-11-18T19:30:00.000Z",
            "utc_departure": "2024-11-18T18:30:00.000Z",
            "local_arrival": "2024-11-19T15:40:00.000Z",
            "utc_arrival": "2024-11-19T14:40:00.000Z",
            "nightsInDest": 4,
            "quality": 471.332415,
            "distance": 949.98,
            "duration": {
                "departure": 72600,
                "return": 81900,
                "total": 154500
            },
            "price": 104,
            "conversion": {
                "EUR": 104
            },
            "fare": {
                "adults": 104,
                "children": 104,
                "infants": 104
            },
            "fare_locks": {
                "EUR": [
                    {
                        "default": false,
                        "duration": "P1D",
                        "itinerary_price_limit": 304,
                        "itinerary_price_remaining": 104,
                        "fare_lock_kind": "fee",
                        "price": 5.2,
                        "rule_instance_id": 26749,
                        "version": "v1"
                    },
                    {
                        "default": true,
                        "duration": "P3D",
                        "itinerary_price_limit": 304,
                        "itinerary_price_remaining": 104,
                        "fare_lock_kind": "fee",
                        "price": 10.4,
                        "rule_instance_id": 26748,
                        "version": "v1"
                    },
                    {
                        "default": false,
                        "duration": "P7D",
                        "itinerary_price_limit": 304,
                        "itinerary_price_remaining": 104,
                        "fare_lock_kind": "fee",
                        "price": 26,
                        "rule_instance_id": 26750,
                        "version": "v1"
                    }
                ]
            },
            "bags_price": {
                "1": 237.44,
                "2": 474.88
            },
            "baglimit": {
                "hand_dimensions_sum": 118,
                "hand_height": 40,
                "hand_length": 55,
                "hand_weight": 10,
                "hand_width": 23,
                "hold_dimensions_sum": 439,
                "hold_height": 149,
                "hold_length": 171,
                "hold_weight": 20,
                "hold_width": 119,
                "personal_item_dimension_sum": 90,
                "personal_item_height": 30,
                "personal_item_length": 40,
                "personal_item_weight": 10,
                "personal_item_width": 20
            },
            "availability": {
                "seats": 5
            },
            "airlines": [
                "W6",
                "W4"
            ],
            "route": [
                {
                    "id": "0b7723334e4d00001fbde143_0",
                    "combination_id": "0b7723334e4d00001fbde143",
                    "flyFrom": "BUD",
                    "flyTo": "TIA",
                    "cityFrom": "Budapest",
                    "cityCodeFrom": "BUD",
                    "cityTo": "Tirana",
                    "cityCodeTo": "TIA",
                    "local_departure": "2024-11-18T19:30:00.000Z",
                    "utc_departure": "2024-11-18T18:30:00.000Z",
                    "local_arrival": "2024-11-18T21:00:00.000Z",
                    "utc_arrival": "2024-11-18T20:00:00.000Z",
                    "airline": "W6",
                    "flight_no": 2233,
                    "operating_carrier": "",
                    "operating_flight_no": "",
                    "fare_basis": "",
                    "fare_category": "M",
                    "fare_classes": "",
                    "return": 0,
                    "bags_recheck_required": false,
                    "vi_connection": false,
                    "guarantee": false,
                    "equipment": null,
                    "vehicle_type": "aircraft"
                },
                {
                    "id": "233317884e4e0000c4b0d1e4_0",
                    "combination_id": "233317884e4e0000c4b0d1e4",
                    "flyFrom": "TIA",
                    "flyTo": "HAM",
                    "cityFrom": "Tirana",
                    "cityCodeFrom": "TIA",
                    "cityTo": "Hamburg",
                    "cityCodeTo": "HAM",
                    "local_departure": "2024-11-19T12:45:00.000Z",
                    "utc_departure": "2024-11-19T11:45:00.000Z",
                    "local_arrival": "2024-11-19T15:40:00.000Z",
                    "utc_arrival": "2024-11-19T14:40:00.000Z",
                    "airline": "W4",
                    "flight_no": 5107,
                    "operating_carrier": "",
                    "operating_flight_no": "",
                    "fare_basis": "",
                    "fare_category": "M",
                    "fare_classes": "",
                    "return": 0,
                    "bags_recheck_required": true,
                    "vi_connection": true,
                    "guarantee": true,
                    "equipment": null,
                    "vehicle_type": "aircraft"
                },
                {
                    "id": "178825134e5200009a17787d_0",
                    "combination_id": "178825134e5200009a17787d",
                    "flyFrom": "HAM",
                    "flyTo": "SKP",
                    "cityFrom": "Hamburg",
                    "cityCodeFrom": "HAM",
                    "cityTo": "Skopje",
                    "cityCodeTo": "SKP",
                    "local_departure": "2024-11-23T09:20:00.000Z",
                    "utc_departure": "2024-11-23T08:20:00.000Z",
                    "local_arrival": "2024-11-23T11:55:00.000Z",
                    "utc_arrival": "2024-11-23T10:55:00.000Z",
                    "airline": "W6",
                    "flight_no": 4750,
                    "operating_carrier": "",
                    "operating_flight_no": "",
                    "fare_basis": "",
                    "fare_category": "M",
                    "fare_classes": "",
                    "return": 1,
                    "bags_recheck_required": false,
                    "vi_connection": false,
                    "guarantee": false,
                    "equipment": null,
                    "vehicle_type": "aircraft"
                },
                {
                    "id": "25130b774e530000af91d2c4_0",
                    "combination_id": "25130b774e530000af91d2c4",
                    "flyFrom": "SKP",
                    "flyTo": "BUD",
                    "cityFrom": "Skopje",
                    "cityCodeFrom": "SKP",
                    "cityTo": "Budapest",
                    "cityCodeTo": "BUD",
                    "local_departure": "2024-11-24T06:40:00.000Z",
                    "utc_departure": "2024-11-24T05:40:00.000Z",
                    "local_arrival": "2024-11-24T08:05:00.000Z",
                    "utc_arrival": "2024-11-24T07:05:00.000Z",
                    "airline": "W6",
                    "flight_no": 2230,
                    "operating_carrier": "",
                    "operating_flight_no": "",
                    "fare_basis": "",
                    "fare_category": "M",
                    "fare_classes": "",
                    "return": 1,
                    "bags_recheck_required": true,
                    "vi_connection": true,
                    "guarantee": true,
                    "equipment": null,
                    "vehicle_type": "aircraft"
                }
            ],
            "booking_token": "HKbJt0OR-GiCtekgJSsEgkmMrNh7I0rrQyejt8oIvlOmhLhyPjPkUgw5mvSl3SpLsoYtlIdTictlBlj-Hfo0-WP-y0Ur3c3vGAg9ZxN3NwQGK_9VBaOgjJPKDOXYmSNyC6Jjx6tkeOnxN8kTvH-A4tiesmFmwqp4IXGZ0akQfgeIA6VD4rkq1tj4DfFNugVvi4jgnXKgeKxhVrOInr9WZRdImCoSeRUITJJU6lQg11Yu16ordh-23ax-qnuDlYutoCFZRihYxCd4ItCgYpnx6lm016uVggl6SW0oH2uwoPWj3gEptxePSJT8hIB0GShVsyrEqghE5u4TSjSIST4JZWTC_TC_-DF0ofGRdh1xz4vxtNm7WJBUPKpYJL_5mA51h_5WdRBEw10eIoiRwU371s4tmknSL7LaIZ3fxbMZCSbAhYYSKsJXpE9Fz_1I3GEueoHt2YJ-oFEdf0eSFtNSHEFBO2OjszQbXxuGBQQ4hQxEC5TgJv1t40PA6PETfL2xlcRd8aYv1b4Pst39QTv2kHtJlYNIb_6znTE-p4--UsE6FMfbH7X-7TpBa-MbKyaoz-mTOD031xL5HCa-yTYa6uKNp7O-pJRlMwIL8rVOvruTWi_o7NdiFtYWe3_8_f3mrnUQ5r6ppDRDGBZKBfR9RC17mMlkTA9zNgvooIaYQ7ka7ZXvCOZ8VdnLUkV6SwRlU5e8BIsOfcWcG_fvmZpbfRyavzh-_OczFWcSITtjG1yIIA_qLONXOOuD7cyFQMQj2WuNl52SbDAGlum8ne9tPa-CRHG74PMD44UytIh2JuYLmCYwuJQr1MvZ59vFPjNDNBC-rZf1e8De97kh18oIHyRt3z3KKHGpRZIcoDZu3oRQ=",
            "deep_link": "https://www.kiwi.com/deep?affilid=mihalytest&currency=EUR&flightsId=0b7723334e4d00001fbde143_0%7C233317884e4e0000c4b0d1e4_0%7C178825134e5200009a17787d_0%7C25130b774e530000af91d2c4_0&from=BUD&lang=en&passengers=1&to=HAM&booking_token=HKbJt0OR-GiCtekgJSsEgkmMrNh7I0rrQyejt8oIvlOmhLhyPjPkUgw5mvSl3SpLsoYtlIdTictlBlj-Hfo0-WP-y0Ur3c3vGAg9ZxN3NwQGK_9VBaOgjJPKDOXYmSNyC6Jjx6tkeOnxN8kTvH-A4tiesmFmwqp4IXGZ0akQfgeIA6VD4rkq1tj4DfFNugVvi4jgnXKgeKxhVrOInr9WZRdImCoSeRUITJJU6lQg11Yu16ordh-23ax-qnuDlYutoCFZRihYxCd4ItCgYpnx6lm016uVggl6SW0oH2uwoPWj3gEptxePSJT8hIB0GShVsyrEqghE5u4TSjSIST4JZWTC_TC_-DF0ofGRdh1xz4vxtNm7WJBUPKpYJL_5mA51h_5WdRBEw10eIoiRwU371s4tmknSL7LaIZ3fxbMZCSbAhYYSKsJXpE9Fz_1I3GEueoHt2YJ-oFEdf0eSFtNSHEFBO2OjszQbXxuGBQQ4hQxEC5TgJv1t40PA6PETfL2xlcRd8aYv1b4Pst39QTv2kHtJlYNIb_6znTE-p4--UsE6FMfbH7X-7TpBa-MbKyaoz-mTOD031xL5HCa-yTYa6uKNp7O-pJRlMwIL8rVOvruTWi_o7NdiFtYWe3_8_f3mrnUQ5r6ppDRDGBZKBfR9RC17mMlkTA9zNgvooIaYQ7ka7ZXvCOZ8VdnLUkV6SwRlU5e8BIsOfcWcG_fvmZpbfRyavzh-_OczFWcSITtjG1yIIA_qLONXOOuD7cyFQMQj2WuNl52SbDAGlum8ne9tPa-CRHG74PMD44UytIh2JuYLmCYwuJQr1MvZ59vFPjNDNBC-rZf1e8De97kh18oIHyRt3z3KKHGpRZIcoDZu3oRQ=",
            "facilitated_booking_available": false,
            "pnr_count": 4,
            "has_airport_change": false,
            "technical_stops": 0,
            "throw_away_ticketing": false,
            "hidden_city_ticketing": false,
            "virtual_interlining": true
        },
        {
            "id": "0b7723334e4f0000a4145be8_0|233317884e5000001d386c10_0|178825134e5200009a17787d_0|25130b774e530000af91d2c4_0",
            "flyFrom": "BUD",
            "flyTo": "HAM",
            "cityFrom": "Budapest",
            "cityCodeFrom": "BUD",
            "cityTo": "Hamburg",
            "cityCodeTo": "HAM",
            "countryFrom": {
                "code": "HU",
                "name": "Hungary"
            },
            "countryTo": {
                "code": "DE",
                "name": "Germany"
            },
            "local_departure": "2024-11-20T19:30:00.000Z",
            "utc_departure": "2024-11-20T18:30:00.000Z",
            "local_arrival": "2024-11-21T15:40:00.000Z",
            "utc_arrival": "2024-11-21T14:40:00.000Z",
            "nightsInDest": 2,
            "quality": 471.332415,
            "distance": 949.98,
            "duration": {
                "departure": 72600,
                "return": 81900,
                "total": 154500
            },
            "price": 104,
            "conversion": {
                "EUR": 104
            },
            "fare": {
                "adults": 104,
                "children": 104,
                "infants": 104
            },
            "fare_locks": {
                "EUR": [
                    {
                        "default": false,
                        "duration": "P1D",
                        "itinerary_price_limit": 304,
                        "itinerary_price_remaining": 104,
                        "fare_lock_kind": "fee",
                        "price": 5.2,
                        "rule_instance_id": 26749,
                        "version": "v1"
                    },
                    {
                        "default": true,
                        "duration": "P3D",
                        "itinerary_price_limit": 304,
                        "itinerary_price_remaining": 104,
                        "fare_lock_kind": "fee",
                        "price": 10.4,
                        "rule_instance_id": 26748,
                        "version": "v1"
                    },
                    {
                        "default": false,
                        "duration": "P7D",
                        "itinerary_price_limit": 304,
                        "itinerary_price_remaining": 104,
                        "fare_lock_kind": "fee",
                        "price": 26,
                        "rule_instance_id": 26750,
                        "version": "v1"
                    }
                ]
            },
            "bags_price": {
                "1": 237.44,
                "2": 474.88
            },
            "baglimit": {
                "hand_dimensions_sum": 118,
                "hand_height": 40,
                "hand_length": 55,
                "hand_weight": 10,
                "hand_width": 23,
                "hold_dimensions_sum": 439,
                "hold_height": 149,
                "hold_length": 171,
                "hold_weight": 20,
                "hold_width": 119,
                "personal_item_dimension_sum": 90,
                "personal_item_height": 30,
                "personal_item_length": 40,
                "personal_item_weight": 10,
                "personal_item_width": 20
            },
            "availability": {
                "seats": 9
            },
            "airlines": [
                "W6",
                "W4"
            ],
            "route": [
                {
                    "id": "0b7723334e4f0000a4145be8_0",
                    "combination_id": "0b7723334e4f0000a4145be8",
                    "flyFrom": "BUD",
                    "flyTo": "TIA",
                    "cityFrom": "Budapest",
                    "cityCodeFrom": "BUD",
                    "cityTo": "Tirana",
                    "cityCodeTo": "TIA",
                    "local_departure": "2024-11-20T19:30:00.000Z",
                    "utc_departure": "2024-11-20T18:30:00.000Z",
                    "local_arrival": "2024-11-20T21:00:00.000Z",
                    "utc_arrival": "2024-11-20T20:00:00.000Z",
                    "airline": "W6",
                    "flight_no": 2233,
                    "operating_carrier": "",
                    "operating_flight_no": "",
                    "fare_basis": "",
                    "fare_category": "M",
                    "fare_classes": "",
                    "return": 0,
                    "bags_recheck_required": false,
                    "vi_connection": false,
                    "guarantee": false,
                    "equipment": null,
                    "vehicle_type": "aircraft"
                },
                {
                    "id": "233317884e5000001d386c10_0",
                    "combination_id": "233317884e5000001d386c10",
                    "flyFrom": "TIA",
                    "flyTo": "HAM",
                    "cityFrom": "Tirana",
                    "cityCodeFrom": "TIA",
                    "cityTo": "Hamburg",
                    "cityCodeTo": "HAM",
                    "local_departure": "2024-11-21T12:45:00.000Z",
                    "utc_departure": "2024-11-21T11:45:00.000Z",
                    "local_arrival": "2024-11-21T15:40:00.000Z",
                    "utc_arrival": "2024-11-21T14:40:00.000Z",
                    "airline": "W4",
                    "flight_no": 5107,
                    "operating_carrier": "",
                    "operating_flight_no": "",
                    "fare_basis": "",
                    "fare_category": "M",
                    "fare_classes": "",
                    "return": 0,
                    "bags_recheck_required": true,
                    "vi_connection": true,
                    "guarantee": true,
                    "equipment": null,
                    "vehicle_type": "aircraft"
                },
                {
                    "id": "178825134e5200009a17787d_0",
                    "combination_id": "178825134e5200009a17787d",
                    "flyFrom": "HAM",
                    "flyTo": "SKP",
                    "cityFrom": "Hamburg",
                    "cityCodeFrom": "HAM",
                    "cityTo": "Skopje",
                    "cityCodeTo": "SKP",
                    "local_departure": "2024-11-23T09:20:00.000Z",
                    "utc_departure": "2024-11-23T08:20:00.000Z",
                    "local_arrival": "2024-11-23T11:55:00.000Z",
                    "utc_arrival": "2024-11-23T10:55:00.000Z",
                    "airline": "W6",
                    "flight_no": 4750,
                    "operating_carrier": "",
                    "operating_flight_no": "",
                    "fare_basis": "",
                    "fare_category": "M",
                    "fare_classes": "",
                    "return": 1,
                    "bags_recheck_required": false,
                    "vi_connection": false,
                    "guarantee": false,
                    "equipment": null,
                    "vehicle_type": "aircraft"
                },
                {
                    "id": "25130b774e530000af91d2c4_0",
                    "combination_id": "25130b774e530000af91d2c4",
                    "flyFrom": "SKP",
                    "flyTo": "BUD",
                    "cityFrom": "Skopje",
                    "cityCodeFrom": "SKP",
                    "cityTo": "Budapest",
                    "cityCodeTo": "BUD",
                    "local_departure": "2024-11-24T06:40:00.000Z",
                    "utc_departure": "2024-11-24T05:40:00.000Z",
                    "local_arrival": "2024-11-24T08:05:00.000Z",
                    "utc_arrival": "2024-11-24T07:05:00.000Z",
                    "airline": "W6",
                    "flight_no": 2230,
                    "operating_carrier": "",
                    "operating_flight_no": "",
                    "fare_basis": "",
                    "fare_category": "M",
                    "fare_classes": "",
                    "return": 1,
                    "bags_recheck_required": true,
                    "vi_connection": true,
                    "guarantee": true,
                    "equipment": null,
                    "vehicle_type": "aircraft"
                }
            ],
            "booking_token": "HEf_AyX612UnQ2QZ3NnG61AmlnLbsC1V1WfzGrCU68JlNh2kIjy-Z-c74WBFaynr_hzQPfaG_RHAS8W-IIWuGCrqAtBSYLjxJY9TMmUhDEPxc90dEJWyXd7uWnYWPHtOGcdScPKUNNHzvYe646eVN1i-p6eT4VmMhtG3W0ekWuVaICA5IHtr7UVcdXb7GVhx7Sj8JEzHhPr0LWhCUxJEcRyBlQQxE1N-DWJw5wpqOAc5btejuOXDALxLJ3ILyroMWSYcOghj8Hdzy4Tdo-I0ajFOj-B7NVXp-N0TytOsI0pv0J7PUyNzTdOzGlIv9t_0k7qBRHMiUmiDxZnRgngyaXIpYS4IHzJHeWvFKIPqyacSKcoQaD_gZgKnkEMStqEbJHpgU0y7jlweuMhl0bWz9aP3x_OdkL0G-m-KoU3-WkR1URqB31rChoT16pvMhd5L8kahHD8FQePdw3zZEKyAPudsd1mmUKFp9mv2kA0an0_Di26caNuhxyi2ngVz6NX8bqeuX97PIE3AUz7ChTms5NQqj6NrGY9o0LDWVzefOGmtfxBu9Uk7kzBw6Hfx3GQwGwCOa19GVXhfzXq46ogTpBhbKHQR_4T5scSg0XI0TFoaHaQ4LJi_5BlenyIBWbGEnyaEzVZvNui8qVDt2taD0CJ_G-22zNEOFdelM537bTGnNCweX5xpe5hTj1sSmIhxr0oejE8xP-V90nM-TWkXEkHAsuOqgl8dF0ajmWh5j-UAxL_fBDiJOBOu90Ye7rkwBFwUqd4qhm_DG88vi4Q4x6tGGXBP31VwaTNL1gkwNPPoYXiId9vQnWZ-rCU_hvQKEwzXjGBt-zO9n1LJv-dY4HoLDnf4vciJNvuC0o5ygGXB4gEs1lPgnEj44j9RntLcV",
            "deep_link": "https://www.kiwi.com/deep?affilid=mihalytest&currency=EUR&flightsId=0b7723334e4f0000a4145be8_0%7C233317884e5000001d386c10_0%7C178825134e5200009a17787d_0%7C25130b774e530000af91d2c4_0&from=BUD&lang=en&passengers=1&to=HAM&booking_token=HEf_AyX612UnQ2QZ3NnG61AmlnLbsC1V1WfzGrCU68JlNh2kIjy-Z-c74WBFaynr_hzQPfaG_RHAS8W-IIWuGCrqAtBSYLjxJY9TMmUhDEPxc90dEJWyXd7uWnYWPHtOGcdScPKUNNHzvYe646eVN1i-p6eT4VmMhtG3W0ekWuVaICA5IHtr7UVcdXb7GVhx7Sj8JEzHhPr0LWhCUxJEcRyBlQQxE1N-DWJw5wpqOAc5btejuOXDALxLJ3ILyroMWSYcOghj8Hdzy4Tdo-I0ajFOj-B7NVXp-N0TytOsI0pv0J7PUyNzTdOzGlIv9t_0k7qBRHMiUmiDxZnRgngyaXIpYS4IHzJHeWvFKIPqyacSKcoQaD_gZgKnkEMStqEbJHpgU0y7jlweuMhl0bWz9aP3x_OdkL0G-m-KoU3-WkR1URqB31rChoT16pvMhd5L8kahHD8FQePdw3zZEKyAPudsd1mmUKFp9mv2kA0an0_Di26caNuhxyi2ngVz6NX8bqeuX97PIE3AUz7ChTms5NQqj6NrGY9o0LDWVzefOGmtfxBu9Uk7kzBw6Hfx3GQwGwCOa19GVXhfzXq46ogTpBhbKHQR_4T5scSg0XI0TFoaHaQ4LJi_5BlenyIBWbGEnyaEzVZvNui8qVDt2taD0CJ_G-22zNEOFdelM537bTGnNCweX5xpe5hTj1sSmIhxr0oejE8xP-V90nM-TWkXEkHAsuOqgl8dF0ajmWh5j-UAxL_fBDiJOBOu90Ye7rkwBFwUqd4qhm_DG88vi4Q4x6tGGXBP31VwaTNL1gkwNPPoYXiId9vQnWZ-rCU_hvQKEwzXjGBt-zO9n1LJv-dY4HoLDnf4vciJNvuC0o5ygGXB4gEs1lPgnEj44j9RntLcV",
            "facilitated_booking_available": false,
            "pnr_count": 4,
            "has_airport_change": false,
            "technical_stops": 0,
            "throw_away_ticketing": false,
            "hidden_city_ticketing": false,
            "virtual_interlining": true
        },
        {
            "id": "0b7717884e580000ca863435_0|178823334e5d0000b310749b_0|23330b774e5d00007e42b4fb_0",
            "flyFrom": "BUD",
            "flyTo": "HAM",
            "cityFrom": "Budapest",
            "cityCodeFrom": "BUD",
            "cityTo": "Hamburg",
            "cityCodeTo": "HAM",
            "countryFrom": {
                "code": "HU",
                "name": "Hungary"
            },
            "countryTo": {
                "code": "DE",
                "name": "Germany"
            },
            "local_departure": "2024-11-29T20:35:00.000Z",
            "utc_departure": "2024-11-29T19:35:00.000Z",
            "local_arrival": "2024-11-29T22:25:00.000Z",
            "utc_arrival": "2024-11-29T21:25:00.000Z",
            "nightsInDest": 5,
            "quality": 219.999765,
            "distance": 949.98,
            "duration": {
                "departure": 6600,
                "return": 24900,
                "total": 31500
            },
            "price": 126,
            "conversion": {
                "EUR": 126
            },
            "fare": {
                "adults": 126,
                "children": 126,
                "infants": 126
            },
            "fare_locks": {
                "EUR": [
                    {
                        "default": false,
                        "duration": "P1D",
                        "itinerary_price_limit": 326,
                        "itinerary_price_remaining": 126,
                        "fare_lock_kind": "fee",
                        "price": 6.3,
                        "rule_instance_id": 26749,
                        "version": "v1"
                    },
                    {
                        "default": true,
                        "duration": "P3D",
                        "itinerary_price_limit": 326,
                        "itinerary_price_remaining": 126,
                        "fare_lock_kind": "fee",
                        "price": 12.6,
                        "rule_instance_id": 26748,
                        "version": "v1"
                    },
                    {
                        "default": false,
                        "duration": "P7D",
                        "itinerary_price_limit": 326,
                        "itinerary_price_remaining": 126,
                        "fare_lock_kind": "fee",
                        "price": 31.5,
                        "rule_instance_id": 26750,
                        "version": "v1"
                    }
                ]
            },
            "bags_price": {
                "1": 183.274,
                "2": 435.148
            },
            "baglimit": {
                "hand_dimensions_sum": 118,
                "hand_height": 40,
                "hand_length": 55,
                "hand_weight": 8,
                "hand_width": 23,
                "hold_dimensions_sum": 158,
                "hold_height": 52,
                "hold_length": 78,
                "hold_weight": 20,
                "hold_width": 28,
                "personal_item_dimension_sum": 90,
                "personal_item_height": 30,
                "personal_item_length": 40,
                "personal_item_weight": 8,
                "personal_item_width": 20
            },
            "availability": {
                "seats": 9
            },
            "airlines": [
                "EW",
                "W4",
                "W6"
            ],
            "route": [
                {
                    "id": "0b7717884e580000ca863435_0",
                    "combination_id": "0b7717884e580000ca863435",
                    "flyFrom": "BUD",
                    "flyTo": "HAM",
                    "cityFrom": "Budapest",
                    "cityCodeFrom": "BUD",
                    "cityTo": "Hamburg",
                    "cityCodeTo": "HAM",
                    "local_departure": "2024-11-29T20:35:00.000Z",
                    "utc_departure": "2024-11-29T19:35:00.000Z",
                    "local_arrival": "2024-11-29T22:25:00.000Z",
                    "utc_arrival": "2024-11-29T21:25:00.000Z",
                    "airline": "EW",
                    "flight_no": 7781,
                    "operating_carrier": "EW",
                    "operating_flight_no": "7781",
                    "fare_basis": "",
                    "fare_category": "M",
                    "fare_classes": "",
                    "return": 0,
                    "bags_recheck_required": false,
                    "vi_connection": false,
                    "guarantee": false,
                    "equipment": null,
                    "vehicle_type": "aircraft"
                },
                {
                    "id": "178823334e5d0000b310749b_0",
                    "combination_id": "178823334e5d0000b310749b",
                    "flyFrom": "HAM",
                    "flyTo": "TIA",
                    "cityFrom": "Hamburg",
                    "cityCodeFrom": "HAM",
                    "cityTo": "Tirana",
                    "cityCodeTo": "TIA",
                    "local_departure": "2024-12-04T16:15:00.000Z",
                    "utc_departure": "2024-12-04T15:15:00.000Z",
                    "local_arrival": "2024-12-04T18:45:00.000Z",
                    "utc_arrival": "2024-12-04T17:45:00.000Z",
                    "airline": "W4",
                    "flight_no": 5108,
                    "operating_carrier": "",
                    "operating_flight_no": "",
                    "fare_basis": "",
                    "fare_category": "M",
                    "fare_classes": "",
                    "return": 1,
                    "bags_recheck_required": false,
                    "vi_connection": false,
                    "guarantee": false,
                    "equipment": null,
                    "vehicle_type": "aircraft"
                },
                {
                    "id": "23330b774e5d00007e42b4fb_0",
                    "combination_id": "23330b774e5d00007e42b4fb",
                    "flyFrom": "TIA",
                    "flyTo": "BUD",
                    "cityFrom": "Tirana",
                    "cityCodeFrom": "TIA",
                    "cityTo": "Budapest",
                    "cityCodeTo": "BUD",
                    "local_departure": "2024-12-04T21:35:00.000Z",
                    "utc_departure": "2024-12-04T20:35:00.000Z",
                    "local_arrival": "2024-12-04T23:10:00.000Z",
                    "utc_arrival": "2024-12-04T22:10:00.000Z",
                    "airline": "W6",
                    "flight_no": 2234,
                    "operating_carrier": "",
                    "operating_flight_no": "",
                    "fare_basis": "",
                    "fare_category": "M",
                    "fare_classes": "",
                    "return": 1,
                    "bags_recheck_required": true,
                    "vi_connection": true,
                    "guarantee": true,
                    "equipment": null,
                    "vehicle_type": "aircraft"
                }
            ],
            "booking_token": "HXfPjKjaRcCy08HwXdK5agOsxJqhYKfKombQOaNbXKbNxtuYzr5qTI_w6I0jrcZpfYJakn4h0NJLegQYcJJBljs4k6GU8hE-OcYGq-XPZGXXe7rMpQW5CVtto33hvmyZR7j8BfAm_Js93rKOnBLC_2ypJAAPtPWRtGKaBzQMlJ94sBEOhO1fF7DPvKSFNUwzbnz4L-mov3UAGPfkel8gKITea4I28d-F-DUhBrxsj6lZmTRVbw96vR4Z9cq4zjnaX4Wfj0uPvuNl1VIchs6OOUNyLYmbudQ1TGIdOEOlHVtGypsZGHUf-USFhMHo7ghGRB6D7PKlWBlM9QlB8CyUDygfJsf_zfd25ImOL42Ekqb82jUFgxvczDvfLZ0n5Io6bibo7IB_Fq6woKgQK9r7pgm2KOqfz4wXC1YMVOuLniQvlSuMBK2OiUOPhMYvLGqE0BFfkdY4tqf4RMKb5p1eoCBz97rNrQunEhZGeF-fnoWbaUB7izy901-7FoDhZSDP5Drn7SeJnWbogd30RawWGOsU3SoOuwe6RyHeCBHtY_GBEEJKfLGzl1p0Lfpo3--DXocQVKvORbt3ZrRNzuj1vRw9l0BYl7TEClNLJThVPaE8U6o99Lnvn8-Zfc-ijbnvAFAyeInElKu7ZRwiJrbphItuJUdZByWP9CR5ecCTPO5VZNch-ShgnRGTc3AovVV-SryS-nsCNZDO_vleavFoIsW458LM1HrmSMikBzjybb3w8OfXuGDAu0IKXQLZ9zjOr",
            "deep_link": "https://www.kiwi.com/deep?affilid=mihalytest&currency=EUR&flightsId=0b7717884e580000ca863435_0%7C178823334e5d0000b310749b_0%7C23330b774e5d00007e42b4fb_0&from=BUD&lang=en&passengers=1&to=HAM&booking_token=HXfPjKjaRcCy08HwXdK5agOsxJqhYKfKombQOaNbXKbNxtuYzr5qTI_w6I0jrcZpfYJakn4h0NJLegQYcJJBljs4k6GU8hE-OcYGq-XPZGXXe7rMpQW5CVtto33hvmyZR7j8BfAm_Js93rKOnBLC_2ypJAAPtPWRtGKaBzQMlJ94sBEOhO1fF7DPvKSFNUwzbnz4L-mov3UAGPfkel8gKITea4I28d-F-DUhBrxsj6lZmTRVbw96vR4Z9cq4zjnaX4Wfj0uPvuNl1VIchs6OOUNyLYmbudQ1TGIdOEOlHVtGypsZGHUf-USFhMHo7ghGRB6D7PKlWBlM9QlB8CyUDygfJsf_zfd25ImOL42Ekqb82jUFgxvczDvfLZ0n5Io6bibo7IB_Fq6woKgQK9r7pgm2KOqfz4wXC1YMVOuLniQvlSuMBK2OiUOPhMYvLGqE0BFfkdY4tqf4RMKb5p1eoCBz97rNrQunEhZGeF-fnoWbaUB7izy901-7FoDhZSDP5Drn7SeJnWbogd30RawWGOsU3SoOuwe6RyHeCBHtY_GBEEJKfLGzl1p0Lfpo3--DXocQVKvORbt3ZrRNzuj1vRw9l0BYl7TEClNLJThVPaE8U6o99Lnvn8-Zfc-ijbnvAFAyeInElKu7ZRwiJrbphItuJUdZByWP9CR5ecCTPO5VZNch-ShgnRGTc3AovVV-SryS-nsCNZDO_vleavFoIsW458LM1HrmSMikBzjybb3w8OfXuGDAu0IKXQLZ9zjOr",
            "facilitated_booking_available": false,
            "pnr_count": 3,
            "has_airport_change": false,
            "technical_stops": 0,
            "throw_away_ticketing": false,
            "hidden_city_ticketing": false,
            "virtual_interlining": true
        },
        {
            "id": "0b7717884e580000ca863435_0|178823334e5b0000d3f1975d_0|23330b774e5b00001ea3573d_0",
            "flyFrom": "BUD",
            "flyTo": "HAM",
            "cityFrom": "Budapest",
            "cityCodeFrom": "BUD",
            "cityTo": "Hamburg",
            "cityCodeTo": "HAM",
            "countryFrom": {
                "code": "HU",
                "name": "Hungary"
            },
            "countryTo": {
                "code": "DE",
                "name": "Germany"
            },
            "local_departure": "2024-11-29T20:35:00.000Z",
            "utc_departure": "2024-11-29T19:35:00.000Z",
            "local_arrival": "2024-11-29T22:25:00.000Z",
            "utc_arrival": "2024-11-29T21:25:00.000Z",
            "nightsInDest": 3,
            "quality": 219.999765,
            "distance": 949.98,
            "duration": {
                "departure": 6600,
                "return": 24900,
                "total": 31500
            },
            "price": 126,
            "conversion": {
                "EUR": 126
            },
            "fare": {
                "adults": 126,
                "children": 126,
                "infants": 126
            },
            "fare_locks": {
                "EUR": [
                    {
                        "default": false,
                        "duration": "P1D",
                        "itinerary_price_limit": 326,
                        "itinerary_price_remaining": 126,
                        "fare_lock_kind": "fee",
                        "price": 6.3,
                        "rule_instance_id": 26749,
                        "version": "v1"
                    },
                    {
                        "default": true,
                        "duration": "P3D",
                        "itinerary_price_limit": 326,
                        "itinerary_price_remaining": 126,
                        "fare_lock_kind": "fee",
                        "price": 12.6,
                        "rule_instance_id": 26748,
                        "version": "v1"
                    },
                    {
                        "default": false,
                        "duration": "P7D",
                        "itinerary_price_limit": 326,
                        "itinerary_price_remaining": 126,
                        "fare_lock_kind": "fee",
                        "price": 31.5,
                        "rule_instance_id": 26750,
                        "version": "v1"
                    }
                ]
            },
            "bags_price": {
                "1": 183.274,
                "2": 435.148
            },
            "baglimit": {
                "hand_dimensions_sum": 118,
                "hand_height": 40,
                "hand_length": 55,
                "hand_weight": 8,
                "hand_width": 23,
                "hold_dimensions_sum": 158,
                "hold_height": 52,
                "hold_length": 78,
                "hold_weight": 20,
                "hold_width": 28,
                "personal_item_dimension_sum": 90,
                "personal_item_height": 30,
                "personal_item_length": 40,
                "personal_item_weight": 8,
                "personal_item_width": 20
            },
            "availability": {
                "seats": 7
            },
            "airlines": [
                "W4",
                "W6",
                "EW"
            ],
            "route": [
                {
                    "id": "0b7717884e580000ca863435_0",
                    "combination_id": "0b7717884e580000ca863435",
                    "flyFrom": "BUD",
                    "flyTo": "HAM",
                    "cityFrom": "Budapest",
                    "cityCodeFrom": "BUD",
                    "cityTo": "Hamburg",
                    "cityCodeTo": "HAM",
                    "local_departure": "2024-11-29T20:35:00.000Z",
                    "utc_departure": "2024-11-29T19:35:00.000Z",
                    "local_arrival": "2024-11-29T22:25:00.000Z",
                    "utc_arrival": "2024-11-29T21:25:00.000Z",
                    "airline": "EW",
                    "flight_no": 7781,
                    "operating_carrier": "EW",
                    "operating_flight_no": "7781",
                    "fare_basis": "",
                    "fare_category": "M",
                    "fare_classes": "",
                    "return": 0,
                    "bags_recheck_required": false,
                    "vi_connection": false,
                    "guarantee": false,
                    "equipment": null,
                    "vehicle_type": "aircraft"
                },
                {
                    "id": "178823334e5b0000d3f1975d_0",
                    "combination_id": "178823334e5b0000d3f1975d",
                    "flyFrom": "HAM",
                    "flyTo": "TIA",
                    "cityFrom": "Hamburg",
                    "cityCodeFrom": "HAM",
                    "cityTo": "Tirana",
                    "cityCodeTo": "TIA",
                    "local_departure": "2024-12-02T16:15:00.000Z",
                    "utc_departure": "2024-12-02T15:15:00.000Z",
                    "local_arrival": "2024-12-02T18:45:00.000Z",
                    "utc_arrival": "2024-12-02T17:45:00.000Z",
                    "airline": "W4",
                    "flight_no": 5108,
                    "operating_carrier": "",
                    "operating_flight_no": "",
                    "fare_basis": "",
                    "fare_category": "M",
                    "fare_classes": "",
                    "return": 1,
                    "bags_recheck_required": false,
                    "vi_connection": false,
                    "guarantee": false,
                    "equipment": null,
                    "vehicle_type": "aircraft"
                },
                {
                    "id": "23330b774e5b00001ea3573d_0",
                    "combination_id": "23330b774e5b00001ea3573d",
                    "flyFrom": "TIA",
                    "flyTo": "BUD",
                    "cityFrom": "Tirana",
                    "cityCodeFrom": "TIA",
                    "cityTo": "Budapest",
                    "cityCodeTo": "BUD",
                    "local_departure": "2024-12-02T21:35:00.000Z",
                    "utc_departure": "2024-12-02T20:35:00.000Z",
                    "local_arrival": "2024-12-02T23:10:00.000Z",
                    "utc_arrival": "2024-12-02T22:10:00.000Z",
                    "airline": "W6",
                    "flight_no": 2234,
                    "operating_carrier": "",
                    "operating_flight_no": "",
                    "fare_basis": "",
                    "fare_category": "M",
                    "fare_classes": "",
                    "return": 1,
                    "bags_recheck_required": true,
                    "vi_connection": true,
                    "guarantee": true,
                    "equipment": null,
                    "vehicle_type": "aircraft"
                }
            ],
            "booking_token": "HVj_ZBekruCG0LvBeQLa4ZKKdRObijlqcT1yjSRzujPZKQ_eWSSRGUGJQ8kvYobheiyG6JE1Ue4RaaScjUSdnWgzKtoOTLUfMNcPxzOQwyhC8CqEtLXdK9bwD3qGeGBgzHrNHz0Nl-Bg40Zs1zKvLnjdfNGRTCjjwgy7ULWYBVL3UcHiZf6KgX-AJqN6aZ0-WJ40B4yH-8y48OFKGojEPBY5ENCmEnDMlfUdNuMRrj9UOgZhQ_eCKuHvqu0K1ydvfqGMuvd0REFS_qC46GorjwJvgvbxun0r86UkrzjSPJmNiVn1ybCbcLtdEAr8R6tPPbK2quOx_C9T58wJAasStR-dxmxik0dcAdSDj5NB2eLC3LLhPOJbCbqxHsEXLrYygMdXjxtFvUvAtHseeTzyqsxUvGNpkfjrB7mqt_ZNHl0tRarcnzYI-m0R7g_C4FidwJRiOYiUR3oWSIYroOHmZiIjwPMpWCt_KZYqLHnirsTqXNXWof0Obx_K0I5lGfHkKTq8dBYSdazv5bCfmSjLPZXOaB_gMBpkORRd_0NNkH2wa7UCVMjTBdDsFlU_hyD24zKvggjeOzKBgShusNiz6z2b7uzT0fI0hJJFRip6TgsP2uGZYVxmminbF8UgbXmFtmGz2jdenkCEnevvmpM3qXGUlDthHej7jfsFy4Zp1jSEJBMyvE9XvXnYPc60hv7N17bsGoeFbHaG2dxJMWAzTv0M0iNnBExtxJNDtwxof-iKvZ65k2NeHIWyLYOPYNIV9",
            "deep_link": "https://www.kiwi.com/deep?affilid=mihalytest&currency=EUR&flightsId=0b7717884e580000ca863435_0%7C178823334e5b0000d3f1975d_0%7C23330b774e5b00001ea3573d_0&from=BUD&lang=en&passengers=1&to=HAM&booking_token=HVj_ZBekruCG0LvBeQLa4ZKKdRObijlqcT1yjSRzujPZKQ_eWSSRGUGJQ8kvYobheiyG6JE1Ue4RaaScjUSdnWgzKtoOTLUfMNcPxzOQwyhC8CqEtLXdK9bwD3qGeGBgzHrNHz0Nl-Bg40Zs1zKvLnjdfNGRTCjjwgy7ULWYBVL3UcHiZf6KgX-AJqN6aZ0-WJ40B4yH-8y48OFKGojEPBY5ENCmEnDMlfUdNuMRrj9UOgZhQ_eCKuHvqu0K1ydvfqGMuvd0REFS_qC46GorjwJvgvbxun0r86UkrzjSPJmNiVn1ybCbcLtdEAr8R6tPPbK2quOx_C9T58wJAasStR-dxmxik0dcAdSDj5NB2eLC3LLhPOJbCbqxHsEXLrYygMdXjxtFvUvAtHseeTzyqsxUvGNpkfjrB7mqt_ZNHl0tRarcnzYI-m0R7g_C4FidwJRiOYiUR3oWSIYroOHmZiIjwPMpWCt_KZYqLHnirsTqXNXWof0Obx_K0I5lGfHkKTq8dBYSdazv5bCfmSjLPZXOaB_gMBpkORRd_0NNkH2wa7UCVMjTBdDsFlU_hyD24zKvggjeOzKBgShusNiz6z2b7uzT0fI0hJJFRip6TgsP2uGZYVxmminbF8UgbXmFtmGz2jdenkCEnevvmpM3qXGUlDthHej7jfsFy4Zp1jSEJBMyvE9XvXnYPc60hv7N17bsGoeFbHaG2dxJMWAzTv0M0iNnBExtxJNDtwxof-iKvZ65k2NeHIWyLYOPYNIV9",
            "facilitated_booking_available": false,
            "pnr_count": 3,
            "has_airport_change": false,
            "technical_stops": 0,
            "throw_away_ticketing": false,
            "hidden_city_ticketing": false,
            "virtual_interlining": true
        },
        {
            "id": "0b7717884e2500000857725e_0|178823334e2b000038c05e69_0|23330b774e2b0000f5929e09_0",
            "flyFrom": "BUD",
            "flyTo": "HAM",
            "cityFrom": "Budapest",
            "cityCodeFrom": "BUD",
            "cityTo": "Hamburg",
            "cityCodeTo": "HAM",
            "countryFrom": {
                "code": "HU",
                "name": "Hungary"
            },
            "countryTo": {
                "code": "DE",
                "name": "Germany"
            },
            "local_departure": "2024-10-09T20:45:00.000Z",
            "utc_departure": "2024-10-09T18:45:00.000Z",
            "local_arrival": "2024-10-09T22:30:00.000Z",
            "utc_arrival": "2024-10-09T20:30:00.000Z",
            "nightsInDest": 6,
            "quality": 244.66638,
            "distance": 949.98,
            "duration": {
                "departure": 6300,
                "return": 34500,
                "total": 40800
            },
            "price": 130,
            "conversion": {
                "EUR": 130
            },
            "fare": {
                "adults": 130,
                "children": 130,
                "infants": 130
            },
            "fare_locks": {
                "EUR": [
                    {
                        "default": false,
                        "duration": "P1D",
                        "itinerary_price_limit": 330,
                        "itinerary_price_remaining": 130,
                        "fare_lock_kind": "fee",
                        "price": 6.5,
                        "rule_instance_id": 26749,
                        "version": "v1"
                    },
                    {
                        "default": true,
                        "duration": "P3D",
                        "itinerary_price_limit": 330,
                        "itinerary_price_remaining": 130,
                        "fare_lock_kind": "fee",
                        "price": 13,
                        "rule_instance_id": 26748,
                        "version": "v1"
                    },
                    {
                        "default": false,
                        "duration": "P7D",
                        "itinerary_price_limit": 330,
                        "itinerary_price_remaining": 130,
                        "fare_lock_kind": "fee",
                        "price": 32.5,
                        "rule_instance_id": 26750,
                        "version": "v1"
                    }
                ]
            },
            "bags_price": {
                "1": 191.688,
                "2": 451.976
            },
            "baglimit": {
                "hand_dimensions_sum": 118,
                "hand_height": 40,
                "hand_length": 55,
                "hand_weight": 8,
                "hand_width": 23,
                "hold_dimensions_sum": 158,
                "hold_height": 52,
                "hold_length": 78,
                "hold_weight": 20,
                "hold_width": 28,
                "personal_item_dimension_sum": 90,
                "personal_item_height": 30,
                "personal_item_length": 40,
                "personal_item_weight": 8,
                "personal_item_width": 20
            },
            "availability": {
                "seats": 6
            },
            "airlines": [
                "EW",
                "W4",
                "W6"
            ],
            "route": [
                {
                    "id": "0b7717884e2500000857725e_0",
                    "combination_id": "0b7717884e2500000857725e",
                    "flyFrom": "BUD",
                    "flyTo": "HAM",
                    "cityFrom": "Budapest",
                    "cityCodeFrom": "BUD",
                    "cityTo": "Hamburg",
                    "cityCodeTo": "HAM",
                    "local_departure": "2024-10-09T20:45:00.000Z",
                    "utc_departure": "2024-10-09T18:45:00.000Z",
                    "local_arrival": "2024-10-09T22:30:00.000Z",
                    "utc_arrival": "2024-10-09T20:30:00.000Z",
                    "airline": "EW",
                    "flight_no": 7783,
                    "operating_carrier": "EW",
                    "operating_flight_no": "7783",
                    "fare_basis": "",
                    "fare_category": "M",
                    "fare_classes": "",
                    "return": 0,
                    "bags_recheck_required": false,
                    "vi_connection": false,
                    "guarantee": false,
                    "equipment": null,
                    "vehicle_type": "aircraft"
                },
                {
                    "id": "178823334e2b000038c05e69_0",
                    "combination_id": "178823334e2b000038c05e69",
                    "flyFrom": "HAM",
                    "flyTo": "TIA",
                    "cityFrom": "Hamburg",
                    "cityCodeFrom": "HAM",
                    "cityTo": "Tirana",
                    "cityCodeTo": "TIA",
                    "local_departure": "2024-10-15T09:30:00.000Z",
                    "utc_departure": "2024-10-15T07:30:00.000Z",
                    "local_arrival": "2024-10-15T12:00:00.000Z",
                    "utc_arrival": "2024-10-15T10:00:00.000Z",
                    "airline": "W4",
                    "flight_no": 5108,
                    "operating_carrier": "",
                    "operating_flight_no": "",
                    "fare_basis": "",
                    "fare_category": "M",
                    "fare_classes": "",
                    "return": 1,
                    "bags_recheck_required": false,
                    "vi_connection": false,
                    "guarantee": false,
                    "equipment": null,
                    "vehicle_type": "aircraft"
                },
                {
                    "id": "23330b774e2b0000f5929e09_0",
                    "combination_id": "23330b774e2b0000f5929e09",
                    "flyFrom": "TIA",
                    "flyTo": "BUD",
                    "cityFrom": "Tirana",
                    "cityCodeFrom": "TIA",
                    "cityTo": "Budapest",
                    "cityCodeTo": "BUD",
                    "local_departure": "2024-10-15T17:35:00.000Z",
                    "utc_departure": "2024-10-15T15:35:00.000Z",
                    "local_arrival": "2024-10-15T19:05:00.000Z",
                    "utc_arrival": "2024-10-15T17:05:00.000Z",
                    "airline": "W6",
                    "flight_no": 2234,
                    "operating_carrier": "",
                    "operating_flight_no": "",
                    "fare_basis": "",
                    "fare_category": "M",
                    "fare_classes": "",
                    "return": 1,
                    "bags_recheck_required": true,
                    "vi_connection": true,
                    "guarantee": true,
                    "equipment": null,
                    "vehicle_type": "aircraft"
                }
            ],
            "booking_token": "HQEYRqt5yW1tPUi3jFF_4j2jDLutH9xRtWo6U6szbCQCm1MbJOa37Q4W8ZJyXkd3PCl6mxDY0rF5ox1EzTsd6j6qGxLbl3CWek_Vvq-STw5kizkzwVwLRqteZky0SC0VtAdixIm2l_YbyoMDCEivdjxDGjb4pcJx4dqCwwHJOuCo7A98zr7NnBUNkHN8t3AB7SpjGZD65xKCg-GG6cit_r52oWZc-c7WvKwXFI_e_g2AugtjzZpuxfE1QQVlspPZhr2gez-66kuDaOyox3WQocBr3PFfftdGq8zicUJMYuYxR9MGy_4IfE9qzklo4XC6lw7-CJEUran9kYWkwNIn59k5Efz0iwzT4U7zrqF9stC7WZuFXuEKSIxXt20WNBzfYSqhQS8AqxNKnz-iFx_my96IjHHAecUWoR2vQZi-g2LzjZcpnCv1Hbj5muLoubo5iJqopxaKXVhxHDl-SOTj_wRWjejJzGnnpgxg0seZoRhJl6kFiwxSs0iZBGd_uxSqy4i5G5HeSRasg_w5kByAvQEfTI59yB4laRQqdhW2jX5VzuOs_QdWeUlyBrp94K3Czow7VkgK9rN7voyGJugTxELHAPzHPOcJiElwUEbUKBgcUSFon6kb7hBrrhLpdEIHkPrUHvVczj3rkY1i1eFnDtBnf0fJ0tve49-g8cTW9ntNR9q8yqkJd-PVXF3GP34XVVs-zVnvtOY3svlhxN4g6q7rRZu8KcrMmXXAWav5kI62RrG3BMRtn1Ykt5XM_wxn6",
            "deep_link": "https://www.kiwi.com/deep?affilid=mihalytest&currency=EUR&flightsId=0b7717884e2500000857725e_0%7C178823334e2b000038c05e69_0%7C23330b774e2b0000f5929e09_0&from=BUD&lang=en&passengers=1&to=HAM&booking_token=HQEYRqt5yW1tPUi3jFF_4j2jDLutH9xRtWo6U6szbCQCm1MbJOa37Q4W8ZJyXkd3PCl6mxDY0rF5ox1EzTsd6j6qGxLbl3CWek_Vvq-STw5kizkzwVwLRqteZky0SC0VtAdixIm2l_YbyoMDCEivdjxDGjb4pcJx4dqCwwHJOuCo7A98zr7NnBUNkHN8t3AB7SpjGZD65xKCg-GG6cit_r52oWZc-c7WvKwXFI_e_g2AugtjzZpuxfE1QQVlspPZhr2gez-66kuDaOyox3WQocBr3PFfftdGq8zicUJMYuYxR9MGy_4IfE9qzklo4XC6lw7-CJEUran9kYWkwNIn59k5Efz0iwzT4U7zrqF9stC7WZuFXuEKSIxXt20WNBzfYSqhQS8AqxNKnz-iFx_my96IjHHAecUWoR2vQZi-g2LzjZcpnCv1Hbj5muLoubo5iJqopxaKXVhxHDl-SOTj_wRWjejJzGnnpgxg0seZoRhJl6kFiwxSs0iZBGd_uxSqy4i5G5HeSRasg_w5kByAvQEfTI59yB4laRQqdhW2jX5VzuOs_QdWeUlyBrp94K3Czow7VkgK9rN7voyGJugTxELHAPzHPOcJiElwUEbUKBgcUSFon6kb7hBrrhLpdEIHkPrUHvVczj3rkY1i1eFnDtBnf0fJ0tve49-g8cTW9ntNR9q8yqkJd-PVXF3GP34XVVs-zVnvtOY3svlhxN4g6q7rRZu8KcrMmXXAWav5kI62RrG3BMRtn1Ykt5XM_wxn6",
            "facilitated_booking_available": false,
            "pnr_count": 3,
            "has_airport_change": false,
            "technical_stops": 0,
            "throw_away_ticketing": false,
            "hidden_city_ticketing": false,
            "virtual_interlining": true
        },
        {
            "id": "0b7717884e580000ca863435_0|178823334e5f00004f703099_0|23330b774e5f00008222f0f9_0",
            "flyFrom": "BUD",
            "flyTo": "HAM",
            "cityFrom": "Budapest",
            "cityCodeFrom": "BUD",
            "cityTo": "Hamburg",
            "cityCodeTo": "HAM",
            "countryFrom": {
                "code": "HU",
                "name": "Hungary"
            },
            "countryTo": {
                "code": "DE",
                "name": "Germany"
            },
            "local_departure": "2024-11-29T20:35:00.000Z",
            "utc_departure": "2024-11-29T19:35:00.000Z",
            "local_arrival": "2024-11-29T22:25:00.000Z",
            "utc_arrival": "2024-11-29T21:25:00.000Z",
            "nightsInDest": 7,
            "quality": 224.999765,
            "distance": 949.98,
            "duration": {
                "departure": 6600,
                "return": 24900,
                "total": 31500
            },
            "price": 131,
            "conversion": {
                "EUR": 131
            },
            "fare": {
                "adults": 131,
                "children": 131,
                "infants": 131
            },
            "fare_locks": {
                "EUR": [
                    {
                        "default": false,
                        "duration": "P1D",
                        "itinerary_price_limit": 331,
                        "itinerary_price_remaining": 131,
                        "fare_lock_kind": "fee",
                        "price": 6.55,
                        "rule_instance_id": 26749,
                        "version": "v1"
                    },
                    {
                        "default": true,
                        "duration": "P3D",
                        "itinerary_price_limit": 331,
                        "itinerary_price_remaining": 131,
                        "fare_lock_kind": "fee",
                        "price": 13.1,
                        "rule_instance_id": 26748,
                        "version": "v1"
                    },
                    {
                        "default": false,
                        "duration": "P7D",
                        "itinerary_price_limit": 331,
                        "itinerary_price_remaining": 131,
                        "fare_lock_kind": "fee",
                        "price": 32.75,
                        "rule_instance_id": 26750,
                        "version": "v1"
                    }
                ]
            },
            "bags_price": {
                "1": 183.274,
                "2": 435.148
            },
            "baglimit": {
                "hand_dimensions_sum": 118,
                "hand_height": 40,
                "hand_length": 55,
                "hand_weight": 8,
                "hand_width": 23,
                "hold_dimensions_sum": 158,
                "hold_height": 52,
                "hold_length": 78,
                "hold_weight": 20,
                "hold_width": 28,
                "personal_item_dimension_sum": 90,
                "personal_item_height": 30,
                "personal_item_length": 40,
                "personal_item_weight": 8,
                "personal_item_width": 20
            },
            "availability": {
                "seats": 7
            },
            "airlines": [
                "EW",
                "W4",
                "W6"
            ],
            "route": [
                {
                    "id": "0b7717884e580000ca863435_0",
                    "combination_id": "0b7717884e580000ca863435",
                    "flyFrom": "BUD",
                    "flyTo": "HAM",
                    "cityFrom": "Budapest",
                    "cityCodeFrom": "BUD",
                    "cityTo": "Hamburg",
                    "cityCodeTo": "HAM",
                    "local_departure": "2024-11-29T20:35:00.000Z",
                    "utc_departure": "2024-11-29T19:35:00.000Z",
                    "local_arrival": "2024-11-29T22:25:00.000Z",
                    "utc_arrival": "2024-11-29T21:25:00.000Z",
                    "airline": "EW",
                    "flight_no": 7781,
                    "operating_carrier": "EW",
                    "operating_flight_no": "7781",
                    "fare_basis": "",
                    "fare_category": "M",
                    "fare_classes": "",
                    "return": 0,
                    "bags_recheck_required": false,
                    "vi_connection": false,
                    "guarantee": false,
                    "equipment": null,
                    "vehicle_type": "aircraft"
                },
                {
                    "id": "178823334e5f00004f703099_0",
                    "combination_id": "178823334e5f00004f703099",
                    "flyFrom": "HAM",
                    "flyTo": "TIA",
                    "cityFrom": "Hamburg",
                    "cityCodeFrom": "HAM",
                    "cityTo": "Tirana",
                    "cityCodeTo": "TIA",
                    "local_departure": "2024-12-06T16:15:00.000Z",
                    "utc_departure": "2024-12-06T15:15:00.000Z",
                    "local_arrival": "2024-12-06T18:45:00.000Z",
                    "utc_arrival": "2024-12-06T17:45:00.000Z",
                    "airline": "W4",
                    "flight_no": 5108,
                    "operating_carrier": "",
                    "operating_flight_no": "",
                    "fare_basis": "",
                    "fare_category": "M",
                    "fare_classes": "",
                    "return": 1,
                    "bags_recheck_required": false,
                    "vi_connection": false,
                    "guarantee": false,
                    "equipment": null,
                    "vehicle_type": "aircraft"
                },
                {
                    "id": "23330b774e5f00008222f0f9_0",
                    "combination_id": "23330b774e5f00008222f0f9",
                    "flyFrom": "TIA",
                    "flyTo": "BUD",
                    "cityFrom": "Tirana",
                    "cityCodeFrom": "TIA",
                    "cityTo": "Budapest",
                    "cityCodeTo": "BUD",
                    "local_departure": "2024-12-06T21:35:00.000Z",
                    "utc_departure": "2024-12-06T20:35:00.000Z",
                    "local_arrival": "2024-12-06T23:10:00.000Z",
                    "utc_arrival": "2024-12-06T22:10:00.000Z",
                    "airline": "W6",
                    "flight_no": 2234,
                    "operating_carrier": "",
                    "operating_flight_no": "",
                    "fare_basis": "",
                    "fare_category": "M",
                    "fare_classes": "",
                    "return": 1,
                    "bags_recheck_required": true,
                    "vi_connection": true,
                    "guarantee": true,
                    "equipment": null,
                    "vehicle_type": "aircraft"
                }
            ],
            "booking_token": "HY4pdC5JWT3a_-RdvDd5mBIfDpjLvphmjweEZHoM6zhUfWaLZ_H1owR7Jr54VDee15o7YYkSbzZi13TW_JCW9IZc5g7uEVqvKgTv8rKD74zeRWa5354qGGz1COk22g0u7fwPWzF5MUVtz1UQKXZmG9rTJcha-Z5ihob-B1D53fPO3HRpcWlTSfVdSxLtb8g761G1VIo4UWvd5-yFBiglx-4oyrlPQ3IjIxBfvCBi4pUeSsIXPGAHugCH1Z7YY7_vIodSZLr-eh97Zu6OWtKD8og8M8qBFgP-INrOXFdEWpN-zFvLSvMlf965HS_CgsQqAsoBcGd4ynBC0ScX5_Vxsh9hRi_3IIRiA673e4TuWdCX95KQ0k8X7vO9aHHc10XeuBg4bK-CH2UT7foIy5ZSZ9Zr8Cz_uD7242uuvTNLqu9FIShHnbom-mtgPs_KqYWhhdDYFEDf_j8_bDFktiAlk6TSY4-Ge78CEx2y2DT_iqXj4_os6bPRuMk7dLREiDx5etYlhtfuPlm0lNTHE4aVJu0LnO89a0F7OJnBho5gbL82rB16vrD2qVk0Zzgp0RCY0zCOtaRtED5NFntRbEPWgwMWEPxHV37Lre9-Pys8JMq9_Fugux5rptoBgIA0Uyy4AegtfXveN-gCDgH-ApN3eITad_-kz01WHxVf3xJT1bVxE1vPxzDQfgugLN34Ji28__CiYI1JP-DleQx2G1SGCi6mPAC4sYPkQJXyLBczTTvXN7kxFgdUzXrLTtBjslfYa",
            "deep_link": "https://www.kiwi.com/deep?affilid=mihalytest&currency=EUR&flightsId=0b7717884e580000ca863435_0%7C178823334e5f00004f703099_0%7C23330b774e5f00008222f0f9_0&from=BUD&lang=en&passengers=1&to=HAM&booking_token=HY4pdC5JWT3a_-RdvDd5mBIfDpjLvphmjweEZHoM6zhUfWaLZ_H1owR7Jr54VDee15o7YYkSbzZi13TW_JCW9IZc5g7uEVqvKgTv8rKD74zeRWa5354qGGz1COk22g0u7fwPWzF5MUVtz1UQKXZmG9rTJcha-Z5ihob-B1D53fPO3HRpcWlTSfVdSxLtb8g761G1VIo4UWvd5-yFBiglx-4oyrlPQ3IjIxBfvCBi4pUeSsIXPGAHugCH1Z7YY7_vIodSZLr-eh97Zu6OWtKD8og8M8qBFgP-INrOXFdEWpN-zFvLSvMlf965HS_CgsQqAsoBcGd4ynBC0ScX5_Vxsh9hRi_3IIRiA673e4TuWdCX95KQ0k8X7vO9aHHc10XeuBg4bK-CH2UT7foIy5ZSZ9Zr8Cz_uD7242uuvTNLqu9FIShHnbom-mtgPs_KqYWhhdDYFEDf_j8_bDFktiAlk6TSY4-Ge78CEx2y2DT_iqXj4_os6bPRuMk7dLREiDx5etYlhtfuPlm0lNTHE4aVJu0LnO89a0F7OJnBho5gbL82rB16vrD2qVk0Zzgp0RCY0zCOtaRtED5NFntRbEPWgwMWEPxHV37Lre9-Pys8JMq9_Fugux5rptoBgIA0Uyy4AegtfXveN-gCDgH-ApN3eITad_-kz01WHxVf3xJT1bVxE1vPxzDQfgugLN34Ji28__CiYI1JP-DleQx2G1SGCi6mPAC4sYPkQJXyLBczTTvXN7kxFgdUzXrLTtBjslfYa",
            "facilitated_booking_available": false,
            "pnr_count": 3,
            "has_airport_change": false,
            "technical_stops": 0,
            "throw_away_ticketing": false,
            "hidden_city_ticketing": false,
            "virtual_interlining": true
        },
        {
            "id": "0b7717884e330000d6a0a9cb_0|178823334e3a00005ca364e2_0|23330b774e3a000091f1a482_0",
            "flyFrom": "BUD",
            "flyTo": "HAM",
            "cityFrom": "Budapest",
            "cityCodeFrom": "BUD",
            "cityTo": "Hamburg",
            "cityCodeTo": "HAM",
            "countryFrom": {
                "code": "HU",
                "name": "Hungary"
            },
            "countryTo": {
                "code": "DE",
                "name": "Germany"
            },
            "local_departure": "2024-10-23T20:45:00.000Z",
            "utc_departure": "2024-10-23T18:45:00.000Z",
            "local_arrival": "2024-10-23T22:30:00.000Z",
            "utc_arrival": "2024-10-23T20:30:00.000Z",
            "nightsInDest": 7,
            "quality": 228.3331,
            "distance": 949.98,
            "duration": {
                "departure": 6300,
                "return": 24900,
                "total": 31200
            },
            "price": 135,
            "conversion": {
                "EUR": 135
            },
            "fare": {
                "adults": 135,
                "children": 135,
                "infants": 135
            },
            "fare_locks": {
                "EUR": [
                    {
                        "default": false,
                        "duration": "P1D",
                        "itinerary_price_limit": 335,
                        "itinerary_price_remaining": 135,
                        "fare_lock_kind": "fee",
                        "price": 6.75,
                        "rule_instance_id": 26749,
                        "version": "v1"
                    },
                    {
                        "default": true,
                        "duration": "P3D",
                        "itinerary_price_limit": 335,
                        "itinerary_price_remaining": 135,
                        "fare_lock_kind": "fee",
                        "price": 13.5,
                        "rule_instance_id": 26748,
                        "version": "v1"
                    },
                    {
                        "default": false,
                        "duration": "P7D",
                        "itinerary_price_limit": 335,
                        "itinerary_price_remaining": 135,
                        "fare_lock_kind": "fee",
                        "price": 33.75,
                        "rule_instance_id": 26750,
                        "version": "v1"
                    }
                ]
            },
            "bags_price": {
                "1": 148.554,
                "2": 365.70799999999997
            },
            "baglimit": {
                "hand_dimensions_sum": 118,
                "hand_height": 40,
                "hand_length": 55,
                "hand_weight": 8,
                "hand_width": 23,
                "hold_dimensions_sum": 158,
                "hold_height": 52,
                "hold_length": 78,
                "hold_weight": 20,
                "hold_width": 28,
                "personal_item_dimension_sum": 90,
                "personal_item_height": 30,
                "personal_item_length": 40,
                "personal_item_weight": 8,
                "personal_item_width": 20
            },
            "availability": {
                "seats": 2
            },
            "airlines": [
                "EW",
                "W4",
                "W6"
            ],
            "route": [
                {
                    "id": "0b7717884e330000d6a0a9cb_0",
                    "combination_id": "0b7717884e330000d6a0a9cb",
                    "flyFrom": "BUD",
                    "flyTo": "HAM",
                    "cityFrom": "Budapest",
                    "cityCodeFrom": "BUD",
                    "cityTo": "Hamburg",
                    "cityCodeTo": "HAM",
                    "local_departure": "2024-10-23T20:45:00.000Z",
                    "utc_departure": "2024-10-23T18:45:00.000Z",
                    "local_arrival": "2024-10-23T22:30:00.000Z",
                    "utc_arrival": "2024-10-23T20:30:00.000Z",
                    "airline": "EW",
                    "flight_no": 7783,
                    "operating_carrier": "EW",
                    "operating_flight_no": "7783",
                    "fare_basis": "",
                    "fare_category": "M",
                    "fare_classes": "",
                    "return": 0,
                    "bags_recheck_required": false,
                    "vi_connection": false,
                    "guarantee": false,
                    "equipment": null,
                    "vehicle_type": "aircraft"
                },
                {
                    "id": "178823334e3a00005ca364e2_0",
                    "combination_id": "178823334e3a00005ca364e2",
                    "flyFrom": "HAM",
                    "flyTo": "TIA",
                    "cityFrom": "Hamburg",
                    "cityCodeFrom": "HAM",
                    "cityTo": "Tirana",
                    "cityCodeTo": "TIA",
                    "local_departure": "2024-10-30T16:15:00.000Z",
                    "utc_departure": "2024-10-30T15:15:00.000Z",
                    "local_arrival": "2024-10-30T18:45:00.000Z",
                    "utc_arrival": "2024-10-30T17:45:00.000Z",
                    "airline": "W4",
                    "flight_no": 5108,
                    "operating_carrier": "",
                    "operating_flight_no": "",
                    "fare_basis": "",
                    "fare_category": "M",
                    "fare_classes": "",
                    "return": 1,
                    "bags_recheck_required": false,
                    "vi_connection": false,
                    "guarantee": false,
                    "equipment": null,
                    "vehicle_type": "aircraft"
                },
                {
                    "id": "23330b774e3a000091f1a482_0",
                    "combination_id": "23330b774e3a000091f1a482",
                    "flyFrom": "TIA",
                    "flyTo": "BUD",
                    "cityFrom": "Tirana",
                    "cityCodeFrom": "TIA",
                    "cityTo": "Budapest",
                    "cityCodeTo": "BUD",
                    "local_departure": "2024-10-30T21:35:00.000Z",
                    "utc_departure": "2024-10-30T20:35:00.000Z",
                    "local_arrival": "2024-10-30T23:10:00.000Z",
                    "utc_arrival": "2024-10-30T22:10:00.000Z",
                    "airline": "W6",
                    "flight_no": 2234,
                    "operating_carrier": "",
                    "operating_flight_no": "",
                    "fare_basis": "",
                    "fare_category": "M",
                    "fare_classes": "",
                    "return": 1,
                    "bags_recheck_required": true,
                    "vi_connection": true,
                    "guarantee": true,
                    "equipment": null,
                    "vehicle_type": "aircraft"
                }
            ],
            "booking_token": "HXpbgJ_hqqExNC-woYI7srE-CYb1DaFczXRnEhrhbfWcu2Npe7RxeVxcnKL1cbz5LrxzHGPyfOY3u-WUOEAnTtGMJ99GtrcRsW6KLTktbWV24T-1jkZfWSOGlppBJur8qcHU0otvahS6jKvVohYlgiHRqUd2ML1r7YAgsP3zIHdwmsxs2B17aebaP2TPMuMR9twsCy6EY8fKPwpCVUtaJna-1VxLQ_l_1Lv2Vvzi1jc8XlqW2VZSVRHjP6mRbrejH9GLijnQVP5g5AdFb9BIXWzVY89YzYmweOJDYRovNm4R-ipS8tnD65DKz2N5qHZU1G_l4NagJBPJEzPkRp1b1hcWxHMpCE9QMNfQeFKyDScmFKiQnn-vznMrm_cSJeHHGeBU3aSJj_PzAcOgdFucSpQrWvjemyrkQDKIjhyD5WVxD7GFUUgS5WJKYpSz7A4LCviJfamOOri1V1btI_pp44WOpCatICFaWplNj4wKaeDQEhaqerwaC7D5pG4ZOKau1vEY6GJv86QikBpkyr6ZGbhv3i9ydXbcQOYIO4r1XEaITY9QT62KgfV7uMTBj3_9Gz5ylK2Wuue4eaDhSKffK_McnfLX0w6_EqtYqTT6OJQu6mI6zUy92eDqtR2uWqR4q674QrwsA-L85WBjaIikiXVhzQuxTVBf5rEcCByfmaoW1zEfPlrywMlrFPc61wstE6jYhWJnP9tYYcgVKyLfIKohxIsYAJGvBsnLh18clYk9xc5V_-60wn5LJclnmrPyPvPWUXC1rJqbV2cvzF90asERrghy4ny9T_-HUeNj5T5A=",
            "deep_link": "https://www.kiwi.com/deep?affilid=mihalytest&currency=EUR&flightsId=0b7717884e330000d6a0a9cb_0%7C178823334e3a00005ca364e2_0%7C23330b774e3a000091f1a482_0&from=BUD&lang=en&passengers=1&to=HAM&booking_token=HXpbgJ_hqqExNC-woYI7srE-CYb1DaFczXRnEhrhbfWcu2Npe7RxeVxcnKL1cbz5LrxzHGPyfOY3u-WUOEAnTtGMJ99GtrcRsW6KLTktbWV24T-1jkZfWSOGlppBJur8qcHU0otvahS6jKvVohYlgiHRqUd2ML1r7YAgsP3zIHdwmsxs2B17aebaP2TPMuMR9twsCy6EY8fKPwpCVUtaJna-1VxLQ_l_1Lv2Vvzi1jc8XlqW2VZSVRHjP6mRbrejH9GLijnQVP5g5AdFb9BIXWzVY89YzYmweOJDYRovNm4R-ipS8tnD65DKz2N5qHZU1G_l4NagJBPJEzPkRp1b1hcWxHMpCE9QMNfQeFKyDScmFKiQnn-vznMrm_cSJeHHGeBU3aSJj_PzAcOgdFucSpQrWvjemyrkQDKIjhyD5WVxD7GFUUgS5WJKYpSz7A4LCviJfamOOri1V1btI_pp44WOpCatICFaWplNj4wKaeDQEhaqerwaC7D5pG4ZOKau1vEY6GJv86QikBpkyr6ZGbhv3i9ydXbcQOYIO4r1XEaITY9QT62KgfV7uMTBj3_9Gz5ylK2Wuue4eaDhSKffK_McnfLX0w6_EqtYqTT6OJQu6mI6zUy92eDqtR2uWqR4q674QrwsA-L85WBjaIikiXVhzQuxTVBf5rEcCByfmaoW1zEfPlrywMlrFPc61wstE6jYhWJnP9tYYcgVKyLfIKohxIsYAJGvBsnLh18clYk9xc5V_-60wn5LJclnmrPyPvPWUXC1rJqbV2cvzF90asERrghy4ny9T_-HUeNj5T5A=",
            "facilitated_booking_available": false,
            "pnr_count": 3,
            "has_airport_change": false,
            "technical_stops": 0,
            "throw_away_ticketing": false,
            "hidden_city_ticketing": false,
            "virtual_interlining": true
        },
        {
            "id": "0b7717884e3500006a4d0bbb_0|178823334e3a00005ca364e2_0|23330b774e3a000091f1a482_0",
            "flyFrom": "BUD",
            "flyTo": "HAM",
            "cityFrom": "Budapest",
            "cityCodeFrom": "BUD",
            "cityTo": "Hamburg",
            "cityCodeTo": "HAM",
            "countryFrom": {
                "code": "HU",
                "name": "Hungary"
            },
            "countryTo": {
                "code": "DE",
                "name": "Germany"
            },
            "local_departure": "2024-10-25T20:45:00.000Z",
            "utc_departure": "2024-10-25T18:45:00.000Z",
            "local_arrival": "2024-10-25T22:30:00.000Z",
            "utc_arrival": "2024-10-25T20:30:00.000Z",
            "nightsInDest": 5,
            "quality": 228.3331,
            "distance": 949.98,
            "duration": {
                "departure": 6300,
                "return": 24900,
                "total": 31200
            },
            "price": 135,
            "conversion": {
                "EUR": 135
            },
            "fare": {
                "adults": 135,
                "children": 135,
                "infants": 135
            },
            "fare_locks": {
                "EUR": [
                    {
                        "default": false,
                        "duration": "P1D",
                        "itinerary_price_limit": 335,
                        "itinerary_price_remaining": 135,
                        "fare_lock_kind": "fee",
                        "price": 6.75,
                        "rule_instance_id": 26749,
                        "version": "v1"
                    },
                    {
                        "default": true,
                        "duration": "P3D",
                        "itinerary_price_limit": 335,
                        "itinerary_price_remaining": 135,
                        "fare_lock_kind": "fee",
                        "price": 13.5,
                        "rule_instance_id": 26748,
                        "version": "v1"
                    },
                    {
                        "default": false,
                        "duration": "P7D",
                        "itinerary_price_limit": 335,
                        "itinerary_price_remaining": 135,
                        "fare_lock_kind": "fee",
                        "price": 33.75,
                        "rule_instance_id": 26750,
                        "version": "v1"
                    }
                ]
            },
            "bags_price": {
                "1": 148.554,
                "2": 365.70799999999997
            },
            "baglimit": {
                "hand_dimensions_sum": 118,
                "hand_height": 40,
                "hand_length": 55,
                "hand_weight": 8,
                "hand_width": 23,
                "hold_dimensions_sum": 158,
                "hold_height": 52,
                "hold_length": 78,
                "hold_weight": 20,
                "hold_width": 28,
                "personal_item_dimension_sum": 90,
                "personal_item_height": 30,
                "personal_item_length": 40,
                "personal_item_weight": 8,
                "personal_item_width": 20
            },
            "availability": {
                "seats": 2
            },
            "airlines": [
                "W6",
                "EW",
                "W4"
            ],
            "route": [
                {
                    "id": "0b7717884e3500006a4d0bbb_0",
                    "combination_id": "0b7717884e3500006a4d0bbb",
                    "flyFrom": "BUD",
                    "flyTo": "HAM",
                    "cityFrom": "Budapest",
                    "cityCodeFrom": "BUD",
                    "cityTo": "Hamburg",
                    "cityCodeTo": "HAM",
                    "local_departure": "2024-10-25T20:45:00.000Z",
                    "utc_departure": "2024-10-25T18:45:00.000Z",
                    "local_arrival": "2024-10-25T22:30:00.000Z",
                    "utc_arrival": "2024-10-25T20:30:00.000Z",
                    "airline": "EW",
                    "flight_no": 7783,
                    "operating_carrier": "EW",
                    "operating_flight_no": "7783",
                    "fare_basis": "",
                    "fare_category": "M",
                    "fare_classes": "",
                    "return": 0,
                    "bags_recheck_required": false,
                    "vi_connection": false,
                    "guarantee": false,
                    "equipment": null,
                    "vehicle_type": "aircraft"
                },
                {
                    "id": "178823334e3a00005ca364e2_0",
                    "combination_id": "178823334e3a00005ca364e2",
                    "flyFrom": "HAM",
                    "flyTo": "TIA",
                    "cityFrom": "Hamburg",
                    "cityCodeFrom": "HAM",
                    "cityTo": "Tirana",
                    "cityCodeTo": "TIA",
                    "local_departure": "2024-10-30T16:15:00.000Z",
                    "utc_departure": "2024-10-30T15:15:00.000Z",
                    "local_arrival": "2024-10-30T18:45:00.000Z",
                    "utc_arrival": "2024-10-30T17:45:00.000Z",
                    "airline": "W4",
                    "flight_no": 5108,
                    "operating_carrier": "",
                    "operating_flight_no": "",
                    "fare_basis": "",
                    "fare_category": "M",
                    "fare_classes": "",
                    "return": 1,
                    "bags_recheck_required": false,
                    "vi_connection": false,
                    "guarantee": false,
                    "equipment": null,
                    "vehicle_type": "aircraft"
                },
                {
                    "id": "23330b774e3a000091f1a482_0",
                    "combination_id": "23330b774e3a000091f1a482",
                    "flyFrom": "TIA",
                    "flyTo": "BUD",
                    "cityFrom": "Tirana",
                    "cityCodeFrom": "TIA",
                    "cityTo": "Budapest",
                    "cityCodeTo": "BUD",
                    "local_departure": "2024-10-30T21:35:00.000Z",
                    "utc_departure": "2024-10-30T20:35:00.000Z",
                    "local_arrival": "2024-10-30T23:10:00.000Z",
                    "utc_arrival": "2024-10-30T22:10:00.000Z",
                    "airline": "W6",
                    "flight_no": 2234,
                    "operating_carrier": "",
                    "operating_flight_no": "",
                    "fare_basis": "",
                    "fare_category": "M",
                    "fare_classes": "",
                    "return": 1,
                    "bags_recheck_required": true,
                    "vi_connection": true,
                    "guarantee": true,
                    "equipment": null,
                    "vehicle_type": "aircraft"
                }
            ],
            "booking_token": "HBcGGJA1vaXkg41HZV5ClBJYEylyLS0ljsW9nA4uz85tNvvn0fLjtoTDjB86qqe4C0KDUUxhWW6T0MwC_G7byYcFSD9NnDU0rWJXhpledJkAQRsoElDwWvbpIH9dch8MMv6lVulh380IAxfLLGnulCkZsr21rktpgXDomWnlZeiRrkgTQTgIm2_Xt38xLy6WIKnfSgHBO0xpjY69rdZ988iw0y-y6pjxpP4MZLLvBiD0KxXRvmJOsd3muC-Y75B_aoAOA6t3SrwgMqt_N-igA0pi_28VtJBFd7iKt981QwyaUiDFZBynaFOyQ7PtZXtUh7ghKS-pAPD3tfy9SXWo7hXWUoToytl25-9esL3WObV2IT5xL5yWOxBCKL8fKgQCi1ukEwPgj04-e5i3eiOfF8DEAOBXeeLB8Mak-ucC4JGTF8T-9hueJpHrYHlvalxCneH5N9blKRvZ_XiFdZQL0LIRDjKXXwFcmNbfkrK6_V4Z0VbRkm848LqZBu-lmCP1jMIuiAqPK-JNnFc6L-oK_Ke9uHt-dTLs7Oa-PJyvi2mJDIMh0svavfx69PYFhsxSqKt5kZ5VYp2EIgKXRL821tK2qqDP7edqmjliih0b7CAsAToWsJSfdPaSb9dwyRC5B1VlAmcDk7LAxuO4ukPNShnx98uI-AKSQStjn46xP9n57hcAimvcqlItbwpxn3ACiVPGKEyHpaJQfqwpYbshRAShsIG3NVZwGv2oqQkirPbBqW_5ULYEUyBhnKglWtNMFBEc_K3Upg5bKbA5RLvZNVIHZmqPaYxbhslBMaYaniaQmGHnsBwLWhzEcddflTO_z",
            "deep_link": "https://www.kiwi.com/deep?affilid=mihalytest&currency=EUR&flightsId=0b7717884e3500006a4d0bbb_0%7C178823334e3a00005ca364e2_0%7C23330b774e3a000091f1a482_0&from=BUD&lang=en&passengers=1&to=HAM&booking_token=HBcGGJA1vaXkg41HZV5ClBJYEylyLS0ljsW9nA4uz85tNvvn0fLjtoTDjB86qqe4C0KDUUxhWW6T0MwC_G7byYcFSD9NnDU0rWJXhpledJkAQRsoElDwWvbpIH9dch8MMv6lVulh380IAxfLLGnulCkZsr21rktpgXDomWnlZeiRrkgTQTgIm2_Xt38xLy6WIKnfSgHBO0xpjY69rdZ988iw0y-y6pjxpP4MZLLvBiD0KxXRvmJOsd3muC-Y75B_aoAOA6t3SrwgMqt_N-igA0pi_28VtJBFd7iKt981QwyaUiDFZBynaFOyQ7PtZXtUh7ghKS-pAPD3tfy9SXWo7hXWUoToytl25-9esL3WObV2IT5xL5yWOxBCKL8fKgQCi1ukEwPgj04-e5i3eiOfF8DEAOBXeeLB8Mak-ucC4JGTF8T-9hueJpHrYHlvalxCneH5N9blKRvZ_XiFdZQL0LIRDjKXXwFcmNbfkrK6_V4Z0VbRkm848LqZBu-lmCP1jMIuiAqPK-JNnFc6L-oK_Ke9uHt-dTLs7Oa-PJyvi2mJDIMh0svavfx69PYFhsxSqKt5kZ5VYp2EIgKXRL821tK2qqDP7edqmjliih0b7CAsAToWsJSfdPaSb9dwyRC5B1VlAmcDk7LAxuO4ukPNShnx98uI-AKSQStjn46xP9n57hcAimvcqlItbwpxn3ACiVPGKEyHpaJQfqwpYbshRAShsIG3NVZwGv2oqQkirPbBqW_5ULYEUyBhnKglWtNMFBEc_K3Upg5bKbA5RLvZNVIHZmqPaYxbhslBMaYaniaQmGHnsBwLWhzEcddflTO_z",
            "facilitated_booking_available": false,
            "pnr_count": 3,
            "has_airport_change": false,
            "technical_stops": 0,
            "throw_away_ticketing": false,
            "hidden_city_ticketing": false,
            "virtual_interlining": true
        },
        {
            "id": "0b7717884e580000ca863435_0|17880b774e5b0000be82ebed_0",
            "flyFrom": "BUD",
            "flyTo": "HAM",
            "cityFrom": "Budapest",
            "cityCodeFrom": "BUD",
            "cityTo": "Hamburg",
            "cityCodeTo": "HAM",
            "countryFrom": {
                "code": "HU",
                "name": "Hungary"
            },
            "countryTo": {
                "code": "DE",
                "name": "Germany"
            },
            "local_departure": "2024-11-29T20:35:00.000Z",
            "utc_departure": "2024-11-29T19:35:00.000Z",
            "local_arrival": "2024-11-29T22:25:00.000Z",
            "utc_arrival": "2024-11-29T21:25:00.000Z",
            "nightsInDest": 3,
            "quality": 188.666535,
            "distance": 949.98,
            "duration": {
                "departure": 6600,
                "return": 6300,
                "total": 12900
            },
            "price": 136,
            "conversion": {
                "EUR": 136
            },
            "fare": {
                "adults": 136,
                "children": 136,
                "infants": 136
            },
            "fare_locks": {
                "EUR": [
                    {
                        "default": false,
                        "duration": "P1D",
                        "itinerary_price_limit": 336,
                        "itinerary_price_remaining": 136,
                        "fare_lock_kind": "fee",
                        "price": 6.8,
                        "rule_instance_id": 26749,
                        "version": "v1"
                    },
                    {
                        "default": true,
                        "duration": "P3D",
                        "itinerary_price_limit": 336,
                        "itinerary_price_remaining": 136,
                        "fare_lock_kind": "fee",
                        "price": 13.6,
                        "rule_instance_id": 26748,
                        "version": "v1"
                    },
                    {
                        "default": false,
                        "duration": "P7D",
                        "itinerary_price_limit": 336,
                        "itinerary_price_remaining": 136,
                        "fare_lock_kind": "fee",
                        "price": 34,
                        "rule_instance_id": 26750,
                        "version": "v1"
                    }
                ]
            },
            "bags_price": {
                "1": 72.8,
                "2": 282.8
            },
            "baglimit": {
                "hand_dimensions_sum": 118,
                "hand_height": 40,
                "hand_length": 55,
                "hand_weight": 8,
                "hand_width": 23,
                "hold_dimensions_sum": 158,
                "hold_height": 52,
                "hold_length": 78,
                "hold_weight": 23,
                "hold_width": 28,
                "personal_item_dimension_sum": 95,
                "personal_item_height": 30,
                "personal_item_length": 40,
                "personal_item_weight": 8,
                "personal_item_width": 25
            },
            "availability": {
                "seats": 9
            },
            "airlines": [
                "EW"
            ],
            "route": [
                {
                    "id": "0b7717884e580000ca863435_0",
                    "combination_id": "0b7717884e580000ca863435",
                    "flyFrom": "BUD",
                    "flyTo": "HAM",
                    "cityFrom": "Budapest",
                    "cityCodeFrom": "BUD",
                    "cityTo": "Hamburg",
                    "cityCodeTo": "HAM",
                    "local_departure": "2024-11-29T20:35:00.000Z",
                    "utc_departure": "2024-11-29T19:35:00.000Z",
                    "local_arrival": "2024-11-29T22:25:00.000Z",
                    "utc_arrival": "2024-11-29T21:25:00.000Z",
                    "airline": "EW",
                    "flight_no": 7781,
                    "operating_carrier": "EW",
                    "operating_flight_no": "7781",
                    "fare_basis": "",
                    "fare_category": "M",
                    "fare_classes": "",
                    "return": 0,
                    "bags_recheck_required": false,
                    "vi_connection": false,
                    "guarantee": false,
                    "equipment": null,
                    "vehicle_type": "aircraft"
                },
                {
                    "id": "17880b774e5b0000be82ebed_0",
                    "combination_id": "17880b774e5b0000be82ebed",
                    "flyFrom": "HAM",
                    "flyTo": "BUD",
                    "cityFrom": "Hamburg",
                    "cityCodeFrom": "HAM",
                    "cityTo": "Budapest",
                    "cityCodeTo": "BUD",
                    "local_departure": "2024-12-02T06:45:00.000Z",
                    "utc_departure": "2024-12-02T05:45:00.000Z",
                    "local_arrival": "2024-12-02T08:30:00.000Z",
                    "utc_arrival": "2024-12-02T07:30:00.000Z",
                    "airline": "EW",
                    "flight_no": 7780,
                    "operating_carrier": "EW",
                    "operating_flight_no": "7780",
                    "fare_basis": "",
                    "fare_category": "M",
                    "fare_classes": "",
                    "return": 1,
                    "bags_recheck_required": false,
                    "vi_connection": false,
                    "guarantee": false,
                    "equipment": null,
                    "vehicle_type": "aircraft"
                }
            ],
            "booking_token": "HmOIRsSMj5eu2q_efLLGrs2B0_LNHt8aC5Z-HGX3Tm_Yn7nQ6P6CqXBvnhgqQ-wEyKfI1cZ1oQRgiw1L-lvUCVt7DE979AXqJwDkwGRgIOPdVzSgsCwmtRCCutc19DCd5sRKUQ05uoALPUfX_2MxpWKDXkdVVK9J-_mlILG-wTTKoX9_zirDdyGxXOAb1Gx8OZGlvKZt987PYsj0eNYfNFcJ7mUJvAmxci7xwjHfo8X4gif1_yhqS0i8eR58pGK_B0yCDY07KOs93DyumPFdHCWYuNLDXQGpa8aLpksezzoiR1MIcK-NiMX_FW4lGX0pnIb5qAYuNj0Ye8M0v4ZwbKhq5cv4vtweM5VdY1Qu4ucOkntZKzi0KMih8u__k_J84u5LxtZ1BtnHIlkZ7ZgfBX50a1mIvgQ6ukilt4e8N16kmpej-KYTd2vk37f1Vwy7OpMVOtJe__f8KuuEowFHxMaC18wpkX2MnNa48pBJZyZ7S-HQoM_haimbtbkPvIKt9Vaerj9iujtWfaf884ExO61CHjSOjs4tWX1pI2YChKoen_JUlAc3cRxTGhOiLCVhzeEoys6kczo7nnRAiJOyURR2bK3YvXt5CEK8lpOCDzrTJPp-knTQ69OeTDUN1Juz_eImPlIF_rPL5XtZZEQeqURKUgEiK5ix4jIwdnSvNT5HUCTuzeYDodAgX-2lfxSeR",
            "deep_link": "https://www.kiwi.com/deep?affilid=mihalytest&currency=EUR&flightsId=0b7717884e580000ca863435_0%7C17880b774e5b0000be82ebed_0&from=BUD&lang=en&passengers=1&to=HAM&booking_token=HmOIRsSMj5eu2q_efLLGrs2B0_LNHt8aC5Z-HGX3Tm_Yn7nQ6P6CqXBvnhgqQ-wEyKfI1cZ1oQRgiw1L-lvUCVt7DE979AXqJwDkwGRgIOPdVzSgsCwmtRCCutc19DCd5sRKUQ05uoALPUfX_2MxpWKDXkdVVK9J-_mlILG-wTTKoX9_zirDdyGxXOAb1Gx8OZGlvKZt987PYsj0eNYfNFcJ7mUJvAmxci7xwjHfo8X4gif1_yhqS0i8eR58pGK_B0yCDY07KOs93DyumPFdHCWYuNLDXQGpa8aLpksezzoiR1MIcK-NiMX_FW4lGX0pnIb5qAYuNj0Ye8M0v4ZwbKhq5cv4vtweM5VdY1Qu4ucOkntZKzi0KMih8u__k_J84u5LxtZ1BtnHIlkZ7ZgfBX50a1mIvgQ6ukilt4e8N16kmpej-KYTd2vk37f1Vwy7OpMVOtJe__f8KuuEowFHxMaC18wpkX2MnNa48pBJZyZ7S-HQoM_haimbtbkPvIKt9Vaerj9iujtWfaf884ExO61CHjSOjs4tWX1pI2YChKoen_JUlAc3cRxTGhOiLCVhzeEoys6kczo7nnRAiJOyURR2bK3YvXt5CEK8lpOCDzrTJPp-knTQ69OeTDUN1Juz_eImPlIF_rPL5XtZZEQeqURKUgEiK5ix4jIwdnSvNT5HUCTuzeYDodAgX-2lfxSeR",
            "facilitated_booking_available": true,
            "pnr_count": 2,
            "has_airport_change": false,
            "technical_stops": 0,
            "throw_away_ticketing": false,
            "hidden_city_ticketing": false,
            "virtual_interlining": false
        },
        {
            "id": "0b7717884e580000ca863435_0|17880b774e5a00005a05dc69_0",
            "flyFrom": "BUD",
            "flyTo": "HAM",
            "cityFrom": "Budapest",
            "cityCodeFrom": "BUD",
            "cityTo": "Hamburg",
            "cityCodeTo": "HAM",
            "countryFrom": {
                "code": "HU",
                "name": "Hungary"
            },
            "countryTo": {
                "code": "DE",
                "name": "Germany"
            },
            "local_departure": "2024-11-29T20:35:00.000Z",
            "utc_departure": "2024-11-29T19:35:00.000Z",
            "local_arrival": "2024-11-29T22:25:00.000Z",
            "utc_arrival": "2024-11-29T21:25:00.000Z",
            "nightsInDest": 2,
            "quality": 188.666535,
            "distance": 949.98,
            "duration": {
                "departure": 6600,
                "return": 6300,
                "total": 12900
            },
            "price": 136,
            "conversion": {
                "EUR": 136
            },
            "fare": {
                "adults": 136,
                "children": 136,
                "infants": 136
            },
            "fare_locks": {
                "EUR": [
                    {
                        "default": false,
                        "duration": "P1D",
                        "itinerary_price_limit": 336,
                        "itinerary_price_remaining": 136,
                        "fare_lock_kind": "fee",
                        "price": 6.8,
                        "rule_instance_id": 26749,
                        "version": "v1"
                    },
                    {
                        "default": true,
                        "duration": "P3D",
                        "itinerary_price_limit": 336,
                        "itinerary_price_remaining": 136,
                        "fare_lock_kind": "fee",
                        "price": 13.6,
                        "rule_instance_id": 26748,
                        "version": "v1"
                    },
                    {
                        "default": false,
                        "duration": "P7D",
                        "itinerary_price_limit": 336,
                        "itinerary_price_remaining": 136,
                        "fare_lock_kind": "fee",
                        "price": 34,
                        "rule_instance_id": 26750,
                        "version": "v1"
                    }
                ]
            },
            "bags_price": {
                "1": 72.8,
                "2": 282.8
            },
            "baglimit": {
                "hand_dimensions_sum": 118,
                "hand_height": 40,
                "hand_length": 55,
                "hand_weight": 8,
                "hand_width": 23,
                "hold_dimensions_sum": 158,
                "hold_height": 52,
                "hold_length": 78,
                "hold_weight": 23,
                "hold_width": 28,
                "personal_item_dimension_sum": 95,
                "personal_item_height": 30,
                "personal_item_length": 40,
                "personal_item_weight": 8,
                "personal_item_width": 25
            },
            "availability": {
                "seats": 9
            },
            "airlines": [
                "EW"
            ],
            "route": [
                {
                    "id": "0b7717884e580000ca863435_0",
                    "combination_id": "0b7717884e580000ca863435",
                    "flyFrom": "BUD",
                    "flyTo": "HAM",
                    "cityFrom": "Budapest",
                    "cityCodeFrom": "BUD",
                    "cityTo": "Hamburg",
                    "cityCodeTo": "HAM",
                    "local_departure": "2024-11-29T20:35:00.000Z",
                    "utc_departure": "2024-11-29T19:35:00.000Z",
                    "local_arrival": "2024-11-29T22:25:00.000Z",
                    "utc_arrival": "2024-11-29T21:25:00.000Z",
                    "airline": "EW",
                    "flight_no": 7781,
                    "operating_carrier": "EW",
                    "operating_flight_no": "7781",
                    "fare_basis": "",
                    "fare_category": "M",
                    "fare_classes": "",
                    "return": 0,
                    "bags_recheck_required": false,
                    "vi_connection": false,
                    "guarantee": false,
                    "equipment": null,
                    "vehicle_type": "aircraft"
                },
                {
                    "id": "17880b774e5a00005a05dc69_0",
                    "combination_id": "17880b774e5a00005a05dc69",
                    "flyFrom": "HAM",
                    "flyTo": "BUD",
                    "cityFrom": "Hamburg",
                    "cityCodeFrom": "HAM",
                    "cityTo": "Budapest",
                    "cityCodeTo": "BUD",
                    "local_departure": "2024-12-01T13:05:00.000Z",
                    "utc_departure": "2024-12-01T12:05:00.000Z",
                    "local_arrival": "2024-12-01T14:50:00.000Z",
                    "utc_arrival": "2024-12-01T13:50:00.000Z",
                    "airline": "EW",
                    "flight_no": 7780,
                    "operating_carrier": "EW",
                    "operating_flight_no": "7780",
                    "fare_basis": "",
                    "fare_category": "M",
                    "fare_classes": "N",
                    "return": 1,
                    "bags_recheck_required": false,
                    "vi_connection": false,
                    "guarantee": false,
                    "equipment": null,
                    "vehicle_type": "aircraft"
                }
            ],
            "booking_token": "HugbjvWzaXRDnBaU7gdkHtdCuOWTTyx1MaIhcFKHVaIGVnMUjYLP8ml7OKsrHF6rpTVbJl4DwouBwn9kL4M-Uj_zit-Q35YltYEPv1Y54SRsdUVpWEOeyFz2o3NLg0yszBeqfvcHQ8B7QDeKr1MeAJK7QXyUloOhncXriwn-qDv2FkjgC82r4CEamhhOl4bi2AVExHRxwj8yycr8F3NbDgJsRMWClFFYCAxG8Xzu_j1JJMp7GVimB3nZcQi1xadDQfYv9mLNGB2lhhp8tGP-50XMvPTxrc_OVYa7UC1zhkmFC5TMxcoExSWXcbKieugl9MOI5M8q81M_5KTreY4GFICXr7WrYdn5HCAmixun2O0RMwVo6gWnv-8HppmDiaG1EsR3mTS2GPYuJkcfVNysJbkK_XndUpcms9Nhcdi4k0yieQ6a6se5V1DFe5jd0TsmTZyeoEFUWqVDoB8abT_buo-lNdD3maRfsxx5oXqeEDKygq8Xp7Q9fnHaeqxQ-MQ37H5FW5cno3V-oy7DfVzVrbg2f7rRqt_T3u8IcReryQfBT-Iby8NJFVZ9CRaJH5zqwx79QvD5DVxiUcZ_9cielIqccTrmBVIooi7be3BMTcr4Xg_EK8del4w2oDQ6e5Hdb6PmWx29pP4nmYStxY4xk2qVGpkqBWvf0hft90NqneaoWulO-3wYuXAbCpaD1h3vZ",
            "deep_link": "https://www.kiwi.com/deep?affilid=mihalytest&currency=EUR&flightsId=0b7717884e580000ca863435_0%7C17880b774e5a00005a05dc69_0&from=BUD&lang=en&passengers=1&to=HAM&booking_token=HugbjvWzaXRDnBaU7gdkHtdCuOWTTyx1MaIhcFKHVaIGVnMUjYLP8ml7OKsrHF6rpTVbJl4DwouBwn9kL4M-Uj_zit-Q35YltYEPv1Y54SRsdUVpWEOeyFz2o3NLg0yszBeqfvcHQ8B7QDeKr1MeAJK7QXyUloOhncXriwn-qDv2FkjgC82r4CEamhhOl4bi2AVExHRxwj8yycr8F3NbDgJsRMWClFFYCAxG8Xzu_j1JJMp7GVimB3nZcQi1xadDQfYv9mLNGB2lhhp8tGP-50XMvPTxrc_OVYa7UC1zhkmFC5TMxcoExSWXcbKieugl9MOI5M8q81M_5KTreY4GFICXr7WrYdn5HCAmixun2O0RMwVo6gWnv-8HppmDiaG1EsR3mTS2GPYuJkcfVNysJbkK_XndUpcms9Nhcdi4k0yieQ6a6se5V1DFe5jd0TsmTZyeoEFUWqVDoB8abT_buo-lNdD3maRfsxx5oXqeEDKygq8Xp7Q9fnHaeqxQ-MQ37H5FW5cno3V-oy7DfVzVrbg2f7rRqt_T3u8IcReryQfBT-Iby8NJFVZ9CRaJH5zqwx79QvD5DVxiUcZ_9cielIqccTrmBVIooi7be3BMTcr4Xg_EK8del4w2oDQ6e5Hdb6PmWx29pP4nmYStxY4xk2qVGpkqBWvf0hft90NqneaoWulO-3wYuXAbCpaD1h3vZ",
            "facilitated_booking_available": true,
            "pnr_count": 2,
            "has_airport_change": false,
            "technical_stops": 0,
            "throw_away_ticketing": false,
            "hidden_city_ticketing": false,
            "virtual_interlining": false
        },
        {
            "id": "0b7717884e4300008a679150_0|178823334e480000443b870a_0|23330b774e4800008969476a_0",
            "flyFrom": "BUD",
            "flyTo": "HAM",
            "cityFrom": "Budapest",
            "cityCodeFrom": "BUD",
            "cityTo": "Hamburg",
            "cityCodeTo": "HAM",
            "countryFrom": {
                "code": "HU",
                "name": "Hungary"
            },
            "countryTo": {
                "code": "DE",
                "name": "Germany"
            },
            "local_departure": "2024-11-08T20:35:00.000Z",
            "utc_departure": "2024-11-08T19:35:00.000Z",
            "local_arrival": "2024-11-08T22:25:00.000Z",
            "utc_arrival": "2024-11-08T21:25:00.000Z",
            "nightsInDest": 5,
            "quality": 230.999765,
            "distance": 949.98,
            "duration": {
                "departure": 6600,
                "return": 24900,
                "total": 31500
            },
            "price": 137,
            "conversion": {
                "EUR": 137
            },
            "fare": {
                "adults": 137,
                "children": 137,
                "infants": 137
            },
            "fare_locks": {
                "EUR": [
                    {
                        "default": false,
                        "duration": "P1D",
                        "itinerary_price_limit": 337,
                        "itinerary_price_remaining": 137,
                        "fare_lock_kind": "fee",
                        "price": 6.85,
                        "rule_instance_id": 26749,
                        "version": "v1"
                    },
                    {
                        "default": true,
                        "duration": "P3D",
                        "itinerary_price_limit": 337,
                        "itinerary_price_remaining": 137,
                        "fare_lock_kind": "fee",
                        "price": 13.7,
                        "rule_instance_id": 26748,
                        "version": "v1"
                    },
                    {
                        "default": false,
                        "duration": "P7D",
                        "itinerary_price_limit": 337,
                        "itinerary_price_remaining": 137,
                        "fare_lock_kind": "fee",
                        "price": 34.25,
                        "rule_instance_id": 26750,
                        "version": "v1"
                    }
                ]
            },
            "bags_price": {
                "1": 176.568,
                "2": 421.736
            },
            "baglimit": {
                "hand_dimensions_sum": 118,
                "hand_height": 40,
                "hand_length": 55,
                "hand_weight": 8,
                "hand_width": 23,
                "hold_dimensions_sum": 158,
                "hold_height": 52,
                "hold_length": 78,
                "hold_weight": 20,
                "hold_width": 28,
                "personal_item_dimension_sum": 90,
                "personal_item_height": 30,
                "personal_item_length": 40,
                "personal_item_weight": 8,
                "personal_item_width": 20
            },
            "availability": {
                "seats": 9
            },
            "airlines": [
                "EW",
                "W4",
                "W6"
            ],
            "route": [
                {
                    "id": "0b7717884e4300008a679150_0",
                    "combination_id": "0b7717884e4300008a679150",
                    "flyFrom": "BUD",
                    "flyTo": "HAM",
                    "cityFrom": "Budapest",
                    "cityCodeFrom": "BUD",
                    "cityTo": "Hamburg",
                    "cityCodeTo": "HAM",
                    "local_departure": "2024-11-08T20:35:00.000Z",
                    "utc_departure": "2024-11-08T19:35:00.000Z",
                    "local_arrival": "2024-11-08T22:25:00.000Z",
                    "utc_arrival": "2024-11-08T21:25:00.000Z",
                    "airline": "EW",
                    "flight_no": 7781,
                    "operating_carrier": "EW",
                    "operating_flight_no": "7781",
                    "fare_basis": "",
                    "fare_category": "M",
                    "fare_classes": "",
                    "return": 0,
                    "bags_recheck_required": false,
                    "vi_connection": false,
                    "guarantee": false,
                    "equipment": null,
                    "vehicle_type": "aircraft"
                },
                {
                    "id": "178823334e480000443b870a_0",
                    "combination_id": "178823334e480000443b870a",
                    "flyFrom": "HAM",
                    "flyTo": "TIA",
                    "cityFrom": "Hamburg",
                    "cityCodeFrom": "HAM",
                    "cityTo": "Tirana",
                    "cityCodeTo": "TIA",
                    "local_departure": "2024-11-13T16:15:00.000Z",
                    "utc_departure": "2024-11-13T15:15:00.000Z",
                    "local_arrival": "2024-11-13T18:45:00.000Z",
                    "utc_arrival": "2024-11-13T17:45:00.000Z",
                    "airline": "W4",
                    "flight_no": 5108,
                    "operating_carrier": "",
                    "operating_flight_no": "",
                    "fare_basis": "",
                    "fare_category": "M",
                    "fare_classes": "",
                    "return": 1,
                    "bags_recheck_required": false,
                    "vi_connection": false,
                    "guarantee": false,
                    "equipment": null,
                    "vehicle_type": "aircraft"
                },
                {
                    "id": "23330b774e4800008969476a_0",
                    "combination_id": "23330b774e4800008969476a",
                    "flyFrom": "TIA",
                    "flyTo": "BUD",
                    "cityFrom": "Tirana",
                    "cityCodeFrom": "TIA",
                    "cityTo": "Budapest",
                    "cityCodeTo": "BUD",
                    "local_departure": "2024-11-13T21:35:00.000Z",
                    "utc_departure": "2024-11-13T20:35:00.000Z",
                    "local_arrival": "2024-11-13T23:10:00.000Z",
                    "utc_arrival": "2024-11-13T22:10:00.000Z",
                    "airline": "W6",
                    "flight_no": 2234,
                    "operating_carrier": "",
                    "operating_flight_no": "",
                    "fare_basis": "",
                    "fare_category": "M",
                    "fare_classes": "",
                    "return": 1,
                    "bags_recheck_required": true,
                    "vi_connection": true,
                    "guarantee": true,
                    "equipment": null,
                    "vehicle_type": "aircraft"
                }
            ],
            "booking_token": "HIQHmgVdEp145NRdjJc104o2wI1XjKLWiGgZzc4_-XN6i0zgKsCkC1hdahpGfIS3jlPxQl-v679roRNGKToEd2zr2w7P2c3a5Pw7odV121lHWItpLQRRV_2-iwUXuHwFyohbrCN2wN_qf9YB_oBi_MH9vQlnzFpHCC6Afy5RhooM3IJiU4q3r2r5Hb6ueDhrnbuTMQF89Zl0oOLune-TiKz3d1VP9WMNMM9TBee6yir1YW4vlj9ATkE1mMZd7wpzRswXPrymYcnnc_xB0HSAfaM7wvIE1abBCqwoprfb77E8nVhEV9eW_tzQHvjaTLUy0NXi6a4OKZZCww33zadnKaRlA-cT-txIzXzhOp8nI3zrH54tl2NtxI35Oz8kgGwHInViVdeEXxbPSxsLBWfwNNfPv1mYkt1e0pcn_qx9lTktTGwM0pGswDK0Q8H_r_-JArwMaW0A8-rit9OAi9FhlbKmSG6LdLGRNNdj5K04Pitjsuxh-KS6zV7LpZhbU_KfpepXSmADJF1bgd1eIjKWnwpSy8k67DyKiwJRw7QYbHCkPdiqzcYNoe0XmKHtV0USI-_rYcG5etntMF70AA2CeA6JzQVAYHxqriMwk1C41uMfdlZK6Y1bWUC5xBpDtx8GbMHjTi4ujYNll02VnjvrbGcmYIucdTmFvegP9JgoH3DG4sSWSqy-32wIH2xD6tupHlgT76pfT-Wlmc_QZkUJa8J6TIuz2zfGiWcCI6aYi6AVgSpohRl9xUKKMbBPVpUxKIy64M8WgRHqfn1qZR1iAjqNu1luEQLjvOZwq73YH_9k=",
            "deep_link": "https://www.kiwi.com/deep?affilid=mihalytest&currency=EUR&flightsId=0b7717884e4300008a679150_0%7C178823334e480000443b870a_0%7C23330b774e4800008969476a_0&from=BUD&lang=en&passengers=1&to=HAM&booking_token=HIQHmgVdEp145NRdjJc104o2wI1XjKLWiGgZzc4_-XN6i0zgKsCkC1hdahpGfIS3jlPxQl-v679roRNGKToEd2zr2w7P2c3a5Pw7odV121lHWItpLQRRV_2-iwUXuHwFyohbrCN2wN_qf9YB_oBi_MH9vQlnzFpHCC6Afy5RhooM3IJiU4q3r2r5Hb6ueDhrnbuTMQF89Zl0oOLune-TiKz3d1VP9WMNMM9TBee6yir1YW4vlj9ATkE1mMZd7wpzRswXPrymYcnnc_xB0HSAfaM7wvIE1abBCqwoprfb77E8nVhEV9eW_tzQHvjaTLUy0NXi6a4OKZZCww33zadnKaRlA-cT-txIzXzhOp8nI3zrH54tl2NtxI35Oz8kgGwHInViVdeEXxbPSxsLBWfwNNfPv1mYkt1e0pcn_qx9lTktTGwM0pGswDK0Q8H_r_-JArwMaW0A8-rit9OAi9FhlbKmSG6LdLGRNNdj5K04Pitjsuxh-KS6zV7LpZhbU_KfpepXSmADJF1bgd1eIjKWnwpSy8k67DyKiwJRw7QYbHCkPdiqzcYNoe0XmKHtV0USI-_rYcG5etntMF70AA2CeA6JzQVAYHxqriMwk1C41uMfdlZK6Y1bWUC5xBpDtx8GbMHjTi4ujYNll02VnjvrbGcmYIucdTmFvegP9JgoH3DG4sSWSqy-32wIH2xD6tupHlgT76pfT-Wlmc_QZkUJa8J6TIuz2zfGiWcCI6aYi6AVgSpohRl9xUKKMbBPVpUxKIy64M8WgRHqfn1qZR1iAjqNu1luEQLjvOZwq73YH_9k=",
            "facilitated_booking_available": false,
            "pnr_count": 3,
            "has_airport_change": false,
            "technical_stops": 0,
            "throw_away_ticketing": false,
            "hidden_city_ticketing": false,
            "virtual_interlining": true
        },
        {
            "id": "0b7717884e4a00005703b3b2_0|178823334e4d0000731d45ef_0|23330b774e4d0000be4f858f_0",
            "flyFrom": "BUD",
            "flyTo": "HAM",
            "cityFrom": "Budapest",
            "cityCodeFrom": "BUD",
            "cityTo": "Hamburg",
            "cityCodeTo": "HAM",
            "countryFrom": {
                "code": "HU",
                "name": "Hungary"
            },
            "countryTo": {
                "code": "DE",
                "name": "Germany"
            },
            "local_departure": "2024-11-15T20:35:00.000Z",
            "utc_departure": "2024-11-15T19:35:00.000Z",
            "local_arrival": "2024-11-15T22:25:00.000Z",
            "utc_arrival": "2024-11-15T21:25:00.000Z",
            "nightsInDest": 3,
            "quality": 232.999765,
            "distance": 949.98,
            "duration": {
                "departure": 6600,
                "return": 24900,
                "total": 31500
            },
            "price": 139,
            "conversion": {
                "EUR": 139
            },
            "fare": {
                "adults": 139,
                "children": 139,
                "infants": 139
            },
            "fare_locks": {
                "EUR": [
                    {
                        "default": false,
                        "duration": "P1D",
                        "itinerary_price_limit": 339,
                        "itinerary_price_remaining": 139,
                        "fare_lock_kind": "fee",
                        "price": 6.95,
                        "rule_instance_id": 26749,
                        "version": "v1"
                    },
                    {
                        "default": true,
                        "duration": "P3D",
                        "itinerary_price_limit": 339,
                        "itinerary_price_remaining": 139,
                        "fare_lock_kind": "fee",
                        "price": 13.9,
                        "rule_instance_id": 26748,
                        "version": "v1"
                    },
                    {
                        "default": false,
                        "duration": "P7D",
                        "itinerary_price_limit": 339,
                        "itinerary_price_remaining": 139,
                        "fare_lock_kind": "fee",
                        "price": 34.75,
                        "rule_instance_id": 26750,
                        "version": "v1"
                    }
                ]
            },
            "bags_price": {
                "1": 176.568,
                "2": 421.736
            },
            "baglimit": {
                "hand_dimensions_sum": 118,
                "hand_height": 40,
                "hand_length": 55,
                "hand_weight": 8,
                "hand_width": 23,
                "hold_dimensions_sum": 158,
                "hold_height": 52,
                "hold_length": 78,
                "hold_weight": 20,
                "hold_width": 28,
                "personal_item_dimension_sum": 90,
                "personal_item_height": 30,
                "personal_item_length": 40,
                "personal_item_weight": 8,
                "personal_item_width": 20
            },
            "availability": {
                "seats": 1
            },
            "airlines": [
                "EW",
                "W4",
                "W6"
            ],
            "route": [
                {
                    "id": "0b7717884e4a00005703b3b2_0",
                    "combination_id": "0b7717884e4a00005703b3b2",
                    "flyFrom": "BUD",
                    "flyTo": "HAM",
                    "cityFrom": "Budapest",
                    "cityCodeFrom": "BUD",
                    "cityTo": "Hamburg",
                    "cityCodeTo": "HAM",
                    "local_departure": "2024-11-15T20:35:00.000Z",
                    "utc_departure": "2024-11-15T19:35:00.000Z",
                    "local_arrival": "2024-11-15T22:25:00.000Z",
                    "utc_arrival": "2024-11-15T21:25:00.000Z",
                    "airline": "EW",
                    "flight_no": 7781,
                    "operating_carrier": "EW",
                    "operating_flight_no": "7781",
                    "fare_basis": "",
                    "fare_category": "M",
                    "fare_classes": "T",
                    "return": 0,
                    "bags_recheck_required": false,
                    "vi_connection": false,
                    "guarantee": false,
                    "equipment": null,
                    "vehicle_type": "aircraft"
                },
                {
                    "id": "178823334e4d0000731d45ef_0",
                    "combination_id": "178823334e4d0000731d45ef",
                    "flyFrom": "HAM",
                    "flyTo": "TIA",
                    "cityFrom": "Hamburg",
                    "cityCodeFrom": "HAM",
                    "cityTo": "Tirana",
                    "cityCodeTo": "TIA",
                    "local_departure": "2024-11-18T16:15:00.000Z",
                    "utc_departure": "2024-11-18T15:15:00.000Z",
                    "local_arrival": "2024-11-18T18:45:00.000Z",
                    "utc_arrival": "2024-11-18T17:45:00.000Z",
                    "airline": "W4",
                    "flight_no": 5108,
                    "operating_carrier": "",
                    "operating_flight_no": "",
                    "fare_basis": "",
                    "fare_category": "M",
                    "fare_classes": "",
                    "return": 1,
                    "bags_recheck_required": false,
                    "vi_connection": false,
                    "guarantee": false,
                    "equipment": null,
                    "vehicle_type": "aircraft"
                },
                {
                    "id": "23330b774e4d0000be4f858f_0",
                    "combination_id": "23330b774e4d0000be4f858f",
                    "flyFrom": "TIA",
                    "flyTo": "BUD",
                    "cityFrom": "Tirana",
                    "cityCodeFrom": "TIA",
                    "cityTo": "Budapest",
                    "cityCodeTo": "BUD",
                    "local_departure": "2024-11-18T21:35:00.000Z",
                    "utc_departure": "2024-11-18T20:35:00.000Z",
                    "local_arrival": "2024-11-18T23:10:00.000Z",
                    "utc_arrival": "2024-11-18T22:10:00.000Z",
                    "airline": "W6",
                    "flight_no": 2234,
                    "operating_carrier": "",
                    "operating_flight_no": "",
                    "fare_basis": "",
                    "fare_category": "M",
                    "fare_classes": "",
                    "return": 1,
                    "bags_recheck_required": true,
                    "vi_connection": true,
                    "guarantee": true,
                    "equipment": null,
                    "vehicle_type": "aircraft"
                }
            ],
            "booking_token": "HK5sMvmwt_q2zjhavJSQD57WEosDjJgbfY-5pW5QP6EhGIjTqghsGc8iGMHDajPEffvXxdKt3hMLD7l_YVOOmsuw7t1OxEfs87fxxbgzl8scRIT4qLeWOglHIgahs3GPNKXeETfj1hzBzLwIN1xa4eYRUnYT06iFJ8q9WDcxfn7ExwRu8DiNpX8obGSEkXrVjDvJ7mhaNjDXVttTUHXt_lpR9AJt4d917lTu030G76yWyjTee9dkQ1WEZGYcQ3QnVxChbojzYicX1GX4U0kRcOnAM7VjRK5B0NeLHyTlVzpU3jUOeXHx38bl80g-4jZYTZVL8CH8vDIpjvLcgnOTiM3pkzIjSnPYAz4pTnTKg5pZuWRlpVxwc6P0jNDRaCgJP7N8CsO-CKkKY53_RIIJY2Hv3VpiVG1eYdLqw9LkTGzs8XTO_dYVNI0PUHsKHB9QRidf9YgU0c3TWseK5PiOcugP3cC1lxMuO3YK44srhjphXVHgFq1KNL5wCTU7-fSAITLVaECzDYL77_nRi_fe-zUu28fsBTZzMxLVC1t2CabypEY7XxDcy8wJ2q5I_MzR8kVAJe_EPSGSc-_5dqGP24lmrQRN7uhxSnA-upCOG615WZrQQGQl07n86UsxA7tWC8UH80ZZ6h09qvIenzuXxsgV1DSYLnqzB_f9CPM0m_ySEg8YkuKjKMab7QQpHK1VfPFjyuYO_dzm-czUHFEbzMI3l7QErxF7852HVw8ISwH-8fQAwLNzfRzx_LO2VOgJ-PCGbg_zIY05MUICjXx8y4p-7TN3JTJ4-BZWqOVffXxOqBIEw58nR4oiRersgoEDC",
            "deep_link": "https://www.kiwi.com/deep?affilid=mihalytest&currency=EUR&flightsId=0b7717884e4a00005703b3b2_0%7C178823334e4d0000731d45ef_0%7C23330b774e4d0000be4f858f_0&from=BUD&lang=en&passengers=1&to=HAM&booking_token=HK5sMvmwt_q2zjhavJSQD57WEosDjJgbfY-5pW5QP6EhGIjTqghsGc8iGMHDajPEffvXxdKt3hMLD7l_YVOOmsuw7t1OxEfs87fxxbgzl8scRIT4qLeWOglHIgahs3GPNKXeETfj1hzBzLwIN1xa4eYRUnYT06iFJ8q9WDcxfn7ExwRu8DiNpX8obGSEkXrVjDvJ7mhaNjDXVttTUHXt_lpR9AJt4d917lTu030G76yWyjTee9dkQ1WEZGYcQ3QnVxChbojzYicX1GX4U0kRcOnAM7VjRK5B0NeLHyTlVzpU3jUOeXHx38bl80g-4jZYTZVL8CH8vDIpjvLcgnOTiM3pkzIjSnPYAz4pTnTKg5pZuWRlpVxwc6P0jNDRaCgJP7N8CsO-CKkKY53_RIIJY2Hv3VpiVG1eYdLqw9LkTGzs8XTO_dYVNI0PUHsKHB9QRidf9YgU0c3TWseK5PiOcugP3cC1lxMuO3YK44srhjphXVHgFq1KNL5wCTU7-fSAITLVaECzDYL77_nRi_fe-zUu28fsBTZzMxLVC1t2CabypEY7XxDcy8wJ2q5I_MzR8kVAJe_EPSGSc-_5dqGP24lmrQRN7uhxSnA-upCOG615WZrQQGQl07n86UsxA7tWC8UH80ZZ6h09qvIenzuXxsgV1DSYLnqzB_f9CPM0m_ySEg8YkuKjKMab7QQpHK1VfPFjyuYO_dzm-czUHFEbzMI3l7QErxF7852HVw8ISwH-8fQAwLNzfRzx_LO2VOgJ-PCGbg_zIY05MUICjXx8y4p-7TN3JTJ4-BZWqOVffXxOqBIEw58nR4oiRersgoEDC",
            "facilitated_booking_available": false,
            "pnr_count": 3,
            "has_airport_change": false,
            "technical_stops": 0,
            "throw_away_ticketing": false,
            "hidden_city_ticketing": false,
            "virtual_interlining": true
        },
        {
            "id": "0b7717884e5b0000352df78a_0|0b7717884e5b0000352df78a_1|178823334e5d0000b310749b_0|23330b774e5d00007e42b4fb_0",
            "flyFrom": "BUD",
            "flyTo": "HAM",
            "cityFrom": "Budapest",
            "cityCodeFrom": "BUD",
            "cityTo": "Hamburg",
            "cityCodeTo": "HAM",
            "countryFrom": {
                "code": "HU",
                "name": "Hungary"
            },
            "countryTo": {
                "code": "DE",
                "name": "Germany"
            },
            "local_departure": "2024-12-02T15:15:00.000Z",
            "utc_departure": "2024-12-02T14:15:00.000Z",
            "local_arrival": "2024-12-02T19:45:00.000Z",
            "utc_arrival": "2024-12-02T18:45:00.000Z",
            "nightsInDest": 2,
            "quality": 255.333045,
            "distance": 949.98,
            "duration": {
                "departure": 16200,
                "return": 24900,
                "total": 41100
            },
            "price": 140,
            "conversion": {
                "EUR": 140
            },
            "fare": {
                "adults": 140,
                "children": 140,
                "infants": 140
            },
            "fare_locks": {
                "EUR": [
                    {
                        "default": false,
                        "duration": "P1D",
                        "itinerary_price_limit": 340,
                        "itinerary_price_remaining": 140,
                        "fare_lock_kind": "fee",
                        "price": 7,
                        "rule_instance_id": 26749,
                        "version": "v1"
                    },
                    {
                        "default": true,
                        "duration": "P3D",
                        "itinerary_price_limit": 340,
                        "itinerary_price_remaining": 140,
                        "fare_lock_kind": "fee",
                        "price": 14,
                        "rule_instance_id": 26748,
                        "version": "v1"
                    },
                    {
                        "default": false,
                        "duration": "P7D",
                        "itinerary_price_limit": 340,
                        "itinerary_price_remaining": 140,
                        "fare_lock_kind": "fee",
                        "price": 35,
                        "rule_instance_id": 26750,
                        "version": "v1"
                    }
                ]
            },
            "bags_price": {
                "1": 223.874
            },
            "baglimit": {
                "hand_dimensions_sum": 118,
                "hand_height": 40,
                "hand_length": 55,
                "hand_weight": 8,
                "hand_width": 23,
                "hold_dimensions_sum": 158,
                "hold_height": 52,
                "hold_length": 78,
                "hold_weight": 20,
                "hold_width": 28,
                "personal_item_dimension_sum": 80,
                "personal_item_height": 30,
                "personal_item_length": 40,
                "personal_item_weight": 4,
                "personal_item_width": 10
            },
            "availability": {
                "seats": 4
            },
            "airlines": [
                "JU",
                "W4",
                "W6"
            ],
            "route": [
                {
                    "id": "0b7717884e5b0000352df78a_0",
                    "combination_id": "0b7717884e5b0000352df78a",
                    "flyFrom": "BUD",
                    "flyTo": "BEG",
                    "cityFrom": "Budapest",
                    "cityCodeFrom": "BUD",
                    "cityTo": "Belgrade",
                    "cityCodeTo": "BEG",
                    "local_departure": "2024-12-02T15:15:00.000Z",
                    "utc_departure": "2024-12-02T14:15:00.000Z",
                    "local_arrival": "2024-12-02T16:20:00.000Z",
                    "utc_arrival": "2024-12-02T15:20:00.000Z",
                    "airline": "JU",
                    "flight_no": 143,
                    "operating_carrier": "JU",
                    "operating_flight_no": "143",
                    "fare_basis": "TNB14OHU",
                    "fare_category": "M",
                    "fare_classes": "T",
                    "return": 0,
                    "bags_recheck_required": false,
                    "vi_connection": false,
                    "guarantee": false,
                    "equipment": null,
                    "vehicle_type": "aircraft"
                },
                {
                    "id": "0b7717884e5b0000352df78a_1",
                    "combination_id": "0b7717884e5b0000352df78a",
                    "flyFrom": "BEG",
                    "flyTo": "HAM",
                    "cityFrom": "Belgrade",
                    "cityCodeFrom": "BEG",
                    "cityTo": "Hamburg",
                    "cityCodeTo": "HAM",
                    "local_departure": "2024-12-02T17:30:00.000Z",
                    "utc_departure": "2024-12-02T16:30:00.000Z",
                    "local_arrival": "2024-12-02T19:45:00.000Z",
                    "utc_arrival": "2024-12-02T18:45:00.000Z",
                    "airline": "JU",
                    "flight_no": 292,
                    "operating_carrier": "JU",
                    "operating_flight_no": "292",
                    "fare_basis": "TNB14OHU",
                    "fare_category": "M",
                    "fare_classes": "T",
                    "return": 0,
                    "bags_recheck_required": false,
                    "vi_connection": false,
                    "guarantee": false,
                    "equipment": null,
                    "vehicle_type": "aircraft"
                },
                {
                    "id": "178823334e5d0000b310749b_0",
                    "combination_id": "178823334e5d0000b310749b",
                    "flyFrom": "HAM",
                    "flyTo": "TIA",
                    "cityFrom": "Hamburg",
                    "cityCodeFrom": "HAM",
                    "cityTo": "Tirana",
                    "cityCodeTo": "TIA",
                    "local_departure": "2024-12-04T16:15:00.000Z",
                    "utc_departure": "2024-12-04T15:15:00.000Z",
                    "local_arrival": "2024-12-04T18:45:00.000Z",
                    "utc_arrival": "2024-12-04T17:45:00.000Z",
                    "airline": "W4",
                    "flight_no": 5108,
                    "operating_carrier": "",
                    "operating_flight_no": "",
                    "fare_basis": "",
                    "fare_category": "M",
                    "fare_classes": "",
                    "return": 1,
                    "bags_recheck_required": false,
                    "vi_connection": false,
                    "guarantee": false,
                    "equipment": null,
                    "vehicle_type": "aircraft"
                },
                {
                    "id": "23330b774e5d00007e42b4fb_0",
                    "combination_id": "23330b774e5d00007e42b4fb",
                    "flyFrom": "TIA",
                    "flyTo": "BUD",
                    "cityFrom": "Tirana",
                    "cityCodeFrom": "TIA",
                    "cityTo": "Budapest",
                    "cityCodeTo": "BUD",
                    "local_departure": "2024-12-04T21:35:00.000Z",
                    "utc_departure": "2024-12-04T20:35:00.000Z",
                    "local_arrival": "2024-12-04T23:10:00.000Z",
                    "utc_arrival": "2024-12-04T22:10:00.000Z",
                    "airline": "W6",
                    "flight_no": 2234,
                    "operating_carrier": "",
                    "operating_flight_no": "",
                    "fare_basis": "",
                    "fare_category": "M",
                    "fare_classes": "",
                    "return": 1,
                    "bags_recheck_required": true,
                    "vi_connection": true,
                    "guarantee": true,
                    "equipment": null,
                    "vehicle_type": "aircraft"
                }
            ],
            "booking_token": "Hw6keACW7zZZgVzaABhghgzXTciVbF0xp2smyypEx3iYxLxSmTmW2LFnrZifD_ioQp-cKD4Ge5JEHvdTPy3FkS6hHWo9PLu7aAPRdpPoWUVs9Ysxp_Xs4_JmQYglub4VnPz3_83jm5QhocFqpKMDjKY4NyB85YZsDWvHTL7zPGAUKH8XiKeDfStXrkCzdavCC5eaaZHgR-yhDA_6Jyc_-VrktUQ8MoEJMVjoyekSGGTU8FaoeZv-ryuIttyp4R6l9i73pFF5rMrecyu_kCSx4GujHlJxXj6jBoGgkR3mvVv4cZz_3r9Hz9Xoc3ffSzQ3DWGY8-2cPG_o3zuteUJokOPTXsarZDDa2ZKYot1DN8eobCQPyYl6yM-Kjhat-AgwUKFNEY0PJC3myhLjPhwCV3jJgTC5emtz0ED-21TUvkF8AK7tbe06wBnYoXpnH8hsjWZ4wwUfm3iwdqcWeY-IYBOrBK569Nf616cZH9ZtC5IJqGR-FT91jqz3nlz42tguE1HsI1431o-K9C_hLkdkXMeRWdmUZm5qXKVcyIvlP1mSaWtP3WiVXpfLlWQyQRweKZohcG7Q9EiKkULe6Kf6Z2Ya5gUF5fse8D7PyjPhNg161GsMqLlvXx-BGCHcMc7IGvfPC1tYO_fy6Ap2QnCY4PZmjdE5ERHv_T33nSAoGARYkSz_zKGy-6LnZ7A8ImyOHAh_dvPpNQSLxyNymRPZr2SD5RD_U_cC7eWAdMLsZFUFEgl9HZtBWGiYGHJwVddVnaMUe8RMYB_f71oLbIdfGQCgV3Fcvqblfesq6YCfEuQN2p4ZACxkqEJnoowNYMy3xm_S5ONbhu4FKEb-bTZgffw==",
            "deep_link": "https://www.kiwi.com/deep?affilid=mihalytest&currency=EUR&flightsId=0b7717884e5b0000352df78a_0%7C0b7717884e5b0000352df78a_1%7C178823334e5d0000b310749b_0%7C23330b774e5d00007e42b4fb_0&from=BUD&lang=en&passengers=1&to=HAM&booking_token=Hw6keACW7zZZgVzaABhghgzXTciVbF0xp2smyypEx3iYxLxSmTmW2LFnrZifD_ioQp-cKD4Ge5JEHvdTPy3FkS6hHWo9PLu7aAPRdpPoWUVs9Ysxp_Xs4_JmQYglub4VnPz3_83jm5QhocFqpKMDjKY4NyB85YZsDWvHTL7zPGAUKH8XiKeDfStXrkCzdavCC5eaaZHgR-yhDA_6Jyc_-VrktUQ8MoEJMVjoyekSGGTU8FaoeZv-ryuIttyp4R6l9i73pFF5rMrecyu_kCSx4GujHlJxXj6jBoGgkR3mvVv4cZz_3r9Hz9Xoc3ffSzQ3DWGY8-2cPG_o3zuteUJokOPTXsarZDDa2ZKYot1DN8eobCQPyYl6yM-Kjhat-AgwUKFNEY0PJC3myhLjPhwCV3jJgTC5emtz0ED-21TUvkF8AK7tbe06wBnYoXpnH8hsjWZ4wwUfm3iwdqcWeY-IYBOrBK569Nf616cZH9ZtC5IJqGR-FT91jqz3nlz42tguE1HsI1431o-K9C_hLkdkXMeRWdmUZm5qXKVcyIvlP1mSaWtP3WiVXpfLlWQyQRweKZohcG7Q9EiKkULe6Kf6Z2Ya5gUF5fse8D7PyjPhNg161GsMqLlvXx-BGCHcMc7IGvfPC1tYO_fy6Ap2QnCY4PZmjdE5ERHv_T33nSAoGARYkSz_zKGy-6LnZ7A8ImyOHAh_dvPpNQSLxyNymRPZr2SD5RD_U_cC7eWAdMLsZFUFEgl9HZtBWGiYGHJwVddVnaMUe8RMYB_f71oLbIdfGQCgV3Fcvqblfesq6YCfEuQN2p4ZACxkqEJnoowNYMy3xm_S5ONbhu4FKEb-bTZgffw==",
            "facilitated_booking_available": false,
            "pnr_count": 3,
            "has_airport_change": false,
            "technical_stops": 0,
            "throw_away_ticketing": false,
            "hidden_city_ticketing": false,
            "virtual_interlining": true
        },
        {
            "id": "0b7717884e3800009c5551f4_0|0b7717884e3800009c5551f4_1|178823334e3a00005ca364e2_0|23330b774e3a000091f1a482_0",
            "flyFrom": "BUD",
            "flyTo": "HAM",
            "cityFrom": "Budapest",
            "cityCodeFrom": "BUD",
            "cityTo": "Hamburg",
            "cityCodeTo": "HAM",
            "countryFrom": {
                "code": "HU",
                "name": "Hungary"
            },
            "countryTo": {
                "code": "DE",
                "name": "Germany"
            },
            "local_departure": "2024-10-28T15:15:00.000Z",
            "utc_departure": "2024-10-28T14:15:00.000Z",
            "local_arrival": "2024-10-28T19:45:00.000Z",
            "utc_arrival": "2024-10-28T18:45:00.000Z",
            "nightsInDest": 2,
            "quality": 255.333045,
            "distance": 949.98,
            "duration": {
                "departure": 16200,
                "return": 24900,
                "total": 41100
            },
            "price": 140,
            "conversion": {
                "EUR": 140
            },
            "fare": {
                "adults": 140,
                "children": 140,
                "infants": 140
            },
            "fare_locks": {
                "EUR": [
                    {
                        "default": false,
                        "duration": "P1D",
                        "itinerary_price_limit": 340,
                        "itinerary_price_remaining": 140,
                        "fare_lock_kind": "fee",
                        "price": 7,
                        "rule_instance_id": 26749,
                        "version": "v1"
                    },
                    {
                        "default": true,
                        "duration": "P3D",
                        "itinerary_price_limit": 340,
                        "itinerary_price_remaining": 140,
                        "fare_lock_kind": "fee",
                        "price": 14,
                        "rule_instance_id": 26748,
                        "version": "v1"
                    },
                    {
                        "default": false,
                        "duration": "P7D",
                        "itinerary_price_limit": 340,
                        "itinerary_price_remaining": 140,
                        "fare_lock_kind": "fee",
                        "price": 35,
                        "rule_instance_id": 26750,
                        "version": "v1"
                    }
                ]
            },
            "bags_price": {
                "1": 189.154
            },
            "baglimit": {
                "hand_dimensions_sum": 118,
                "hand_height": 40,
                "hand_length": 55,
                "hand_weight": 8,
                "hand_width": 23,
                "hold_dimensions_sum": 158,
                "hold_height": 52,
                "hold_length": 78,
                "hold_weight": 20,
                "hold_width": 28,
                "personal_item_dimension_sum": 80,
                "personal_item_height": 30,
                "personal_item_length": 40,
                "personal_item_weight": 4,
                "personal_item_width": 10
            },
            "availability": {
                "seats": 1
            },
            "airlines": [
                "JU",
                "W4",
                "W6"
            ],
            "route": [
                {
                    "id": "0b7717884e3800009c5551f4_0",
                    "combination_id": "0b7717884e3800009c5551f4",
                    "flyFrom": "BUD",
                    "flyTo": "BEG",
                    "cityFrom": "Budapest",
                    "cityCodeFrom": "BUD",
                    "cityTo": "Belgrade",
                    "cityCodeTo": "BEG",
                    "local_departure": "2024-10-28T15:15:00.000Z",
                    "utc_departure": "2024-10-28T14:15:00.000Z",
                    "local_arrival": "2024-10-28T16:20:00.000Z",
                    "utc_arrival": "2024-10-28T15:20:00.000Z",
                    "airline": "JU",
                    "flight_no": 143,
                    "operating_carrier": "JU",
                    "operating_flight_no": "143",
                    "fare_basis": "TNB14OHU",
                    "fare_category": "M",
                    "fare_classes": "T",
                    "return": 0,
                    "bags_recheck_required": false,
                    "vi_connection": false,
                    "guarantee": false,
                    "equipment": null,
                    "vehicle_type": "aircraft"
                },
                {
                    "id": "0b7717884e3800009c5551f4_1",
                    "combination_id": "0b7717884e3800009c5551f4",
                    "flyFrom": "BEG",
                    "flyTo": "HAM",
                    "cityFrom": "Belgrade",
                    "cityCodeFrom": "BEG",
                    "cityTo": "Hamburg",
                    "cityCodeTo": "HAM",
                    "local_departure": "2024-10-28T17:30:00.000Z",
                    "utc_departure": "2024-10-28T16:30:00.000Z",
                    "local_arrival": "2024-10-28T19:45:00.000Z",
                    "utc_arrival": "2024-10-28T18:45:00.000Z",
                    "airline": "JU",
                    "flight_no": 292,
                    "operating_carrier": "JU",
                    "operating_flight_no": "292",
                    "fare_basis": "TNB14OHU",
                    "fare_category": "M",
                    "fare_classes": "T",
                    "return": 0,
                    "bags_recheck_required": false,
                    "vi_connection": false,
                    "guarantee": false,
                    "equipment": null,
                    "vehicle_type": "aircraft"
                },
                {
                    "id": "178823334e3a00005ca364e2_0",
                    "combination_id": "178823334e3a00005ca364e2",
                    "flyFrom": "HAM",
                    "flyTo": "TIA",
                    "cityFrom": "Hamburg",
                    "cityCodeFrom": "HAM",
                    "cityTo": "Tirana",
                    "cityCodeTo": "TIA",
                    "local_departure": "2024-10-30T16:15:00.000Z",
                    "utc_departure": "2024-10-30T15:15:00.000Z",
                    "local_arrival": "2024-10-30T18:45:00.000Z",
                    "utc_arrival": "2024-10-30T17:45:00.000Z",
                    "airline": "W4",
                    "flight_no": 5108,
                    "operating_carrier": "",
                    "operating_flight_no": "",
                    "fare_basis": "",
                    "fare_category": "M",
                    "fare_classes": "",
                    "return": 1,
                    "bags_recheck_required": false,
                    "vi_connection": false,
                    "guarantee": false,
                    "equipment": null,
                    "vehicle_type": "aircraft"
                },
                {
                    "id": "23330b774e3a000091f1a482_0",
                    "combination_id": "23330b774e3a000091f1a482",
                    "flyFrom": "TIA",
                    "flyTo": "BUD",
                    "cityFrom": "Tirana",
                    "cityCodeFrom": "TIA",
                    "cityTo": "Budapest",
                    "cityCodeTo": "BUD",
                    "local_departure": "2024-10-30T21:35:00.000Z",
                    "utc_departure": "2024-10-30T20:35:00.000Z",
                    "local_arrival": "2024-10-30T23:10:00.000Z",
                    "utc_arrival": "2024-10-30T22:10:00.000Z",
                    "airline": "W6",
                    "flight_no": 2234,
                    "operating_carrier": "",
                    "operating_flight_no": "",
                    "fare_basis": "",
                    "fare_category": "M",
                    "fare_classes": "",
                    "return": 1,
                    "bags_recheck_required": true,
                    "vi_connection": true,
                    "guarantee": true,
                    "equipment": null,
                    "vehicle_type": "aircraft"
                }
            ],
            "booking_token": "HHP7OTu5xcU981kSannxIRg1FYzrmpfacUoZasA7w2AVeZ9OCN8tIXlRXkHyr2yMUkIygbp2l_udIM8vsZH2dXJJkJ2WDG53K4TsNN3yJSPpurgyRP_BlN-ZmZYX5V2xDW97_zszArto7j3Ugr-oERRf9I4zguzEODwDDW4p-_whqyHSpaG-36nz9VbtQp2JGJKU7rfIq7Mcg7n2t5MnMBhVhLsYGlJPK5MnHgSoeTIqfxX0Gq7jNs3z2Cirvoev65lVR0qubD7aZbvuI5ePZFcCz4txCz2z7p_BZ7BzA8iygERo6YPE22ZoPBgWwlKMOFIno5WulcjyNV9P8kqk_WEL2NmYajL65gkiZ0c_ecIco3x969e7LCLmmLS5P5JGoAmh35GEz5YVCClZ7tnrrKOTZG6tJXByD95z93uC8k2SLccj-oktNb52gPZeGm8FyHaMytOQ2JxUk_TTl9gMWseXOqW64Y_27jMHyIzNHKqWYYbzusgEwyrlx-hbaT7XEiPnWxcZioEkXvKfpMR5BIL9Q-XwEHAF0boZ4jSJTioWsEifoQ4qkcuSE_Go1R2KB7Jn3ERpB0PGMbQ5fM8Al0isDxekkltizB4smO2E4VYxAgaO6zQl4D_ZeTnCK6vcBTNxGlk_wTQu7f-8Fhfv4rNNA-H9_78xyhbj9waBUXllEdvMUts0gRMCaJ0FlygLAOfuC5ia65xWp1JtM58TCwktW7j9GXl5Qr0lQHNdmRpeLKciqnEO1G16qbiWyYhBFyoQ_5meArHQsDc2h2C9Nn1uRxuwA1nPxM1jZSmuvdDZhkLzpgQxwAPnvfRikuFbSFx9hgmdSvZfv3w0X1uS58EkAmlcCos5ZPjZKnd_lA3g=",
            "deep_link": "https://www.kiwi.com/deep?affilid=mihalytest&currency=EUR&flightsId=0b7717884e3800009c5551f4_0%7C0b7717884e3800009c5551f4_1%7C178823334e3a00005ca364e2_0%7C23330b774e3a000091f1a482_0&from=BUD&lang=en&passengers=1&to=HAM&booking_token=HHP7OTu5xcU981kSannxIRg1FYzrmpfacUoZasA7w2AVeZ9OCN8tIXlRXkHyr2yMUkIygbp2l_udIM8vsZH2dXJJkJ2WDG53K4TsNN3yJSPpurgyRP_BlN-ZmZYX5V2xDW97_zszArto7j3Ugr-oERRf9I4zguzEODwDDW4p-_whqyHSpaG-36nz9VbtQp2JGJKU7rfIq7Mcg7n2t5MnMBhVhLsYGlJPK5MnHgSoeTIqfxX0Gq7jNs3z2Cirvoev65lVR0qubD7aZbvuI5ePZFcCz4txCz2z7p_BZ7BzA8iygERo6YPE22ZoPBgWwlKMOFIno5WulcjyNV9P8kqk_WEL2NmYajL65gkiZ0c_ecIco3x969e7LCLmmLS5P5JGoAmh35GEz5YVCClZ7tnrrKOTZG6tJXByD95z93uC8k2SLccj-oktNb52gPZeGm8FyHaMytOQ2JxUk_TTl9gMWseXOqW64Y_27jMHyIzNHKqWYYbzusgEwyrlx-hbaT7XEiPnWxcZioEkXvKfpMR5BIL9Q-XwEHAF0boZ4jSJTioWsEifoQ4qkcuSE_Go1R2KB7Jn3ERpB0PGMbQ5fM8Al0isDxekkltizB4smO2E4VYxAgaO6zQl4D_ZeTnCK6vcBTNxGlk_wTQu7f-8Fhfv4rNNA-H9_78xyhbj9waBUXllEdvMUts0gRMCaJ0FlygLAOfuC5ia65xWp1JtM58TCwktW7j9GXl5Qr0lQHNdmRpeLKciqnEO1G16qbiWyYhBFyoQ_5meArHQsDc2h2C9Nn1uRxuwA1nPxM1jZSmuvdDZhkLzpgQxwAPnvfRikuFbSFx9hgmdSvZfv3w0X1uS58EkAmlcCos5ZPjZKnd_lA3g=",
            "facilitated_booking_available": false,
            "pnr_count": 3,
            "has_airport_change": false,
            "technical_stops": 0,
            "throw_away_ticketing": false,
            "hidden_city_ticketing": false,
            "virtual_interlining": true
        },
        {
            "id": "0b7717884e54000065267b7b_0|0b7717884e54000065267b7b_1|178823334e5b0000d3f1975d_0|23330b774e5b00001ea3573d_0",
            "flyFrom": "BUD",
            "flyTo": "HAM",
            "cityFrom": "Budapest",
            "cityCodeFrom": "BUD",
            "cityTo": "Hamburg",
            "cityCodeTo": "HAM",
            "countryFrom": {
                "code": "HU",
                "name": "Hungary"
            },
            "countryTo": {
                "code": "DE",
                "name": "Germany"
            },
            "local_departure": "2024-11-25T15:15:00.000Z",
            "utc_departure": "2024-11-25T14:15:00.000Z",
            "local_arrival": "2024-11-25T19:45:00.000Z",
            "utc_arrival": "2024-11-25T18:45:00.000Z",
            "nightsInDest": 7,
            "quality": 255.333045,
            "distance": 949.98,
            "duration": {
                "departure": 16200,
                "return": 24900,
                "total": 41100
            },
            "price": 140,
            "conversion": {
                "EUR": 140
            },
            "fare": {
                "adults": 140,
                "children": 140,
                "infants": 140
            },
            "fare_locks": {
                "EUR": [
                    {
                        "default": false,
                        "duration": "P1D",
                        "itinerary_price_limit": 340,
                        "itinerary_price_remaining": 140,
                        "fare_lock_kind": "fee",
                        "price": 7,
                        "rule_instance_id": 26749,
                        "version": "v1"
                    },
                    {
                        "default": true,
                        "duration": "P3D",
                        "itinerary_price_limit": 340,
                        "itinerary_price_remaining": 140,
                        "fare_lock_kind": "fee",
                        "price": 14,
                        "rule_instance_id": 26748,
                        "version": "v1"
                    },
                    {
                        "default": false,
                        "duration": "P7D",
                        "itinerary_price_limit": 340,
                        "itinerary_price_remaining": 140,
                        "fare_lock_kind": "fee",
                        "price": 35,
                        "rule_instance_id": 26750,
                        "version": "v1"
                    }
                ]
            },
            "bags_price": {
                "1": 223.874
            },
            "baglimit": {
                "hand_dimensions_sum": 118,
                "hand_height": 40,
                "hand_length": 55,
                "hand_weight": 8,
                "hand_width": 23,
                "hold_dimensions_sum": 158,
                "hold_height": 52,
                "hold_length": 78,
                "hold_weight": 20,
                "hold_width": 28,
                "personal_item_dimension_sum": 80,
                "personal_item_height": 30,
                "personal_item_length": 40,
                "personal_item_weight": 4,
                "personal_item_width": 10
            },
            "availability": {
                "seats": 4
            },
            "airlines": [
                "JU",
                "W4",
                "W6"
            ],
            "route": [
                {
                    "id": "0b7717884e54000065267b7b_0",
                    "combination_id": "0b7717884e54000065267b7b",
                    "flyFrom": "BUD",
                    "flyTo": "BEG",
                    "cityFrom": "Budapest",
                    "cityCodeFrom": "BUD",
                    "cityTo": "Belgrade",
                    "cityCodeTo": "BEG",
                    "local_departure": "2024-11-25T15:15:00.000Z",
                    "utc_departure": "2024-11-25T14:15:00.000Z",
                    "local_arrival": "2024-11-25T16:20:00.000Z",
                    "utc_arrival": "2024-11-25T15:20:00.000Z",
                    "airline": "JU",
                    "flight_no": 143,
                    "operating_carrier": "JU",
                    "operating_flight_no": "143",
                    "fare_basis": "TNB14OHU",
                    "fare_category": "M",
                    "fare_classes": "T",
                    "return": 0,
                    "bags_recheck_required": false,
                    "vi_connection": false,
                    "guarantee": false,
                    "equipment": null,
                    "vehicle_type": "aircraft"
                },
                {
                    "id": "0b7717884e54000065267b7b_1",
                    "combination_id": "0b7717884e54000065267b7b",
                    "flyFrom": "BEG",
                    "flyTo": "HAM",
                    "cityFrom": "Belgrade",
                    "cityCodeFrom": "BEG",
                    "cityTo": "Hamburg",
                    "cityCodeTo": "HAM",
                    "local_departure": "2024-11-25T17:30:00.000Z",
                    "utc_departure": "2024-11-25T16:30:00.000Z",
                    "local_arrival": "2024-11-25T19:45:00.000Z",
                    "utc_arrival": "2024-11-25T18:45:00.000Z",
                    "airline": "JU",
                    "flight_no": 292,
                    "operating_carrier": "JU",
                    "operating_flight_no": "292",
                    "fare_basis": "TNB14OHU",
                    "fare_category": "M",
                    "fare_classes": "T",
                    "return": 0,
                    "bags_recheck_required": false,
                    "vi_connection": false,
                    "guarantee": false,
                    "equipment": null,
                    "vehicle_type": "aircraft"
                },
                {
                    "id": "178823334e5b0000d3f1975d_0",
                    "combination_id": "178823334e5b0000d3f1975d",
                    "flyFrom": "HAM",
                    "flyTo": "TIA",
                    "cityFrom": "Hamburg",
                    "cityCodeFrom": "HAM",
                    "cityTo": "Tirana",
                    "cityCodeTo": "TIA",
                    "local_departure": "2024-12-02T16:15:00.000Z",
                    "utc_departure": "2024-12-02T15:15:00.000Z",
                    "local_arrival": "2024-12-02T18:45:00.000Z",
                    "utc_arrival": "2024-12-02T17:45:00.000Z",
                    "airline": "W4",
                    "flight_no": 5108,
                    "operating_carrier": "",
                    "operating_flight_no": "",
                    "fare_basis": "",
                    "fare_category": "M",
                    "fare_classes": "",
                    "return": 1,
                    "bags_recheck_required": false,
                    "vi_connection": false,
                    "guarantee": false,
                    "equipment": null,
                    "vehicle_type": "aircraft"
                },
                {
                    "id": "23330b774e5b00001ea3573d_0",
                    "combination_id": "23330b774e5b00001ea3573d",
                    "flyFrom": "TIA",
                    "flyTo": "BUD",
                    "cityFrom": "Tirana",
                    "cityCodeFrom": "TIA",
                    "cityTo": "Budapest",
                    "cityCodeTo": "BUD",
                    "local_departure": "2024-12-02T21:35:00.000Z",
                    "utc_departure": "2024-12-02T20:35:00.000Z",
                    "local_arrival": "2024-12-02T23:10:00.000Z",
                    "utc_arrival": "2024-12-02T22:10:00.000Z",
                    "airline": "W6",
                    "flight_no": 2234,
                    "operating_carrier": "",
                    "operating_flight_no": "",
                    "fare_basis": "",
                    "fare_category": "M",
                    "fare_classes": "",
                    "return": 1,
                    "bags_recheck_required": true,
                    "vi_connection": true,
                    "guarantee": true,
                    "equipment": null,
                    "vehicle_type": "aircraft"
                }
            ],
            "booking_token": "Hx7cVOpHHdAa5b9T_k8r8npIHGDsuX5i4l9dQg3b9JYCuNzZ0BfwaMpAPI53P6jp3Fd2KDwEthFAN53o_pwGApIGoFjTO_QBt1Juh7fu4hBMRfG--EXFBg24lzPzr8SFxBJmH-nO3okB9_QAQuIF1_NGN-F7RkMT4M_t_W5c7uDZ4bfo_PoQjgv-P3BiwlOmAoaG4-4L_L1nzzszZJpdNSIlFzjQSAEzYeYf7Pmkou4ZXzlsNCXMJdkRgUyAb6DlmMU8jHOHEbW5qLmqf4MSxhmoc69owzjHHGB3lIC89cOK3tSY5L0qolTWV8nnqvAfmWS8tUsE-TA7R8ulKZ_NGar9sZ4-ukcDm7oxzPB46egkR7Ms8B5K7mfLr1YgUooKcLuHgpbamVPdMvMiCxkaoE-VIYbM3cy7imECOmdKdxNAs6uCcr0TxJ2wJ4HcOrwOvxLhax8aOLsRsvgj1rVoY0dghHmj2eUPwJsOhJa2ls5zUn5e5UotBXNh3WKVtD_LrIhsKJmet8NHU5ogEYrTQu9tEbEmRM-9eZRRtxZCLpkqaNyfIxRO0l8kQLae1RKemgJcbwy6nHvRXsMR06JrzYWGTSa4bYgpWzlnDrDPfEiOssG_LECDeqRTMQEyzUZ_TaICzeLCiXTP0kbugedywjRyFRpyQqtP4BeWGtZO3UvrrVLTXjEeFxHmNUZV6PDKRewyNv5a8l0xxzmE4PU91mY7yAnyg7gJ89_9J1qx4pN6x0aoW5zaEaw4TQtCmBPyqixJTQ6MuK4uH1dZea5Htud0XQRHK-Bui3ntLJRKizhP0hdj5ctv3QqPdigAkNvr8reL80IY7_36nbdhWVEEHAQ==",
            "deep_link": "https://www.kiwi.com/deep?affilid=mihalytest&currency=EUR&flightsId=0b7717884e54000065267b7b_0%7C0b7717884e54000065267b7b_1%7C178823334e5b0000d3f1975d_0%7C23330b774e5b00001ea3573d_0&from=BUD&lang=en&passengers=1&to=HAM&booking_token=Hx7cVOpHHdAa5b9T_k8r8npIHGDsuX5i4l9dQg3b9JYCuNzZ0BfwaMpAPI53P6jp3Fd2KDwEthFAN53o_pwGApIGoFjTO_QBt1Juh7fu4hBMRfG--EXFBg24lzPzr8SFxBJmH-nO3okB9_QAQuIF1_NGN-F7RkMT4M_t_W5c7uDZ4bfo_PoQjgv-P3BiwlOmAoaG4-4L_L1nzzszZJpdNSIlFzjQSAEzYeYf7Pmkou4ZXzlsNCXMJdkRgUyAb6DlmMU8jHOHEbW5qLmqf4MSxhmoc69owzjHHGB3lIC89cOK3tSY5L0qolTWV8nnqvAfmWS8tUsE-TA7R8ulKZ_NGar9sZ4-ukcDm7oxzPB46egkR7Ms8B5K7mfLr1YgUooKcLuHgpbamVPdMvMiCxkaoE-VIYbM3cy7imECOmdKdxNAs6uCcr0TxJ2wJ4HcOrwOvxLhax8aOLsRsvgj1rVoY0dghHmj2eUPwJsOhJa2ls5zUn5e5UotBXNh3WKVtD_LrIhsKJmet8NHU5ogEYrTQu9tEbEmRM-9eZRRtxZCLpkqaNyfIxRO0l8kQLae1RKemgJcbwy6nHvRXsMR06JrzYWGTSa4bYgpWzlnDrDPfEiOssG_LECDeqRTMQEyzUZ_TaICzeLCiXTP0kbugedywjRyFRpyQqtP4BeWGtZO3UvrrVLTXjEeFxHmNUZV6PDKRewyNv5a8l0xxzmE4PU91mY7yAnyg7gJ89_9J1qx4pN6x0aoW5zaEaw4TQtCmBPyqixJTQ6MuK4uH1dZea5Htud0XQRHK-Bui3ntLJRKizhP0hdj5ctv3QqPdigAkNvr8reL80IY7_36nbdhWVEEHAQ==",
            "facilitated_booking_available": false,
            "pnr_count": 3,
            "has_airport_change": false,
            "technical_stops": 0,
            "throw_away_ticketing": false,
            "hidden_city_ticketing": false,
            "virtual_interlining": true
        },
        {
            "id": "0b7717884e4300008a679150_0|178823334e4a0000e5ace595_0|23330b774e4a000028fe25f5_0",
            "flyFrom": "BUD",
            "flyTo": "HAM",
            "cityFrom": "Budapest",
            "cityCodeFrom": "BUD",
            "cityTo": "Hamburg",
            "cityCodeTo": "HAM",
            "countryFrom": {
                "code": "HU",
                "name": "Hungary"
            },
            "countryTo": {
                "code": "DE",
                "name": "Germany"
            },
            "local_departure": "2024-11-08T20:35:00.000Z",
            "utc_departure": "2024-11-08T19:35:00.000Z",
            "local_arrival": "2024-11-08T22:25:00.000Z",
            "utc_arrival": "2024-11-08T21:25:00.000Z",
            "nightsInDest": 7,
            "quality": 235.999765,
            "distance": 949.98,
            "duration": {
                "departure": 6600,
                "return": 24900,
                "total": 31500
            },
            "price": 142,
            "conversion": {
                "EUR": 142
            },
            "fare": {
                "adults": 142,
                "children": 142,
                "infants": 142
            },
            "fare_locks": {
                "EUR": [
                    {
                        "default": false,
                        "duration": "P1D",
                        "itinerary_price_limit": 342,
                        "itinerary_price_remaining": 142,
                        "fare_lock_kind": "fee",
                        "price": 7.1,
                        "rule_instance_id": 26749,
                        "version": "v1"
                    },
                    {
                        "default": true,
                        "duration": "P3D",
                        "itinerary_price_limit": 342,
                        "itinerary_price_remaining": 142,
                        "fare_lock_kind": "fee",
                        "price": 14.2,
                        "rule_instance_id": 26748,
                        "version": "v1"
                    },
                    {
                        "default": false,
                        "duration": "P7D",
                        "itinerary_price_limit": 342,
                        "itinerary_price_remaining": 142,
                        "fare_lock_kind": "fee",
                        "price": 35.5,
                        "rule_instance_id": 26750,
                        "version": "v1"
                    }
                ]
            },
            "bags_price": {
                "1": 176.568,
                "2": 421.736
            },
            "baglimit": {
                "hand_dimensions_sum": 118,
                "hand_height": 40,
                "hand_length": 55,
                "hand_weight": 8,
                "hand_width": 23,
                "hold_dimensions_sum": 158,
                "hold_height": 52,
                "hold_length": 78,
                "hold_weight": 20,
                "hold_width": 28,
                "personal_item_dimension_sum": 90,
                "personal_item_height": 30,
                "personal_item_length": 40,
                "personal_item_weight": 8,
                "personal_item_width": 20
            },
            "availability": {
                "seats": 3
            },
            "airlines": [
                "W4",
                "W6",
                "EW"
            ],
            "route": [
                {
                    "id": "0b7717884e4300008a679150_0",
                    "combination_id": "0b7717884e4300008a679150",
                    "flyFrom": "BUD",
                    "flyTo": "HAM",
                    "cityFrom": "Budapest",
                    "cityCodeFrom": "BUD",
                    "cityTo": "Hamburg",
                    "cityCodeTo": "HAM",
                    "local_departure": "2024-11-08T20:35:00.000Z",
                    "utc_departure": "2024-11-08T19:35:00.000Z",
                    "local_arrival": "2024-11-08T22:25:00.000Z",
                    "utc_arrival": "2024-11-08T21:25:00.000Z",
                    "airline": "EW",
                    "flight_no": 7781,
                    "operating_carrier": "EW",
                    "operating_flight_no": "7781",
                    "fare_basis": "",
                    "fare_category": "M",
                    "fare_classes": "",
                    "return": 0,
                    "bags_recheck_required": false,
                    "vi_connection": false,
                    "guarantee": false,
                    "equipment": null,
                    "vehicle_type": "aircraft"
                },
                {
                    "id": "178823334e4a0000e5ace595_0",
                    "combination_id": "178823334e4a0000e5ace595",
                    "flyFrom": "HAM",
                    "flyTo": "TIA",
                    "cityFrom": "Hamburg",
                    "cityCodeFrom": "HAM",
                    "cityTo": "Tirana",
                    "cityCodeTo": "TIA",
                    "local_departure": "2024-11-15T16:15:00.000Z",
                    "utc_departure": "2024-11-15T15:15:00.000Z",
                    "local_arrival": "2024-11-15T18:45:00.000Z",
                    "utc_arrival": "2024-11-15T17:45:00.000Z",
                    "airline": "W4",
                    "flight_no": 5108,
                    "operating_carrier": "",
                    "operating_flight_no": "",
                    "fare_basis": "",
                    "fare_category": "M",
                    "fare_classes": "",
                    "return": 1,
                    "bags_recheck_required": false,
                    "vi_connection": false,
                    "guarantee": false,
                    "equipment": null,
                    "vehicle_type": "aircraft"
                },
                {
                    "id": "23330b774e4a000028fe25f5_0",
                    "combination_id": "23330b774e4a000028fe25f5",
                    "flyFrom": "TIA",
                    "flyTo": "BUD",
                    "cityFrom": "Tirana",
                    "cityCodeFrom": "TIA",
                    "cityTo": "Budapest",
                    "cityCodeTo": "BUD",
                    "local_departure": "2024-11-15T21:35:00.000Z",
                    "utc_departure": "2024-11-15T20:35:00.000Z",
                    "local_arrival": "2024-11-15T23:10:00.000Z",
                    "utc_arrival": "2024-11-15T22:10:00.000Z",
                    "airline": "W6",
                    "flight_no": 2234,
                    "operating_carrier": "",
                    "operating_flight_no": "",
                    "fare_basis": "",
                    "fare_category": "M",
                    "fare_classes": "",
                    "return": 1,
                    "bags_recheck_required": true,
                    "vi_connection": true,
                    "guarantee": true,
                    "equipment": null,
                    "vehicle_type": "aircraft"
                }
            ],
            "booking_token": "HCOqEWw8PJnYDWzbb601UdxebTNZbWdlM-0Tluhle4iP9CFAbnpvMNE44EDc7NnNB68LMByZHL5ZAOzxZdbRjBSbxNEgBpT6GS1nlxn2oA9WveGBFfmZtpAdmqHndopRie8OnGg3Y8QdXGumHr-xq_MhjprWVUNLgBXLrTgaC8Eg-FabsJcATJUwDRMt7njJOUO2KptjlUKDvrYjayIbi1fwPU6iGEj38NuVdez-47NmCHY-xPplqiZqSftEuV3r5Lolq6acCErNfsy6Oas0h2veosP5W0BacgCeiHEhcZPz2sqzvlvUSOCMBxV8HQP5sNNjqHxxi_ftuyirBwGJDKPW1RLfbIno4GRJeEE_fODrIvuuMg9SPCbTojX_ATusBHXi9Rgkl9A9z57fINR-yVbkb3lc8k4q35rB7-C1IFVhwYgZfmabduwSJvsoHFPmE1WoDTw9WSWRslK_IlIyXP9QNZ5xz9tAzk11xtT79pw-XAzjdYDVWxqqzR9VgLbuXTMSvO6FA4HVOpktRBqmXUpyWwfYKfDTYTrhPkd89ygmrHRyUZSHVQxKT29e1wMkyDiG1hl7WgTLNutlRRBZ6YtKnJLUwVm6XCi1xo2ThXUDSo-KIXHfwWlOAwzkxF46VCYDgEoMC16Ineb3U2i6shYS5rGcHuFH0fS5-VquyTonZkmXh9UHpwMDkA9ZwGMPsUEdI-Ex0e4vgtDzXV-W2AUj0a9WfrMUtt74De2Z5Jnu7jLW7PW4K4u7IkD8gQrw20XdDgHDQfEg2LXa9NUXMoYolNWNfGvyWIyTihLknYdI=",
            "deep_link": "https://www.kiwi.com/deep?affilid=mihalytest&currency=EUR&flightsId=0b7717884e4300008a679150_0%7C178823334e4a0000e5ace595_0%7C23330b774e4a000028fe25f5_0&from=BUD&lang=en&passengers=1&to=HAM&booking_token=HCOqEWw8PJnYDWzbb601UdxebTNZbWdlM-0Tluhle4iP9CFAbnpvMNE44EDc7NnNB68LMByZHL5ZAOzxZdbRjBSbxNEgBpT6GS1nlxn2oA9WveGBFfmZtpAdmqHndopRie8OnGg3Y8QdXGumHr-xq_MhjprWVUNLgBXLrTgaC8Eg-FabsJcATJUwDRMt7njJOUO2KptjlUKDvrYjayIbi1fwPU6iGEj38NuVdez-47NmCHY-xPplqiZqSftEuV3r5Lolq6acCErNfsy6Oas0h2veosP5W0BacgCeiHEhcZPz2sqzvlvUSOCMBxV8HQP5sNNjqHxxi_ftuyirBwGJDKPW1RLfbIno4GRJeEE_fODrIvuuMg9SPCbTojX_ATusBHXi9Rgkl9A9z57fINR-yVbkb3lc8k4q35rB7-C1IFVhwYgZfmabduwSJvsoHFPmE1WoDTw9WSWRslK_IlIyXP9QNZ5xz9tAzk11xtT79pw-XAzjdYDVWxqqzR9VgLbuXTMSvO6FA4HVOpktRBqmXUpyWwfYKfDTYTrhPkd89ygmrHRyUZSHVQxKT29e1wMkyDiG1hl7WgTLNutlRRBZ6YtKnJLUwVm6XCi1xo2ThXUDSo-KIXHfwWlOAwzkxF46VCYDgEoMC16Ineb3U2i6shYS5rGcHuFH0fS5-VquyTonZkmXh9UHpwMDkA9ZwGMPsUEdI-Ex0e4vgtDzXV-W2AUj0a9WfrMUtt74De2Z5Jnu7jLW7PW4K4u7IkD8gQrw20XdDgHDQfEg2LXa9NUXMoYolNWNfGvyWIyTihLknYdI=",
            "facilitated_booking_available": false,
            "pnr_count": 3,
            "has_airport_change": false,
            "technical_stops": 0,
            "throw_away_ticketing": false,
            "hidden_city_ticketing": false,
            "virtual_interlining": true
        },
        {
            "id": "0b7717884e3f0000e7ee6f7c_0|0b7717884e3f0000e7ee6f7c_1|178823334e410000f3c03316_0|23330b774e4100003e92f376_0",
            "flyFrom": "BUD",
            "flyTo": "HAM",
            "cityFrom": "Budapest",
            "cityCodeFrom": "BUD",
            "cityTo": "Hamburg",
            "cityCodeTo": "HAM",
            "countryFrom": {
                "code": "HU",
                "name": "Hungary"
            },
            "countryTo": {
                "code": "DE",
                "name": "Germany"
            },
            "local_departure": "2024-11-04T15:15:00.000Z",
            "utc_departure": "2024-11-04T14:15:00.000Z",
            "local_arrival": "2024-11-04T19:45:00.000Z",
            "utc_arrival": "2024-11-04T18:45:00.000Z",
            "nightsInDest": 2,
            "quality": 259.333045,
            "distance": 949.98,
            "duration": {
                "departure": 16200,
                "return": 24900,
                "total": 41100
            },
            "price": 144,
            "conversion": {
                "EUR": 144
            },
            "fare": {
                "adults": 144,
                "children": 144,
                "infants": 144
            },
            "fare_locks": {
                "EUR": [
                    {
                        "default": false,
                        "duration": "P1D",
                        "itinerary_price_limit": 344,
                        "itinerary_price_remaining": 144,
                        "fare_lock_kind": "fee",
                        "price": 7.2,
                        "rule_instance_id": 26749,
                        "version": "v1"
                    },
                    {
                        "default": true,
                        "duration": "P3D",
                        "itinerary_price_limit": 344,
                        "itinerary_price_remaining": 144,
                        "fare_lock_kind": "fee",
                        "price": 14.4,
                        "rule_instance_id": 26748,
                        "version": "v1"
                    },
                    {
                        "default": false,
                        "duration": "P7D",
                        "itinerary_price_limit": 344,
                        "itinerary_price_remaining": 144,
                        "fare_lock_kind": "fee",
                        "price": 36,
                        "rule_instance_id": 26750,
                        "version": "v1"
                    }
                ]
            },
            "bags_price": {
                "1": 223.874
            },
            "baglimit": {
                "hand_dimensions_sum": 118,
                "hand_height": 40,
                "hand_length": 55,
                "hand_weight": 8,
                "hand_width": 23,
                "hold_dimensions_sum": 158,
                "hold_height": 52,
                "hold_length": 78,
                "hold_weight": 20,
                "hold_width": 28,
                "personal_item_dimension_sum": 80,
                "personal_item_height": 30,
                "personal_item_length": 40,
                "personal_item_weight": 4,
                "personal_item_width": 10
            },
            "availability": {
                "seats": 2
            },
            "airlines": [
                "JU",
                "W4",
                "W6"
            ],
            "route": [
                {
                    "id": "0b7717884e3f0000e7ee6f7c_0",
                    "combination_id": "0b7717884e3f0000e7ee6f7c",
                    "flyFrom": "BUD",
                    "flyTo": "BEG",
                    "cityFrom": "Budapest",
                    "cityCodeFrom": "BUD",
                    "cityTo": "Belgrade",
                    "cityCodeTo": "BEG",
                    "local_departure": "2024-11-04T15:15:00.000Z",
                    "utc_departure": "2024-11-04T14:15:00.000Z",
                    "local_arrival": "2024-11-04T16:20:00.000Z",
                    "utc_arrival": "2024-11-04T15:20:00.000Z",
                    "airline": "JU",
                    "flight_no": 143,
                    "operating_carrier": "JU",
                    "operating_flight_no": "143",
                    "fare_basis": "TNB14OHU",
                    "fare_category": "M",
                    "fare_classes": "T",
                    "return": 0,
                    "bags_recheck_required": false,
                    "vi_connection": false,
                    "guarantee": false,
                    "equipment": null,
                    "vehicle_type": "aircraft"
                },
                {
                    "id": "0b7717884e3f0000e7ee6f7c_1",
                    "combination_id": "0b7717884e3f0000e7ee6f7c",
                    "flyFrom": "BEG",
                    "flyTo": "HAM",
                    "cityFrom": "Belgrade",
                    "cityCodeFrom": "BEG",
                    "cityTo": "Hamburg",
                    "cityCodeTo": "HAM",
                    "local_departure": "2024-11-04T17:30:00.000Z",
                    "utc_departure": "2024-11-04T16:30:00.000Z",
                    "local_arrival": "2024-11-04T19:45:00.000Z",
                    "utc_arrival": "2024-11-04T18:45:00.000Z",
                    "airline": "JU",
                    "flight_no": 292,
                    "operating_carrier": "JU",
                    "operating_flight_no": "292",
                    "fare_basis": "TNB14OHU",
                    "fare_category": "M",
                    "fare_classes": "T",
                    "return": 0,
                    "bags_recheck_required": false,
                    "vi_connection": false,
                    "guarantee": false,
                    "equipment": null,
                    "vehicle_type": "aircraft"
                },
                {
                    "id": "178823334e410000f3c03316_0",
                    "combination_id": "178823334e410000f3c03316",
                    "flyFrom": "HAM",
                    "flyTo": "TIA",
                    "cityFrom": "Hamburg",
                    "cityCodeFrom": "HAM",
                    "cityTo": "Tirana",
                    "cityCodeTo": "TIA",
                    "local_departure": "2024-11-06T16:15:00.000Z",
                    "utc_departure": "2024-11-06T15:15:00.000Z",
                    "local_arrival": "2024-11-06T18:45:00.000Z",
                    "utc_arrival": "2024-11-06T17:45:00.000Z",
                    "airline": "W4",
                    "flight_no": 5108,
                    "operating_carrier": "",
                    "operating_flight_no": "",
                    "fare_basis": "",
                    "fare_category": "M",
                    "fare_classes": "",
                    "return": 1,
                    "bags_recheck_required": false,
                    "vi_connection": false,
                    "guarantee": false,
                    "equipment": null,
                    "vehicle_type": "aircraft"
                },
                {
                    "id": "23330b774e4100003e92f376_0",
                    "combination_id": "23330b774e4100003e92f376",
                    "flyFrom": "TIA",
                    "flyTo": "BUD",
                    "cityFrom": "Tirana",
                    "cityCodeFrom": "TIA",
                    "cityTo": "Budapest",
                    "cityCodeTo": "BUD",
                    "local_departure": "2024-11-06T21:35:00.000Z",
                    "utc_departure": "2024-11-06T20:35:00.000Z",
                    "local_arrival": "2024-11-06T23:10:00.000Z",
                    "utc_arrival": "2024-11-06T22:10:00.000Z",
                    "airline": "W6",
                    "flight_no": 2234,
                    "operating_carrier": "",
                    "operating_flight_no": "",
                    "fare_basis": "",
                    "fare_category": "M",
                    "fare_classes": "",
                    "return": 1,
                    "bags_recheck_required": true,
                    "vi_connection": true,
                    "guarantee": true,
                    "equipment": null,
                    "vehicle_type": "aircraft"
                }
            ],
            "booking_token": "HWZ7tjRrUtqlzfR-sBD_8IsTu2JFhqW20ibmOOkL8hRCiu9aKz7mTGaX2QHer-soVjR1DL5OnRzqkYmmpXGPxHH6TJoa2RW33XVPeapoGQdSFKMeBrN8QGvB3ODqG_Y2anWWu4oQLJbhfaGkIq4P7jhcu4UfjrhvFI3Ms4lB3hQv7aUV7kgJEMfEwfOnsMpSH19cow3S7kBtNLGRclp-C7pheiKWuFq3b5O7Vwj0XYh0Pci6lmxOYQgQ8Nu1-tz3ey7pRoo_mxmm1axvtftNEEcgBgu9oGn1mGzgqxR9aL_mzCHpni61hrXWIUQVjBgPqS6_0yWPf6hqJyR4_xVn4rL3dpksOd7_8GmM7Nl0wVozdxZD_5VDwW-QAQM49RT9qtBGr4Fpx72TvRjBWhBTfrZK5HPOSSgJ_TB5-mMpjQvg-ftWRATDXakCmbmSJiiMLAlD6z4_AkjYOSrSzqC3PsPzsX94jET5i1WU1L-Xq8BUD2TD-StwRE2ZKtmqRvBMJokIqiWtcwDQSAv1axgCDzyBZf5DYx3jdjB6V4uPrJ01ognMqsuCB5eZT91gfOtsYldawNy2CG7F1V_FBWItr57epArB2nmZytO_qaZ8_aK2r56SeiZiWe7UTwTUtiH_d1MVGol74MsmUI9MD2VtBLjP1QjhbhB1T-1l4u1hD_f54xbAI8UAfKIzTgymofxem17wWHK2hoA82q0mZoz0jb6nAamyPI4rs3RqyWVapo7mlFXght_5mv5oSP1m8rXXv9DxT13Mu9z3uz8XAP2cXKToQYB47KqLbDCrqjdVu3sEXtZ7SV_cUMEr2h9j2UwSunKP4J454AK2_NrEOdoDiqA==",
            "deep_link": "https://www.kiwi.com/deep?affilid=mihalytest&currency=EUR&flightsId=0b7717884e3f0000e7ee6f7c_0%7C0b7717884e3f0000e7ee6f7c_1%7C178823334e410000f3c03316_0%7C23330b774e4100003e92f376_0&from=BUD&lang=en&passengers=1&to=HAM&booking_token=HWZ7tjRrUtqlzfR-sBD_8IsTu2JFhqW20ibmOOkL8hRCiu9aKz7mTGaX2QHer-soVjR1DL5OnRzqkYmmpXGPxHH6TJoa2RW33XVPeapoGQdSFKMeBrN8QGvB3ODqG_Y2anWWu4oQLJbhfaGkIq4P7jhcu4UfjrhvFI3Ms4lB3hQv7aUV7kgJEMfEwfOnsMpSH19cow3S7kBtNLGRclp-C7pheiKWuFq3b5O7Vwj0XYh0Pci6lmxOYQgQ8Nu1-tz3ey7pRoo_mxmm1axvtftNEEcgBgu9oGn1mGzgqxR9aL_mzCHpni61hrXWIUQVjBgPqS6_0yWPf6hqJyR4_xVn4rL3dpksOd7_8GmM7Nl0wVozdxZD_5VDwW-QAQM49RT9qtBGr4Fpx72TvRjBWhBTfrZK5HPOSSgJ_TB5-mMpjQvg-ftWRATDXakCmbmSJiiMLAlD6z4_AkjYOSrSzqC3PsPzsX94jET5i1WU1L-Xq8BUD2TD-StwRE2ZKtmqRvBMJokIqiWtcwDQSAv1axgCDzyBZf5DYx3jdjB6V4uPrJ01ognMqsuCB5eZT91gfOtsYldawNy2CG7F1V_FBWItr57epArB2nmZytO_qaZ8_aK2r56SeiZiWe7UTwTUtiH_d1MVGol74MsmUI9MD2VtBLjP1QjhbhB1T-1l4u1hD_f54xbAI8UAfKIzTgymofxem17wWHK2hoA82q0mZoz0jb6nAamyPI4rs3RqyWVapo7mlFXght_5mv5oSP1m8rXXv9DxT13Mu9z3uz8XAP2cXKToQYB47KqLbDCrqjdVu3sEXtZ7SV_cUMEr2h9j2UwSunKP4J454AK2_NrEOdoDiqA==",
            "facilitated_booking_available": false,
            "pnr_count": 3,
            "has_airport_change": false,
            "technical_stops": 0,
            "throw_away_ticketing": false,
            "hidden_city_ticketing": false,
            "virtual_interlining": true
        },
        {
            "id": "0b7717884e4a00005703b3b2_0|178823334e4f0000c8b4ff44_0|23330b774e4f000005e63f24_0",
            "flyFrom": "BUD",
            "flyTo": "HAM",
            "cityFrom": "Budapest",
            "cityCodeFrom": "BUD",
            "cityTo": "Hamburg",
            "cityCodeTo": "HAM",
            "countryFrom": {
                "code": "HU",
                "name": "Hungary"
            },
            "countryTo": {
                "code": "DE",
                "name": "Germany"
            },
            "local_departure": "2024-11-15T20:35:00.000Z",
            "utc_departure": "2024-11-15T19:35:00.000Z",
            "local_arrival": "2024-11-15T22:25:00.000Z",
            "utc_arrival": "2024-11-15T21:25:00.000Z",
            "nightsInDest": 5,
            "quality": 238.999765,
            "distance": 949.98,
            "duration": {
                "departure": 6600,
                "return": 24900,
                "total": 31500
            },
            "price": 145,
            "conversion": {
                "EUR": 145
            },
            "fare": {
                "adults": 145,
                "children": 145,
                "infants": 145
            },
            "fare_locks": {
                "EUR": [
                    {
                        "default": false,
                        "duration": "P1D",
                        "itinerary_price_limit": 345,
                        "itinerary_price_remaining": 145,
                        "fare_lock_kind": "fee",
                        "price": 7.25,
                        "rule_instance_id": 26749,
                        "version": "v1"
                    },
                    {
                        "default": true,
                        "duration": "P3D",
                        "itinerary_price_limit": 345,
                        "itinerary_price_remaining": 145,
                        "fare_lock_kind": "fee",
                        "price": 14.5,
                        "rule_instance_id": 26748,
                        "version": "v1"
                    },
                    {
                        "default": false,
                        "duration": "P7D",
                        "itinerary_price_limit": 345,
                        "itinerary_price_remaining": 145,
                        "fare_lock_kind": "fee",
                        "price": 36.25,
                        "rule_instance_id": 26750,
                        "version": "v1"
                    }
                ]
            },
            "bags_price": {
                "1": 176.568,
                "2": 421.736
            },
            "baglimit": {
                "hand_dimensions_sum": 118,
                "hand_height": 40,
                "hand_length": 55,
                "hand_weight": 8,
                "hand_width": 23,
                "hold_dimensions_sum": 158,
                "hold_height": 52,
                "hold_length": 78,
                "hold_weight": 20,
                "hold_width": 28,
                "personal_item_dimension_sum": 90,
                "personal_item_height": 30,
                "personal_item_length": 40,
                "personal_item_weight": 8,
                "personal_item_width": 20
            },
            "availability": {
                "seats": 3
            },
            "airlines": [
                "W4",
                "W6",
                "EW"
            ],
            "route": [
                {
                    "id": "0b7717884e4a00005703b3b2_0",
                    "combination_id": "0b7717884e4a00005703b3b2",
                    "flyFrom": "BUD",
                    "flyTo": "HAM",
                    "cityFrom": "Budapest",
                    "cityCodeFrom": "BUD",
                    "cityTo": "Hamburg",
                    "cityCodeTo": "HAM",
                    "local_departure": "2024-11-15T20:35:00.000Z",
                    "utc_departure": "2024-11-15T19:35:00.000Z",
                    "local_arrival": "2024-11-15T22:25:00.000Z",
                    "utc_arrival": "2024-11-15T21:25:00.000Z",
                    "airline": "EW",
                    "flight_no": 7781,
                    "operating_carrier": "EW",
                    "operating_flight_no": "7781",
                    "fare_basis": "",
                    "fare_category": "M",
                    "fare_classes": "T",
                    "return": 0,
                    "bags_recheck_required": false,
                    "vi_connection": false,
                    "guarantee": false,
                    "equipment": null,
                    "vehicle_type": "aircraft"
                },
                {
                    "id": "178823334e4f0000c8b4ff44_0",
                    "combination_id": "178823334e4f0000c8b4ff44",
                    "flyFrom": "HAM",
                    "flyTo": "TIA",
                    "cityFrom": "Hamburg",
                    "cityCodeFrom": "HAM",
                    "cityTo": "Tirana",
                    "cityCodeTo": "TIA",
                    "local_departure": "2024-11-20T16:15:00.000Z",
                    "utc_departure": "2024-11-20T15:15:00.000Z",
                    "local_arrival": "2024-11-20T18:45:00.000Z",
                    "utc_arrival": "2024-11-20T17:45:00.000Z",
                    "airline": "W4",
                    "flight_no": 5108,
                    "operating_carrier": "",
                    "operating_flight_no": "",
                    "fare_basis": "",
                    "fare_category": "M",
                    "fare_classes": "",
                    "return": 1,
                    "bags_recheck_required": false,
                    "vi_connection": false,
                    "guarantee": false,
                    "equipment": null,
                    "vehicle_type": "aircraft"
                },
                {
                    "id": "23330b774e4f000005e63f24_0",
                    "combination_id": "23330b774e4f000005e63f24",
                    "flyFrom": "TIA",
                    "flyTo": "BUD",
                    "cityFrom": "Tirana",
                    "cityCodeFrom": "TIA",
                    "cityTo": "Budapest",
                    "cityCodeTo": "BUD",
                    "local_departure": "2024-11-20T21:35:00.000Z",
                    "utc_departure": "2024-11-20T20:35:00.000Z",
                    "local_arrival": "2024-11-20T23:10:00.000Z",
                    "utc_arrival": "2024-11-20T22:10:00.000Z",
                    "airline": "W6",
                    "flight_no": 2234,
                    "operating_carrier": "",
                    "operating_flight_no": "",
                    "fare_basis": "",
                    "fare_category": "M",
                    "fare_classes": "",
                    "return": 1,
                    "bags_recheck_required": true,
                    "vi_connection": true,
                    "guarantee": true,
                    "equipment": null,
                    "vehicle_type": "aircraft"
                }
            ],
            "booking_token": "H9fnn_ODO9-iOcsDZ5CHD-YppB1u9tOl3cxHkXFwTicqIc4O9g9hj-ABxevtJJhWiLmDWibqCNmSuoprk9vZjp8y9M3LGBDya-WVtucFl4suXUrsA8Lfqpgal6lAYtge0yqapaMPF3OjOGWQiiAd4IclXReRImP82CcrkDkQiYEtK4s47SS4UY5ZBpp5gKziTQ_p27XoeAxYS-HLnruRTuzYtkLVxBFiHafnNH21pB514vhYCfsrxydA4-BomMxN_K1NxJVCZJEfyttRqRI6qAoZT-JnqB_8JI6AycjfIFUMN4fEPknpLw-F9iHRvQBky7ooyEc7BCB0prufrYOk23BB5hrJxqvHqkqW3Rg-OCb-FnFQ2nJ3wnYOk1kIGlxdvgR5T6YsBuY3_8RTSz7tKZ8RFn1imxMJmAI9_MVwsY-arEMdpkW-phH-CxzU6HBTjj0wkA32OkO56r3uPt7pLbULedwD7ZAKadEikaHuroQGcnVyf8uikj3VDcAHm6z6R4xGb-vCm4zyvO0fzXI-jjHt3njuUQ5sNqFGin_iIW-1aCGI1E5Y3TxBQImL6lPeHf57AOUx6wQ1uJvdabA50iLlrsRXrPg5nTl25QkhmceO9I1Atz-JvEYHKwvq8cKTKemn5RTS_hQAFWMZYPcPaT78ojwl2dWMgnuvt8Kr1UXQmv-0aS4KuTHqfi1dkLIdemSkftphypdHSYG1uW3gcV3C-XY_9NVAIqsWOL6QFJVUFVse3YYlX246OSOZ0ZvoICtiTofOXxNShqBhdqc-NwYgpU3S8DPunCsdjjUIsitssL1_hfnG1JWNmKn4n6fw8",
            "deep_link": "https://www.kiwi.com/deep?affilid=mihalytest&currency=EUR&flightsId=0b7717884e4a00005703b3b2_0%7C178823334e4f0000c8b4ff44_0%7C23330b774e4f000005e63f24_0&from=BUD&lang=en&passengers=1&to=HAM&booking_token=H9fnn_ODO9-iOcsDZ5CHD-YppB1u9tOl3cxHkXFwTicqIc4O9g9hj-ABxevtJJhWiLmDWibqCNmSuoprk9vZjp8y9M3LGBDya-WVtucFl4suXUrsA8Lfqpgal6lAYtge0yqapaMPF3OjOGWQiiAd4IclXReRImP82CcrkDkQiYEtK4s47SS4UY5ZBpp5gKziTQ_p27XoeAxYS-HLnruRTuzYtkLVxBFiHafnNH21pB514vhYCfsrxydA4-BomMxN_K1NxJVCZJEfyttRqRI6qAoZT-JnqB_8JI6AycjfIFUMN4fEPknpLw-F9iHRvQBky7ooyEc7BCB0prufrYOk23BB5hrJxqvHqkqW3Rg-OCb-FnFQ2nJ3wnYOk1kIGlxdvgR5T6YsBuY3_8RTSz7tKZ8RFn1imxMJmAI9_MVwsY-arEMdpkW-phH-CxzU6HBTjj0wkA32OkO56r3uPt7pLbULedwD7ZAKadEikaHuroQGcnVyf8uikj3VDcAHm6z6R4xGb-vCm4zyvO0fzXI-jjHt3njuUQ5sNqFGin_iIW-1aCGI1E5Y3TxBQImL6lPeHf57AOUx6wQ1uJvdabA50iLlrsRXrPg5nTl25QkhmceO9I1Atz-JvEYHKwvq8cKTKemn5RTS_hQAFWMZYPcPaT78ojwl2dWMgnuvt8Kr1UXQmv-0aS4KuTHqfi1dkLIdemSkftphypdHSYG1uW3gcV3C-XY_9NVAIqsWOL6QFJVUFVse3YYlX246OSOZ0ZvoICtiTofOXxNShqBhdqc-NwYgpU3S8DPunCsdjjUIsitssL1_hfnG1JWNmKn4n6fw8",
            "facilitated_booking_available": false,
            "pnr_count": 3,
            "has_airport_change": false,
            "technical_stops": 0,
            "throw_away_ticketing": false,
            "hidden_city_ticketing": false,
            "virtual_interlining": true
        },
        {
            "id": "0b7717884e3500006a4d0bbb_0|178823334e3c00004be9a3b3_0|23330b774e3c000086bb63d3_0",
            "flyFrom": "BUD",
            "flyTo": "HAM",
            "cityFrom": "Budapest",
            "cityCodeFrom": "BUD",
            "cityTo": "Hamburg",
            "cityCodeTo": "HAM",
            "countryFrom": {
                "code": "HU",
                "name": "Hungary"
            },
            "countryTo": {
                "code": "DE",
                "name": "Germany"
            },
            "local_departure": "2024-10-25T20:45:00.000Z",
            "utc_departure": "2024-10-25T18:45:00.000Z",
            "local_arrival": "2024-10-25T22:30:00.000Z",
            "utc_arrival": "2024-10-25T20:30:00.000Z",
            "nightsInDest": 7,
            "quality": 239.3331,
            "distance": 949.98,
            "duration": {
                "departure": 6300,
                "return": 24900,
                "total": 31200
            },
            "price": 146,
            "conversion": {
                "EUR": 146
            },
            "fare": {
                "adults": 146,
                "children": 146,
                "infants": 146
            },
            "fare_locks": {
                "EUR": [
                    {
                        "default": false,
                        "duration": "P1D",
                        "itinerary_price_limit": 346,
                        "itinerary_price_remaining": 146,
                        "fare_lock_kind": "fee",
                        "price": 7.3,
                        "rule_instance_id": 26749,
                        "version": "v1"
                    },
                    {
                        "default": true,
                        "duration": "P3D",
                        "itinerary_price_limit": 346,
                        "itinerary_price_remaining": 146,
                        "fare_lock_kind": "fee",
                        "price": 14.6,
                        "rule_instance_id": 26748,
                        "version": "v1"
                    },
                    {
                        "default": false,
                        "duration": "P7D",
                        "itinerary_price_limit": 346,
                        "itinerary_price_remaining": 146,
                        "fare_lock_kind": "fee",
                        "price": 36.5,
                        "rule_instance_id": 26750,
                        "version": "v1"
                    }
                ]
            },
            "bags_price": {
                "1": 148.554,
                "2": 365.70799999999997
            },
            "baglimit": {
                "hand_dimensions_sum": 118,
                "hand_height": 40,
                "hand_length": 55,
                "hand_weight": 8,
                "hand_width": 23,
                "hold_dimensions_sum": 158,
                "hold_height": 52,
                "hold_length": 78,
                "hold_weight": 20,
                "hold_width": 28,
                "personal_item_dimension_sum": 90,
                "personal_item_height": 30,
                "personal_item_length": 40,
                "personal_item_weight": 8,
                "personal_item_width": 20
            },
            "availability": {
                "seats": 5
            },
            "airlines": [
                "EW",
                "W4",
                "W6"
            ],
            "route": [
                {
                    "id": "0b7717884e3500006a4d0bbb_0",
                    "combination_id": "0b7717884e3500006a4d0bbb",
                    "flyFrom": "BUD",
                    "flyTo": "HAM",
                    "cityFrom": "Budapest",
                    "cityCodeFrom": "BUD",
                    "cityTo": "Hamburg",
                    "cityCodeTo": "HAM",
                    "local_departure": "2024-10-25T20:45:00.000Z",
                    "utc_departure": "2024-10-25T18:45:00.000Z",
                    "local_arrival": "2024-10-25T22:30:00.000Z",
                    "utc_arrival": "2024-10-25T20:30:00.000Z",
                    "airline": "EW",
                    "flight_no": 7783,
                    "operating_carrier": "EW",
                    "operating_flight_no": "7783",
                    "fare_basis": "",
                    "fare_category": "M",
                    "fare_classes": "",
                    "return": 0,
                    "bags_recheck_required": false,
                    "vi_connection": false,
                    "guarantee": false,
                    "equipment": null,
                    "vehicle_type": "aircraft"
                },
                {
                    "id": "178823334e3c00004be9a3b3_0",
                    "combination_id": "178823334e3c00004be9a3b3",
                    "flyFrom": "HAM",
                    "flyTo": "TIA",
                    "cityFrom": "Hamburg",
                    "cityCodeFrom": "HAM",
                    "cityTo": "Tirana",
                    "cityCodeTo": "TIA",
                    "local_departure": "2024-11-01T16:15:00.000Z",
                    "utc_departure": "2024-11-01T15:15:00.000Z",
                    "local_arrival": "2024-11-01T18:45:00.000Z",
                    "utc_arrival": "2024-11-01T17:45:00.000Z",
                    "airline": "W4",
                    "flight_no": 5108,
                    "operating_carrier": "",
                    "operating_flight_no": "",
                    "fare_basis": "",
                    "fare_category": "M",
                    "fare_classes": "",
                    "return": 1,
                    "bags_recheck_required": false,
                    "vi_connection": false,
                    "guarantee": false,
                    "equipment": null,
                    "vehicle_type": "aircraft"
                },
                {
                    "id": "23330b774e3c000086bb63d3_0",
                    "combination_id": "23330b774e3c000086bb63d3",
                    "flyFrom": "TIA",
                    "flyTo": "BUD",
                    "cityFrom": "Tirana",
                    "cityCodeFrom": "TIA",
                    "cityTo": "Budapest",
                    "cityCodeTo": "BUD",
                    "local_departure": "2024-11-01T21:35:00.000Z",
                    "utc_departure": "2024-11-01T20:35:00.000Z",
                    "local_arrival": "2024-11-01T23:10:00.000Z",
                    "utc_arrival": "2024-11-01T22:10:00.000Z",
                    "airline": "W6",
                    "flight_no": 2234,
                    "operating_carrier": "",
                    "operating_flight_no": "",
                    "fare_basis": "",
                    "fare_category": "M",
                    "fare_classes": "",
                    "return": 1,
                    "bags_recheck_required": true,
                    "vi_connection": true,
                    "guarantee": true,
                    "equipment": null,
                    "vehicle_type": "aircraft"
                }
            ],
            "booking_token": "HCjfc2aL9lV-ZMhkryT7SOAkrOYW680rRB2NMYdY4--u8lKncaNBb3Lev9c9QuQCX-36qeXrADcgmdF0ZZRCT-TwK-1oMBUO2wRo76CqpaUs1qmGuLNWG4TH9nlezCgr1bQF5UALMTlHYxRWdeECKhDBxwBITIgFxwQpnv1lLTRhCDy4qHz9XrVopMYItgtVZtKQQNn7ABlIirS2_1BqBrOE_-7l9KtDBtzggiJNBCyJBBnQ1DumguxSN0lDOie9bBqd2BTsIkfUtVAbfUnRSEkJYLLKvOs8xUo0o9X37HEpslfKBOvZ6ktdUQKys8OASam_3sBtot4x3_w4h5w9mrnuyIixISJuma3763W5oRvxUKRSjHq2-2-dtX-ei4NIMKdP3yBDnJBCKDcfLKJWngl6QkSI_a_enLMTayorBqCDq40yhllDVMegNPCICGbK7XVMp19pqN8IY8OjbFyTUT53oQd9okD41Q3UwBRCxd0Kjwo5rdgoZvqIBKq6PR5tLFjO2YTk5FMt_LsPp0tNFQucLkVlnIOFvCmRF7WVOHZfaHq-VP-ItNTfZLU0lFHwMI1gOqSKCrY9OM_wiAT_6GNzOAG0f2pV64uKOChhksXBgb8AixQXD1J7lQesYbB69w-mSbyS_nZPlDSIie_Ffy85cfiqfwMarZ35Y07y3Y05rrHZKehKGde5ZSZLeTgWQhBv3LuYfX2Gz9LLOX2uYd1yIsDhqPll_BSbUDaEjPBZshJLxMRElsDEt1NAjqZrV7QGRQUes4ENv_OdPJ4h9yA==",
            "deep_link": "https://www.kiwi.com/deep?affilid=mihalytest&currency=EUR&flightsId=0b7717884e3500006a4d0bbb_0%7C178823334e3c00004be9a3b3_0%7C23330b774e3c000086bb63d3_0&from=BUD&lang=en&passengers=1&to=HAM&booking_token=HCjfc2aL9lV-ZMhkryT7SOAkrOYW680rRB2NMYdY4--u8lKncaNBb3Lev9c9QuQCX-36qeXrADcgmdF0ZZRCT-TwK-1oMBUO2wRo76CqpaUs1qmGuLNWG4TH9nlezCgr1bQF5UALMTlHYxRWdeECKhDBxwBITIgFxwQpnv1lLTRhCDy4qHz9XrVopMYItgtVZtKQQNn7ABlIirS2_1BqBrOE_-7l9KtDBtzggiJNBCyJBBnQ1DumguxSN0lDOie9bBqd2BTsIkfUtVAbfUnRSEkJYLLKvOs8xUo0o9X37HEpslfKBOvZ6ktdUQKys8OASam_3sBtot4x3_w4h5w9mrnuyIixISJuma3763W5oRvxUKRSjHq2-2-dtX-ei4NIMKdP3yBDnJBCKDcfLKJWngl6QkSI_a_enLMTayorBqCDq40yhllDVMegNPCICGbK7XVMp19pqN8IY8OjbFyTUT53oQd9okD41Q3UwBRCxd0Kjwo5rdgoZvqIBKq6PR5tLFjO2YTk5FMt_LsPp0tNFQucLkVlnIOFvCmRF7WVOHZfaHq-VP-ItNTfZLU0lFHwMI1gOqSKCrY9OM_wiAT_6GNzOAG0f2pV64uKOChhksXBgb8AixQXD1J7lQesYbB69w-mSbyS_nZPlDSIie_Ffy85cfiqfwMarZ35Y07y3Y05rrHZKehKGde5ZSZLeTgWQhBv3LuYfX2Gz9LLOX2uYd1yIsDhqPll_BSbUDaEjPBZshJLxMRElsDEt1NAjqZrV7QGRQUes4ENv_OdPJ4h9yA==",
            "facilitated_booking_available": false,
            "pnr_count": 3,
            "has_airport_change": false,
            "technical_stops": 0,
            "throw_away_ticketing": false,
            "hidden_city_ticketing": false,
            "virtual_interlining": true
        },
        {
            "id": "0b7717884e330000d6a0a9cb_0|178823334e380000e74a2412_0|23330b774e3800002a18e472_0",
            "flyFrom": "BUD",
            "flyTo": "HAM",
            "cityFrom": "Budapest",
            "cityCodeFrom": "BUD",
            "cityTo": "Hamburg",
            "cityCodeTo": "HAM",
            "countryFrom": {
                "code": "HU",
                "name": "Hungary"
            },
            "countryTo": {
                "code": "DE",
                "name": "Germany"
            },
            "local_departure": "2024-10-23T20:45:00.000Z",
            "utc_departure": "2024-10-23T18:45:00.000Z",
            "local_arrival": "2024-10-23T22:30:00.000Z",
            "utc_arrival": "2024-10-23T20:30:00.000Z",
            "nightsInDest": 5,
            "quality": 239.3331,
            "distance": 949.98,
            "duration": {
                "departure": 6300,
                "return": 24900,
                "total": 31200
            },
            "price": 146,
            "conversion": {
                "EUR": 146
            },
            "fare": {
                "adults": 146,
                "children": 146,
                "infants": 146
            },
            "fare_locks": {
                "EUR": [
                    {
                        "default": false,
                        "duration": "P1D",
                        "itinerary_price_limit": 346,
                        "itinerary_price_remaining": 146,
                        "fare_lock_kind": "fee",
                        "price": 7.3,
                        "rule_instance_id": 26749,
                        "version": "v1"
                    },
                    {
                        "default": true,
                        "duration": "P3D",
                        "itinerary_price_limit": 346,
                        "itinerary_price_remaining": 146,
                        "fare_lock_kind": "fee",
                        "price": 14.6,
                        "rule_instance_id": 26748,
                        "version": "v1"
                    },
                    {
                        "default": false,
                        "duration": "P7D",
                        "itinerary_price_limit": 346,
                        "itinerary_price_remaining": 146,
                        "fare_lock_kind": "fee",
                        "price": 36.5,
                        "rule_instance_id": 26750,
                        "version": "v1"
                    }
                ]
            },
            "bags_price": {
                "1": 191.702,
                "2": 452.004
            },
            "baglimit": {
                "hand_dimensions_sum": 118,
                "hand_height": 40,
                "hand_length": 55,
                "hand_weight": 8,
                "hand_width": 23,
                "hold_dimensions_sum": 158,
                "hold_height": 52,
                "hold_length": 78,
                "hold_weight": 20,
                "hold_width": 28,
                "personal_item_dimension_sum": 90,
                "personal_item_height": 30,
                "personal_item_length": 40,
                "personal_item_weight": 8,
                "personal_item_width": 20
            },
            "availability": {
                "seats": 6
            },
            "airlines": [
                "EW",
                "W4",
                "W6"
            ],
            "route": [
                {
                    "id": "0b7717884e330000d6a0a9cb_0",
                    "combination_id": "0b7717884e330000d6a0a9cb",
                    "flyFrom": "BUD",
                    "flyTo": "HAM",
                    "cityFrom": "Budapest",
                    "cityCodeFrom": "BUD",
                    "cityTo": "Hamburg",
                    "cityCodeTo": "HAM",
                    "local_departure": "2024-10-23T20:45:00.000Z",
                    "utc_departure": "2024-10-23T18:45:00.000Z",
                    "local_arrival": "2024-10-23T22:30:00.000Z",
                    "utc_arrival": "2024-10-23T20:30:00.000Z",
                    "airline": "EW",
                    "flight_no": 7783,
                    "operating_carrier": "EW",
                    "operating_flight_no": "7783",
                    "fare_basis": "",
                    "fare_category": "M",
                    "fare_classes": "",
                    "return": 0,
                    "bags_recheck_required": false,
                    "vi_connection": false,
                    "guarantee": false,
                    "equipment": null,
                    "vehicle_type": "aircraft"
                },
                {
                    "id": "178823334e380000e74a2412_0",
                    "combination_id": "178823334e380000e74a2412",
                    "flyFrom": "HAM",
                    "flyTo": "TIA",
                    "cityFrom": "Hamburg",
                    "cityCodeFrom": "HAM",
                    "cityTo": "Tirana",
                    "cityCodeTo": "TIA",
                    "local_departure": "2024-10-28T16:15:00.000Z",
                    "utc_departure": "2024-10-28T15:15:00.000Z",
                    "local_arrival": "2024-10-28T18:45:00.000Z",
                    "utc_arrival": "2024-10-28T17:45:00.000Z",
                    "airline": "W4",
                    "flight_no": 5108,
                    "operating_carrier": "",
                    "operating_flight_no": "",
                    "fare_basis": "",
                    "fare_category": "M",
                    "fare_classes": "",
                    "return": 1,
                    "bags_recheck_required": false,
                    "vi_connection": false,
                    "guarantee": false,
                    "equipment": null,
                    "vehicle_type": "aircraft"
                },
                {
                    "id": "23330b774e3800002a18e472_0",
                    "combination_id": "23330b774e3800002a18e472",
                    "flyFrom": "TIA",
                    "flyTo": "BUD",
                    "cityFrom": "Tirana",
                    "cityCodeFrom": "TIA",
                    "cityTo": "Budapest",
                    "cityCodeTo": "BUD",
                    "local_departure": "2024-10-28T21:35:00.000Z",
                    "utc_departure": "2024-10-28T20:35:00.000Z",
                    "local_arrival": "2024-10-28T23:10:00.000Z",
                    "utc_arrival": "2024-10-28T22:10:00.000Z",
                    "airline": "W6",
                    "flight_no": 2234,
                    "operating_carrier": "",
                    "operating_flight_no": "",
                    "fare_basis": "",
                    "fare_category": "M",
                    "fare_classes": "",
                    "return": 1,
                    "bags_recheck_required": true,
                    "vi_connection": true,
                    "guarantee": true,
                    "equipment": null,
                    "vehicle_type": "aircraft"
                }
            ],
            "booking_token": "HrGEKCLqGz_jfFXCdb4Ixr3SASMvqO8ASPc9L1MNDE16dT-Zs7K1a_NdWCgjxIAonaXBCUTIpcRfO-Ep19hesrFSnclGgDBwCSzs-11chgc_IeALOXYQ3SuEQjggKJ09-vZM2G3D-LsK7Z9SNRatYgBhSVwkW3A8HmYzQhAg3f89lzUaJPkKovrWHqixTd3gtWDOo8tP9Ak7kvC3Tpc_LfzjFd5Eq0J8ML5aQJr2XiyOUqcRdv49cPbo3seDVUzSi41w8yXDP96bXGPCKKivelj-L_h6Sf0AWoBTsgB-itr-vCjPW8OtRJzM6eo9gbYDsbq1vij0UZE660wTCPFSdlEOMyE1XtmF-onAJkhQ0xY3ye4rPgBkZQ8L2fpnyNYEJGjaU43vjIX4BmSW8P4kVOYaaybAvEpyWwAl1bLBQaXB8p_bDEiNNOvR-NkE1O6Plzei_Hpt0_nLKRYgYiQ2uQFCThtqqY3Dn-2b-s08cdKwa0kYKMpuXQ0Fj19TCEtLOHVcumTvP3i8T78j-caifKLgKfw_x5L7Vsw6b9D5dQDrKwbMalUdwSnvDU1OsVsZtQ06NdfpOCfDZnAm49oi9mEW03sqjDTIbUPATX5CnFRMuwWQQOfdT02Fca5jZ9LdiBYzKWIAVTdHbEdRo0ylj3AVQrFu97EYPVPypeGC-Ze7usYb-hD_yZeqATc8IaKb3t27IQfdX6TRqsjigFUc12uQ9jipBezTa00g27VfVSzr4JGam7z7BkFASz_QqSHCwzLGMMqPB97K-i6ldSU_9Wg==",
            "deep_link": "https://www.kiwi.com/deep?affilid=mihalytest&currency=EUR&flightsId=0b7717884e330000d6a0a9cb_0%7C178823334e380000e74a2412_0%7C23330b774e3800002a18e472_0&from=BUD&lang=en&passengers=1&to=HAM&booking_token=HrGEKCLqGz_jfFXCdb4Ixr3SASMvqO8ASPc9L1MNDE16dT-Zs7K1a_NdWCgjxIAonaXBCUTIpcRfO-Ep19hesrFSnclGgDBwCSzs-11chgc_IeALOXYQ3SuEQjggKJ09-vZM2G3D-LsK7Z9SNRatYgBhSVwkW3A8HmYzQhAg3f89lzUaJPkKovrWHqixTd3gtWDOo8tP9Ak7kvC3Tpc_LfzjFd5Eq0J8ML5aQJr2XiyOUqcRdv49cPbo3seDVUzSi41w8yXDP96bXGPCKKivelj-L_h6Sf0AWoBTsgB-itr-vCjPW8OtRJzM6eo9gbYDsbq1vij0UZE660wTCPFSdlEOMyE1XtmF-onAJkhQ0xY3ye4rPgBkZQ8L2fpnyNYEJGjaU43vjIX4BmSW8P4kVOYaaybAvEpyWwAl1bLBQaXB8p_bDEiNNOvR-NkE1O6Plzei_Hpt0_nLKRYgYiQ2uQFCThtqqY3Dn-2b-s08cdKwa0kYKMpuXQ0Fj19TCEtLOHVcumTvP3i8T78j-caifKLgKfw_x5L7Vsw6b9D5dQDrKwbMalUdwSnvDU1OsVsZtQ06NdfpOCfDZnAm49oi9mEW03sqjDTIbUPATX5CnFRMuwWQQOfdT02Fca5jZ9LdiBYzKWIAVTdHbEdRo0ylj3AVQrFu97EYPVPypeGC-Ze7usYb-hD_yZeqATc8IaKb3t27IQfdX6TRqsjigFUc12uQ9jipBezTa00g27VfVSzr4JGam7z7BkFASz_QqSHCwzLGMMqPB97K-i6ldSU_9Wg==",
            "facilitated_booking_available": false,
            "pnr_count": 3,
            "has_airport_change": false,
            "technical_stops": 0,
            "throw_away_ticketing": false,
            "hidden_city_ticketing": false,
            "virtual_interlining": true
        },
        {
            "id": "0b7717884e3500006a4d0bbb_0|178823334e380000e74a2412_0|23330b774e3800002a18e472_0",
            "flyFrom": "BUD",
            "flyTo": "HAM",
            "cityFrom": "Budapest",
            "cityCodeFrom": "BUD",
            "cityTo": "Hamburg",
            "cityCodeTo": "HAM",
            "countryFrom": {
                "code": "HU",
                "name": "Hungary"
            },
            "countryTo": {
                "code": "DE",
                "name": "Germany"
            },
            "local_departure": "2024-10-25T20:45:00.000Z",
            "utc_departure": "2024-10-25T18:45:00.000Z",
            "local_arrival": "2024-10-25T22:30:00.000Z",
            "utc_arrival": "2024-10-25T20:30:00.000Z",
            "nightsInDest": 3,
            "quality": 239.3331,
            "distance": 949.98,
            "duration": {
                "departure": 6300,
                "return": 24900,
                "total": 31200
            },
            "price": 146,
            "conversion": {
                "EUR": 146
            },
            "fare": {
                "adults": 146,
                "children": 146,
                "infants": 146
            },
            "fare_locks": {
                "EUR": [
                    {
                        "default": false,
                        "duration": "P1D",
                        "itinerary_price_limit": 346,
                        "itinerary_price_remaining": 146,
                        "fare_lock_kind": "fee",
                        "price": 7.3,
                        "rule_instance_id": 26749,
                        "version": "v1"
                    },
                    {
                        "default": true,
                        "duration": "P3D",
                        "itinerary_price_limit": 346,
                        "itinerary_price_remaining": 146,
                        "fare_lock_kind": "fee",
                        "price": 14.6,
                        "rule_instance_id": 26748,
                        "version": "v1"
                    },
                    {
                        "default": false,
                        "duration": "P7D",
                        "itinerary_price_limit": 346,
                        "itinerary_price_remaining": 146,
                        "fare_lock_kind": "fee",
                        "price": 36.5,
                        "rule_instance_id": 26750,
                        "version": "v1"
                    }
                ]
            },
            "bags_price": {
                "1": 191.702,
                "2": 452.004
            },
            "baglimit": {
                "hand_dimensions_sum": 118,
                "hand_height": 40,
                "hand_length": 55,
                "hand_weight": 8,
                "hand_width": 23,
                "hold_dimensions_sum": 158,
                "hold_height": 52,
                "hold_length": 78,
                "hold_weight": 20,
                "hold_width": 28,
                "personal_item_dimension_sum": 90,
                "personal_item_height": 30,
                "personal_item_length": 40,
                "personal_item_weight": 8,
                "personal_item_width": 20
            },
            "availability": {
                "seats": 6
            },
            "airlines": [
                "W6",
                "EW",
                "W4"
            ],
            "route": [
                {
                    "id": "0b7717884e3500006a4d0bbb_0",
                    "combination_id": "0b7717884e3500006a4d0bbb",
                    "flyFrom": "BUD",
                    "flyTo": "HAM",
                    "cityFrom": "Budapest",
                    "cityCodeFrom": "BUD",
                    "cityTo": "Hamburg",
                    "cityCodeTo": "HAM",
                    "local_departure": "2024-10-25T20:45:00.000Z",
                    "utc_departure": "2024-10-25T18:45:00.000Z",
                    "local_arrival": "2024-10-25T22:30:00.000Z",
                    "utc_arrival": "2024-10-25T20:30:00.000Z",
                    "airline": "EW",
                    "flight_no": 7783,
                    "operating_carrier": "EW",
                    "operating_flight_no": "7783",
                    "fare_basis": "",
                    "fare_category": "M",
                    "fare_classes": "",
                    "return": 0,
                    "bags_recheck_required": false,
                    "vi_connection": false,
                    "guarantee": false,
                    "equipment": null,
                    "vehicle_type": "aircraft"
                },
                {
                    "id": "178823334e380000e74a2412_0",
                    "combination_id": "178823334e380000e74a2412",
                    "flyFrom": "HAM",
                    "flyTo": "TIA",
                    "cityFrom": "Hamburg",
                    "cityCodeFrom": "HAM",
                    "cityTo": "Tirana",
                    "cityCodeTo": "TIA",
                    "local_departure": "2024-10-28T16:15:00.000Z",
                    "utc_departure": "2024-10-28T15:15:00.000Z",
                    "local_arrival": "2024-10-28T18:45:00.000Z",
                    "utc_arrival": "2024-10-28T17:45:00.000Z",
                    "airline": "W4",
                    "flight_no": 5108,
                    "operating_carrier": "",
                    "operating_flight_no": "",
                    "fare_basis": "",
                    "fare_category": "M",
                    "fare_classes": "",
                    "return": 1,
                    "bags_recheck_required": false,
                    "vi_connection": false,
                    "guarantee": false,
                    "equipment": null,
                    "vehicle_type": "aircraft"
                },
                {
                    "id": "23330b774e3800002a18e472_0",
                    "combination_id": "23330b774e3800002a18e472",
                    "flyFrom": "TIA",
                    "flyTo": "BUD",
                    "cityFrom": "Tirana",
                    "cityCodeFrom": "TIA",
                    "cityTo": "Budapest",
                    "cityCodeTo": "BUD",
                    "local_departure": "2024-10-28T21:35:00.000Z",
                    "utc_departure": "2024-10-28T20:35:00.000Z",
                    "local_arrival": "2024-10-28T23:10:00.000Z",
                    "utc_arrival": "2024-10-28T22:10:00.000Z",
                    "airline": "W6",
                    "flight_no": 2234,
                    "operating_carrier": "",
                    "operating_flight_no": "",
                    "fare_basis": "",
                    "fare_category": "M",
                    "fare_classes": "",
                    "return": 1,
                    "bags_recheck_required": true,
                    "vi_connection": true,
                    "guarantee": true,
                    "equipment": null,
                    "vehicle_type": "aircraft"
                }
            ],
            "booking_token": "Hl_vZk4CqtSxfjHfwT5ew6h2o2IEIbNgWIOWFWjZKEoXgvyPeTELo0--XWPZnTRHkrXeV9fYFU6ASW9z7ZY3Ko8O0tzUGk-bPdtNRCjpq6VNcuQJcSxPL9Hqv8uX5tJJLBzMtBBBebWQMJBa7nBVC9ZMrwqEnigX0vUPT1AquFkCm0IazUSSZmXAgEfxxLpf69k_jFdlKmisy-Kt1lyJOgifh626on79B_yOmip2mKBx0aRgPOJY7rNjn04B2fT7cZiHCimsRfO4aj3vmFfL1c7keyg4SgQCNj663ZohzIyXRGcYtaKbrDT-msyqUPO_bLvkqwkJjpWRApqtBp73yHKBYXgIZXm3wqY42u7BJtqOcirIvjF3oOsDG4AJ4Y-PZfVj4S76I3713KezMGChPZ1yB2iz3sgN5zoAOckUQSnrKEI1bSrFXuBzGULNK1uKazSnl1dmm_OECeXflx7-Q0Dp-bTo3Dlm0o561ypgnywvIlFzLyLGuJQLfJ-wEkZ71wVJ02Aq8-y73T6I5XOaJBfaYGhb_ifIZjDoB3H7-jtAiyvNxF2OHFF9I_My9f-PxTqCt8tR6ascrpC3glrhWkGEUvOrmFffCh7MUiLdpxGzF9nHik-peEDT7NzjNUmzVnOrCaUvwvmHonMs7PmVchIjILrd-O_Njn-oFWlFrCRKXSbzGCpODKw614mYmRNDeGFVvDqm9QyasTx72GE_TB1ltTPWi7zDQErxvw8VcaZ4RY3ZTH4GfSDhufXdR1jOFIbkWWjIlXb0oPsxLkz_fww==",
            "deep_link": "https://www.kiwi.com/deep?affilid=mihalytest&currency=EUR&flightsId=0b7717884e3500006a4d0bbb_0%7C178823334e380000e74a2412_0%7C23330b774e3800002a18e472_0&from=BUD&lang=en&passengers=1&to=HAM&booking_token=Hl_vZk4CqtSxfjHfwT5ew6h2o2IEIbNgWIOWFWjZKEoXgvyPeTELo0--XWPZnTRHkrXeV9fYFU6ASW9z7ZY3Ko8O0tzUGk-bPdtNRCjpq6VNcuQJcSxPL9Hqv8uX5tJJLBzMtBBBebWQMJBa7nBVC9ZMrwqEnigX0vUPT1AquFkCm0IazUSSZmXAgEfxxLpf69k_jFdlKmisy-Kt1lyJOgifh626on79B_yOmip2mKBx0aRgPOJY7rNjn04B2fT7cZiHCimsRfO4aj3vmFfL1c7keyg4SgQCNj663ZohzIyXRGcYtaKbrDT-msyqUPO_bLvkqwkJjpWRApqtBp73yHKBYXgIZXm3wqY42u7BJtqOcirIvjF3oOsDG4AJ4Y-PZfVj4S76I3713KezMGChPZ1yB2iz3sgN5zoAOckUQSnrKEI1bSrFXuBzGULNK1uKazSnl1dmm_OECeXflx7-Q0Dp-bTo3Dlm0o561ypgnywvIlFzLyLGuJQLfJ-wEkZ71wVJ02Aq8-y73T6I5XOaJBfaYGhb_ifIZjDoB3H7-jtAiyvNxF2OHFF9I_My9f-PxTqCt8tR6ascrpC3glrhWkGEUvOrmFffCh7MUiLdpxGzF9nHik-peEDT7NzjNUmzVnOrCaUvwvmHonMs7PmVchIjILrd-O_Njn-oFWlFrCRKXSbzGCpODKw614mYmRNDeGFVvDqm9QyasTx72GE_TB1ltTPWi7zDQErxvw8VcaZ4RY3ZTH4GfSDhufXdR1jOFIbkWWjIlXb0oPsxLkz_fww==",
            "facilitated_booking_available": false,
            "pnr_count": 3,
            "has_airport_change": false,
            "technical_stops": 0,
            "throw_away_ticketing": false,
            "hidden_city_ticketing": false,
            "virtual_interlining": true
        },
        {
            "id": "0b7717884e510000e859f511_0|178823334e58000078296212_0|23330b774e580000b57ba272_0",
            "flyFrom": "BUD",
            "flyTo": "HAM",
            "cityFrom": "Budapest",
            "cityCodeFrom": "BUD",
            "cityTo": "Hamburg",
            "cityCodeTo": "HAM",
            "countryFrom": {
                "code": "HU",
                "name": "Hungary"
            },
            "countryTo": {
                "code": "DE",
                "name": "Germany"
            },
            "local_departure": "2024-11-22T20:35:00.000Z",
            "utc_departure": "2024-11-22T19:35:00.000Z",
            "local_arrival": "2024-11-22T22:25:00.000Z",
            "utc_arrival": "2024-11-22T21:25:00.000Z",
            "nightsInDest": 7,
            "quality": 239.999765,
            "distance": 949.98,
            "duration": {
                "departure": 6600,
                "return": 24900,
                "total": 31500
            },
            "price": 146,
            "conversion": {
                "EUR": 146
            },
            "fare": {
                "adults": 146,
                "children": 146,
                "infants": 146
            },
            "fare_locks": {
                "EUR": [
                    {
                        "default": false,
                        "duration": "P1D",
                        "itinerary_price_limit": 346,
                        "itinerary_price_remaining": 146,
                        "fare_lock_kind": "fee",
                        "price": 7.3,
                        "rule_instance_id": 26749,
                        "version": "v1"
                    },
                    {
                        "default": true,
                        "duration": "P3D",
                        "itinerary_price_limit": 346,
                        "itinerary_price_remaining": 146,
                        "fare_lock_kind": "fee",
                        "price": 14.6,
                        "rule_instance_id": 26748,
                        "version": "v1"
                    },
                    {
                        "default": false,
                        "duration": "P7D",
                        "itinerary_price_limit": 346,
                        "itinerary_price_remaining": 146,
                        "fare_lock_kind": "fee",
                        "price": 36.5,
                        "rule_instance_id": 26750,
                        "version": "v1"
                    }
                ]
            },
            "bags_price": {
                "1": 183.274,
                "2": 435.148
            },
            "baglimit": {
                "hand_dimensions_sum": 118,
                "hand_height": 40,
                "hand_length": 55,
                "hand_weight": 8,
                "hand_width": 23,
                "hold_dimensions_sum": 158,
                "hold_height": 52,
                "hold_length": 78,
                "hold_weight": 20,
                "hold_width": 28,
                "personal_item_dimension_sum": 90,
                "personal_item_height": 30,
                "personal_item_length": 40,
                "personal_item_weight": 8,
                "personal_item_width": 20
            },
            "availability": {
                "seats": 6
            },
            "airlines": [
                "EW",
                "W4",
                "W6"
            ],
            "route": [
                {
                    "id": "0b7717884e510000e859f511_0",
                    "combination_id": "0b7717884e510000e859f511",
                    "flyFrom": "BUD",
                    "flyTo": "HAM",
                    "cityFrom": "Budapest",
                    "cityCodeFrom": "BUD",
                    "cityTo": "Hamburg",
                    "cityCodeTo": "HAM",
                    "local_departure": "2024-11-22T20:35:00.000Z",
                    "utc_departure": "2024-11-22T19:35:00.000Z",
                    "local_arrival": "2024-11-22T22:25:00.000Z",
                    "utc_arrival": "2024-11-22T21:25:00.000Z",
                    "airline": "EW",
                    "flight_no": 7781,
                    "operating_carrier": "EW",
                    "operating_flight_no": "7781",
                    "fare_basis": "",
                    "fare_category": "M",
                    "fare_classes": "",
                    "return": 0,
                    "bags_recheck_required": false,
                    "vi_connection": false,
                    "guarantee": false,
                    "equipment": null,
                    "vehicle_type": "aircraft"
                },
                {
                    "id": "178823334e58000078296212_0",
                    "combination_id": "178823334e58000078296212",
                    "flyFrom": "HAM",
                    "flyTo": "TIA",
                    "cityFrom": "Hamburg",
                    "cityCodeFrom": "HAM",
                    "cityTo": "Tirana",
                    "cityCodeTo": "TIA",
                    "local_departure": "2024-11-29T16:15:00.000Z",
                    "utc_departure": "2024-11-29T15:15:00.000Z",
                    "local_arrival": "2024-11-29T18:45:00.000Z",
                    "utc_arrival": "2024-11-29T17:45:00.000Z",
                    "airline": "W4",
                    "flight_no": 5108,
                    "operating_carrier": "",
                    "operating_flight_no": "",
                    "fare_basis": "",
                    "fare_category": "M",
                    "fare_classes": "",
                    "return": 1,
                    "bags_recheck_required": false,
                    "vi_connection": false,
                    "guarantee": false,
                    "equipment": null,
                    "vehicle_type": "aircraft"
                },
                {
                    "id": "23330b774e580000b57ba272_0",
                    "combination_id": "23330b774e580000b57ba272",
                    "flyFrom": "TIA",
                    "flyTo": "BUD",
                    "cityFrom": "Tirana",
                    "cityCodeFrom": "TIA",
                    "cityTo": "Budapest",
                    "cityCodeTo": "BUD",
                    "local_departure": "2024-11-29T21:35:00.000Z",
                    "utc_departure": "2024-11-29T20:35:00.000Z",
                    "local_arrival": "2024-11-29T23:10:00.000Z",
                    "utc_arrival": "2024-11-29T22:10:00.000Z",
                    "airline": "W6",
                    "flight_no": 2234,
                    "operating_carrier": "",
                    "operating_flight_no": "",
                    "fare_basis": "",
                    "fare_category": "M",
                    "fare_classes": "",
                    "return": 1,
                    "bags_recheck_required": true,
                    "vi_connection": true,
                    "guarantee": true,
                    "equipment": null,
                    "vehicle_type": "aircraft"
                }
            ],
            "booking_token": "HfZdcKFTD0Ijr6Ax-lpZCQWfdcFcXsarVEjtpZInaB3Gbcezicq7lXT95ui6wOTcobQxKS6wcGXXGylXMWOuAxTBTW4ZwDsV-zI3vB6Z5qhPHHkNZlefJEnCTKpociY6riirTmPvRRIANjkCYUx5khXyBkOP5IYuo-l5ECn9SweZxDQf3MiOtziAtlM6ULAIASfiU9oXOmsBq58CSjUOt6ZFnTCLlt4geviGk-z2pISOfrgmDufOgBkWrXpf2HLHSk2B2BtZkJ2Wn-TmT__-6FNJaG1q5Ll2jV5kFDTwpojox-MJ3HV7_mu3ENSsh1zurFk6aiJMkf4RPlopcF8TUH7MiMhMYaC8ANyOlkRIQ1n4l_LdhGFeooM2yfKa9dwd-Hi9tkCDOFH3mAkyIcHRTOptAvlzu8hiMLDlEYYQ0Q_vose5aMGBWYSmJDzYbHjA3_nKOd0UFkK9rz8lM8QZ7KZA8SgtTPFR31HUiMbSoAlH6-_-6SqB-6K2bMhb4ENE01NaGc6AbQJHAe_dRfVCnKydSgtUcWv6PQz8Fcjwq_4T6K6Mw25ZtuENvmPwTLJAA1O7PsN00XhQIRasLmASdi37aGe_vM3chyOSg-2t6xBIgpaXQvcb707tx3I0OfVrzkA19Bc8lqrAdfGdgtELV-562z2H0FXcN7Uq_A9QYKwCPV6tAK0Y-isrTVKEYI0dAOTj8p-FDfDAKtKh4fomNg92ElAyrTYZEJZO_m-4_XHp43HDPBkEcuR2uzTOf5fE6cfIlIBdp7NaumivgdIifzA==",
            "deep_link": "https://www.kiwi.com/deep?affilid=mihalytest&currency=EUR&flightsId=0b7717884e510000e859f511_0%7C178823334e58000078296212_0%7C23330b774e580000b57ba272_0&from=BUD&lang=en&passengers=1&to=HAM&booking_token=HfZdcKFTD0Ijr6Ax-lpZCQWfdcFcXsarVEjtpZInaB3Gbcezicq7lXT95ui6wOTcobQxKS6wcGXXGylXMWOuAxTBTW4ZwDsV-zI3vB6Z5qhPHHkNZlefJEnCTKpociY6riirTmPvRRIANjkCYUx5khXyBkOP5IYuo-l5ECn9SweZxDQf3MiOtziAtlM6ULAIASfiU9oXOmsBq58CSjUOt6ZFnTCLlt4geviGk-z2pISOfrgmDufOgBkWrXpf2HLHSk2B2BtZkJ2Wn-TmT__-6FNJaG1q5Ll2jV5kFDTwpojox-MJ3HV7_mu3ENSsh1zurFk6aiJMkf4RPlopcF8TUH7MiMhMYaC8ANyOlkRIQ1n4l_LdhGFeooM2yfKa9dwd-Hi9tkCDOFH3mAkyIcHRTOptAvlzu8hiMLDlEYYQ0Q_vose5aMGBWYSmJDzYbHjA3_nKOd0UFkK9rz8lM8QZ7KZA8SgtTPFR31HUiMbSoAlH6-_-6SqB-6K2bMhb4ENE01NaGc6AbQJHAe_dRfVCnKydSgtUcWv6PQz8Fcjwq_4T6K6Mw25ZtuENvmPwTLJAA1O7PsN00XhQIRasLmASdi37aGe_vM3chyOSg-2t6xBIgpaXQvcb707tx3I0OfVrzkA19Bc8lqrAdfGdgtELV-562z2H0FXcN7Uq_A9QYKwCPV6tAK0Y-isrTVKEYI0dAOTj8p-FDfDAKtKh4fomNg92ElAyrTYZEJZO_m-4_XHp43HDPBkEcuR2uzTOf5fE6cfIlIBdp7NaumivgdIifzA==",
            "facilitated_booking_available": false,
            "pnr_count": 3,
            "has_airport_change": false,
            "technical_stops": 0,
            "throw_away_ticketing": false,
            "hidden_city_ticketing": false,
            "virtual_interlining": true
        },
        {
            "id": "0b7717884e510000e859f511_0|178823334e5600007f1c627a_0|23330b774e560000b24ea21a_0",
            "flyFrom": "BUD",
            "flyTo": "HAM",
            "cityFrom": "Budapest",
            "cityCodeFrom": "BUD",
            "cityTo": "Hamburg",
            "cityCodeTo": "HAM",
            "countryFrom": {
                "code": "HU",
                "name": "Hungary"
            },
            "countryTo": {
                "code": "DE",
                "name": "Germany"
            },
            "local_departure": "2024-11-22T20:35:00.000Z",
            "utc_departure": "2024-11-22T19:35:00.000Z",
            "local_arrival": "2024-11-22T22:25:00.000Z",
            "utc_arrival": "2024-11-22T21:25:00.000Z",
            "nightsInDest": 5,
            "quality": 239.999765,
            "distance": 949.98,
            "duration": {
                "departure": 6600,
                "return": 24900,
                "total": 31500
            },
            "price": 146,
            "conversion": {
                "EUR": 146
            },
            "fare": {
                "adults": 146,
                "children": 146,
                "infants": 146
            },
            "fare_locks": {
                "EUR": [
                    {
                        "default": false,
                        "duration": "P1D",
                        "itinerary_price_limit": 346,
                        "itinerary_price_remaining": 146,
                        "fare_lock_kind": "fee",
                        "price": 7.3,
                        "rule_instance_id": 26749,
                        "version": "v1"
                    },
                    {
                        "default": true,
                        "duration": "P3D",
                        "itinerary_price_limit": 346,
                        "itinerary_price_remaining": 146,
                        "fare_lock_kind": "fee",
                        "price": 14.6,
                        "rule_instance_id": 26748,
                        "version": "v1"
                    },
                    {
                        "default": false,
                        "duration": "P7D",
                        "itinerary_price_limit": 346,
                        "itinerary_price_remaining": 146,
                        "fare_lock_kind": "fee",
                        "price": 36.5,
                        "rule_instance_id": 26750,
                        "version": "v1"
                    }
                ]
            },
            "bags_price": {
                "1": 183.274,
                "2": 435.148
            },
            "baglimit": {
                "hand_dimensions_sum": 118,
                "hand_height": 40,
                "hand_length": 55,
                "hand_weight": 8,
                "hand_width": 23,
                "hold_dimensions_sum": 158,
                "hold_height": 52,
                "hold_length": 78,
                "hold_weight": 20,
                "hold_width": 28,
                "personal_item_dimension_sum": 90,
                "personal_item_height": 30,
                "personal_item_length": 40,
                "personal_item_weight": 8,
                "personal_item_width": 20
            },
            "availability": {
                "seats": 4
            },
            "airlines": [
                "EW",
                "W4",
                "W6"
            ],
            "route": [
                {
                    "id": "0b7717884e510000e859f511_0",
                    "combination_id": "0b7717884e510000e859f511",
                    "flyFrom": "BUD",
                    "flyTo": "HAM",
                    "cityFrom": "Budapest",
                    "cityCodeFrom": "BUD",
                    "cityTo": "Hamburg",
                    "cityCodeTo": "HAM",
                    "local_departure": "2024-11-22T20:35:00.000Z",
                    "utc_departure": "2024-11-22T19:35:00.000Z",
                    "local_arrival": "2024-11-22T22:25:00.000Z",
                    "utc_arrival": "2024-11-22T21:25:00.000Z",
                    "airline": "EW",
                    "flight_no": 7781,
                    "operating_carrier": "EW",
                    "operating_flight_no": "7781",
                    "fare_basis": "",
                    "fare_category": "M",
                    "fare_classes": "",
                    "return": 0,
                    "bags_recheck_required": false,
                    "vi_connection": false,
                    "guarantee": false,
                    "equipment": null,
                    "vehicle_type": "aircraft"
                },
                {
                    "id": "178823334e5600007f1c627a_0",
                    "combination_id": "178823334e5600007f1c627a",
                    "flyFrom": "HAM",
                    "flyTo": "TIA",
                    "cityFrom": "Hamburg",
                    "cityCodeFrom": "HAM",
                    "cityTo": "Tirana",
                    "cityCodeTo": "TIA",
                    "local_departure": "2024-11-27T16:15:00.000Z",
                    "utc_departure": "2024-11-27T15:15:00.000Z",
                    "local_arrival": "2024-11-27T18:45:00.000Z",
                    "utc_arrival": "2024-11-27T17:45:00.000Z",
                    "airline": "W4",
                    "flight_no": 5108,
                    "operating_carrier": "",
                    "operating_flight_no": "",
                    "fare_basis": "",
                    "fare_category": "M",
                    "fare_classes": "",
                    "return": 1,
                    "bags_recheck_required": false,
                    "vi_connection": false,
                    "guarantee": false,
                    "equipment": null,
                    "vehicle_type": "aircraft"
                },
                {
                    "id": "23330b774e560000b24ea21a_0",
                    "combination_id": "23330b774e560000b24ea21a",
                    "flyFrom": "TIA",
                    "flyTo": "BUD",
                    "cityFrom": "Tirana",
                    "cityCodeFrom": "TIA",
                    "cityTo": "Budapest",
                    "cityCodeTo": "BUD",
                    "local_departure": "2024-11-27T21:35:00.000Z",
                    "utc_departure": "2024-11-27T20:35:00.000Z",
                    "local_arrival": "2024-11-27T23:10:00.000Z",
                    "utc_arrival": "2024-11-27T22:10:00.000Z",
                    "airline": "W6",
                    "flight_no": 2234,
                    "operating_carrier": "",
                    "operating_flight_no": "",
                    "fare_basis": "",
                    "fare_category": "M",
                    "fare_classes": "",
                    "return": 1,
                    "bags_recheck_required": true,
                    "vi_connection": true,
                    "guarantee": true,
                    "equipment": null,
                    "vehicle_type": "aircraft"
                }
            ],
            "booking_token": "H8dKEZdPjV1u7zQYe2L4Mi5Cr4O336AbvC9o4pAW-t_LHaxrsLXjIvVF5NxKZ0XjDf6GPD5T-oNqVM82ulvKwPMVVcqflA_X9Wvkx3yLvXhwem4HFcxn-p6JI0Kq4Wrvi-IvHuWIf3-b30jmmqye8W9-59AGdJsqz9L3EzogK5MzNqP2Pzu2sk23ChGePyHbHS0FV8B4xJLgLO_DVK_Tr5_NuDmf87dRP0swnqUYtAt7lBbkt9enHE8ObqbDaUL-Q5QlkTKAZ-a8Ue-53qePxSiet_rIZWP3v1VOs6T0Ubpk-O4OU8VRqX3tmMDMVSjXD_oHdMuVeBGw3jMDLh41PwLXfdqiODT3FgEATZHEq_1SPZmow0ly3vRdKz7yCe5bmSTuTGzS1eaIlFKECgmFGWFpSy4TpdHW4VkEzCpWYiO3QyneoYhXdQIBoRheXqb3dUkmDHxHvlQdhaWB8mWsrGbu0M4CEvtkGuwYzo8ieLWc-oXSAzcTpoPc6WhcM0lK9-nssY3TtRI5fvDoETqXvyRgIy1GnQz9OlUscatI8DzyWnL_j7PCecidpvNtr_DTEcVNtq1PUcQZGjRV527BgYJe7sxjo86fqCOuFDnqAA_0oF8p5tKXUMbLV0MHzYeTzaN9kd6j-ooyZcF_yMXwwbOkquaQbdnX6cuw1jUsZGCl9IZXpKbOitZLuJOssHnusQyL8_3diviz3XWq993Ba57oEpTNq-rvx4Sum8-_OOzrqJnZkFe-Ne5lE6HeWA_XzaF8iq40_jGdE1tdAqJtBLA==",
            "deep_link": "https://www.kiwi.com/deep?affilid=mihalytest&currency=EUR&flightsId=0b7717884e510000e859f511_0%7C178823334e5600007f1c627a_0%7C23330b774e560000b24ea21a_0&from=BUD&lang=en&passengers=1&to=HAM&booking_token=H8dKEZdPjV1u7zQYe2L4Mi5Cr4O336AbvC9o4pAW-t_LHaxrsLXjIvVF5NxKZ0XjDf6GPD5T-oNqVM82ulvKwPMVVcqflA_X9Wvkx3yLvXhwem4HFcxn-p6JI0Kq4Wrvi-IvHuWIf3-b30jmmqye8W9-59AGdJsqz9L3EzogK5MzNqP2Pzu2sk23ChGePyHbHS0FV8B4xJLgLO_DVK_Tr5_NuDmf87dRP0swnqUYtAt7lBbkt9enHE8ObqbDaUL-Q5QlkTKAZ-a8Ue-53qePxSiet_rIZWP3v1VOs6T0Ubpk-O4OU8VRqX3tmMDMVSjXD_oHdMuVeBGw3jMDLh41PwLXfdqiODT3FgEATZHEq_1SPZmow0ly3vRdKz7yCe5bmSTuTGzS1eaIlFKECgmFGWFpSy4TpdHW4VkEzCpWYiO3QyneoYhXdQIBoRheXqb3dUkmDHxHvlQdhaWB8mWsrGbu0M4CEvtkGuwYzo8ieLWc-oXSAzcTpoPc6WhcM0lK9-nssY3TtRI5fvDoETqXvyRgIy1GnQz9OlUscatI8DzyWnL_j7PCecidpvNtr_DTEcVNtq1PUcQZGjRV527BgYJe7sxjo86fqCOuFDnqAA_0oF8p5tKXUMbLV0MHzYeTzaN9kd6j-ooyZcF_yMXwwbOkquaQbdnX6cuw1jUsZGCl9IZXpKbOitZLuJOssHnusQyL8_3diviz3XWq993Ba57oEpTNq-rvx4Sum8-_OOzrqJnZkFe-Ne5lE6HeWA_XzaF8iq40_jGdE1tdAqJtBLA==",
            "facilitated_booking_available": false,
            "pnr_count": 3,
            "has_airport_change": false,
            "technical_stops": 0,
            "throw_away_ticketing": false,
            "hidden_city_ticketing": false,
            "virtual_interlining": true
        },
        {
            "id": "0b7717884e510000e859f511_0|178823334e540000a790ffcd_0|23330b774e5400006ac23fad_0",
            "flyFrom": "BUD",
            "flyTo": "HAM",
            "cityFrom": "Budapest",
            "cityCodeFrom": "BUD",
            "cityTo": "Hamburg",
            "cityCodeTo": "HAM",
            "countryFrom": {
                "code": "HU",
                "name": "Hungary"
            },
            "countryTo": {
                "code": "DE",
                "name": "Germany"
            },
            "local_departure": "2024-11-22T20:35:00.000Z",
            "utc_departure": "2024-11-22T19:35:00.000Z",
            "local_arrival": "2024-11-22T22:25:00.000Z",
            "utc_arrival": "2024-11-22T21:25:00.000Z",
            "nightsInDest": 3,
            "quality": 239.999765,
            "distance": 949.98,
            "duration": {
                "departure": 6600,
                "return": 24900,
                "total": 31500
            },
            "price": 146,
            "conversion": {
                "EUR": 146
            },
            "fare": {
                "adults": 146,
                "children": 146,
                "infants": 146
            },
            "fare_locks": {
                "EUR": [
                    {
                        "default": false,
                        "duration": "P1D",
                        "itinerary_price_limit": 346,
                        "itinerary_price_remaining": 146,
                        "fare_lock_kind": "fee",
                        "price": 7.3,
                        "rule_instance_id": 26749,
                        "version": "v1"
                    },
                    {
                        "default": true,
                        "duration": "P3D",
                        "itinerary_price_limit": 346,
                        "itinerary_price_remaining": 146,
                        "fare_lock_kind": "fee",
                        "price": 14.6,
                        "rule_instance_id": 26748,
                        "version": "v1"
                    },
                    {
                        "default": false,
                        "duration": "P7D",
                        "itinerary_price_limit": 346,
                        "itinerary_price_remaining": 146,
                        "fare_lock_kind": "fee",
                        "price": 36.5,
                        "rule_instance_id": 26750,
                        "version": "v1"
                    }
                ]
            },
            "bags_price": {
                "1": 183.274,
                "2": 435.148
            },
            "baglimit": {
                "hand_dimensions_sum": 118,
                "hand_height": 40,
                "hand_length": 55,
                "hand_weight": 8,
                "hand_width": 23,
                "hold_dimensions_sum": 158,
                "hold_height": 52,
                "hold_length": 78,
                "hold_weight": 20,
                "hold_width": 28,
                "personal_item_dimension_sum": 90,
                "personal_item_height": 30,
                "personal_item_length": 40,
                "personal_item_weight": 8,
                "personal_item_width": 20
            },
            "availability": {
                "seats": 2
            },
            "airlines": [
                "EW",
                "W4",
                "W6"
            ],
            "route": [
                {
                    "id": "0b7717884e510000e859f511_0",
                    "combination_id": "0b7717884e510000e859f511",
                    "flyFrom": "BUD",
                    "flyTo": "HAM",
                    "cityFrom": "Budapest",
                    "cityCodeFrom": "BUD",
                    "cityTo": "Hamburg",
                    "cityCodeTo": "HAM",
                    "local_departure": "2024-11-22T20:35:00.000Z",
                    "utc_departure": "2024-11-22T19:35:00.000Z",
                    "local_arrival": "2024-11-22T22:25:00.000Z",
                    "utc_arrival": "2024-11-22T21:25:00.000Z",
                    "airline": "EW",
                    "flight_no": 7781,
                    "operating_carrier": "EW",
                    "operating_flight_no": "7781",
                    "fare_basis": "",
                    "fare_category": "M",
                    "fare_classes": "",
                    "return": 0,
                    "bags_recheck_required": false,
                    "vi_connection": false,
                    "guarantee": false,
                    "equipment": null,
                    "vehicle_type": "aircraft"
                },
                {
                    "id": "178823334e540000a790ffcd_0",
                    "combination_id": "178823334e540000a790ffcd",
                    "flyFrom": "HAM",
                    "flyTo": "TIA",
                    "cityFrom": "Hamburg",
                    "cityCodeFrom": "HAM",
                    "cityTo": "Tirana",
                    "cityCodeTo": "TIA",
                    "local_departure": "2024-11-25T16:15:00.000Z",
                    "utc_departure": "2024-11-25T15:15:00.000Z",
                    "local_arrival": "2024-11-25T18:45:00.000Z",
                    "utc_arrival": "2024-11-25T17:45:00.000Z",
                    "airline": "W4",
                    "flight_no": 5108,
                    "operating_carrier": "",
                    "operating_flight_no": "",
                    "fare_basis": "",
                    "fare_category": "M",
                    "fare_classes": "",
                    "return": 1,
                    "bags_recheck_required": false,
                    "vi_connection": false,
                    "guarantee": false,
                    "equipment": null,
                    "vehicle_type": "aircraft"
                },
                {
                    "id": "23330b774e5400006ac23fad_0",
                    "combination_id": "23330b774e5400006ac23fad",
                    "flyFrom": "TIA",
                    "flyTo": "BUD",
                    "cityFrom": "Tirana",
                    "cityCodeFrom": "TIA",
                    "cityTo": "Budapest",
                    "cityCodeTo": "BUD",
                    "local_departure": "2024-11-25T21:35:00.000Z",
                    "utc_departure": "2024-11-25T20:35:00.000Z",
                    "local_arrival": "2024-11-25T23:10:00.000Z",
                    "utc_arrival": "2024-11-25T22:10:00.000Z",
                    "airline": "W6",
                    "flight_no": 2234,
                    "operating_carrier": "",
                    "operating_flight_no": "",
                    "fare_basis": "",
                    "fare_category": "M",
                    "fare_classes": "",
                    "return": 1,
                    "bags_recheck_required": true,
                    "vi_connection": true,
                    "guarantee": true,
                    "equipment": null,
                    "vehicle_type": "aircraft"
                }
            ],
            "booking_token": "Hv9yammqhhd9KZSaqRlDA5UVsKtaYyGPP0kePE1zEdwwHhc9HgURIt75QQub473IXfNQ7HLgGV7BAzFOe1ETip9OZimBaxmGIStCDz3NRs6_YeO8AdjLwZP1lPbRKnbehPxFuCat27UalrpqMP7HMOkQCnPrNcFKAhtuEaUjOxH3g14SfyYHx9lnzcfSUiMuCKHLNxf2ktC8u9obeAdeY42WfMnPISiSlaDpGL7RwCwmc4HM6A-yIaxoExHpfKGY2gOesMkH9ebwsSu5cHcNMPetqDgwlBdcgJ_01itKQgSmimeDDYFm2YbjVhiXJgDwvR-WobKP8vRCNxe5QrX6l19ab0j3QnIb3hW_1ztWFWDtfLAvEfd-9ZTO0-PCMdTb_HwXHxilbJgsHA8FjwIlKUg034AxfuHx_NQJAKmgc8Uy7DpbV78u8iqG9XNRbLGaQUuNom0djdQhMUUiifSnUwGgc3WoneB7FQcnh-HGjxv1dd1ge5FIBJ1L1qvMaUXGoE1ZOeLPcPL0ee-DZy7vefvxwm4fhpMgm8OtgF6zbg4nqCxRyZN-hL6-myKKbuM8hPImjM7_8Z8QoG89cW4s849MeIkcGcG8ehz-MlqadJKrq5iJQMPmza-wiC6vpo3ayDheql2VVYqZuSQnDiAYSDjiZXPxCwFHec19t8MYwBRhQztOV8paYBCHQLxkWyp51opqI7VZ6LzP0O2IcYmNfq7UkIrFber193ESP-yMXf4YQ1u4K5gazWvCFOC4bnabCeye0oanKC0oC_ntHfP3HY-2R528Ok3VAztpOrwF91fg=",
            "deep_link": "https://www.kiwi.com/deep?affilid=mihalytest&currency=EUR&flightsId=0b7717884e510000e859f511_0%7C178823334e540000a790ffcd_0%7C23330b774e5400006ac23fad_0&from=BUD&lang=en&passengers=1&to=HAM&booking_token=Hv9yammqhhd9KZSaqRlDA5UVsKtaYyGPP0kePE1zEdwwHhc9HgURIt75QQub473IXfNQ7HLgGV7BAzFOe1ETip9OZimBaxmGIStCDz3NRs6_YeO8AdjLwZP1lPbRKnbehPxFuCat27UalrpqMP7HMOkQCnPrNcFKAhtuEaUjOxH3g14SfyYHx9lnzcfSUiMuCKHLNxf2ktC8u9obeAdeY42WfMnPISiSlaDpGL7RwCwmc4HM6A-yIaxoExHpfKGY2gOesMkH9ebwsSu5cHcNMPetqDgwlBdcgJ_01itKQgSmimeDDYFm2YbjVhiXJgDwvR-WobKP8vRCNxe5QrX6l19ab0j3QnIb3hW_1ztWFWDtfLAvEfd-9ZTO0-PCMdTb_HwXHxilbJgsHA8FjwIlKUg034AxfuHx_NQJAKmgc8Uy7DpbV78u8iqG9XNRbLGaQUuNom0djdQhMUUiifSnUwGgc3WoneB7FQcnh-HGjxv1dd1ge5FIBJ1L1qvMaUXGoE1ZOeLPcPL0ee-DZy7vefvxwm4fhpMgm8OtgF6zbg4nqCxRyZN-hL6-myKKbuM8hPImjM7_8Z8QoG89cW4s849MeIkcGcG8ehz-MlqadJKrq5iJQMPmza-wiC6vpo3ayDheql2VVYqZuSQnDiAYSDjiZXPxCwFHec19t8MYwBRhQztOV8paYBCHQLxkWyp51opqI7VZ6LzP0O2IcYmNfq7UkIrFber193ESP-yMXf4YQ1u4K5gazWvCFOC4bnabCeye0oanKC0oC_ntHfP3HY-2R528Ok3VAztpOrwF91fg=",
            "facilitated_booking_available": false,
            "pnr_count": 3,
            "has_airport_change": false,
            "technical_stops": 0,
            "throw_away_ticketing": false,
            "hidden_city_ticketing": false,
            "virtual_interlining": true
        },
        {
            "id": "0b7701af4e5600004b88f6c8_0|01af17884e560000da26d8e6_0|17880b774e5b0000be82ebed_0",
            "flyFrom": "BUD",
            "flyTo": "HAM",
            "cityFrom": "Budapest",
            "cityCodeFrom": "BUD",
            "cityTo": "Hamburg",
            "cityCodeTo": "HAM",
            "countryFrom": {
                "code": "HU",
                "name": "Hungary"
            },
            "countryTo": {
                "code": "DE",
                "name": "Germany"
            },
            "local_departure": "2024-11-27T06:50:00.000Z",
            "utc_departure": "2024-11-27T05:50:00.000Z",
            "local_arrival": "2024-11-27T14:25:00.000Z",
            "utc_arrival": "2024-11-27T13:25:00.000Z",
            "nightsInDest": 5,
            "quality": 244.66642,
            "distance": 949.98,
            "duration": {
                "departure": 27300,
                "return": 6300,
                "total": 33600
            },
            "price": 146,
            "conversion": {
                "EUR": 146
            },
            "fare": {
                "adults": 146,
                "children": 146,
                "infants": 146
            },
            "fare_locks": {
                "EUR": [
                    {
                        "default": false,
                        "duration": "P1D",
                        "itinerary_price_limit": 346,
                        "itinerary_price_remaining": 146,
                        "fare_lock_kind": "fee",
                        "price": 7.3,
                        "rule_instance_id": 26749,
                        "version": "v1"
                    },
                    {
                        "default": true,
                        "duration": "P3D",
                        "itinerary_price_limit": 346,
                        "itinerary_price_remaining": 146,
                        "fare_lock_kind": "fee",
                        "price": 14.6,
                        "rule_instance_id": 26748,
                        "version": "v1"
                    },
                    {
                        "default": false,
                        "duration": "P7D",
                        "itinerary_price_limit": 346,
                        "itinerary_price_remaining": 146,
                        "fare_lock_kind": "fee",
                        "price": 36.5,
                        "rule_instance_id": 26750,
                        "version": "v1"
                    }
                ]
            },
            "bags_price": {
                "1": 149.534
            },
            "baglimit": {
                "hand_dimensions_sum": 115,
                "hand_height": 40,
                "hand_length": 55,
                "hand_weight": 8,
                "hand_width": 20,
                "hold_dimensions_sum": 158,
                "hold_height": 52,
                "hold_length": 78,
                "hold_weight": 20,
                "hold_width": 28,
                "personal_item_dimension_sum": 90,
                "personal_item_height": 30,
                "personal_item_length": 40,
                "personal_item_weight": 8,
                "personal_item_width": 20
            },
            "availability": {
                "seats": 6
            },
            "airlines": [
                "W6",
                "VY",
                "EW"
            ],
            "route": [
                {
                    "id": "0b7701af4e5600004b88f6c8_0",
                    "combination_id": "0b7701af4e5600004b88f6c8",
                    "flyFrom": "BUD",
                    "flyTo": "BCN",
                    "cityFrom": "Budapest",
                    "cityCodeFrom": "BUD",
                    "cityTo": "Barcelona",
                    "cityCodeTo": "BCN",
                    "local_departure": "2024-11-27T06:50:00.000Z",
                    "utc_departure": "2024-11-27T05:50:00.000Z",
                    "local_arrival": "2024-11-27T09:35:00.000Z",
                    "utc_arrival": "2024-11-27T08:35:00.000Z",
                    "airline": "W6",
                    "flight_no": 2375,
                    "operating_carrier": "",
                    "operating_flight_no": "",
                    "fare_basis": "",
                    "fare_category": "M",
                    "fare_classes": "",
                    "return": 0,
                    "bags_recheck_required": false,
                    "vi_connection": false,
                    "guarantee": false,
                    "equipment": null,
                    "vehicle_type": "aircraft"
                },
                {
                    "id": "01af17884e560000da26d8e6_0",
                    "combination_id": "01af17884e560000da26d8e6",
                    "flyFrom": "BCN",
                    "flyTo": "HAM",
                    "cityFrom": "Barcelona",
                    "cityCodeFrom": "BCN",
                    "cityTo": "Hamburg",
                    "cityCodeTo": "HAM",
                    "local_departure": "2024-11-27T11:35:00.000Z",
                    "utc_departure": "2024-11-27T10:35:00.000Z",
                    "local_arrival": "2024-11-27T14:25:00.000Z",
                    "utc_arrival": "2024-11-27T13:25:00.000Z",
                    "airline": "VY",
                    "flight_no": 1820,
                    "operating_carrier": "VY",
                    "operating_flight_no": "1820",
                    "fare_basis": "DOWVYCLB",
                    "fare_category": "M",
                    "fare_classes": "D",
                    "return": 0,
                    "bags_recheck_required": true,
                    "vi_connection": true,
                    "guarantee": true,
                    "equipment": null,
                    "vehicle_type": "aircraft"
                },
                {
                    "id": "17880b774e5b0000be82ebed_0",
                    "combination_id": "17880b774e5b0000be82ebed",
                    "flyFrom": "HAM",
                    "flyTo": "BUD",
                    "cityFrom": "Hamburg",
                    "cityCodeFrom": "HAM",
                    "cityTo": "Budapest",
                    "cityCodeTo": "BUD",
                    "local_departure": "2024-12-02T06:45:00.000Z",
                    "utc_departure": "2024-12-02T05:45:00.000Z",
                    "local_arrival": "2024-12-02T08:30:00.000Z",
                    "utc_arrival": "2024-12-02T07:30:00.000Z",
                    "airline": "EW",
                    "flight_no": 7780,
                    "operating_carrier": "EW",
                    "operating_flight_no": "7780",
                    "fare_basis": "",
                    "fare_category": "M",
                    "fare_classes": "",
                    "return": 1,
                    "bags_recheck_required": false,
                    "vi_connection": false,
                    "guarantee": false,
                    "equipment": null,
                    "vehicle_type": "aircraft"
                }
            ],
            "booking_token": "HbX-a7PO_aOTSss-atkst26Ezf5WSmH97eLUBq5o9KNwCx8cRlTLrPyxbbkpAd2wz1jkDwLsbx6tGiaubovz5U_5aS7nx3xANAzC_KUu4_GrI1QFgB-XCo5VBWq5yi8UUOi8CDusMyGyY_aYe2TpEFcBpU0NpmcpuqqHXssiUz8BTj8WI7TyHf53IeXxaFlhZ3ON3GY1QAmxW9qfgAo2O0O99vBLHVtvc8_f3B5LXO19mtB7WDOjw8baf-AVYmdxlYRvG6WCgZmb-x06UPLbhEUQEPQL0xZDdLtuDfmq_uu_FpSovK-8nOd7yilxJpznav2f3hn2O9ynCgvYuA3_JixtElX0reISe_y7POJdgiIMnyFFwrunal9VCTBXwIJ2m0I1pFMCtm_Akyyfu8EToRydXUXiQCSsfASVAMNF-SGgaB3XqCre_51G71D28YxuXQwEijYuP07TaSLVjed8l2fR0T_FwJAC6FSNHdBqXqJfcC14PKo-92hgr-cmqo83UMyteBKE6UVmR1TgRhWUDvX6qCir24MBGIuxmztSl2xKO_W5D9baF27oxLTZJ1JpIFwIDZKvD9pAerUYRbCRaQVoqKvw3uoOMHMgGfVQ19AE9l-FZRVxfkaFkqaEuLVI-2TpDW2p5SQ76gdaOOQCYI29_3iZKcYRZUWQyorAoWJllYMRxgE-9S6x1i6oLhjA8fyKjEbIFK8mf36Ff_WFt1-9nKpMjMtORIS1EzApj-SQOhjoL8i_8ElbiA6Vrl94vqO4XgC3q02hkjqWir41BT36Pu7XMF-TwwP3MRRYmNvvevt3ZblgNz_YIm2CC-PzR",
            "deep_link": "https://www.kiwi.com/deep?affilid=mihalytest&currency=EUR&flightsId=0b7701af4e5600004b88f6c8_0%7C01af17884e560000da26d8e6_0%7C17880b774e5b0000be82ebed_0&from=BUD&lang=en&passengers=1&to=HAM&booking_token=HbX-a7PO_aOTSss-atkst26Ezf5WSmH97eLUBq5o9KNwCx8cRlTLrPyxbbkpAd2wz1jkDwLsbx6tGiaubovz5U_5aS7nx3xANAzC_KUu4_GrI1QFgB-XCo5VBWq5yi8UUOi8CDusMyGyY_aYe2TpEFcBpU0NpmcpuqqHXssiUz8BTj8WI7TyHf53IeXxaFlhZ3ON3GY1QAmxW9qfgAo2O0O99vBLHVtvc8_f3B5LXO19mtB7WDOjw8baf-AVYmdxlYRvG6WCgZmb-x06UPLbhEUQEPQL0xZDdLtuDfmq_uu_FpSovK-8nOd7yilxJpznav2f3hn2O9ynCgvYuA3_JixtElX0reISe_y7POJdgiIMnyFFwrunal9VCTBXwIJ2m0I1pFMCtm_Akyyfu8EToRydXUXiQCSsfASVAMNF-SGgaB3XqCre_51G71D28YxuXQwEijYuP07TaSLVjed8l2fR0T_FwJAC6FSNHdBqXqJfcC14PKo-92hgr-cmqo83UMyteBKE6UVmR1TgRhWUDvX6qCir24MBGIuxmztSl2xKO_W5D9baF27oxLTZJ1JpIFwIDZKvD9pAerUYRbCRaQVoqKvw3uoOMHMgGfVQ19AE9l-FZRVxfkaFkqaEuLVI-2TpDW2p5SQ76gdaOOQCYI29_3iZKcYRZUWQyorAoWJllYMRxgE-9S6x1i6oLhjA8fyKjEbIFK8mf36Ff_WFt1-9nKpMjMtORIS1EzApj-SQOhjoL8i_8ElbiA6Vrl94vqO4XgC3q02hkjqWir41BT36Pu7XMF-TwwP3MRRYmNvvevt3ZblgNz_YIm2CC-PzR",
            "facilitated_booking_available": false,
            "pnr_count": 3,
            "has_airport_change": false,
            "technical_stops": 0,
            "throw_away_ticketing": false,
            "hidden_city_ticketing": false,
            "virtual_interlining": true
        },
        {
            "id": "0b7701af4e5600004b88f6c8_0|01af17884e560000da26d8e6_0|17880b774e5a00005a05dc69_0",
            "flyFrom": "BUD",
            "flyTo": "HAM",
            "cityFrom": "Budapest",
            "cityCodeFrom": "BUD",
            "cityTo": "Hamburg",
            "cityCodeTo": "HAM",
            "countryFrom": {
                "code": "HU",
                "name": "Hungary"
            },
            "countryTo": {
                "code": "DE",
                "name": "Germany"
            },
            "local_departure": "2024-11-27T06:50:00.000Z",
            "utc_departure": "2024-11-27T05:50:00.000Z",
            "local_arrival": "2024-11-27T14:25:00.000Z",
            "utc_arrival": "2024-11-27T13:25:00.000Z",
            "nightsInDest": 4,
            "quality": 244.66642,
            "distance": 949.98,
            "duration": {
                "departure": 27300,
                "return": 6300,
                "total": 33600
            },
            "price": 146,
            "conversion": {
                "EUR": 146
            },
            "fare": {
                "adults": 146,
                "children": 146,
                "infants": 146
            },
            "fare_locks": {
                "EUR": [
                    {
                        "default": false,
                        "duration": "P1D",
                        "itinerary_price_limit": 346,
                        "itinerary_price_remaining": 146,
                        "fare_lock_kind": "fee",
                        "price": 7.3,
                        "rule_instance_id": 26749,
                        "version": "v1"
                    },
                    {
                        "default": true,
                        "duration": "P3D",
                        "itinerary_price_limit": 346,
                        "itinerary_price_remaining": 146,
                        "fare_lock_kind": "fee",
                        "price": 14.6,
                        "rule_instance_id": 26748,
                        "version": "v1"
                    },
                    {
                        "default": false,
                        "duration": "P7D",
                        "itinerary_price_limit": 346,
                        "itinerary_price_remaining": 146,
                        "fare_lock_kind": "fee",
                        "price": 36.5,
                        "rule_instance_id": 26750,
                        "version": "v1"
                    }
                ]
            },
            "bags_price": {
                "1": 149.534
            },
            "baglimit": {
                "hand_dimensions_sum": 115,
                "hand_height": 40,
                "hand_length": 55,
                "hand_weight": 8,
                "hand_width": 20,
                "hold_dimensions_sum": 158,
                "hold_height": 52,
                "hold_length": 78,
                "hold_weight": 20,
                "hold_width": 28,
                "personal_item_dimension_sum": 90,
                "personal_item_height": 30,
                "personal_item_length": 40,
                "personal_item_weight": 8,
                "personal_item_width": 20
            },
            "availability": {
                "seats": 6
            },
            "airlines": [
                "W6",
                "VY",
                "EW"
            ],
            "route": [
                {
                    "id": "0b7701af4e5600004b88f6c8_0",
                    "combination_id": "0b7701af4e5600004b88f6c8",
                    "flyFrom": "BUD",
                    "flyTo": "BCN",
                    "cityFrom": "Budapest",
                    "cityCodeFrom": "BUD",
                    "cityTo": "Barcelona",
                    "cityCodeTo": "BCN",
                    "local_departure": "2024-11-27T06:50:00.000Z",
                    "utc_departure": "2024-11-27T05:50:00.000Z",
                    "local_arrival": "2024-11-27T09:35:00.000Z",
                    "utc_arrival": "2024-11-27T08:35:00.000Z",
                    "airline": "W6",
                    "flight_no": 2375,
                    "operating_carrier": "",
                    "operating_flight_no": "",
                    "fare_basis": "",
                    "fare_category": "M",
                    "fare_classes": "",
                    "return": 0,
                    "bags_recheck_required": false,
                    "vi_connection": false,
                    "guarantee": false,
                    "equipment": null,
                    "vehicle_type": "aircraft"
                },
                {
                    "id": "01af17884e560000da26d8e6_0",
                    "combination_id": "01af17884e560000da26d8e6",
                    "flyFrom": "BCN",
                    "flyTo": "HAM",
                    "cityFrom": "Barcelona",
                    "cityCodeFrom": "BCN",
                    "cityTo": "Hamburg",
                    "cityCodeTo": "HAM",
                    "local_departure": "2024-11-27T11:35:00.000Z",
                    "utc_departure": "2024-11-27T10:35:00.000Z",
                    "local_arrival": "2024-11-27T14:25:00.000Z",
                    "utc_arrival": "2024-11-27T13:25:00.000Z",
                    "airline": "VY",
                    "flight_no": 1820,
                    "operating_carrier": "VY",
                    "operating_flight_no": "1820",
                    "fare_basis": "DOWVYCLB",
                    "fare_category": "M",
                    "fare_classes": "D",
                    "return": 0,
                    "bags_recheck_required": true,
                    "vi_connection": true,
                    "guarantee": true,
                    "equipment": null,
                    "vehicle_type": "aircraft"
                },
                {
                    "id": "17880b774e5a00005a05dc69_0",
                    "combination_id": "17880b774e5a00005a05dc69",
                    "flyFrom": "HAM",
                    "flyTo": "BUD",
                    "cityFrom": "Hamburg",
                    "cityCodeFrom": "HAM",
                    "cityTo": "Budapest",
                    "cityCodeTo": "BUD",
                    "local_departure": "2024-12-01T13:05:00.000Z",
                    "utc_departure": "2024-12-01T12:05:00.000Z",
                    "local_arrival": "2024-12-01T14:50:00.000Z",
                    "utc_arrival": "2024-12-01T13:50:00.000Z",
                    "airline": "EW",
                    "flight_no": 7780,
                    "operating_carrier": "EW",
                    "operating_flight_no": "7780",
                    "fare_basis": "",
                    "fare_category": "M",
                    "fare_classes": "N",
                    "return": 1,
                    "bags_recheck_required": false,
                    "vi_connection": false,
                    "guarantee": false,
                    "equipment": null,
                    "vehicle_type": "aircraft"
                }
            ],
            "booking_token": "HcexibuCVNTt-uZgb5MFCRkT2n-TsgKBbktY0bivRruVfOhd5ktxic1vmS-hn-N4MEYX-lX-m9kH3_5vNUdA5Ky-EeGtjr3g0jJsMKTP7_ZfPaqJV0T8zMxkD_TXwucR0E29B6cW873Vlqo30wC0kp5393Ub458anKhuYipo1A0oL-UgSMfrH6zCeSLUvauz3W2ErVqdciFnURPt3P6-ZHUTeBTawMPy0ewJ0i-OLFHxuURoQWmbYR0__lxAoeLLl3vlNi3yRNAzJkPU2d5ehxWuT1qguWi5HjRpGNBU9Q3Meq4suNOeabUTQc_Iv6rP-k_-_6AweIh5-pQcmqGV-GPPeGn6PKZu9GZnvZ6yiukGT0pHaF3ayEB3OHmsYEdQicGA10apHEkwV6m5vXfxN5BdAzfFX3DO_2W3aiZcrMYxhio9IyVQq9wkLiRXaxe4HWwjODn0gDGvUQxuF5AdjVMnQ39Uc7ZEhGgotH7ocjX80kaKj6Fi6HBGGh1bAu5r4g2pRuICTPXTAhrLk4nVcwrIJEJmM6dALPn4433LSkTQLSZLH-2TzQAIxVqnMzppvmd7fWAQFouOpRs3JGiBKGy2gWJ-YSb1h5lwNaAbPn9tAttgRSpRLZD6jebAF0iJsGp_RMJrk32YoJYclAb4j2rE5J9UowRE__JOCYdjfJOVPER-5-VlFjS_wtty75bNawL-l5oxgfKUem5dfsHKNxIZ-jjfWEgb9D_m5xGSmEk803FNpiyIJHUKlYJAoIjyuz53cWg54li7ciUYwg9s6tzk2Tb1fxS3bedn4DSVEIFA=",
            "deep_link": "https://www.kiwi.com/deep?affilid=mihalytest&currency=EUR&flightsId=0b7701af4e5600004b88f6c8_0%7C01af17884e560000da26d8e6_0%7C17880b774e5a00005a05dc69_0&from=BUD&lang=en&passengers=1&to=HAM&booking_token=HcexibuCVNTt-uZgb5MFCRkT2n-TsgKBbktY0bivRruVfOhd5ktxic1vmS-hn-N4MEYX-lX-m9kH3_5vNUdA5Ky-EeGtjr3g0jJsMKTP7_ZfPaqJV0T8zMxkD_TXwucR0E29B6cW873Vlqo30wC0kp5393Ub458anKhuYipo1A0oL-UgSMfrH6zCeSLUvauz3W2ErVqdciFnURPt3P6-ZHUTeBTawMPy0ewJ0i-OLFHxuURoQWmbYR0__lxAoeLLl3vlNi3yRNAzJkPU2d5ehxWuT1qguWi5HjRpGNBU9Q3Meq4suNOeabUTQc_Iv6rP-k_-_6AweIh5-pQcmqGV-GPPeGn6PKZu9GZnvZ6yiukGT0pHaF3ayEB3OHmsYEdQicGA10apHEkwV6m5vXfxN5BdAzfFX3DO_2W3aiZcrMYxhio9IyVQq9wkLiRXaxe4HWwjODn0gDGvUQxuF5AdjVMnQ39Uc7ZEhGgotH7ocjX80kaKj6Fi6HBGGh1bAu5r4g2pRuICTPXTAhrLk4nVcwrIJEJmM6dALPn4433LSkTQLSZLH-2TzQAIxVqnMzppvmd7fWAQFouOpRs3JGiBKGy2gWJ-YSb1h5lwNaAbPn9tAttgRSpRLZD6jebAF0iJsGp_RMJrk32YoJYclAb4j2rE5J9UowRE__JOCYdjfJOVPER-5-VlFjS_wtty75bNawL-l5oxgfKUem5dfsHKNxIZ-jjfWEgb9D_m5xGSmEk803FNpiyIJHUKlYJAoIjyuz53cWg54li7ciUYwg9s6tzk2Tb1fxS3bedn4DSVEIFA=",
            "facilitated_booking_available": false,
            "pnr_count": 3,
            "has_airport_change": false,
            "technical_stops": 0,
            "throw_away_ticketing": false,
            "hidden_city_ticketing": false,
            "virtual_interlining": true
        },
        {
            "id": "0b7717884e5f0000fddf66be_0|17880b774e620000631e9796_0",
            "flyFrom": "BUD",
            "flyTo": "HAM",
            "cityFrom": "Budapest",
            "cityCodeFrom": "BUD",
            "cityTo": "Hamburg",
            "cityCodeTo": "HAM",
            "countryFrom": {
                "code": "HU",
                "name": "Hungary"
            },
            "countryTo": {
                "code": "DE",
                "name": "Germany"
            },
            "local_departure": "2024-12-06T20:35:00.000Z",
            "utc_departure": "2024-12-06T19:35:00.000Z",
            "local_arrival": "2024-12-06T22:25:00.000Z",
            "utc_arrival": "2024-12-06T21:25:00.000Z",
            "nightsInDest": 3,
            "quality": 199.666535,
            "distance": 949.98,
            "duration": {
                "departure": 6600,
                "return": 6300,
                "total": 12900
            },
            "price": 147,
            "conversion": {
                "EUR": 147
            },
            "fare": {
                "adults": 147,
                "children": 147,
                "infants": 147
            },
            "fare_locks": {
                "EUR": [
                    {
                        "default": false,
                        "duration": "P1D",
                        "itinerary_price_limit": 347,
                        "itinerary_price_remaining": 147,
                        "fare_lock_kind": "fee",
                        "price": 7.35,
                        "rule_instance_id": 26749,
                        "version": "v1"
                    },
                    {
                        "default": true,
                        "duration": "P3D",
                        "itinerary_price_limit": 347,
                        "itinerary_price_remaining": 147,
                        "fare_lock_kind": "fee",
                        "price": 14.7,
                        "rule_instance_id": 26748,
                        "version": "v1"
                    },
                    {
                        "default": false,
                        "duration": "P7D",
                        "itinerary_price_limit": 347,
                        "itinerary_price_remaining": 147,
                        "fare_lock_kind": "fee",
                        "price": 36.75,
                        "rule_instance_id": 26750,
                        "version": "v1"
                    }
                ]
            },
            "bags_price": {
                "1": 72.8,
                "2": 282.8
            },
            "baglimit": {
                "hand_dimensions_sum": 118,
                "hand_height": 40,
                "hand_length": 55,
                "hand_weight": 8,
                "hand_width": 23,
                "hold_dimensions_sum": 158,
                "hold_height": 52,
                "hold_length": 78,
                "hold_weight": 23,
                "hold_width": 28,
                "personal_item_dimension_sum": 95,
                "personal_item_height": 30,
                "personal_item_length": 40,
                "personal_item_weight": 8,
                "personal_item_width": 25
            },
            "availability": {
                "seats": 9
            },
            "airlines": [
                "EW"
            ],
            "route": [
                {
                    "id": "0b7717884e5f0000fddf66be_0",
                    "combination_id": "0b7717884e5f0000fddf66be",
                    "flyFrom": "BUD",
                    "flyTo": "HAM",
                    "cityFrom": "Budapest",
                    "cityCodeFrom": "BUD",
                    "cityTo": "Hamburg",
                    "cityCodeTo": "HAM",
                    "local_departure": "2024-12-06T20:35:00.000Z",
                    "utc_departure": "2024-12-06T19:35:00.000Z",
                    "local_arrival": "2024-12-06T22:25:00.000Z",
                    "utc_arrival": "2024-12-06T21:25:00.000Z",
                    "airline": "EW",
                    "flight_no": 7781,
                    "operating_carrier": "EW",
                    "operating_flight_no": "7781",
                    "fare_basis": "",
                    "fare_category": "M",
                    "fare_classes": "T",
                    "return": 0,
                    "bags_recheck_required": false,
                    "vi_connection": false,
                    "guarantee": false,
                    "equipment": null,
                    "vehicle_type": "aircraft"
                },
                {
                    "id": "17880b774e620000631e9796_0",
                    "combination_id": "17880b774e620000631e9796",
                    "flyFrom": "HAM",
                    "flyTo": "BUD",
                    "cityFrom": "Hamburg",
                    "cityCodeFrom": "HAM",
                    "cityTo": "Budapest",
                    "cityCodeTo": "BUD",
                    "local_departure": "2024-12-09T06:45:00.000Z",
                    "utc_departure": "2024-12-09T05:45:00.000Z",
                    "local_arrival": "2024-12-09T08:30:00.000Z",
                    "utc_arrival": "2024-12-09T07:30:00.000Z",
                    "airline": "EW",
                    "flight_no": 7780,
                    "operating_carrier": "EW",
                    "operating_flight_no": "7780",
                    "fare_basis": "",
                    "fare_category": "M",
                    "fare_classes": "N",
                    "return": 1,
                    "bags_recheck_required": false,
                    "vi_connection": false,
                    "guarantee": false,
                    "equipment": null,
                    "vehicle_type": "aircraft"
                }
            ],
            "booking_token": "HVkwfgTj4a6cQXbefPs_WDuX20-WbDy9R-Dy4-1gDATVeyKwgVEkZBMgC8DC17GVIL5TLkj0tmNszKjoL9Mrg74ITrBlwSD7srFVCIH38ub_q-syPQPcL79992evsOcFHxaiiErblKhaeeNuogadsw3-ryYZXahns5a0Y5dfS9xfEZOxA_QhbK_fDfPuqdClYk8-OyouM5tosJSH-dzmK9G19g5ulqLgmGsqac1OL_wOwhiqCw-jYJkXBy8uQtWiHDS1DnlSNZypSHiEq_5tZNbJWGx7TawguJHqZWRD0eYDBU6794DAPI86nTKGoySK34rCjLhvz9KIc-HVxYG7J3ke56VeoEcF8rQzByDcih8oQyd7ZB3qpKqZweX44kWnCrKlL-dgU-JAGZNyZLWRUkh_l3AH3Ae-tzLhmb1Rdm6Z8WxJULHvUkaRaHDlS_mdpsqBhAypjZ_SM9OP5Buvpf2dmaqVxn8CI68cIjMXJOkfEqyIPGIsOp7LMy3osnddoMY_u4oWfYxYXk5gmkrlrjeblDWRbjVuttymmuqwApvukhrSvDmFNkd-dWT8_ZLkREqknDfAqxnLhYc5yAbghfGco4jXJQO_yUlZzoSZS8PnOH_md4tdZbphQsUDZBxPSnOVurywb3y9h8FExuvFK35JYRk0hpEbzO8HxaAwAdjmzOp68Acqh0MkB2d906ix7",
            "deep_link": "https://www.kiwi.com/deep?affilid=mihalytest&currency=EUR&flightsId=0b7717884e5f0000fddf66be_0%7C17880b774e620000631e9796_0&from=BUD&lang=en&passengers=1&to=HAM&booking_token=HVkwfgTj4a6cQXbefPs_WDuX20-WbDy9R-Dy4-1gDATVeyKwgVEkZBMgC8DC17GVIL5TLkj0tmNszKjoL9Mrg74ITrBlwSD7srFVCIH38ub_q-syPQPcL79992evsOcFHxaiiErblKhaeeNuogadsw3-ryYZXahns5a0Y5dfS9xfEZOxA_QhbK_fDfPuqdClYk8-OyouM5tosJSH-dzmK9G19g5ulqLgmGsqac1OL_wOwhiqCw-jYJkXBy8uQtWiHDS1DnlSNZypSHiEq_5tZNbJWGx7TawguJHqZWRD0eYDBU6794DAPI86nTKGoySK34rCjLhvz9KIc-HVxYG7J3ke56VeoEcF8rQzByDcih8oQyd7ZB3qpKqZweX44kWnCrKlL-dgU-JAGZNyZLWRUkh_l3AH3Ae-tzLhmb1Rdm6Z8WxJULHvUkaRaHDlS_mdpsqBhAypjZ_SM9OP5Buvpf2dmaqVxn8CI68cIjMXJOkfEqyIPGIsOp7LMy3osnddoMY_u4oWfYxYXk5gmkrlrjeblDWRbjVuttymmuqwApvukhrSvDmFNkd-dWT8_ZLkREqknDfAqxnLhYc5yAbghfGco4jXJQO_yUlZzoSZS8PnOH_md4tdZbphQsUDZBxPSnOVurywb3y9h8FExuvFK35JYRk0hpEbzO8HxaAwAdjmzOp68Acqh0MkB2d906ix7",
            "facilitated_booking_available": true,
            "pnr_count": 2,
            "has_airport_change": false,
            "technical_stops": 0,
            "throw_away_ticketing": false,
            "hidden_city_ticketing": false,
            "virtual_interlining": false
        },
        {
            "id": "0b7717884e4a00005703b3b2_0|17880b774e4d00001e6e395f_0",
            "flyFrom": "BUD",
            "flyTo": "HAM",
            "cityFrom": "Budapest",
            "cityCodeFrom": "BUD",
            "cityTo": "Hamburg",
            "cityCodeTo": "HAM",
            "countryFrom": {
                "code": "HU",
                "name": "Hungary"
            },
            "countryTo": {
                "code": "DE",
                "name": "Germany"
            },
            "local_departure": "2024-11-15T20:35:00.000Z",
            "utc_departure": "2024-11-15T19:35:00.000Z",
            "local_arrival": "2024-11-15T22:25:00.000Z",
            "utc_arrival": "2024-11-15T21:25:00.000Z",
            "nightsInDest": 3,
            "quality": 199.666535,
            "distance": 949.98,
            "duration": {
                "departure": 6600,
                "return": 6300,
                "total": 12900
            },
            "price": 147,
            "conversion": {
                "EUR": 147
            },
            "fare": {
                "adults": 147,
                "children": 147,
                "infants": 147
            },
            "fare_locks": {
                "EUR": [
                    {
                        "default": false,
                        "duration": "P1D",
                        "itinerary_price_limit": 347,
                        "itinerary_price_remaining": 147,
                        "fare_lock_kind": "fee",
                        "price": 7.35,
                        "rule_instance_id": 26749,
                        "version": "v1"
                    },
                    {
                        "default": true,
                        "duration": "P3D",
                        "itinerary_price_limit": 347,
                        "itinerary_price_remaining": 147,
                        "fare_lock_kind": "fee",
                        "price": 14.7,
                        "rule_instance_id": 26748,
                        "version": "v1"
                    },
                    {
                        "default": false,
                        "duration": "P7D",
                        "itinerary_price_limit": 347,
                        "itinerary_price_remaining": 147,
                        "fare_lock_kind": "fee",
                        "price": 36.75,
                        "rule_instance_id": 26750,
                        "version": "v1"
                    }
                ]
            },
            "bags_price": {
                "1": 72.8,
                "2": 282.8
            },
            "baglimit": {
                "hand_dimensions_sum": 118,
                "hand_height": 40,
                "hand_length": 55,
                "hand_weight": 8,
                "hand_width": 23,
                "hold_dimensions_sum": 158,
                "hold_height": 52,
                "hold_length": 78,
                "hold_weight": 23,
                "hold_width": 28,
                "personal_item_dimension_sum": 95,
                "personal_item_height": 30,
                "personal_item_length": 40,
                "personal_item_weight": 8,
                "personal_item_width": 25
            },
            "availability": {
                "seats": 9
            },
            "airlines": [
                "EW"
            ],
            "route": [
                {
                    "id": "0b7717884e4a00005703b3b2_0",
                    "combination_id": "0b7717884e4a00005703b3b2",
                    "flyFrom": "BUD",
                    "flyTo": "HAM",
                    "cityFrom": "Budapest",
                    "cityCodeFrom": "BUD",
                    "cityTo": "Hamburg",
                    "cityCodeTo": "HAM",
                    "local_departure": "2024-11-15T20:35:00.000Z",
                    "utc_departure": "2024-11-15T19:35:00.000Z",
                    "local_arrival": "2024-11-15T22:25:00.000Z",
                    "utc_arrival": "2024-11-15T21:25:00.000Z",
                    "airline": "EW",
                    "flight_no": 7781,
                    "operating_carrier": "EW",
                    "operating_flight_no": "7781",
                    "fare_basis": "",
                    "fare_category": "M",
                    "fare_classes": "T",
                    "return": 0,
                    "bags_recheck_required": false,
                    "vi_connection": false,
                    "guarantee": false,
                    "equipment": null,
                    "vehicle_type": "aircraft"
                },
                {
                    "id": "17880b774e4d00001e6e395f_0",
                    "combination_id": "17880b774e4d00001e6e395f",
                    "flyFrom": "HAM",
                    "flyTo": "BUD",
                    "cityFrom": "Hamburg",
                    "cityCodeFrom": "HAM",
                    "cityTo": "Budapest",
                    "cityCodeTo": "BUD",
                    "local_departure": "2024-11-18T06:45:00.000Z",
                    "utc_departure": "2024-11-18T05:45:00.000Z",
                    "local_arrival": "2024-11-18T08:30:00.000Z",
                    "utc_arrival": "2024-11-18T07:30:00.000Z",
                    "airline": "EW",
                    "flight_no": 7780,
                    "operating_carrier": "EW",
                    "operating_flight_no": "7780",
                    "fare_basis": "",
                    "fare_category": "M",
                    "fare_classes": "",
                    "return": 1,
                    "bags_recheck_required": false,
                    "vi_connection": false,
                    "guarantee": false,
                    "equipment": null,
                    "vehicle_type": "aircraft"
                }
            ],
            "booking_token": "HHhPHCTr4YKx7Mv_qJqlSF4gQ6IAjdPqJJHROGQ6NZJr-qveqjT7de37Gl6s8hv9viEL1vm8l6vyEdNcANnvg44TjN0yMLGzAzmf5opEFCuVmHprsaAOSuePk_H0x8hrxr_Xe40h1pjy_nINC90luRdUBxBbP93OK1umqpX280ZpsIkLLhRYzd_pLUPs0r9TCZrnBIQ8MwYEanpHm9EmGwZeDAHJFBpbfEtZimiztWeRu3hL2V9J-dU1VwzaKyC_Fi1nDGAqBKjykc2F2hqxwctXENbygSzR37x-migygO3YAlObxazolb-5SSuz1dA-Ykkx3oshAOrwuvsf4rKhjso_bOW28PM53xWsq3BjqI4eJt-_DruN8F_AxqWoz_lb9l1hkGhuaT4oKKcpZexJpWNoZGdXvabCD-p-FVaiypc34datOTKfUSBGZmgynV1FgMuVi8HA-5oDRMvhdOXOGtnyt9wpsJZBraSYJlR5fKL5vR0eaN0lHhB2d7SjABj99RiM8Sncsp93wk7IHmrs9NEhfHr7fNMCsEi-JO-Y1yy-tYnqhDROkwXrp82sEgItc3AC-aTn_XanSdK63EbxSzSHH8rppJgA9l7JHvgY9tltOYWbJwAe8vVigREbckbr52UP-UM8YAMLb_Z2nWRQ5F9h9V1ZLM2YP-XugLLFYEj1JzzdThrY89CIOrQROyixGt0Uk6YcMSLrq36-As3qFNw==",
            "deep_link": "https://www.kiwi.com/deep?affilid=mihalytest&currency=EUR&flightsId=0b7717884e4a00005703b3b2_0%7C17880b774e4d00001e6e395f_0&from=BUD&lang=en&passengers=1&to=HAM&booking_token=HHhPHCTr4YKx7Mv_qJqlSF4gQ6IAjdPqJJHROGQ6NZJr-qveqjT7de37Gl6s8hv9viEL1vm8l6vyEdNcANnvg44TjN0yMLGzAzmf5opEFCuVmHprsaAOSuePk_H0x8hrxr_Xe40h1pjy_nINC90luRdUBxBbP93OK1umqpX280ZpsIkLLhRYzd_pLUPs0r9TCZrnBIQ8MwYEanpHm9EmGwZeDAHJFBpbfEtZimiztWeRu3hL2V9J-dU1VwzaKyC_Fi1nDGAqBKjykc2F2hqxwctXENbygSzR37x-migygO3YAlObxazolb-5SSuz1dA-Ykkx3oshAOrwuvsf4rKhjso_bOW28PM53xWsq3BjqI4eJt-_DruN8F_AxqWoz_lb9l1hkGhuaT4oKKcpZexJpWNoZGdXvabCD-p-FVaiypc34datOTKfUSBGZmgynV1FgMuVi8HA-5oDRMvhdOXOGtnyt9wpsJZBraSYJlR5fKL5vR0eaN0lHhB2d7SjABj99RiM8Sncsp93wk7IHmrs9NEhfHr7fNMCsEi-JO-Y1yy-tYnqhDROkwXrp82sEgItc3AC-aTn_XanSdK63EbxSzSHH8rppJgA9l7JHvgY9tltOYWbJwAe8vVigREbckbr52UP-UM8YAMLb_Z2nWRQ5F9h9V1ZLM2YP-XugLLFYEj1JzzdThrY89CIOrQROyixGt0Uk6YcMSLrq36-As3qFNw==",
            "facilitated_booking_available": true,
            "pnr_count": 2,
            "has_airport_change": false,
            "technical_stops": 0,
            "throw_away_ticketing": false,
            "hidden_city_ticketing": false,
            "virtual_interlining": false
        },
        {
            "id": "0b7717884e4300008a679150_0|17880b774e4600003cb1f87b_0",
            "flyFrom": "BUD",
            "flyTo": "HAM",
            "cityFrom": "Budapest",
            "cityCodeFrom": "BUD",
            "cityTo": "Hamburg",
            "cityCodeTo": "HAM",
            "countryFrom": {
                "code": "HU",
                "name": "Hungary"
            },
            "countryTo": {
                "code": "DE",
                "name": "Germany"
            },
            "local_departure": "2024-11-08T20:35:00.000Z",
            "utc_departure": "2024-11-08T19:35:00.000Z",
            "local_arrival": "2024-11-08T22:25:00.000Z",
            "utc_arrival": "2024-11-08T21:25:00.000Z",
            "nightsInDest": 3,
            "quality": 199.666535,
            "distance": 949.98,
            "duration": {
                "departure": 6600,
                "return": 6300,
                "total": 12900
            },
            "price": 147,
            "conversion": {
                "EUR": 147
            },
            "fare": {
                "adults": 147,
                "children": 147,
                "infants": 147
            },
            "fare_locks": {
                "EUR": [
                    {
                        "default": false,
                        "duration": "P1D",
                        "itinerary_price_limit": 347,
                        "itinerary_price_remaining": 147,
                        "fare_lock_kind": "fee",
                        "price": 7.35,
                        "rule_instance_id": 26749,
                        "version": "v1"
                    },
                    {
                        "default": true,
                        "duration": "P3D",
                        "itinerary_price_limit": 347,
                        "itinerary_price_remaining": 147,
                        "fare_lock_kind": "fee",
                        "price": 14.7,
                        "rule_instance_id": 26748,
                        "version": "v1"
                    },
                    {
                        "default": false,
                        "duration": "P7D",
                        "itinerary_price_limit": 347,
                        "itinerary_price_remaining": 147,
                        "fare_lock_kind": "fee",
                        "price": 36.75,
                        "rule_instance_id": 26750,
                        "version": "v1"
                    }
                ]
            },
            "bags_price": {
                "1": 72.8,
                "2": 282.8
            },
            "baglimit": {
                "hand_dimensions_sum": 118,
                "hand_height": 40,
                "hand_length": 55,
                "hand_weight": 8,
                "hand_width": 23,
                "hold_dimensions_sum": 158,
                "hold_height": 52,
                "hold_length": 78,
                "hold_weight": 23,
                "hold_width": 28,
                "personal_item_dimension_sum": 95,
                "personal_item_height": 30,
                "personal_item_length": 40,
                "personal_item_weight": 8,
                "personal_item_width": 25
            },
            "availability": {
                "seats": 9
            },
            "airlines": [
                "EW"
            ],
            "route": [
                {
                    "id": "0b7717884e4300008a679150_0",
                    "combination_id": "0b7717884e4300008a679150",
                    "flyFrom": "BUD",
                    "flyTo": "HAM",
                    "cityFrom": "Budapest",
                    "cityCodeFrom": "BUD",
                    "cityTo": "Hamburg",
                    "cityCodeTo": "HAM",
                    "local_departure": "2024-11-08T20:35:00.000Z",
                    "utc_departure": "2024-11-08T19:35:00.000Z",
                    "local_arrival": "2024-11-08T22:25:00.000Z",
                    "utc_arrival": "2024-11-08T21:25:00.000Z",
                    "airline": "EW",
                    "flight_no": 7781,
                    "operating_carrier": "EW",
                    "operating_flight_no": "7781",
                    "fare_basis": "",
                    "fare_category": "M",
                    "fare_classes": "",
                    "return": 0,
                    "bags_recheck_required": false,
                    "vi_connection": false,
                    "guarantee": false,
                    "equipment": null,
                    "vehicle_type": "aircraft"
                },
                {
                    "id": "17880b774e4600003cb1f87b_0",
                    "combination_id": "17880b774e4600003cb1f87b",
                    "flyFrom": "HAM",
                    "flyTo": "BUD",
                    "cityFrom": "Hamburg",
                    "cityCodeFrom": "HAM",
                    "cityTo": "Budapest",
                    "cityCodeTo": "BUD",
                    "local_departure": "2024-11-11T06:45:00.000Z",
                    "utc_departure": "2024-11-11T05:45:00.000Z",
                    "local_arrival": "2024-11-11T08:30:00.000Z",
                    "utc_arrival": "2024-11-11T07:30:00.000Z",
                    "airline": "EW",
                    "flight_no": 7780,
                    "operating_carrier": "EW",
                    "operating_flight_no": "7780",
                    "fare_basis": "",
                    "fare_category": "M",
                    "fare_classes": "",
                    "return": 1,
                    "bags_recheck_required": false,
                    "vi_connection": false,
                    "guarantee": false,
                    "equipment": null,
                    "vehicle_type": "aircraft"
                }
            ],
            "booking_token": "H_6TuUGEvBth2bDGrNWkHAvPlNGY0UjMQ4hT1gKh51b20RbV7sjNMTlPCYwqnXdWBcXoulFOj9iC1A8sFZeeZ0XL3PNPonrT-Y5Cd_9VTU9JiPh-C3xJXyH9C0EY9oV3ZttIPo7CeR071zQ_10WPcLagSl4lWhsemptb-c590B9cLHPAXbQ782gMTrprE6IstlvyhLsOMo4ryjPyeWrzlwZaqC6p8s-kgj43CvmMj7CaJdZ8H8HAwVaPreVEe_NqHhWIVJlpu-NuJn9aOgFs3CSKFDJ_nnSPVPcUkesTlrjkq1-DUIoh-B8UVR0Yk4jsReNwG0Ypv2wKx1W2zecsr2DAo4VK-h82xahag3EhNGkzZla22WD447ufs034GUlSGEfT12B0mkt2a9rTU2d0y32A-cjw4MJUf4qNdLxjt--UFzKBRvxSy45jzu7jnagg5OoCqXt3_XW-1f4NR5PoT17H4jkgb06Jc7sbJnaCB4h_Gg60ga8CCgbvZfTCnDKYhfnZNv3P-Vj-Qil1phn6CB5npExpy0afsu95BIbmdfDYnh4ylQn6WEfWV2AVXUjagUSfIUS6WqZuvAEX85BUBv1OfUiqbofpTilD2pIW3Mjq7aZU79s4tkFFBQGOlTDUkQ4BZZ9notf37DAtI3C1Uj6XPI1NTSxVblSZROqyR8pItUfveMTpaAGi_P-XvY4EU",
            "deep_link": "https://www.kiwi.com/deep?affilid=mihalytest&currency=EUR&flightsId=0b7717884e4300008a679150_0%7C17880b774e4600003cb1f87b_0&from=BUD&lang=en&passengers=1&to=HAM&booking_token=H_6TuUGEvBth2bDGrNWkHAvPlNGY0UjMQ4hT1gKh51b20RbV7sjNMTlPCYwqnXdWBcXoulFOj9iC1A8sFZeeZ0XL3PNPonrT-Y5Cd_9VTU9JiPh-C3xJXyH9C0EY9oV3ZttIPo7CeR071zQ_10WPcLagSl4lWhsemptb-c590B9cLHPAXbQ782gMTrprE6IstlvyhLsOMo4ryjPyeWrzlwZaqC6p8s-kgj43CvmMj7CaJdZ8H8HAwVaPreVEe_NqHhWIVJlpu-NuJn9aOgFs3CSKFDJ_nnSPVPcUkesTlrjkq1-DUIoh-B8UVR0Yk4jsReNwG0Ypv2wKx1W2zecsr2DAo4VK-h82xahag3EhNGkzZla22WD447ufs034GUlSGEfT12B0mkt2a9rTU2d0y32A-cjw4MJUf4qNdLxjt--UFzKBRvxSy45jzu7jnagg5OoCqXt3_XW-1f4NR5PoT17H4jkgb06Jc7sbJnaCB4h_Gg60ga8CCgbvZfTCnDKYhfnZNv3P-Vj-Qil1phn6CB5npExpy0afsu95BIbmdfDYnh4ylQn6WEfWV2AVXUjagUSfIUS6WqZuvAEX85BUBv1OfUiqbofpTilD2pIW3Mjq7aZU79s4tkFFBQGOlTDUkQ4BZZ9notf37DAtI3C1Uj6XPI1NTSxVblSZROqyR8pItUfveMTpaAGi_P-XvY4EU",
            "facilitated_booking_available": true,
            "pnr_count": 2,
            "has_airport_change": false,
            "technical_stops": 0,
            "throw_away_ticketing": false,
            "hidden_city_ticketing": false,
            "virtual_interlining": false
        },
        {
            "id": "0b7717884e4300008a679150_0|17880b774e45000091c6acc3_0",
            "flyFrom": "BUD",
            "flyTo": "HAM",
            "cityFrom": "Budapest",
            "cityCodeFrom": "BUD",
            "cityTo": "Hamburg",
            "cityCodeTo": "HAM",
            "countryFrom": {
                "code": "HU",
                "name": "Hungary"
            },
            "countryTo": {
                "code": "DE",
                "name": "Germany"
            },
            "local_departure": "2024-11-08T20:35:00.000Z",
            "utc_departure": "2024-11-08T19:35:00.000Z",
            "local_arrival": "2024-11-08T22:25:00.000Z",
            "utc_arrival": "2024-11-08T21:25:00.000Z",
            "nightsInDest": 2,
            "quality": 199.666535,
            "distance": 949.98,
            "duration": {
                "departure": 6600,
                "return": 6300,
                "total": 12900
            },
            "price": 147,
            "conversion": {
                "EUR": 147
            },
            "fare": {
                "adults": 147,
                "children": 147,
                "infants": 147
            },
            "fare_locks": {
                "EUR": [
                    {
                        "default": false,
                        "duration": "P1D",
                        "itinerary_price_limit": 347,
                        "itinerary_price_remaining": 147,
                        "fare_lock_kind": "fee",
                        "price": 7.35,
                        "rule_instance_id": 26749,
                        "version": "v1"
                    },
                    {
                        "default": true,
                        "duration": "P3D",
                        "itinerary_price_limit": 347,
                        "itinerary_price_remaining": 147,
                        "fare_lock_kind": "fee",
                        "price": 14.7,
                        "rule_instance_id": 26748,
                        "version": "v1"
                    },
                    {
                        "default": false,
                        "duration": "P7D",
                        "itinerary_price_limit": 347,
                        "itinerary_price_remaining": 147,
                        "fare_lock_kind": "fee",
                        "price": 36.75,
                        "rule_instance_id": 26750,
                        "version": "v1"
                    }
                ]
            },
            "bags_price": {
                "1": 72.8,
                "2": 282.8
            },
            "baglimit": {
                "hand_dimensions_sum": 118,
                "hand_height": 40,
                "hand_length": 55,
                "hand_weight": 8,
                "hand_width": 23,
                "hold_dimensions_sum": 158,
                "hold_height": 52,
                "hold_length": 78,
                "hold_weight": 23,
                "hold_width": 28,
                "personal_item_dimension_sum": 95,
                "personal_item_height": 30,
                "personal_item_length": 40,
                "personal_item_weight": 8,
                "personal_item_width": 25
            },
            "availability": {
                "seats": 9
            },
            "airlines": [
                "EW"
            ],
            "route": [
                {
                    "id": "0b7717884e4300008a679150_0",
                    "combination_id": "0b7717884e4300008a679150",
                    "flyFrom": "BUD",
                    "flyTo": "HAM",
                    "cityFrom": "Budapest",
                    "cityCodeFrom": "BUD",
                    "cityTo": "Hamburg",
                    "cityCodeTo": "HAM",
                    "local_departure": "2024-11-08T20:35:00.000Z",
                    "utc_departure": "2024-11-08T19:35:00.000Z",
                    "local_arrival": "2024-11-08T22:25:00.000Z",
                    "utc_arrival": "2024-11-08T21:25:00.000Z",
                    "airline": "EW",
                    "flight_no": 7781,
                    "operating_carrier": "EW",
                    "operating_flight_no": "7781",
                    "fare_basis": "",
                    "fare_category": "M",
                    "fare_classes": "",
                    "return": 0,
                    "bags_recheck_required": false,
                    "vi_connection": false,
                    "guarantee": false,
                    "equipment": null,
                    "vehicle_type": "aircraft"
                },
                {
                    "id": "17880b774e45000091c6acc3_0",
                    "combination_id": "17880b774e45000091c6acc3",
                    "flyFrom": "HAM",
                    "flyTo": "BUD",
                    "cityFrom": "Hamburg",
                    "cityCodeFrom": "HAM",
                    "cityTo": "Budapest",
                    "cityCodeTo": "BUD",
                    "local_departure": "2024-11-10T13:05:00.000Z",
                    "utc_departure": "2024-11-10T12:05:00.000Z",
                    "local_arrival": "2024-11-10T14:50:00.000Z",
                    "utc_arrival": "2024-11-10T13:50:00.000Z",
                    "airline": "EW",
                    "flight_no": 7780,
                    "operating_carrier": "EW",
                    "operating_flight_no": "7780",
                    "fare_basis": "",
                    "fare_category": "M",
                    "fare_classes": "N",
                    "return": 1,
                    "bags_recheck_required": false,
                    "vi_connection": false,
                    "guarantee": false,
                    "equipment": null,
                    "vehicle_type": "aircraft"
                }
            ],
            "booking_token": "HFz6uOfVjUwl-8oePinBNSjKIotTggXeosw3kIAUb8E5YKJEtTco7jdx8mqAJEjvNV5389AxZ0NPqMca1FAnYLs4y7WLadrpqeYgwk94_L172luXzKCMOnQsyRrh-y-Gp8dChPWra2QuJYgFbz7vZQuzi36XmzmsF5zZtj33RDLBybIPgCcBM7cM_ajK8sdOg_9m1GXkOj23MimlnCBKqbjftLD_Y300Eb0IJY5ZcAM0lpG863-sg-BwF9bwIASRS0akohnIK8ODIaHpSFkPbc_fa1Qs6sr3SD5UOBDvazxC_cjk2JbWoorMPJn77cQlMWePrGlCegVYXEl3it_m3gqt_-hDiok_fW9JZX5abzrugn2M6I1UnynL_Cwd-noVM_y7BLleDwHOrCNEaxy9toiYBdtzwURf2lcE-EiyEM_AU-L17av19Xw1hGCHvoIsWihYRFODCnlcW82a3WdCUNiJXVwlq-c5sLuZqU-isVF7Peyh1FX3oqaXnRU61wyw8y9-xglYFdpaPz7QwjNhBzBepHOMsspaSYLNR1VCxYjAsbMwOwGTCMzHY0igXAnV9_4hDAXZrUyCuC6UGl0qeA9ZXrf2m_t3ZsxXZ4xEsCqZQs_AHPELNGrWPCKZyPtidbcYBIifKth8MDGE_qOPaVGgkh1oYqrvueJiQ1q8BQwU=",
            "deep_link": "https://www.kiwi.com/deep?affilid=mihalytest&currency=EUR&flightsId=0b7717884e4300008a679150_0%7C17880b774e45000091c6acc3_0&from=BUD&lang=en&passengers=1&to=HAM&booking_token=HFz6uOfVjUwl-8oePinBNSjKIotTggXeosw3kIAUb8E5YKJEtTco7jdx8mqAJEjvNV5389AxZ0NPqMca1FAnYLs4y7WLadrpqeYgwk94_L172luXzKCMOnQsyRrh-y-Gp8dChPWra2QuJYgFbz7vZQuzi36XmzmsF5zZtj33RDLBybIPgCcBM7cM_ajK8sdOg_9m1GXkOj23MimlnCBKqbjftLD_Y300Eb0IJY5ZcAM0lpG863-sg-BwF9bwIASRS0akohnIK8ODIaHpSFkPbc_fa1Qs6sr3SD5UOBDvazxC_cjk2JbWoorMPJn77cQlMWePrGlCegVYXEl3it_m3gqt_-hDiok_fW9JZX5abzrugn2M6I1UnynL_Cwd-noVM_y7BLleDwHOrCNEaxy9toiYBdtzwURf2lcE-EiyEM_AU-L17av19Xw1hGCHvoIsWihYRFODCnlcW82a3WdCUNiJXVwlq-c5sLuZqU-isVF7Peyh1FX3oqaXnRU61wyw8y9-xglYFdpaPz7QwjNhBzBepHOMsspaSYLNR1VCxYjAsbMwOwGTCMzHY0igXAnV9_4hDAXZrUyCuC6UGl0qeA9ZXrf2m_t3ZsxXZ4xEsCqZQs_AHPELNGrWPCKZyPtidbcYBIifKth8MDGE_qOPaVGgkh1oYqrvueJiQ1q8BQwU=",
            "facilitated_booking_available": true,
            "pnr_count": 2,
            "has_airport_change": false,
            "technical_stops": 0,
            "throw_away_ticketing": false,
            "hidden_city_ticketing": false,
            "virtual_interlining": false
        },
        {
            "id": "0b7717884e4300008a679150_0|178823334e46000051c284cb_0|23330b774e4600009c9044ab_0",
            "flyFrom": "BUD",
            "flyTo": "HAM",
            "cityFrom": "Budapest",
            "cityCodeFrom": "BUD",
            "cityTo": "Hamburg",
            "cityCodeTo": "HAM",
            "countryFrom": {
                "code": "HU",
                "name": "Hungary"
            },
            "countryTo": {
                "code": "DE",
                "name": "Germany"
            },
            "local_departure": "2024-11-08T20:35:00.000Z",
            "utc_departure": "2024-11-08T19:35:00.000Z",
            "local_arrival": "2024-11-08T22:25:00.000Z",
            "utc_arrival": "2024-11-08T21:25:00.000Z",
            "nightsInDest": 3,
            "quality": 242.999765,
            "distance": 949.98,
            "duration": {
                "departure": 6600,
                "return": 24900,
                "total": 31500
            },
            "price": 149,
            "conversion": {
                "EUR": 149
            },
            "fare": {
                "adults": 149,
                "children": 149,
                "infants": 149
            },
            "fare_locks": {
                "EUR": [
                    {
                        "default": false,
                        "duration": "P1D",
                        "itinerary_price_limit": 349,
                        "itinerary_price_remaining": 149,
                        "fare_lock_kind": "fee",
                        "price": 7.45,
                        "rule_instance_id": 26749,
                        "version": "v1"
                    },
                    {
                        "default": true,
                        "duration": "P3D",
                        "itinerary_price_limit": 349,
                        "itinerary_price_remaining": 149,
                        "fare_lock_kind": "fee",
                        "price": 14.9,
                        "rule_instance_id": 26748,
                        "version": "v1"
                    },
                    {
                        "default": false,
                        "duration": "P7D",
                        "itinerary_price_limit": 349,
                        "itinerary_price_remaining": 149,
                        "fare_lock_kind": "fee",
                        "price": 37.25,
                        "rule_instance_id": 26750,
                        "version": "v1"
                    }
                ]
            },
            "bags_price": {
                "1": 183.274,
                "2": 435.148
            },
            "baglimit": {
                "hand_dimensions_sum": 118,
                "hand_height": 40,
                "hand_length": 55,
                "hand_weight": 8,
                "hand_width": 23,
                "hold_dimensions_sum": 158,
                "hold_height": 52,
                "hold_length": 78,
                "hold_weight": 20,
                "hold_width": 28,
                "personal_item_dimension_sum": 90,
                "personal_item_height": 30,
                "personal_item_length": 40,
                "personal_item_weight": 8,
                "personal_item_width": 20
            },
            "availability": {
                "seats": 1
            },
            "airlines": [
                "EW",
                "W4",
                "W6"
            ],
            "route": [
                {
                    "id": "0b7717884e4300008a679150_0",
                    "combination_id": "0b7717884e4300008a679150",
                    "flyFrom": "BUD",
                    "flyTo": "HAM",
                    "cityFrom": "Budapest",
                    "cityCodeFrom": "BUD",
                    "cityTo": "Hamburg",
                    "cityCodeTo": "HAM",
                    "local_departure": "2024-11-08T20:35:00.000Z",
                    "utc_departure": "2024-11-08T19:35:00.000Z",
                    "local_arrival": "2024-11-08T22:25:00.000Z",
                    "utc_arrival": "2024-11-08T21:25:00.000Z",
                    "airline": "EW",
                    "flight_no": 7781,
                    "operating_carrier": "EW",
                    "operating_flight_no": "7781",
                    "fare_basis": "",
                    "fare_category": "M",
                    "fare_classes": "",
                    "return": 0,
                    "bags_recheck_required": false,
                    "vi_connection": false,
                    "guarantee": false,
                    "equipment": null,
                    "vehicle_type": "aircraft"
                },
                {
                    "id": "178823334e46000051c284cb_0",
                    "combination_id": "178823334e46000051c284cb",
                    "flyFrom": "HAM",
                    "flyTo": "TIA",
                    "cityFrom": "Hamburg",
                    "cityCodeFrom": "HAM",
                    "cityTo": "Tirana",
                    "cityCodeTo": "TIA",
                    "local_departure": "2024-11-11T16:15:00.000Z",
                    "utc_departure": "2024-11-11T15:15:00.000Z",
                    "local_arrival": "2024-11-11T18:45:00.000Z",
                    "utc_arrival": "2024-11-11T17:45:00.000Z",
                    "airline": "W4",
                    "flight_no": 5108,
                    "operating_carrier": "",
                    "operating_flight_no": "",
                    "fare_basis": "",
                    "fare_category": "M",
                    "fare_classes": "",
                    "return": 1,
                    "bags_recheck_required": false,
                    "vi_connection": false,
                    "guarantee": false,
                    "equipment": null,
                    "vehicle_type": "aircraft"
                },
                {
                    "id": "23330b774e4600009c9044ab_0",
                    "combination_id": "23330b774e4600009c9044ab",
                    "flyFrom": "TIA",
                    "flyTo": "BUD",
                    "cityFrom": "Tirana",
                    "cityCodeFrom": "TIA",
                    "cityTo": "Budapest",
                    "cityCodeTo": "BUD",
                    "local_departure": "2024-11-11T21:35:00.000Z",
                    "utc_departure": "2024-11-11T20:35:00.000Z",
                    "local_arrival": "2024-11-11T23:10:00.000Z",
                    "utc_arrival": "2024-11-11T22:10:00.000Z",
                    "airline": "W6",
                    "flight_no": 2234,
                    "operating_carrier": "",
                    "operating_flight_no": "",
                    "fare_basis": "",
                    "fare_category": "M",
                    "fare_classes": "",
                    "return": 1,
                    "bags_recheck_required": true,
                    "vi_connection": true,
                    "guarantee": true,
                    "equipment": null,
                    "vehicle_type": "aircraft"
                }
            ],
            "booking_token": "H0O2PHCcFWChgEHAfi4KAAr_W9qrACupVMZWHS5kVvkY6YhTbG-f-3Hmsbb0DKHsAJobEQCDXd1GLxWP7WnPRXhbmweuDuNa03HpnxGHwBFw-cMGMwEqZ5uAj0JvnMJvFrMgQ3s6UiZZu_aZ5uqWScaL_BOanOxNu9OFXCuI2Dxy-etrSvx0DkIfr2g9hliEwBJu6dQpuoHMWZQqBFkLdurR43OzBIwMrUS_byn7bKBP17glI8VbffHANJq_H-SYEo1YDnflNeW_SrvssbmdJtpOZ7MkyfFoU7LxX0nKy_PnVNXLhS-PmEACAWTA3MqnA2etpboQlZuM_yZ5uH1p00TCPUlPnwJ_6N4an7Wbp98pAgSLwjtmLfVtGpD0ALJ3H6A3BaXealPlX7Bw7iJzzzOU9O-J7hfLwXpBmQTsDBdsK2eRHQDOyEeI-jBlLS36FfWOO21wtR2P0bAW3j-eE13wkxFMC4OcXPxPVN0I6vO3tkpwR5YbdaaiRkRPU4PpNR9XxZ2xVnj6IJei8c4reT8MtgsJdiskprpqGpI432JhAp0sNeZSauFFmSX3fYBOMewgLDwe7xIQ9aJqoeq3LFPWJKYJNIrH-D3nhbr_xiwuLGB0OGbh5T_xEQwRB2qPHAVcziVrHn-1JLaiArEBYfOFA9gy-Gm9PisCoYEx4313Wz9Bi1sapMxOSe007sP-OnxhCeE86hIiSKWjGFTKA7wx0gFd3XH18OGyq2DdXnOliL1fIndv0L2JR2wjZo6I1bSqUsU2RssYJQlZ4Dt_MEQ==",
            "deep_link": "https://www.kiwi.com/deep?affilid=mihalytest&currency=EUR&flightsId=0b7717884e4300008a679150_0%7C178823334e46000051c284cb_0%7C23330b774e4600009c9044ab_0&from=BUD&lang=en&passengers=1&to=HAM&booking_token=H0O2PHCcFWChgEHAfi4KAAr_W9qrACupVMZWHS5kVvkY6YhTbG-f-3Hmsbb0DKHsAJobEQCDXd1GLxWP7WnPRXhbmweuDuNa03HpnxGHwBFw-cMGMwEqZ5uAj0JvnMJvFrMgQ3s6UiZZu_aZ5uqWScaL_BOanOxNu9OFXCuI2Dxy-etrSvx0DkIfr2g9hliEwBJu6dQpuoHMWZQqBFkLdurR43OzBIwMrUS_byn7bKBP17glI8VbffHANJq_H-SYEo1YDnflNeW_SrvssbmdJtpOZ7MkyfFoU7LxX0nKy_PnVNXLhS-PmEACAWTA3MqnA2etpboQlZuM_yZ5uH1p00TCPUlPnwJ_6N4an7Wbp98pAgSLwjtmLfVtGpD0ALJ3H6A3BaXealPlX7Bw7iJzzzOU9O-J7hfLwXpBmQTsDBdsK2eRHQDOyEeI-jBlLS36FfWOO21wtR2P0bAW3j-eE13wkxFMC4OcXPxPVN0I6vO3tkpwR5YbdaaiRkRPU4PpNR9XxZ2xVnj6IJei8c4reT8MtgsJdiskprpqGpI432JhAp0sNeZSauFFmSX3fYBOMewgLDwe7xIQ9aJqoeq3LFPWJKYJNIrH-D3nhbr_xiwuLGB0OGbh5T_xEQwRB2qPHAVcziVrHn-1JLaiArEBYfOFA9gy-Gm9PisCoYEx4313Wz9Bi1sapMxOSe007sP-OnxhCeE86hIiSKWjGFTKA7wx0gFd3XH18OGyq2DdXnOliL1fIndv0L2JR2wjZo6I1bSqUsU2RssYJQlZ4Dt_MEQ==",
            "facilitated_booking_available": false,
            "pnr_count": 3,
            "has_airport_change": false,
            "technical_stops": 0,
            "throw_away_ticketing": false,
            "hidden_city_ticketing": false,
            "virtual_interlining": true
        },
        {
            "id": "0b7717884e2500000857725e_0|1788065b4e290000aa568a01_0|065b0b774e2900009f164097_0",
            "flyFrom": "BUD",
            "flyTo": "HAM",
            "cityFrom": "Budapest",
            "cityCodeFrom": "BUD",
            "cityTo": "Hamburg",
            "cityCodeTo": "HAM",
            "countryFrom": {
                "code": "HU",
                "name": "Hungary"
            },
            "countryTo": {
                "code": "DE",
                "name": "Germany"
            },
            "local_departure": "2024-10-09T20:45:00.000Z",
            "utc_departure": "2024-10-09T18:45:00.000Z",
            "local_arrival": "2024-10-09T22:30:00.000Z",
            "utc_arrival": "2024-10-09T20:30:00.000Z",
            "nightsInDest": 4,
            "quality": 248.333085,
            "distance": 949.98,
            "duration": {
                "departure": 6300,
                "return": 27600,
                "total": 33900
            },
            "price": 149,
            "conversion": {
                "EUR": 149
            },
            "fare": {
                "adults": 149,
                "children": 149,
                "infants": 149
            },
            "fare_locks": {
                "EUR": [
                    {
                        "default": false,
                        "duration": "P1D",
                        "itinerary_price_limit": 349,
                        "itinerary_price_remaining": 149,
                        "fare_lock_kind": "fee",
                        "price": 7.45,
                        "rule_instance_id": 26749,
                        "version": "v1"
                    },
                    {
                        "default": true,
                        "duration": "P3D",
                        "itinerary_price_limit": 349,
                        "itinerary_price_remaining": 149,
                        "fare_lock_kind": "fee",
                        "price": 14.9,
                        "rule_instance_id": 26748,
                        "version": "v1"
                    },
                    {
                        "default": false,
                        "duration": "P7D",
                        "itinerary_price_limit": 349,
                        "itinerary_price_remaining": 149,
                        "fare_lock_kind": "fee",
                        "price": 37.25,
                        "rule_instance_id": 26750,
                        "version": "v1"
                    }
                ]
            },
            "bags_price": {
                "1": 160.888,
                "2": 390.376
            },
            "baglimit": {
                "hand_dimensions_sum": 118,
                "hand_height": 40,
                "hand_length": 55,
                "hand_weight": 8,
                "hand_width": 23,
                "hold_dimensions_sum": 158,
                "hold_height": 52,
                "hold_length": 78,
                "hold_weight": 20,
                "hold_width": 28,
                "personal_item_dimension_sum": 90,
                "personal_item_height": 30,
                "personal_item_length": 40,
                "personal_item_weight": 8,
                "personal_item_width": 20
            },
            "availability": {
                "seats": 5
            },
            "airlines": [
                "W4",
                "W6",
                "EW"
            ],
            "route": [
                {
                    "id": "0b7717884e2500000857725e_0",
                    "combination_id": "0b7717884e2500000857725e",
                    "flyFrom": "BUD",
                    "flyTo": "HAM",
                    "cityFrom": "Budapest",
                    "cityCodeFrom": "BUD",
                    "cityTo": "Hamburg",
                    "cityCodeTo": "HAM",
                    "local_departure": "2024-10-09T20:45:00.000Z",
                    "utc_departure": "2024-10-09T18:45:00.000Z",
                    "local_arrival": "2024-10-09T22:30:00.000Z",
                    "utc_arrival": "2024-10-09T20:30:00.000Z",
                    "airline": "EW",
                    "flight_no": 7783,
                    "operating_carrier": "EW",
                    "operating_flight_no": "7783",
                    "fare_basis": "",
                    "fare_category": "M",
                    "fare_classes": "",
                    "return": 0,
                    "bags_recheck_required": false,
                    "vi_connection": false,
                    "guarantee": false,
                    "equipment": null,
                    "vehicle_type": "aircraft"
                },
                {
                    "id": "1788065b4e290000aa568a01_0",
                    "combination_id": "1788065b4e290000aa568a01",
                    "flyFrom": "HAM",
                    "flyTo": "OTP",
                    "cityFrom": "Hamburg",
                    "cityCodeFrom": "HAM",
                    "cityTo": "Bucharest",
                    "cityCodeTo": "BUH",
                    "local_departure": "2024-10-13T09:55:00.000Z",
                    "utc_departure": "2024-10-13T07:55:00.000Z",
                    "local_arrival": "2024-10-13T13:30:00.000Z",
                    "utc_arrival": "2024-10-13T10:30:00.000Z",
                    "airline": "W4",
                    "flight_no": 3096,
                    "operating_carrier": "",
                    "operating_flight_no": "",
                    "fare_basis": "",
                    "fare_category": "M",
                    "fare_classes": "",
                    "return": 1,
                    "bags_recheck_required": false,
                    "vi_connection": false,
                    "guarantee": false,
                    "equipment": null,
                    "vehicle_type": "aircraft"
                },
                {
                    "id": "065b0b774e2900009f164097_0",
                    "combination_id": "065b0b774e2900009f164097",
                    "flyFrom": "OTP",
                    "flyTo": "BUD",
                    "cityFrom": "Bucharest",
                    "cityCodeFrom": "BUH",
                    "cityTo": "Budapest",
                    "cityCodeTo": "BUD",
                    "local_departure": "2024-10-13T16:50:00.000Z",
                    "utc_departure": "2024-10-13T13:50:00.000Z",
                    "local_arrival": "2024-10-13T17:35:00.000Z",
                    "utc_arrival": "2024-10-13T15:35:00.000Z",
                    "airline": "W6",
                    "flight_no": 3291,
                    "operating_carrier": "",
                    "operating_flight_no": "",
                    "fare_basis": "",
                    "fare_category": "M",
                    "fare_classes": "",
                    "return": 1,
                    "bags_recheck_required": true,
                    "vi_connection": true,
                    "guarantee": true,
                    "equipment": null,
                    "vehicle_type": "aircraft"
                }
            ],
            "booking_token": "HvWj6oWpMjdK2aTDKCxUrrrXQmeY1Ov-rJWRQNGcjZzeXlbukALul3Xa3scIVE2vIFuLr3ZWwEAc9K26PU4h_xu3k4tXYe85WdaTyKV3nKL2k9pNBUJqYt9mwTXTf1Ugim4nmUhUIPHXReyPaMzQUxNKFWzg4nN4ys1Ri2eg_psqVUkolH32xrpbJ884CZsjAs7KkgnQd_N-FfSrLt7vM3Dhgue5z-Pi_Cp2Aa7Yv1IHtstTwKOLRBis2iEo9jdg2pblpnXlUg9VZX-UQGgl7FFPvSztCqZ3guhuP4QMXccuSx_v_dYYyjgket2DFnomypLBpCwLBaYh5OCTges3_-CM-DmNo715yULKk7dr6HPLNm4JYG_RUGF06rs8rMqyOD1N26E2kHQJzQaFy41NusCw9txWtnqlH_2zJTbYkY3l_VakkOTHUtREXspGWNuVk2XSCtvTtPIiZPW5tdDjqrnug0kh6_szmxpGeeHynEuZWKTASAzHonYx9WeGcCgpM35_DjL_-CtcLTvDlHDhDJTenJ5WeVtiRLgYn6vXXdAelDkVKrXTndFpKBkQfPRaZxsAyHPXrXt-FrDaz7G1cmps87MXzFVctiVcNkmu4R1lXcD5avFL4YviBkZs0D1wF2pEJTUram0lCAb1mvgC0xa86BKzZZPZKaXEAuWoi3U__0bcMlX9xVH64Ce1QYWf2D-jnOaOWSyIWmoZsfk7Etd23-j68u6KFLLDoEaMJGAOtQr35u9yH38fqPm35522OjfxtTnMwxGC7rNpgS2e7Zw==",
            "deep_link": "https://www.kiwi.com/deep?affilid=mihalytest&currency=EUR&flightsId=0b7717884e2500000857725e_0%7C1788065b4e290000aa568a01_0%7C065b0b774e2900009f164097_0&from=BUD&lang=en&passengers=1&to=HAM&booking_token=HvWj6oWpMjdK2aTDKCxUrrrXQmeY1Ov-rJWRQNGcjZzeXlbukALul3Xa3scIVE2vIFuLr3ZWwEAc9K26PU4h_xu3k4tXYe85WdaTyKV3nKL2k9pNBUJqYt9mwTXTf1Ugim4nmUhUIPHXReyPaMzQUxNKFWzg4nN4ys1Ri2eg_psqVUkolH32xrpbJ884CZsjAs7KkgnQd_N-FfSrLt7vM3Dhgue5z-Pi_Cp2Aa7Yv1IHtstTwKOLRBis2iEo9jdg2pblpnXlUg9VZX-UQGgl7FFPvSztCqZ3guhuP4QMXccuSx_v_dYYyjgket2DFnomypLBpCwLBaYh5OCTges3_-CM-DmNo715yULKk7dr6HPLNm4JYG_RUGF06rs8rMqyOD1N26E2kHQJzQaFy41NusCw9txWtnqlH_2zJTbYkY3l_VakkOTHUtREXspGWNuVk2XSCtvTtPIiZPW5tdDjqrnug0kh6_szmxpGeeHynEuZWKTASAzHonYx9WeGcCgpM35_DjL_-CtcLTvDlHDhDJTenJ5WeVtiRLgYn6vXXdAelDkVKrXTndFpKBkQfPRaZxsAyHPXrXt-FrDaz7G1cmps87MXzFVctiVcNkmu4R1lXcD5avFL4YviBkZs0D1wF2pEJTUram0lCAb1mvgC0xa86BKzZZPZKaXEAuWoi3U__0bcMlX9xVH64Ce1QYWf2D-jnOaOWSyIWmoZsfk7Etd23-j68u6KFLLDoEaMJGAOtQr35u9yH38fqPm35522OjfxtTnMwxGC7rNpgS2e7Zw==",
            "facilitated_booking_available": false,
            "pnr_count": 3,
            "has_airport_change": false,
            "technical_stops": 0,
            "throw_away_ticketing": false,
            "hidden_city_ticketing": false,
            "virtual_interlining": true
        },
        {
            "id": "0b7717884e4a00005703b3b2_0|17880b774e4c00006775c677_0",
            "flyFrom": "BUD",
            "flyTo": "HAM",
            "cityFrom": "Budapest",
            "cityCodeFrom": "BUD",
            "cityTo": "Hamburg",
            "cityCodeTo": "HAM",
            "countryFrom": {
                "code": "HU",
                "name": "Hungary"
            },
            "countryTo": {
                "code": "DE",
                "name": "Germany"
            },
            "local_departure": "2024-11-15T20:35:00.000Z",
            "utc_departure": "2024-11-15T19:35:00.000Z",
            "local_arrival": "2024-11-15T22:25:00.000Z",
            "utc_arrival": "2024-11-15T21:25:00.000Z",
            "nightsInDest": 2,
            "quality": 202.666535,
            "distance": 949.98,
            "duration": {
                "departure": 6600,
                "return": 6300,
                "total": 12900
            },
            "price": 150,
            "conversion": {
                "EUR": 150
            },
            "fare": {
                "adults": 150,
                "children": 150,
                "infants": 150
            },
            "fare_locks": {
                "EUR": [
                    {
                        "default": false,
                        "duration": "P1D",
                        "itinerary_price_limit": 350,
                        "itinerary_price_remaining": 150,
                        "fare_lock_kind": "fee",
                        "price": 7.5,
                        "rule_instance_id": 26749,
                        "version": "v1"
                    },
                    {
                        "default": true,
                        "duration": "P3D",
                        "itinerary_price_limit": 350,
                        "itinerary_price_remaining": 150,
                        "fare_lock_kind": "fee",
                        "price": 15,
                        "rule_instance_id": 26748,
                        "version": "v1"
                    },
                    {
                        "default": false,
                        "duration": "P7D",
                        "itinerary_price_limit": 350,
                        "itinerary_price_remaining": 150,
                        "fare_lock_kind": "fee",
                        "price": 37.5,
                        "rule_instance_id": 26750,
                        "version": "v1"
                    }
                ]
            },
            "bags_price": {
                "1": 72.8,
                "2": 282.8
            },
            "baglimit": {
                "hand_dimensions_sum": 118,
                "hand_height": 40,
                "hand_length": 55,
                "hand_weight": 8,
                "hand_width": 23,
                "hold_dimensions_sum": 158,
                "hold_height": 52,
                "hold_length": 78,
                "hold_weight": 23,
                "hold_width": 28,
                "personal_item_dimension_sum": 95,
                "personal_item_height": 30,
                "personal_item_length": 40,
                "personal_item_weight": 8,
                "personal_item_width": 25
            },
            "availability": {
                "seats": 9
            },
            "airlines": [
                "EW"
            ],
            "route": [
                {
                    "id": "0b7717884e4a00005703b3b2_0",
                    "combination_id": "0b7717884e4a00005703b3b2",
                    "flyFrom": "BUD",
                    "flyTo": "HAM",
                    "cityFrom": "Budapest",
                    "cityCodeFrom": "BUD",
                    "cityTo": "Hamburg",
                    "cityCodeTo": "HAM",
                    "local_departure": "2024-11-15T20:35:00.000Z",
                    "utc_departure": "2024-11-15T19:35:00.000Z",
                    "local_arrival": "2024-11-15T22:25:00.000Z",
                    "utc_arrival": "2024-11-15T21:25:00.000Z",
                    "airline": "EW",
                    "flight_no": 7781,
                    "operating_carrier": "EW",
                    "operating_flight_no": "7781",
                    "fare_basis": "",
                    "fare_category": "M",
                    "fare_classes": "T",
                    "return": 0,
                    "bags_recheck_required": false,
                    "vi_connection": false,
                    "guarantee": false,
                    "equipment": null,
                    "vehicle_type": "aircraft"
                },
                {
                    "id": "17880b774e4c00006775c677_0",
                    "combination_id": "17880b774e4c00006775c677",
                    "flyFrom": "HAM",
                    "flyTo": "BUD",
                    "cityFrom": "Hamburg",
                    "cityCodeFrom": "HAM",
                    "cityTo": "Budapest",
                    "cityCodeTo": "BUD",
                    "local_departure": "2024-11-17T13:05:00.000Z",
                    "utc_departure": "2024-11-17T12:05:00.000Z",
                    "local_arrival": "2024-11-17T14:50:00.000Z",
                    "utc_arrival": "2024-11-17T13:50:00.000Z",
                    "airline": "EW",
                    "flight_no": 7780,
                    "operating_carrier": "EW",
                    "operating_flight_no": "7780",
                    "fare_basis": "",
                    "fare_category": "M",
                    "fare_classes": "",
                    "return": 1,
                    "bags_recheck_required": false,
                    "vi_connection": false,
                    "guarantee": false,
                    "equipment": null,
                    "vehicle_type": "aircraft"
                }
            ],
            "booking_token": "H1VkOTS8xD0qKJIxi4sFkUW5ssZixisEgwTZ3-CTiZrsruDk2sBsLuIDt2qDLrIB-R_NwF2ALWRYqW7mWubnXASssLKNOIsffAXAZZ3F3LxiWR63AdzU8BlKe8i9yjdBUiEZ5QLfpFKeLYt9ZVAEfxN-cg2HKrjKLlX00LMqtGUk2dnhSm6jg73mgEiG52ad8Vh1PfyNG6jDyafQAZxZYLxzqgZoEwKUwkbMIyOQmREnTr4ZYmMbQZm3bkCQp_BVOAKFaqQ2-PeZ23HAFBXFF7osWzUH_3gR7UwlA_xakkjQO54_abm11xOBlVB2DVfMevvdsfBjj-lpV0qPLZV9CrShpMzbpRDfgZNNafvAsFuHJEOkrgyNspEaAXzdRkZQY-Aq_-UH30_r1mLCwzWcvu1yUKg9hetZ5ZW3dQFfBGuT4gWrpIBFDh9vb2QfcpUn3gKjA891ektp-ZvEGFqUosEu4w5YQetoE86VMF8rogUhpHza8kBH094cC0IIhTL1XSfgi1BpuX5Klrr8-LFEcaOsVvYiQKbCaeKrYIfv4Tp0Z3M0tpUNRFVMkEy0U64avR2GwB5o5KLX3x8Z1DCiT08Vgo86D-0CzGk01Y5W27xP6zXesxf9Yp8GfQzWkKj6dp-0bn0MlR3MsEQkwRXYjI1Sw1obYxn9WhUtLOWZeg-MDfmDk-fOowxqwdLI8X3zC",
            "deep_link": "https://www.kiwi.com/deep?affilid=mihalytest&currency=EUR&flightsId=0b7717884e4a00005703b3b2_0%7C17880b774e4c00006775c677_0&from=BUD&lang=en&passengers=1&to=HAM&booking_token=H1VkOTS8xD0qKJIxi4sFkUW5ssZixisEgwTZ3-CTiZrsruDk2sBsLuIDt2qDLrIB-R_NwF2ALWRYqW7mWubnXASssLKNOIsffAXAZZ3F3LxiWR63AdzU8BlKe8i9yjdBUiEZ5QLfpFKeLYt9ZVAEfxN-cg2HKrjKLlX00LMqtGUk2dnhSm6jg73mgEiG52ad8Vh1PfyNG6jDyafQAZxZYLxzqgZoEwKUwkbMIyOQmREnTr4ZYmMbQZm3bkCQp_BVOAKFaqQ2-PeZ23HAFBXFF7osWzUH_3gR7UwlA_xakkjQO54_abm11xOBlVB2DVfMevvdsfBjj-lpV0qPLZV9CrShpMzbpRDfgZNNafvAsFuHJEOkrgyNspEaAXzdRkZQY-Aq_-UH30_r1mLCwzWcvu1yUKg9hetZ5ZW3dQFfBGuT4gWrpIBFDh9vb2QfcpUn3gKjA891ektp-ZvEGFqUosEu4w5YQetoE86VMF8rogUhpHza8kBH094cC0IIhTL1XSfgi1BpuX5Klrr8-LFEcaOsVvYiQKbCaeKrYIfv4Tp0Z3M0tpUNRFVMkEy0U64avR2GwB5o5KLX3x8Z1DCiT08Vgo86D-0CzGk01Y5W27xP6zXesxf9Yp8GfQzWkKj6dp-0bn0MlR3MsEQkwRXYjI1Sw1obYxn9WhUtLOWZeg-MDfmDk-fOowxqwdLI8X3zC",
            "facilitated_booking_available": true,
            "pnr_count": 2,
            "has_airport_change": false,
            "technical_stops": 0,
            "throw_away_ticketing": false,
            "hidden_city_ticketing": false,
            "virtual_interlining": false
        },
        {
            "id": "0b7717884e3f0000e7ee6f7c_0|0b7717884e3f0000e7ee6f7c_1|17880b774e4600003cb1f87b_0",
            "flyFrom": "BUD",
            "flyTo": "HAM",
            "cityFrom": "Budapest",
            "cityCodeFrom": "BUD",
            "cityTo": "Hamburg",
            "cityCodeTo": "HAM",
            "countryFrom": {
                "code": "HU",
                "name": "Hungary"
            },
            "countryTo": {
                "code": "DE",
                "name": "Germany"
            },
            "local_departure": "2024-11-04T15:15:00.000Z",
            "utc_departure": "2024-11-04T14:15:00.000Z",
            "local_arrival": "2024-11-04T19:45:00.000Z",
            "utc_arrival": "2024-11-04T18:45:00.000Z",
            "nightsInDest": 7,
            "quality": 223.999815,
            "distance": 949.98,
            "duration": {
                "departure": 16200,
                "return": 6300,
                "total": 22500
            },
            "price": 150,
            "conversion": {
                "EUR": 150
            },
            "fare": {
                "adults": 150,
                "children": 150,
                "infants": 150
            },
            "fare_locks": {
                "EUR": [
                    {
                        "default": false,
                        "duration": "P1D",
                        "itinerary_price_limit": 350,
                        "itinerary_price_remaining": 150,
                        "fare_lock_kind": "fee",
                        "price": 7.5,
                        "rule_instance_id": 26749,
                        "version": "v1"
                    },
                    {
                        "default": true,
                        "duration": "P3D",
                        "itinerary_price_limit": 350,
                        "itinerary_price_remaining": 150,
                        "fare_lock_kind": "fee",
                        "price": 15,
                        "rule_instance_id": 26748,
                        "version": "v1"
                    },
                    {
                        "default": false,
                        "duration": "P7D",
                        "itinerary_price_limit": 350,
                        "itinerary_price_remaining": 150,
                        "fare_lock_kind": "fee",
                        "price": 37.5,
                        "rule_instance_id": 26750,
                        "version": "v1"
                    }
                ]
            },
            "bags_price": {
                "1": 113.4
            },
            "baglimit": {
                "hand_dimensions_sum": 118,
                "hand_height": 40,
                "hand_length": 55,
                "hand_weight": 8,
                "hand_width": 23,
                "hold_dimensions_sum": 158,
                "hold_height": 52,
                "hold_length": 78,
                "hold_weight": 23,
                "hold_width": 28,
                "personal_item_dimension_sum": 80,
                "personal_item_height": 30,
                "personal_item_length": 40,
                "personal_item_weight": 4,
                "personal_item_width": 10
            },
            "availability": {
                "seats": 4
            },
            "airlines": [
                "JU",
                "EW"
            ],
            "route": [
                {
                    "id": "0b7717884e3f0000e7ee6f7c_0",
                    "combination_id": "0b7717884e3f0000e7ee6f7c",
                    "flyFrom": "BUD",
                    "flyTo": "BEG",
                    "cityFrom": "Budapest",
                    "cityCodeFrom": "BUD",
                    "cityTo": "Belgrade",
                    "cityCodeTo": "BEG",
                    "local_departure": "2024-11-04T15:15:00.000Z",
                    "utc_departure": "2024-11-04T14:15:00.000Z",
                    "local_arrival": "2024-11-04T16:20:00.000Z",
                    "utc_arrival": "2024-11-04T15:20:00.000Z",
                    "airline": "JU",
                    "flight_no": 143,
                    "operating_carrier": "JU",
                    "operating_flight_no": "143",
                    "fare_basis": "TNB14OHU",
                    "fare_category": "M",
                    "fare_classes": "T",
                    "return": 0,
                    "bags_recheck_required": false,
                    "vi_connection": false,
                    "guarantee": false,
                    "equipment": null,
                    "vehicle_type": "aircraft"
                },
                {
                    "id": "0b7717884e3f0000e7ee6f7c_1",
                    "combination_id": "0b7717884e3f0000e7ee6f7c",
                    "flyFrom": "BEG",
                    "flyTo": "HAM",
                    "cityFrom": "Belgrade",
                    "cityCodeFrom": "BEG",
                    "cityTo": "Hamburg",
                    "cityCodeTo": "HAM",
                    "local_departure": "2024-11-04T17:30:00.000Z",
                    "utc_departure": "2024-11-04T16:30:00.000Z",
                    "local_arrival": "2024-11-04T19:45:00.000Z",
                    "utc_arrival": "2024-11-04T18:45:00.000Z",
                    "airline": "JU",
                    "flight_no": 292,
                    "operating_carrier": "JU",
                    "operating_flight_no": "292",
                    "fare_basis": "TNB14OHU",
                    "fare_category": "M",
                    "fare_classes": "T",
                    "return": 0,
                    "bags_recheck_required": false,
                    "vi_connection": false,
                    "guarantee": false,
                    "equipment": null,
                    "vehicle_type": "aircraft"
                },
                {
                    "id": "17880b774e4600003cb1f87b_0",
                    "combination_id": "17880b774e4600003cb1f87b",
                    "flyFrom": "HAM",
                    "flyTo": "BUD",
                    "cityFrom": "Hamburg",
                    "cityCodeFrom": "HAM",
                    "cityTo": "Budapest",
                    "cityCodeTo": "BUD",
                    "local_departure": "2024-11-11T06:45:00.000Z",
                    "utc_departure": "2024-11-11T05:45:00.000Z",
                    "local_arrival": "2024-11-11T08:30:00.000Z",
                    "utc_arrival": "2024-11-11T07:30:00.000Z",
                    "airline": "EW",
                    "flight_no": 7780,
                    "operating_carrier": "EW",
                    "operating_flight_no": "7780",
                    "fare_basis": "",
                    "fare_category": "M",
                    "fare_classes": "",
                    "return": 1,
                    "bags_recheck_required": false,
                    "vi_connection": false,
                    "guarantee": false,
                    "equipment": null,
                    "vehicle_type": "aircraft"
                }
            ],
            "booking_token": "HHjQ8LHvbByKN7dTogjcZJ8d7r1YhQItG2hJIfWB5fPaz-a1vkiF2TtQL4KQnBNjDBF7K77s9mGcQ4_iUUPwV-xOoLzxrGFApY1YzfjwcRyZymxC8-AJbJ_Zm8HaoyneedYLj7egVNkRUFmX6FA8kJLpCdT2yER1Rba-b3ciXyEgXqLe2tfvaEqo9joOrzgNi6Vovj-CEsjqHg8hLD3a4ABSVXNxDbGDLW4AQz9WFtb5Gaml9v8VuJ0j2qjdG-rt5495hC_YCEWqAwWQleokyMXGpMq07j7KUk1Bkyu-L9BtT_Ckh1mTVesZXoAcBCtDTDzKRfi5decr2diiyfdI1sz6mHPHYmcJRiIXrgFAQ4eKXmXQJ2HfuVtdNw5VinoxBP-W7PD4FVGiap21fPxMtDKCYAQ_RQBvaQYMcun27M26O9GtjsQtO3yVoqKjxJs_lZbr25P_boliAR-_PrxJR0t_NfLjW4Z8P2AN6pdvJEb3VOI8hFNIOEyV7Ml0G_7z7CCPbA8TQ6R4GNfdl4xY_Ts6b4qJTZadH9vNQgnKJO1FSAl8oVi69VWy1W_deeeWWBATuEqLpWfo1mBzdHRy6a8s8cmuAEv9oVM4cRzoWI4wNldpqNAcTzltSyec51KWOis1DpiaSOVnwn9tAGZPSmIw7C5-bbNWU_HoxWW-ROSPH2xrdLs3SZP3iHIyYk24SQSEAs52Ez2liP-zWNz9zBjzWLRXdQIXDTi7NgSKI18anUaB1JdJhbsRJQo0AnWT-",
            "deep_link": "https://www.kiwi.com/deep?affilid=mihalytest&currency=EUR&flightsId=0b7717884e3f0000e7ee6f7c_0%7C0b7717884e3f0000e7ee6f7c_1%7C17880b774e4600003cb1f87b_0&from=BUD&lang=en&passengers=1&to=HAM&booking_token=HHjQ8LHvbByKN7dTogjcZJ8d7r1YhQItG2hJIfWB5fPaz-a1vkiF2TtQL4KQnBNjDBF7K77s9mGcQ4_iUUPwV-xOoLzxrGFApY1YzfjwcRyZymxC8-AJbJ_Zm8HaoyneedYLj7egVNkRUFmX6FA8kJLpCdT2yER1Rba-b3ciXyEgXqLe2tfvaEqo9joOrzgNi6Vovj-CEsjqHg8hLD3a4ABSVXNxDbGDLW4AQz9WFtb5Gaml9v8VuJ0j2qjdG-rt5495hC_YCEWqAwWQleokyMXGpMq07j7KUk1Bkyu-L9BtT_Ckh1mTVesZXoAcBCtDTDzKRfi5decr2diiyfdI1sz6mHPHYmcJRiIXrgFAQ4eKXmXQJ2HfuVtdNw5VinoxBP-W7PD4FVGiap21fPxMtDKCYAQ_RQBvaQYMcun27M26O9GtjsQtO3yVoqKjxJs_lZbr25P_boliAR-_PrxJR0t_NfLjW4Z8P2AN6pdvJEb3VOI8hFNIOEyV7Ml0G_7z7CCPbA8TQ6R4GNfdl4xY_Ts6b4qJTZadH9vNQgnKJO1FSAl8oVi69VWy1W_deeeWWBATuEqLpWfo1mBzdHRy6a8s8cmuAEv9oVM4cRzoWI4wNldpqNAcTzltSyec51KWOis1DpiaSOVnwn9tAGZPSmIw7C5-bbNWU_HoxWW-ROSPH2xrdLs3SZP3iHIyYk24SQSEAs52Ez2liP-zWNz9zBjzWLRXdQIXDTi7NgSKI18anUaB1JdJhbsRJQo0AnWT-",
            "facilitated_booking_available": true,
            "pnr_count": 2,
            "has_airport_change": false,
            "technical_stops": 0,
            "throw_away_ticketing": false,
            "hidden_city_ticketing": false,
            "virtual_interlining": false
        },
        {
            "id": "0b7717884e5b0000352df78a_0|0b7717884e5b0000352df78a_1|17880b774e620000631e9796_0",
            "flyFrom": "BUD",
            "flyTo": "HAM",
            "cityFrom": "Budapest",
            "cityCodeFrom": "BUD",
            "cityTo": "Hamburg",
            "cityCodeTo": "HAM",
            "countryFrom": {
                "code": "HU",
                "name": "Hungary"
            },
            "countryTo": {
                "code": "DE",
                "name": "Germany"
            },
            "local_departure": "2024-12-02T15:15:00.000Z",
            "utc_departure": "2024-12-02T14:15:00.000Z",
            "local_arrival": "2024-12-02T19:45:00.000Z",
            "utc_arrival": "2024-12-02T18:45:00.000Z",
            "nightsInDest": 7,
            "quality": 223.999815,
            "distance": 949.98,
            "duration": {
                "departure": 16200,
                "return": 6300,
                "total": 22500
            },
            "price": 150,
            "conversion": {
                "EUR": 150
            },
            "fare": {
                "adults": 150,
                "children": 150,
                "infants": 150
            },
            "fare_locks": {
                "EUR": [
                    {
                        "default": false,
                        "duration": "P1D",
                        "itinerary_price_limit": 350,
                        "itinerary_price_remaining": 150,
                        "fare_lock_kind": "fee",
                        "price": 7.5,
                        "rule_instance_id": 26749,
                        "version": "v1"
                    },
                    {
                        "default": true,
                        "duration": "P3D",
                        "itinerary_price_limit": 350,
                        "itinerary_price_remaining": 150,
                        "fare_lock_kind": "fee",
                        "price": 15,
                        "rule_instance_id": 26748,
                        "version": "v1"
                    },
                    {
                        "default": false,
                        "duration": "P7D",
                        "itinerary_price_limit": 350,
                        "itinerary_price_remaining": 150,
                        "fare_lock_kind": "fee",
                        "price": 37.5,
                        "rule_instance_id": 26750,
                        "version": "v1"
                    }
                ]
            },
            "bags_price": {
                "1": 113.4
            },
            "baglimit": {
                "hand_dimensions_sum": 118,
                "hand_height": 40,
                "hand_length": 55,
                "hand_weight": 8,
                "hand_width": 23,
                "hold_dimensions_sum": 158,
                "hold_height": 52,
                "hold_length": 78,
                "hold_weight": 23,
                "hold_width": 28,
                "personal_item_dimension_sum": 80,
                "personal_item_height": 30,
                "personal_item_length": 40,
                "personal_item_weight": 4,
                "personal_item_width": 10
            },
            "availability": {
                "seats": 4
            },
            "airlines": [
                "JU",
                "EW"
            ],
            "route": [
                {
                    "id": "0b7717884e5b0000352df78a_0",
                    "combination_id": "0b7717884e5b0000352df78a",
                    "flyFrom": "BUD",
                    "flyTo": "BEG",
                    "cityFrom": "Budapest",
                    "cityCodeFrom": "BUD",
                    "cityTo": "Belgrade",
                    "cityCodeTo": "BEG",
                    "local_departure": "2024-12-02T15:15:00.000Z",
                    "utc_departure": "2024-12-02T14:15:00.000Z",
                    "local_arrival": "2024-12-02T16:20:00.000Z",
                    "utc_arrival": "2024-12-02T15:20:00.000Z",
                    "airline": "JU",
                    "flight_no": 143,
                    "operating_carrier": "JU",
                    "operating_flight_no": "143",
                    "fare_basis": "TNB14OHU",
                    "fare_category": "M",
                    "fare_classes": "T",
                    "return": 0,
                    "bags_recheck_required": false,
                    "vi_connection": false,
                    "guarantee": false,
                    "equipment": null,
                    "vehicle_type": "aircraft"
                },
                {
                    "id": "0b7717884e5b0000352df78a_1",
                    "combination_id": "0b7717884e5b0000352df78a",
                    "flyFrom": "BEG",
                    "flyTo": "HAM",
                    "cityFrom": "Belgrade",
                    "cityCodeFrom": "BEG",
                    "cityTo": "Hamburg",
                    "cityCodeTo": "HAM",
                    "local_departure": "2024-12-02T17:30:00.000Z",
                    "utc_departure": "2024-12-02T16:30:00.000Z",
                    "local_arrival": "2024-12-02T19:45:00.000Z",
                    "utc_arrival": "2024-12-02T18:45:00.000Z",
                    "airline": "JU",
                    "flight_no": 292,
                    "operating_carrier": "JU",
                    "operating_flight_no": "292",
                    "fare_basis": "TNB14OHU",
                    "fare_category": "M",
                    "fare_classes": "T",
                    "return": 0,
                    "bags_recheck_required": false,
                    "vi_connection": false,
                    "guarantee": false,
                    "equipment": null,
                    "vehicle_type": "aircraft"
                },
                {
                    "id": "17880b774e620000631e9796_0",
                    "combination_id": "17880b774e620000631e9796",
                    "flyFrom": "HAM",
                    "flyTo": "BUD",
                    "cityFrom": "Hamburg",
                    "cityCodeFrom": "HAM",
                    "cityTo": "Budapest",
                    "cityCodeTo": "BUD",
                    "local_departure": "2024-12-09T06:45:00.000Z",
                    "utc_departure": "2024-12-09T05:45:00.000Z",
                    "local_arrival": "2024-12-09T08:30:00.000Z",
                    "utc_arrival": "2024-12-09T07:30:00.000Z",
                    "airline": "EW",
                    "flight_no": 7780,
                    "operating_carrier": "EW",
                    "operating_flight_no": "7780",
                    "fare_basis": "",
                    "fare_category": "M",
                    "fare_classes": "N",
                    "return": 1,
                    "bags_recheck_required": false,
                    "vi_connection": false,
                    "guarantee": false,
                    "equipment": null,
                    "vehicle_type": "aircraft"
                }
            ],
            "booking_token": "HwOonsxDV5JebFsOBNo8X_HrQSDzocc5lPIfw3Te2HGKFygWd0H8t3Lj4bN9HZ-5TSWCxwY8baixC8lXvrhZDPoFD-Rsn4h9RibmhcpmsE3nIuYpzxFjdYamAtiOB67Znnwthd6XUUIpFGlsk18mlcVd7WYM0Zug9ObEe3h32-DWsykXBmmE3dNEEUJqp5o8_6E4CBtRb2SAcHocydobWZfmtNzEx6sN0HRXIfRjK2RmzBU1xZCf2HxwLSW0G_x2dRzM5pRHCFSKsxPMgRmyh9FSOIzzKfZKO-gD4QknQ6JEtIJ51gPkB6kfdhL0WZBM_ACvq-6i-5AVh9p5uRtVz5qgev-W4USiZUEz81kBoLzrobcn0bk8ha5qMu2p9ytf2cXeEj-7kOiDl5HOSZJj_xHUPNluR6BwlmXnfxDzsnppbK0pVqT5VsNqDF3rcH75ShERYlZwDv1yiu_FUWNenfQniattvroTFinqWW_eD1OtPsVF66Ouw-iRRJXWTUJd7Iu35aV1Ksz8e-X4YbIXKb_Zg1fuadl7_ZbnhyKzSkSojgBbzfjgQK1D1n3A4olmDO1X85zdPG9nTKbpkbFf36My6euJAMgbC2ZphhJaOyg6Ry9S0MWDtdIc2SK3WZ3JccyV2THID9UC4Kms-cBwHW4GAcRnWdaoOM_x8NuaP7AFO9HlqK_zS9-z2kGG9psOg2YbO9jaqG7VgbaacXGLHPpQJ7CxleoocT1navdpqCgxM5KIIm80E4frc1AFDkitm",
            "deep_link": "https://www.kiwi.com/deep?affilid=mihalytest&currency=EUR&flightsId=0b7717884e5b0000352df78a_0%7C0b7717884e5b0000352df78a_1%7C17880b774e620000631e9796_0&from=BUD&lang=en&passengers=1&to=HAM&booking_token=HwOonsxDV5JebFsOBNo8X_HrQSDzocc5lPIfw3Te2HGKFygWd0H8t3Lj4bN9HZ-5TSWCxwY8baixC8lXvrhZDPoFD-Rsn4h9RibmhcpmsE3nIuYpzxFjdYamAtiOB67Znnwthd6XUUIpFGlsk18mlcVd7WYM0Zug9ObEe3h32-DWsykXBmmE3dNEEUJqp5o8_6E4CBtRb2SAcHocydobWZfmtNzEx6sN0HRXIfRjK2RmzBU1xZCf2HxwLSW0G_x2dRzM5pRHCFSKsxPMgRmyh9FSOIzzKfZKO-gD4QknQ6JEtIJ51gPkB6kfdhL0WZBM_ACvq-6i-5AVh9p5uRtVz5qgev-W4USiZUEz81kBoLzrobcn0bk8ha5qMu2p9ytf2cXeEj-7kOiDl5HOSZJj_xHUPNluR6BwlmXnfxDzsnppbK0pVqT5VsNqDF3rcH75ShERYlZwDv1yiu_FUWNenfQniattvroTFinqWW_eD1OtPsVF66Ouw-iRRJXWTUJd7Iu35aV1Ksz8e-X4YbIXKb_Zg1fuadl7_ZbnhyKzSkSojgBbzfjgQK1D1n3A4olmDO1X85zdPG9nTKbpkbFf36My6euJAMgbC2ZphhJaOyg6Ry9S0MWDtdIc2SK3WZ3JccyV2THID9UC4Kms-cBwHW4GAcRnWdaoOM_x8NuaP7AFO9HlqK_zS9-z2kGG9psOg2YbO9jaqG7VgbaacXGLHPpQJ7CxleoocT1navdpqCgxM5KIIm80E4frc1AFDkitm",
            "facilitated_booking_available": true,
            "pnr_count": 2,
            "has_airport_change": false,
            "technical_stops": 0,
            "throw_away_ticketing": false,
            "hidden_city_ticketing": false,
            "virtual_interlining": false
        },
        {
            "id": "0b7717884e54000065267b7b_0|0b7717884e54000065267b7b_1|17880b774e5b0000be82ebed_0",
            "flyFrom": "BUD",
            "flyTo": "HAM",
            "cityFrom": "Budapest",
            "cityCodeFrom": "BUD",
            "cityTo": "Hamburg",
            "cityCodeTo": "HAM",
            "countryFrom": {
                "code": "HU",
                "name": "Hungary"
            },
            "countryTo": {
                "code": "DE",
                "name": "Germany"
            },
            "local_departure": "2024-11-25T15:15:00.000Z",
            "utc_departure": "2024-11-25T14:15:00.000Z",
            "local_arrival": "2024-11-25T19:45:00.000Z",
            "utc_arrival": "2024-11-25T18:45:00.000Z",
            "nightsInDest": 7,
            "quality": 223.999815,
            "distance": 949.98,
            "duration": {
                "departure": 16200,
                "return": 6300,
                "total": 22500
            },
            "price": 150,
            "conversion": {
                "EUR": 150
            },
            "fare": {
                "adults": 150,
                "children": 150,
                "infants": 150
            },
            "fare_locks": {
                "EUR": [
                    {
                        "default": false,
                        "duration": "P1D",
                        "itinerary_price_limit": 350,
                        "itinerary_price_remaining": 150,
                        "fare_lock_kind": "fee",
                        "price": 7.5,
                        "rule_instance_id": 26749,
                        "version": "v1"
                    },
                    {
                        "default": true,
                        "duration": "P3D",
                        "itinerary_price_limit": 350,
                        "itinerary_price_remaining": 150,
                        "fare_lock_kind": "fee",
                        "price": 15,
                        "rule_instance_id": 26748,
                        "version": "v1"
                    },
                    {
                        "default": false,
                        "duration": "P7D",
                        "itinerary_price_limit": 350,
                        "itinerary_price_remaining": 150,
                        "fare_lock_kind": "fee",
                        "price": 37.5,
                        "rule_instance_id": 26750,
                        "version": "v1"
                    }
                ]
            },
            "bags_price": {
                "1": 113.4
            },
            "baglimit": {
                "hand_dimensions_sum": 118,
                "hand_height": 40,
                "hand_length": 55,
                "hand_weight": 8,
                "hand_width": 23,
                "hold_dimensions_sum": 158,
                "hold_height": 52,
                "hold_length": 78,
                "hold_weight": 23,
                "hold_width": 28,
                "personal_item_dimension_sum": 80,
                "personal_item_height": 30,
                "personal_item_length": 40,
                "personal_item_weight": 4,
                "personal_item_width": 10
            },
            "availability": {
                "seats": 4
            },
            "airlines": [
                "JU",
                "EW"
            ],
            "route": [
                {
                    "id": "0b7717884e54000065267b7b_0",
                    "combination_id": "0b7717884e54000065267b7b",
                    "flyFrom": "BUD",
                    "flyTo": "BEG",
                    "cityFrom": "Budapest",
                    "cityCodeFrom": "BUD",
                    "cityTo": "Belgrade",
                    "cityCodeTo": "BEG",
                    "local_departure": "2024-11-25T15:15:00.000Z",
                    "utc_departure": "2024-11-25T14:15:00.000Z",
                    "local_arrival": "2024-11-25T16:20:00.000Z",
                    "utc_arrival": "2024-11-25T15:20:00.000Z",
                    "airline": "JU",
                    "flight_no": 143,
                    "operating_carrier": "JU",
                    "operating_flight_no": "143",
                    "fare_basis": "TNB14OHU",
                    "fare_category": "M",
                    "fare_classes": "T",
                    "return": 0,
                    "bags_recheck_required": false,
                    "vi_connection": false,
                    "guarantee": false,
                    "equipment": null,
                    "vehicle_type": "aircraft"
                },
                {
                    "id": "0b7717884e54000065267b7b_1",
                    "combination_id": "0b7717884e54000065267b7b",
                    "flyFrom": "BEG",
                    "flyTo": "HAM",
                    "cityFrom": "Belgrade",
                    "cityCodeFrom": "BEG",
                    "cityTo": "Hamburg",
                    "cityCodeTo": "HAM",
                    "local_departure": "2024-11-25T17:30:00.000Z",
                    "utc_departure": "2024-11-25T16:30:00.000Z",
                    "local_arrival": "2024-11-25T19:45:00.000Z",
                    "utc_arrival": "2024-11-25T18:45:00.000Z",
                    "airline": "JU",
                    "flight_no": 292,
                    "operating_carrier": "JU",
                    "operating_flight_no": "292",
                    "fare_basis": "TNB14OHU",
                    "fare_category": "M",
                    "fare_classes": "T",
                    "return": 0,
                    "bags_recheck_required": false,
                    "vi_connection": false,
                    "guarantee": false,
                    "equipment": null,
                    "vehicle_type": "aircraft"
                },
                {
                    "id": "17880b774e5b0000be82ebed_0",
                    "combination_id": "17880b774e5b0000be82ebed",
                    "flyFrom": "HAM",
                    "flyTo": "BUD",
                    "cityFrom": "Hamburg",
                    "cityCodeFrom": "HAM",
                    "cityTo": "Budapest",
                    "cityCodeTo": "BUD",
                    "local_departure": "2024-12-02T06:45:00.000Z",
                    "utc_departure": "2024-12-02T05:45:00.000Z",
                    "local_arrival": "2024-12-02T08:30:00.000Z",
                    "utc_arrival": "2024-12-02T07:30:00.000Z",
                    "airline": "EW",
                    "flight_no": 7780,
                    "operating_carrier": "EW",
                    "operating_flight_no": "7780",
                    "fare_basis": "",
                    "fare_category": "M",
                    "fare_classes": "",
                    "return": 1,
                    "bags_recheck_required": false,
                    "vi_connection": false,
                    "guarantee": false,
                    "equipment": null,
                    "vehicle_type": "aircraft"
                }
            ],
            "booking_token": "H9g82t8CWsIoWJntxVNTKNP8sHtHJR_JYgpdnQuDo-y8Lizp66njkgSoatZe_IJTqrxDYCm4NoZnxqM-D0CVCE9L9IHNOAd9NFAAQSuAcBEd0Z3UiaGYW3w8OK-dk1uqaPeB_5Z1Uh2jdmgUhl__5xvuUmKHbVhuOYLzieGLc60q72CgFCILMiCFE3eUaAuRrlALaeDDemcaOJjEacBIX1hyN9iIEKGCAhTgLBvTjbyiwSQFoT9xR1NW6IvyGwcVB38850d2RW6n-F8SwHM2TUUBhq2dC8yNjE4KKli-rGDzQLnyxJvFpHsrfpbMEjgJ9Vl2v28fOJB34Pkk9UKhndB2GCtscSaQuy9DG8oDZ6V2dmO95jhHA3fy8r-A08M_cI9OdPT_rX5e4vJ3wh5OAoGC_C2jnhl88FZ5KOsO2AZ3ZXK1hhrvZN95ihR9Xj39jfSTUpY7LvxmbfL5Wn-UoHLv0pGysLVCkyZPX4IcljQWLb7lkMF8N_yYwBenSRm3nVUwin_KT7KMsVF9jmfpRlIGAOr6U0p0LwZS-6OeS1mSnq4Wbp4wufrbdXDuQXb4SmJuXXqCafl0Eo47wpYKn3EwVHCHTut2EkRkFZlVyVAhf-r4sY2E7IdGihYLodDhWQxuRbHyg6Ikge0ENg9dFgDZQQpBSM8NW4RymEVmytqZjG06DMXGPzTcy6RMYGCy_hdSvoVw3NCGBSkZ3jJYcUmU5tkzS1XdLbdde4hF0mauoOtuSDv_nq0i7HM6HuNtOr_jy61MtxfrW_Ar1bSgn1A==",
            "deep_link": "https://www.kiwi.com/deep?affilid=mihalytest&currency=EUR&flightsId=0b7717884e54000065267b7b_0%7C0b7717884e54000065267b7b_1%7C17880b774e5b0000be82ebed_0&from=BUD&lang=en&passengers=1&to=HAM&booking_token=H9g82t8CWsIoWJntxVNTKNP8sHtHJR_JYgpdnQuDo-y8Lizp66njkgSoatZe_IJTqrxDYCm4NoZnxqM-D0CVCE9L9IHNOAd9NFAAQSuAcBEd0Z3UiaGYW3w8OK-dk1uqaPeB_5Z1Uh2jdmgUhl__5xvuUmKHbVhuOYLzieGLc60q72CgFCILMiCFE3eUaAuRrlALaeDDemcaOJjEacBIX1hyN9iIEKGCAhTgLBvTjbyiwSQFoT9xR1NW6IvyGwcVB38850d2RW6n-F8SwHM2TUUBhq2dC8yNjE4KKli-rGDzQLnyxJvFpHsrfpbMEjgJ9Vl2v28fOJB34Pkk9UKhndB2GCtscSaQuy9DG8oDZ6V2dmO95jhHA3fy8r-A08M_cI9OdPT_rX5e4vJ3wh5OAoGC_C2jnhl88FZ5KOsO2AZ3ZXK1hhrvZN95ihR9Xj39jfSTUpY7LvxmbfL5Wn-UoHLv0pGysLVCkyZPX4IcljQWLb7lkMF8N_yYwBenSRm3nVUwin_KT7KMsVF9jmfpRlIGAOr6U0p0LwZS-6OeS1mSnq4Wbp4wufrbdXDuQXb4SmJuXXqCafl0Eo47wpYKn3EwVHCHTut2EkRkFZlVyVAhf-r4sY2E7IdGihYLodDhWQxuRbHyg6Ikge0ENg9dFgDZQQpBSM8NW4RymEVmytqZjG06DMXGPzTcy6RMYGCy_hdSvoVw3NCGBSkZ3jJYcUmU5tkzS1XdLbdde4hF0mauoOtuSDv_nq0i7HM6HuNtOr_jy61MtxfrW_Ar1bSgn1A==",
            "facilitated_booking_available": true,
            "pnr_count": 2,
            "has_airport_change": false,
            "technical_stops": 0,
            "throw_away_ticketing": false,
            "hidden_city_ticketing": false,
            "virtual_interlining": false
        },
        {
            "id": "0b7717884e3f0000e7ee6f7c_0|0b7717884e3f0000e7ee6f7c_1|17880b774e45000091c6acc3_0",
            "flyFrom": "BUD",
            "flyTo": "HAM",
            "cityFrom": "Budapest",
            "cityCodeFrom": "BUD",
            "cityTo": "Hamburg",
            "cityCodeTo": "HAM",
            "countryFrom": {
                "code": "HU",
                "name": "Hungary"
            },
            "countryTo": {
                "code": "DE",
                "name": "Germany"
            },
            "local_departure": "2024-11-04T15:15:00.000Z",
            "utc_departure": "2024-11-04T14:15:00.000Z",
            "local_arrival": "2024-11-04T19:45:00.000Z",
            "utc_arrival": "2024-11-04T18:45:00.000Z",
            "nightsInDest": 6,
            "quality": 223.999815,
            "distance": 949.98,
            "duration": {
                "departure": 16200,
                "return": 6300,
                "total": 22500
            },
            "price": 150,
            "conversion": {
                "EUR": 150
            },
            "fare": {
                "adults": 150,
                "children": 150,
                "infants": 150
            },
            "fare_locks": {
                "EUR": [
                    {
                        "default": false,
                        "duration": "P1D",
                        "itinerary_price_limit": 350,
                        "itinerary_price_remaining": 150,
                        "fare_lock_kind": "fee",
                        "price": 7.5,
                        "rule_instance_id": 26749,
                        "version": "v1"
                    },
                    {
                        "default": true,
                        "duration": "P3D",
                        "itinerary_price_limit": 350,
                        "itinerary_price_remaining": 150,
                        "fare_lock_kind": "fee",
                        "price": 15,
                        "rule_instance_id": 26748,
                        "version": "v1"
                    },
                    {
                        "default": false,
                        "duration": "P7D",
                        "itinerary_price_limit": 350,
                        "itinerary_price_remaining": 150,
                        "fare_lock_kind": "fee",
                        "price": 37.5,
                        "rule_instance_id": 26750,
                        "version": "v1"
                    }
                ]
            },
            "bags_price": {
                "1": 113.4
            },
            "baglimit": {
                "hand_dimensions_sum": 118,
                "hand_height": 40,
                "hand_length": 55,
                "hand_weight": 8,
                "hand_width": 23,
                "hold_dimensions_sum": 158,
                "hold_height": 52,
                "hold_length": 78,
                "hold_weight": 23,
                "hold_width": 28,
                "personal_item_dimension_sum": 80,
                "personal_item_height": 30,
                "personal_item_length": 40,
                "personal_item_weight": 4,
                "personal_item_width": 10
            },
            "availability": {
                "seats": 4
            },
            "airlines": [
                "JU",
                "EW"
            ],
            "route": [
                {
                    "id": "0b7717884e3f0000e7ee6f7c_0",
                    "combination_id": "0b7717884e3f0000e7ee6f7c",
                    "flyFrom": "BUD",
                    "flyTo": "BEG",
                    "cityFrom": "Budapest",
                    "cityCodeFrom": "BUD",
                    "cityTo": "Belgrade",
                    "cityCodeTo": "BEG",
                    "local_departure": "2024-11-04T15:15:00.000Z",
                    "utc_departure": "2024-11-04T14:15:00.000Z",
                    "local_arrival": "2024-11-04T16:20:00.000Z",
                    "utc_arrival": "2024-11-04T15:20:00.000Z",
                    "airline": "JU",
                    "flight_no": 143,
                    "operating_carrier": "JU",
                    "operating_flight_no": "143",
                    "fare_basis": "TNB14OHU",
                    "fare_category": "M",
                    "fare_classes": "T",
                    "return": 0,
                    "bags_recheck_required": false,
                    "vi_connection": false,
                    "guarantee": false,
                    "equipment": null,
                    "vehicle_type": "aircraft"
                },
                {
                    "id": "0b7717884e3f0000e7ee6f7c_1",
                    "combination_id": "0b7717884e3f0000e7ee6f7c",
                    "flyFrom": "BEG",
                    "flyTo": "HAM",
                    "cityFrom": "Belgrade",
                    "cityCodeFrom": "BEG",
                    "cityTo": "Hamburg",
                    "cityCodeTo": "HAM",
                    "local_departure": "2024-11-04T17:30:00.000Z",
                    "utc_departure": "2024-11-04T16:30:00.000Z",
                    "local_arrival": "2024-11-04T19:45:00.000Z",
                    "utc_arrival": "2024-11-04T18:45:00.000Z",
                    "airline": "JU",
                    "flight_no": 292,
                    "operating_carrier": "JU",
                    "operating_flight_no": "292",
                    "fare_basis": "TNB14OHU",
                    "fare_category": "M",
                    "fare_classes": "T",
                    "return": 0,
                    "bags_recheck_required": false,
                    "vi_connection": false,
                    "guarantee": false,
                    "equipment": null,
                    "vehicle_type": "aircraft"
                },
                {
                    "id": "17880b774e45000091c6acc3_0",
                    "combination_id": "17880b774e45000091c6acc3",
                    "flyFrom": "HAM",
                    "flyTo": "BUD",
                    "cityFrom": "Hamburg",
                    "cityCodeFrom": "HAM",
                    "cityTo": "Budapest",
                    "cityCodeTo": "BUD",
                    "local_departure": "2024-11-10T13:05:00.000Z",
                    "utc_departure": "2024-11-10T12:05:00.000Z",
                    "local_arrival": "2024-11-10T14:50:00.000Z",
                    "utc_arrival": "2024-11-10T13:50:00.000Z",
                    "airline": "EW",
                    "flight_no": 7780,
                    "operating_carrier": "EW",
                    "operating_flight_no": "7780",
                    "fare_basis": "",
                    "fare_category": "M",
                    "fare_classes": "N",
                    "return": 1,
                    "bags_recheck_required": false,
                    "vi_connection": false,
                    "guarantee": false,
                    "equipment": null,
                    "vehicle_type": "aircraft"
                }
            ],
            "booking_token": "HtFpP4Hmq4xftblsnDqYtHLyWPw3mpVRI4DT9BvsqQUD9kl-D92Qx38vtPr3seP_RobwQXblFAzYWaG8fh93syR9kYwqyTMOLOKr5g8Lr_00wMDfTkLp4fmm3BH88Vey9Sho1UH-Dt6yWxkZQ0VYz5btz8GYXbJ_YAPIjhHksUXvThUXD6KLb3lcEVR_yilPZqjBdiV6dcQah7NcYu-6WeroXM5mPrqjWYSaQxrCdfBXNR3OR2VmzDuuxcN-VA954AN6HaEeR9iBb3HJJwHE3ROJwBU4bRstNhehGlZLZ9icsE-V_PFxY5oo_PMeCRKCaaxlEtbao8tgKR2nFUrx1MJUXHpogM1DcElPSxdviVQdaJfQ7tbkNzvYmabHeeQ3vH47OfpiI__RQ4L_8DHo2bQA01YLs5FtxJToQ2j2HdAxS7oo-6d_RmdwEh95-4FThDzOHTnmsU_W8qBUllOGxZn8e6ZaScWIbmlmKL56E5lW6MNoBzY51Mu_y2eBPsxS8Dx08rx4ckeUzO-gl9_Ssgesd88D4ddqFkqwJU0O3hSOIZkMoMQREwrwDtUrc-J78WkMXGW5_hfrUJFwFbJdaH5Y7xM8hp5tCUJcRrH14rVBQ8A9VfcomgnVL4okMJGJ2tLb9xhbviNSVY8_KkQg6kpfGHIrUcNt39QkRyX7GB2bd9m6cdhY4_t3ayjAKQ9BiWoLmArP2f-fwlhXsS2g9jHrDiZi-mvHw5-qkXlUwEZIi2YHa18k9-cnO1o7oY8wQ",
            "deep_link": "https://www.kiwi.com/deep?affilid=mihalytest&currency=EUR&flightsId=0b7717884e3f0000e7ee6f7c_0%7C0b7717884e3f0000e7ee6f7c_1%7C17880b774e45000091c6acc3_0&from=BUD&lang=en&passengers=1&to=HAM&booking_token=HtFpP4Hmq4xftblsnDqYtHLyWPw3mpVRI4DT9BvsqQUD9kl-D92Qx38vtPr3seP_RobwQXblFAzYWaG8fh93syR9kYwqyTMOLOKr5g8Lr_00wMDfTkLp4fmm3BH88Vey9Sho1UH-Dt6yWxkZQ0VYz5btz8GYXbJ_YAPIjhHksUXvThUXD6KLb3lcEVR_yilPZqjBdiV6dcQah7NcYu-6WeroXM5mPrqjWYSaQxrCdfBXNR3OR2VmzDuuxcN-VA954AN6HaEeR9iBb3HJJwHE3ROJwBU4bRstNhehGlZLZ9icsE-V_PFxY5oo_PMeCRKCaaxlEtbao8tgKR2nFUrx1MJUXHpogM1DcElPSxdviVQdaJfQ7tbkNzvYmabHeeQ3vH47OfpiI__RQ4L_8DHo2bQA01YLs5FtxJToQ2j2HdAxS7oo-6d_RmdwEh95-4FThDzOHTnmsU_W8qBUllOGxZn8e6ZaScWIbmlmKL56E5lW6MNoBzY51Mu_y2eBPsxS8Dx08rx4ckeUzO-gl9_Ssgesd88D4ddqFkqwJU0O3hSOIZkMoMQREwrwDtUrc-J78WkMXGW5_hfrUJFwFbJdaH5Y7xM8hp5tCUJcRrH14rVBQ8A9VfcomgnVL4okMJGJ2tLb9xhbviNSVY8_KkQg6kpfGHIrUcNt39QkRyX7GB2bd9m6cdhY4_t3ayjAKQ9BiWoLmArP2f-fwlhXsS2g9jHrDiZi-mvHw5-qkXlUwEZIi2YHa18k9-cnO1o7oY8wQ",
            "facilitated_booking_available": true,
            "pnr_count": 2,
            "has_airport_change": false,
            "technical_stops": 0,
            "throw_away_ticketing": false,
            "hidden_city_ticketing": false,
            "virtual_interlining": false
        },
        {
            "id": "0b7717884e54000065267b7b_0|0b7717884e54000065267b7b_1|17880b774e5a00005a05dc69_0",
            "flyFrom": "BUD",
            "flyTo": "HAM",
            "cityFrom": "Budapest",
            "cityCodeFrom": "BUD",
            "cityTo": "Hamburg",
            "cityCodeTo": "HAM",
            "countryFrom": {
                "code": "HU",
                "name": "Hungary"
            },
            "countryTo": {
                "code": "DE",
                "name": "Germany"
            },
            "local_departure": "2024-11-25T15:15:00.000Z",
            "utc_departure": "2024-11-25T14:15:00.000Z",
            "local_arrival": "2024-11-25T19:45:00.000Z",
            "utc_arrival": "2024-11-25T18:45:00.000Z",
            "nightsInDest": 6,
            "quality": 223.999815,
            "distance": 949.98,
            "duration": {
                "departure": 16200,
                "return": 6300,
                "total": 22500
            },
            "price": 150,
            "conversion": {
                "EUR": 150
            },
            "fare": {
                "adults": 150,
                "children": 150,
                "infants": 150
            },
            "fare_locks": {
                "EUR": [
                    {
                        "default": false,
                        "duration": "P1D",
                        "itinerary_price_limit": 350,
                        "itinerary_price_remaining": 150,
                        "fare_lock_kind": "fee",
                        "price": 7.5,
                        "rule_instance_id": 26749,
                        "version": "v1"
                    },
                    {
                        "default": true,
                        "duration": "P3D",
                        "itinerary_price_limit": 350,
                        "itinerary_price_remaining": 150,
                        "fare_lock_kind": "fee",
                        "price": 15,
                        "rule_instance_id": 26748,
                        "version": "v1"
                    },
                    {
                        "default": false,
                        "duration": "P7D",
                        "itinerary_price_limit": 350,
                        "itinerary_price_remaining": 150,
                        "fare_lock_kind": "fee",
                        "price": 37.5,
                        "rule_instance_id": 26750,
                        "version": "v1"
                    }
                ]
            },
            "bags_price": {
                "1": 113.4
            },
            "baglimit": {
                "hand_dimensions_sum": 118,
                "hand_height": 40,
                "hand_length": 55,
                "hand_weight": 8,
                "hand_width": 23,
                "hold_dimensions_sum": 158,
                "hold_height": 52,
                "hold_length": 78,
                "hold_weight": 23,
                "hold_width": 28,
                "personal_item_dimension_sum": 80,
                "personal_item_height": 30,
                "personal_item_length": 40,
                "personal_item_weight": 4,
                "personal_item_width": 10
            },
            "availability": {
                "seats": 4
            },
            "airlines": [
                "JU",
                "EW"
            ],
            "route": [
                {
                    "id": "0b7717884e54000065267b7b_0",
                    "combination_id": "0b7717884e54000065267b7b",
                    "flyFrom": "BUD",
                    "flyTo": "BEG",
                    "cityFrom": "Budapest",
                    "cityCodeFrom": "BUD",
                    "cityTo": "Belgrade",
                    "cityCodeTo": "BEG",
                    "local_departure": "2024-11-25T15:15:00.000Z",
                    "utc_departure": "2024-11-25T14:15:00.000Z",
                    "local_arrival": "2024-11-25T16:20:00.000Z",
                    "utc_arrival": "2024-11-25T15:20:00.000Z",
                    "airline": "JU",
                    "flight_no": 143,
                    "operating_carrier": "JU",
                    "operating_flight_no": "143",
                    "fare_basis": "TNB14OHU",
                    "fare_category": "M",
                    "fare_classes": "T",
                    "return": 0,
                    "bags_recheck_required": false,
                    "vi_connection": false,
                    "guarantee": false,
                    "equipment": null,
                    "vehicle_type": "aircraft"
                },
                {
                    "id": "0b7717884e54000065267b7b_1",
                    "combination_id": "0b7717884e54000065267b7b",
                    "flyFrom": "BEG",
                    "flyTo": "HAM",
                    "cityFrom": "Belgrade",
                    "cityCodeFrom": "BEG",
                    "cityTo": "Hamburg",
                    "cityCodeTo": "HAM",
                    "local_departure": "2024-11-25T17:30:00.000Z",
                    "utc_departure": "2024-11-25T16:30:00.000Z",
                    "local_arrival": "2024-11-25T19:45:00.000Z",
                    "utc_arrival": "2024-11-25T18:45:00.000Z",
                    "airline": "JU",
                    "flight_no": 292,
                    "operating_carrier": "JU",
                    "operating_flight_no": "292",
                    "fare_basis": "TNB14OHU",
                    "fare_category": "M",
                    "fare_classes": "T",
                    "return": 0,
                    "bags_recheck_required": false,
                    "vi_connection": false,
                    "guarantee": false,
                    "equipment": null,
                    "vehicle_type": "aircraft"
                },
                {
                    "id": "17880b774e5a00005a05dc69_0",
                    "combination_id": "17880b774e5a00005a05dc69",
                    "flyFrom": "HAM",
                    "flyTo": "BUD",
                    "cityFrom": "Hamburg",
                    "cityCodeFrom": "HAM",
                    "cityTo": "Budapest",
                    "cityCodeTo": "BUD",
                    "local_departure": "2024-12-01T13:05:00.000Z",
                    "utc_departure": "2024-12-01T12:05:00.000Z",
                    "local_arrival": "2024-12-01T14:50:00.000Z",
                    "utc_arrival": "2024-12-01T13:50:00.000Z",
                    "airline": "EW",
                    "flight_no": 7780,
                    "operating_carrier": "EW",
                    "operating_flight_no": "7780",
                    "fare_basis": "",
                    "fare_category": "M",
                    "fare_classes": "N",
                    "return": 1,
                    "bags_recheck_required": false,
                    "vi_connection": false,
                    "guarantee": false,
                    "equipment": null,
                    "vehicle_type": "aircraft"
                }
            ],
            "booking_token": "HWJfvXWJY8BFqT25nkyVyYLyy0iK6x--jL7euQv9TCF73erleE8RL7mC27gBC8JtVY-ECw0SftCbKA5nnTtKnUW_EC5otAGTuJJUacU8ElL1j9rnwRP4BOnVaU7PWQHiQ14gwsxIj9kLM0fiPxtXj_1Je2pjLjVcSbiPEA6ohCpGMkqwEJQV4qBrrf6C5mnBoJTE2_VAfNtcs4NxnMtxmSENiE3VipacJ-s_cHBxoKsbFulFpj5MbZvGWFBrA2HxL5WLXqdZK0HXWQUmboqS09E2lXOXrEDn0jwBAzOrt5JyeN89JW9xEAqgmOyPSOzHJTy0SCV2V99vtQcDasOF8bv6ANWQHbbOYv01GtKj0MtdeS5Cz-exKhWM4cK0rLmiaK1uWEbDDFQL99BzJiA4YLaJMOLWuUKygco05_stEeOUsgRKWFpmP4Bdv7E2QCHJM4Z0Kxu_ybvtkPvStA1TkM2Rbqdv36jmVkGx0skZb2H2VUHAFQHHrQX9Zs9-PFrwJGlEs2YB_mCekR3VxGvmT7pAGUFZPmfO_IRtPeq2RUH1PXVKED8QaxMi7FlXdMNkzcgSzHcLlXiuU6DVElNdnFyWdm1WTa-X6TIww5aYs4iGsX27M27jP5f8Quj4a4Mc_N8_rlbn0VpDVgAYJL8fjd1hlkQ57xze2i2rHeXtF72WyVTaLkZZu2dqywJXNHcQFsJNDk6Xj4B-wmueGmtB_98Gxraum-uPTjK_FLysqXX219cV79taut16YH2XIBLxjwC2bm67wFu-Jjq54jN6tWg==",
            "deep_link": "https://www.kiwi.com/deep?affilid=mihalytest&currency=EUR&flightsId=0b7717884e54000065267b7b_0%7C0b7717884e54000065267b7b_1%7C17880b774e5a00005a05dc69_0&from=BUD&lang=en&passengers=1&to=HAM&booking_token=HWJfvXWJY8BFqT25nkyVyYLyy0iK6x--jL7euQv9TCF73erleE8RL7mC27gBC8JtVY-ECw0SftCbKA5nnTtKnUW_EC5otAGTuJJUacU8ElL1j9rnwRP4BOnVaU7PWQHiQ14gwsxIj9kLM0fiPxtXj_1Je2pjLjVcSbiPEA6ohCpGMkqwEJQV4qBrrf6C5mnBoJTE2_VAfNtcs4NxnMtxmSENiE3VipacJ-s_cHBxoKsbFulFpj5MbZvGWFBrA2HxL5WLXqdZK0HXWQUmboqS09E2lXOXrEDn0jwBAzOrt5JyeN89JW9xEAqgmOyPSOzHJTy0SCV2V99vtQcDasOF8bv6ANWQHbbOYv01GtKj0MtdeS5Cz-exKhWM4cK0rLmiaK1uWEbDDFQL99BzJiA4YLaJMOLWuUKygco05_stEeOUsgRKWFpmP4Bdv7E2QCHJM4Z0Kxu_ybvtkPvStA1TkM2Rbqdv36jmVkGx0skZb2H2VUHAFQHHrQX9Zs9-PFrwJGlEs2YB_mCekR3VxGvmT7pAGUFZPmfO_IRtPeq2RUH1PXVKED8QaxMi7FlXdMNkzcgSzHcLlXiuU6DVElNdnFyWdm1WTa-X6TIww5aYs4iGsX27M27jP5f8Quj4a4Mc_N8_rlbn0VpDVgAYJL8fjd1hlkQ57xze2i2rHeXtF72WyVTaLkZZu2dqywJXNHcQFsJNDk6Xj4B-wmueGmtB_98Gxraum-uPTjK_FLysqXX219cV79taut16YH2XIBLxjwC2bm67wFu-Jjq54jN6tWg==",
            "facilitated_booking_available": true,
            "pnr_count": 2,
            "has_airport_change": false,
            "technical_stops": 0,
            "throw_away_ticketing": false,
            "hidden_city_ticketing": false,
            "virtual_interlining": false
        },
        {
            "id": "0b7717884e2500000857725e_0|17880f0c4e2c00002af8aec5_0|0f0c0b774e2c0000480e4d71_0",
            "flyFrom": "BUD",
            "flyTo": "HAM",
            "cityFrom": "Budapest",
            "cityCodeFrom": "BUD",
            "cityTo": "Hamburg",
            "cityCodeTo": "HAM",
            "countryFrom": {
                "code": "HU",
                "name": "Hungary"
            },
            "countryTo": {
                "code": "DE",
                "name": "Germany"
            },
            "local_departure": "2024-10-09T20:45:00.000Z",
            "utc_departure": "2024-10-09T18:45:00.000Z",
            "local_arrival": "2024-10-09T22:30:00.000Z",
            "utc_arrival": "2024-10-09T20:30:00.000Z",
            "nightsInDest": 7,
            "quality": 245.66643,
            "distance": 949.98,
            "duration": {
                "departure": 6300,
                "return": 25500,
                "total": 31800
            },
            "price": 151,
            "conversion": {
                "EUR": 151
            },
            "fare": {
                "adults": 151,
                "children": 151,
                "infants": 151
            },
            "fare_locks": {
                "EUR": [
                    {
                        "default": false,
                        "duration": "P1D",
                        "itinerary_price_limit": 351,
                        "itinerary_price_remaining": 151,
                        "fare_lock_kind": "fee",
                        "price": 7.55,
                        "rule_instance_id": 26749,
                        "version": "v1"
                    },
                    {
                        "default": true,
                        "duration": "P3D",
                        "itinerary_price_limit": 351,
                        "itinerary_price_remaining": 151,
                        "fare_lock_kind": "fee",
                        "price": 15.1,
                        "rule_instance_id": 26748,
                        "version": "v1"
                    },
                    {
                        "default": false,
                        "duration": "P7D",
                        "itinerary_price_limit": 351,
                        "itinerary_price_remaining": 151,
                        "fare_lock_kind": "fee",
                        "price": 37.75,
                        "rule_instance_id": 26750,
                        "version": "v1"
                    }
                ]
            },
            "bags_price": {
                "1": 145.04,
                "2": 358.67999999999995
            },
            "baglimit": {
                "hand_dimensions_sum": 118,
                "hand_height": 40,
                "hand_length": 55,
                "hand_weight": 8,
                "hand_width": 23,
                "hold_dimensions_sum": 158,
                "hold_height": 52,
                "hold_length": 78,
                "hold_weight": 20,
                "hold_width": 28,
                "personal_item_dimension_sum": 90,
                "personal_item_height": 30,
                "personal_item_length": 40,
                "personal_item_weight": 8,
                "personal_item_width": 20
            },
            "availability": {
                "seats": 9
            },
            "airlines": [
                "EW",
                "W4",
                "W6"
            ],
            "route": [
                {
                    "id": "0b7717884e2500000857725e_0",
                    "combination_id": "0b7717884e2500000857725e",
                    "flyFrom": "BUD",
                    "flyTo": "HAM",
                    "cityFrom": "Budapest",
                    "cityCodeFrom": "BUD",
                    "cityTo": "Hamburg",
                    "cityCodeTo": "HAM",
                    "local_departure": "2024-10-09T20:45:00.000Z",
                    "utc_departure": "2024-10-09T18:45:00.000Z",
                    "local_arrival": "2024-10-09T22:30:00.000Z",
                    "utc_arrival": "2024-10-09T20:30:00.000Z",
                    "airline": "EW",
                    "flight_no": 7783,
                    "operating_carrier": "EW",
                    "operating_flight_no": "7783",
                    "fare_basis": "",
                    "fare_category": "M",
                    "fare_classes": "",
                    "return": 0,
                    "bags_recheck_required": false,
                    "vi_connection": false,
                    "guarantee": false,
                    "equipment": null,
                    "vehicle_type": "aircraft"
                },
                {
                    "id": "17880f0c4e2c00002af8aec5_0",
                    "combination_id": "17880f0c4e2c00002af8aec5",
                    "flyFrom": "HAM",
                    "flyTo": "FCO",
                    "cityFrom": "Hamburg",
                    "cityCodeFrom": "HAM",
                    "cityTo": "Rome",
                    "cityCodeTo": "ROM",
                    "local_departure": "2024-10-16T16:05:00.000Z",
                    "utc_departure": "2024-10-16T14:05:00.000Z",
                    "local_arrival": "2024-10-16T18:25:00.000Z",
                    "utc_arrival": "2024-10-16T16:25:00.000Z",
                    "airline": "W4",
                    "flight_no": 6206,
                    "operating_carrier": "",
                    "operating_flight_no": "",
                    "fare_basis": "",
                    "fare_category": "M",
                    "fare_classes": "",
                    "return": 1,
                    "bags_recheck_required": false,
                    "vi_connection": false,
                    "guarantee": false,
                    "equipment": null,
                    "vehicle_type": "aircraft"
                },
                {
                    "id": "0f0c0b774e2c0000480e4d71_0",
                    "combination_id": "0f0c0b774e2c0000480e4d71",
                    "flyFrom": "FCO",
                    "flyTo": "BUD",
                    "cityFrom": "Rome",
                    "cityCodeFrom": "ROM",
                    "cityTo": "Budapest",
                    "cityCodeTo": "BUD",
                    "local_departure": "2024-10-16T21:25:00.000Z",
                    "utc_departure": "2024-10-16T19:25:00.000Z",
                    "local_arrival": "2024-10-16T23:10:00.000Z",
                    "utc_arrival": "2024-10-16T21:10:00.000Z",
                    "airline": "W6",
                    "flight_no": 2342,
                    "operating_carrier": "",
                    "operating_flight_no": "",
                    "fare_basis": "",
                    "fare_category": "M",
                    "fare_classes": "",
                    "return": 1,
                    "bags_recheck_required": true,
                    "vi_connection": true,
                    "guarantee": true,
                    "equipment": null,
                    "vehicle_type": "aircraft"
                }
            ],
            "booking_token": "HGgLTHYvBwNiYLzwFDDPpRa6yUa6yxMCBpzPf4T9BqjAovH_l4lSI83kwQUSRe54DO0LU9Krna0t0CPt2HEkyCIzTF9yL-sDfM2PfiZEWPyu4TgYIpoxa9YDKY6M0y_fWHv3UEW9lY92l92Jdp0kZ7bY5j9GiTvOqULz1lTqdT2Fsm6PPh3E_fgUTopuk3IPjXQZPma-azDgATbWNczL-9X-xSF-UMiav40mc1vBpNSgsDEer3jPb1BX2pkr5a9MkYJa57cL4HvMM5zhgm6GlxGNrFQM07QMowQofOfIvsviAqr5ex9it19JKYzmF85DkzCQu82P4xMbbWvw12Q7LvHkqiK_5qwEEBN3hn_mXZUQU4_kvRgTrpilm0JVaaEUgpne5yaJz1IzY31ZmLSCGr646reNPaXgS9SKplSf77c7OHP7FgX77ahp9qqqjtQnpqJuJl8_cS2jmvrjcC_XoQcmVT9AIZN5Y5zeK7gZouNRx9MS7-yH6Bsw7TEF-5OshDDJmYCYBXbjemVA-28TeaGEL_pZbGWxJgafcZvPFOsBzNaTzpaJ8FpMy4neiSqIaWPjIjm32_PTb3AsnqiDnHuk5TgMjuMzSj7QoueCreE54Bfkn0TgPctgGdy_Agscw34tkc7n2RTrnpbxOllTSiFJb4l8HD1ql5lz-zwCv-aOagAEjamGz9Pxg8DiuzjCH3mG_fhyE7Xb-JxTwdv8mpL26ajHCP3mQB44Sn-KxMU80PyDYwDnIpz9hUKs3ojIk_FLIsjJEwm8hUaOxrEAdfw==",
            "deep_link": "https://www.kiwi.com/deep?affilid=mihalytest&currency=EUR&flightsId=0b7717884e2500000857725e_0%7C17880f0c4e2c00002af8aec5_0%7C0f0c0b774e2c0000480e4d71_0&from=BUD&lang=en&passengers=1&to=HAM&booking_token=HGgLTHYvBwNiYLzwFDDPpRa6yUa6yxMCBpzPf4T9BqjAovH_l4lSI83kwQUSRe54DO0LU9Krna0t0CPt2HEkyCIzTF9yL-sDfM2PfiZEWPyu4TgYIpoxa9YDKY6M0y_fWHv3UEW9lY92l92Jdp0kZ7bY5j9GiTvOqULz1lTqdT2Fsm6PPh3E_fgUTopuk3IPjXQZPma-azDgATbWNczL-9X-xSF-UMiav40mc1vBpNSgsDEer3jPb1BX2pkr5a9MkYJa57cL4HvMM5zhgm6GlxGNrFQM07QMowQofOfIvsviAqr5ex9it19JKYzmF85DkzCQu82P4xMbbWvw12Q7LvHkqiK_5qwEEBN3hn_mXZUQU4_kvRgTrpilm0JVaaEUgpne5yaJz1IzY31ZmLSCGr646reNPaXgS9SKplSf77c7OHP7FgX77ahp9qqqjtQnpqJuJl8_cS2jmvrjcC_XoQcmVT9AIZN5Y5zeK7gZouNRx9MS7-yH6Bsw7TEF-5OshDDJmYCYBXbjemVA-28TeaGEL_pZbGWxJgafcZvPFOsBzNaTzpaJ8FpMy4neiSqIaWPjIjm32_PTb3AsnqiDnHuk5TgMjuMzSj7QoueCreE54Bfkn0TgPctgGdy_Agscw34tkc7n2RTrnpbxOllTSiFJb4l8HD1ql5lz-zwCv-aOagAEjamGz9Pxg8DiuzjCH3mG_fhyE7Xb-JxTwdv8mpL26ajHCP3mQB44Sn-KxMU80PyDYwDnIpz9hUKs3ojIk_FLIsjJEwm8hUaOxrEAdfw==",
            "facilitated_booking_available": false,
            "pnr_count": 3,
            "has_airport_change": false,
            "technical_stops": 0,
            "throw_away_ticketing": false,
            "hidden_city_ticketing": false,
            "virtual_interlining": true
        },
        {
            "id": "0b7717884e510000e859f511_0|17880b774e5300003cb5ecf4_0",
            "flyFrom": "BUD",
            "flyTo": "HAM",
            "cityFrom": "Budapest",
            "cityCodeFrom": "BUD",
            "cityTo": "Hamburg",
            "cityCodeTo": "HAM",
            "countryFrom": {
                "code": "HU",
                "name": "Hungary"
            },
            "countryTo": {
                "code": "DE",
                "name": "Germany"
            },
            "local_departure": "2024-11-22T20:35:00.000Z",
            "utc_departure": "2024-11-22T19:35:00.000Z",
            "local_arrival": "2024-11-22T22:25:00.000Z",
            "utc_arrival": "2024-11-22T21:25:00.000Z",
            "nightsInDest": 2,
            "quality": 204.666535,
            "distance": 949.98,
            "duration": {
                "departure": 6600,
                "return": 6300,
                "total": 12900
            },
            "price": 152,
            "conversion": {
                "EUR": 152
            },
            "fare": {
                "adults": 152,
                "children": 152,
                "infants": 152
            },
            "fare_locks": {
                "EUR": [
                    {
                        "default": false,
                        "duration": "P1D",
                        "itinerary_price_limit": 352,
                        "itinerary_price_remaining": 152,
                        "fare_lock_kind": "fee",
                        "price": 7.6,
                        "rule_instance_id": 26749,
                        "version": "v1"
                    },
                    {
                        "default": true,
                        "duration": "P3D",
                        "itinerary_price_limit": 352,
                        "itinerary_price_remaining": 152,
                        "fare_lock_kind": "fee",
                        "price": 15.2,
                        "rule_instance_id": 26748,
                        "version": "v1"
                    },
                    {
                        "default": false,
                        "duration": "P7D",
                        "itinerary_price_limit": 352,
                        "itinerary_price_remaining": 152,
                        "fare_lock_kind": "fee",
                        "price": 38,
                        "rule_instance_id": 26750,
                        "version": "v1"
                    }
                ]
            },
            "bags_price": {
                "1": 72.8,
                "2": 282.8
            },
            "baglimit": {
                "hand_dimensions_sum": 118,
                "hand_height": 40,
                "hand_length": 55,
                "hand_weight": 8,
                "hand_width": 23,
                "hold_dimensions_sum": 158,
                "hold_height": 52,
                "hold_length": 78,
                "hold_weight": 23,
                "hold_width": 28,
                "personal_item_dimension_sum": 95,
                "personal_item_height": 30,
                "personal_item_length": 40,
                "personal_item_weight": 8,
                "personal_item_width": 25
            },
            "availability": {
                "seats": 9
            },
            "airlines": [
                "EW"
            ],
            "route": [
                {
                    "id": "0b7717884e510000e859f511_0",
                    "combination_id": "0b7717884e510000e859f511",
                    "flyFrom": "BUD",
                    "flyTo": "HAM",
                    "cityFrom": "Budapest",
                    "cityCodeFrom": "BUD",
                    "cityTo": "Hamburg",
                    "cityCodeTo": "HAM",
                    "local_departure": "2024-11-22T20:35:00.000Z",
                    "utc_departure": "2024-11-22T19:35:00.000Z",
                    "local_arrival": "2024-11-22T22:25:00.000Z",
                    "utc_arrival": "2024-11-22T21:25:00.000Z",
                    "airline": "EW",
                    "flight_no": 7781,
                    "operating_carrier": "EW",
                    "operating_flight_no": "7781",
                    "fare_basis": "",
                    "fare_category": "M",
                    "fare_classes": "",
                    "return": 0,
                    "bags_recheck_required": false,
                    "vi_connection": false,
                    "guarantee": false,
                    "equipment": null,
                    "vehicle_type": "aircraft"
                },
                {
                    "id": "17880b774e5300003cb5ecf4_0",
                    "combination_id": "17880b774e5300003cb5ecf4",
                    "flyFrom": "HAM",
                    "flyTo": "BUD",
                    "cityFrom": "Hamburg",
                    "cityCodeFrom": "HAM",
                    "cityTo": "Budapest",
                    "cityCodeTo": "BUD",
                    "local_departure": "2024-11-24T13:05:00.000Z",
                    "utc_departure": "2024-11-24T12:05:00.000Z",
                    "local_arrival": "2024-11-24T14:50:00.000Z",
                    "utc_arrival": "2024-11-24T13:50:00.000Z",
                    "airline": "EW",
                    "flight_no": 7780,
                    "operating_carrier": "EW",
                    "operating_flight_no": "7780",
                    "fare_basis": "",
                    "fare_category": "M",
                    "fare_classes": "N",
                    "return": 1,
                    "bags_recheck_required": false,
                    "vi_connection": false,
                    "guarantee": false,
                    "equipment": null,
                    "vehicle_type": "aircraft"
                }
            ],
            "booking_token": "Hp2KQruTa8oLakkMeyWHm2BxeJwGP9N7GjsL-gmnXXElJAgRTjIxhn6gjxoRlO9STp44O8-8zDLWvyNhFFJJS0BXXDZaU3pA4ZZbFy641zGMjYnsxNzV4XywIiJ9359gfKK-nseC9D8zDzttcVAMv7Ill_ajKsU-7lpskyuAfIvjx5-FwqCWcI7ZMGgU8BnK8OAPTgGgqwyHYXKsx_lAsdy0BvIYkRckQgaHxAZ1Ow_31WJ7waFb5VnlsR54yW-UmA21vx4aAT3WG-hKM5Ftnx--I0MzmeNbsF7ru4vos3xjGr0B0vLt6w1SZRgZIP_1HGZ_ssy1CKaMvum7UZdA1A78lPLBoZbdnP5E3myKmCCOUFCJej7nDolxwF0ufquMVaTVkNLGNxzKmC2NW-hQeCtxWpjKxzK3xUAKo59-l48UrCa9_drvDSUY4Lq2iRZMi2BGQU4vtxdgLvTZ9yvQ25rzthWydaFq3_zH_jb02d8ilcOK2usN1YpJbHk7BpWwR8clGGiG9X7qwgnZ3rQ_wyOKDey5sbfO6PvxXIA2mROHf5v4_IzKBI4opPubwClOPd2YAO1YYRHVSp0mPZqBIreeYC4lrnc5DQ8u_LBX55boPQsAmG9atWCOG8T5itTIou9iJ9RWizKWyWvDNVfZo543JmtFS7ZRbzT2o8InrD5F11_GvpTggAD2FNw_V5q2L0O5J-PyVNPScR9kQvIFV6Q==",
            "deep_link": "https://www.kiwi.com/deep?affilid=mihalytest&currency=EUR&flightsId=0b7717884e510000e859f511_0%7C17880b774e5300003cb5ecf4_0&from=BUD&lang=en&passengers=1&to=HAM&booking_token=Hp2KQruTa8oLakkMeyWHm2BxeJwGP9N7GjsL-gmnXXElJAgRTjIxhn6gjxoRlO9STp44O8-8zDLWvyNhFFJJS0BXXDZaU3pA4ZZbFy641zGMjYnsxNzV4XywIiJ9359gfKK-nseC9D8zDzttcVAMv7Ill_ajKsU-7lpskyuAfIvjx5-FwqCWcI7ZMGgU8BnK8OAPTgGgqwyHYXKsx_lAsdy0BvIYkRckQgaHxAZ1Ow_31WJ7waFb5VnlsR54yW-UmA21vx4aAT3WG-hKM5Ftnx--I0MzmeNbsF7ru4vos3xjGr0B0vLt6w1SZRgZIP_1HGZ_ssy1CKaMvum7UZdA1A78lPLBoZbdnP5E3myKmCCOUFCJej7nDolxwF0ufquMVaTVkNLGNxzKmC2NW-hQeCtxWpjKxzK3xUAKo59-l48UrCa9_drvDSUY4Lq2iRZMi2BGQU4vtxdgLvTZ9yvQ25rzthWydaFq3_zH_jb02d8ilcOK2usN1YpJbHk7BpWwR8clGGiG9X7qwgnZ3rQ_wyOKDey5sbfO6PvxXIA2mROHf5v4_IzKBI4opPubwClOPd2YAO1YYRHVSp0mPZqBIreeYC4lrnc5DQ8u_LBX55boPQsAmG9atWCOG8T5itTIou9iJ9RWizKWyWvDNVfZo543JmtFS7ZRbzT2o8InrD5F11_GvpTggAD2FNw_V5q2L0O5J-PyVNPScR9kQvIFV6Q==",
            "facilitated_booking_available": true,
            "pnr_count": 2,
            "has_airport_change": false,
            "technical_stops": 0,
            "throw_away_ticketing": false,
            "hidden_city_ticketing": false,
            "virtual_interlining": false
        },
        {
            "id": "0b7717884e510000e859f511_0|17880b774e540000cae3837d_0",
            "flyFrom": "BUD",
            "flyTo": "HAM",
            "cityFrom": "Budapest",
            "cityCodeFrom": "BUD",
            "cityTo": "Hamburg",
            "cityCodeTo": "HAM",
            "countryFrom": {
                "code": "HU",
                "name": "Hungary"
            },
            "countryTo": {
                "code": "DE",
                "name": "Germany"
            },
            "local_departure": "2024-11-22T20:35:00.000Z",
            "utc_departure": "2024-11-22T19:35:00.000Z",
            "local_arrival": "2024-11-22T22:25:00.000Z",
            "utc_arrival": "2024-11-22T21:25:00.000Z",
            "nightsInDest": 3,
            "quality": 204.666535,
            "distance": 949.98,
            "duration": {
                "departure": 6600,
                "return": 6300,
                "total": 12900
            },
            "price": 152,
            "conversion": {
                "EUR": 152
            },
            "fare": {
                "adults": 152,
                "children": 152,
                "infants": 152
            },
            "fare_locks": {
                "EUR": [
                    {
                        "default": false,
                        "duration": "P1D",
                        "itinerary_price_limit": 352,
                        "itinerary_price_remaining": 152,
                        "fare_lock_kind": "fee",
                        "price": 7.6,
                        "rule_instance_id": 26749,
                        "version": "v1"
                    },
                    {
                        "default": true,
                        "duration": "P3D",
                        "itinerary_price_limit": 352,
                        "itinerary_price_remaining": 152,
                        "fare_lock_kind": "fee",
                        "price": 15.2,
                        "rule_instance_id": 26748,
                        "version": "v1"
                    },
                    {
                        "default": false,
                        "duration": "P7D",
                        "itinerary_price_limit": 352,
                        "itinerary_price_remaining": 152,
                        "fare_lock_kind": "fee",
                        "price": 38,
                        "rule_instance_id": 26750,
                        "version": "v1"
                    }
                ]
            },
            "bags_price": {
                "1": 72.8,
                "2": 282.8
            },
            "baglimit": {
                "hand_dimensions_sum": 118,
                "hand_height": 40,
                "hand_length": 55,
                "hand_weight": 8,
                "hand_width": 23,
                "hold_dimensions_sum": 158,
                "hold_height": 52,
                "hold_length": 78,
                "hold_weight": 23,
                "hold_width": 28,
                "personal_item_dimension_sum": 95,
                "personal_item_height": 30,
                "personal_item_length": 40,
                "personal_item_weight": 8,
                "personal_item_width": 25
            },
            "availability": {
                "seats": 9
            },
            "airlines": [
                "EW"
            ],
            "route": [
                {
                    "id": "0b7717884e510000e859f511_0",
                    "combination_id": "0b7717884e510000e859f511",
                    "flyFrom": "BUD",
                    "flyTo": "HAM",
                    "cityFrom": "Budapest",
                    "cityCodeFrom": "BUD",
                    "cityTo": "Hamburg",
                    "cityCodeTo": "HAM",
                    "local_departure": "2024-11-22T20:35:00.000Z",
                    "utc_departure": "2024-11-22T19:35:00.000Z",
                    "local_arrival": "2024-11-22T22:25:00.000Z",
                    "utc_arrival": "2024-11-22T21:25:00.000Z",
                    "airline": "EW",
                    "flight_no": 7781,
                    "operating_carrier": "EW",
                    "operating_flight_no": "7781",
                    "fare_basis": "",
                    "fare_category": "M",
                    "fare_classes": "",
                    "return": 0,
                    "bags_recheck_required": false,
                    "vi_connection": false,
                    "guarantee": false,
                    "equipment": null,
                    "vehicle_type": "aircraft"
                },
                {
                    "id": "17880b774e540000cae3837d_0",
                    "combination_id": "17880b774e540000cae3837d",
                    "flyFrom": "HAM",
                    "flyTo": "BUD",
                    "cityFrom": "Hamburg",
                    "cityCodeFrom": "HAM",
                    "cityTo": "Budapest",
                    "cityCodeTo": "BUD",
                    "local_departure": "2024-11-25T06:45:00.000Z",
                    "utc_departure": "2024-11-25T05:45:00.000Z",
                    "local_arrival": "2024-11-25T08:30:00.000Z",
                    "utc_arrival": "2024-11-25T07:30:00.000Z",
                    "airline": "EW",
                    "flight_no": 7780,
                    "operating_carrier": "EW",
                    "operating_flight_no": "7780",
                    "fare_basis": "",
                    "fare_category": "M",
                    "fare_classes": "",
                    "return": 1,
                    "bags_recheck_required": false,
                    "vi_connection": false,
                    "guarantee": false,
                    "equipment": null,
                    "vehicle_type": "aircraft"
                }
            ],
            "booking_token": "HVEX-cw2W4r05QT6OzKX8KkHlLWHrx2trFaWV5m7Pdz1MYi-WKwVqraRGm1Akl3T3RiObbmaIPq4CC4EVl9d3nnal2n9vn14nmFrVVTjkJLC-71twFLNQ-uqqMl2f0uZKT9Kq9akPLxxkrHACIXZ4feWuf6lE0DPMcLnikM4KUMZ3OvaOb1hALBiHD1akWF7ufev-vhDhVxqL0sNOWpv5vUq9EwORrZdsaqxz5ArAWoWz5UnAygI-fe-3YncTxEXUMaIxawHsSIt1htQFJ2oJ3cflfpOteDU-H5RqdA_72pNUm_jzEgrEVO6ZjYEXTlYTCpY2YsCPRffosr_TM_bjW9UAfzWwASJc3VzreKlOnhC-B16xvFEboyviPLgfMrJonSb5OrHtWKqu53sAW-lVG7_iOt5lnNGNsj2jOTLKcVPsdb9jOLxITjHYXdiLQ4Wt2JCU5SbK0qI5z5jrnVATuXH0RtNa7CNlQihfmQfa4QTUx17tElJs9D4xWxiarvlsldVnNau3BxR0S_yhgv6Wk4iW4bdMXvLJwyK6YviQGrQqDjoKJ3A_MtCJGShGoiq0rk6Q7W60M1y2lbRYfRS5c__Gcnev4mpco5x4HAaK2OtCp-XY2ea6NihH_dgya5PZghxCeZnZ5bumxnsvMogZdfVJoFW4yFJnbxule_99TL3omtXwpGhZId_rJuYnrepJ0v9cAZr-7ZcQfbsVz9gIvg==",
            "deep_link": "https://www.kiwi.com/deep?affilid=mihalytest&currency=EUR&flightsId=0b7717884e510000e859f511_0%7C17880b774e540000cae3837d_0&from=BUD&lang=en&passengers=1&to=HAM&booking_token=HVEX-cw2W4r05QT6OzKX8KkHlLWHrx2trFaWV5m7Pdz1MYi-WKwVqraRGm1Akl3T3RiObbmaIPq4CC4EVl9d3nnal2n9vn14nmFrVVTjkJLC-71twFLNQ-uqqMl2f0uZKT9Kq9akPLxxkrHACIXZ4feWuf6lE0DPMcLnikM4KUMZ3OvaOb1hALBiHD1akWF7ufev-vhDhVxqL0sNOWpv5vUq9EwORrZdsaqxz5ArAWoWz5UnAygI-fe-3YncTxEXUMaIxawHsSIt1htQFJ2oJ3cflfpOteDU-H5RqdA_72pNUm_jzEgrEVO6ZjYEXTlYTCpY2YsCPRffosr_TM_bjW9UAfzWwASJc3VzreKlOnhC-B16xvFEboyviPLgfMrJonSb5OrHtWKqu53sAW-lVG7_iOt5lnNGNsj2jOTLKcVPsdb9jOLxITjHYXdiLQ4Wt2JCU5SbK0qI5z5jrnVATuXH0RtNa7CNlQihfmQfa4QTUx17tElJs9D4xWxiarvlsldVnNau3BxR0S_yhgv6Wk4iW4bdMXvLJwyK6YviQGrQqDjoKJ3A_MtCJGShGoiq0rk6Q7W60M1y2lbRYfRS5c__Gcnev4mpco5x4HAaK2OtCp-XY2ea6NihH_dgya5PZghxCeZnZ5bumxnsvMogZdfVJoFW4yFJnbxule_99TL3omtXwpGhZId_rJuYnrepJ0v9cAZr-7ZcQfbsVz9gIvg==",
            "facilitated_booking_available": true,
            "pnr_count": 2,
            "has_airport_change": false,
            "technical_stops": 0,
            "throw_away_ticketing": false,
            "hidden_city_ticketing": false,
            "virtual_interlining": false
        },
        {
            "id": "0b7717884e3c0000f946f594_0|178823334e410000f3c03316_0|23330b774e4100003e92f376_0",
            "flyFrom": "BUD",
            "flyTo": "HAM",
            "cityFrom": "Budapest",
            "cityCodeFrom": "BUD",
            "cityTo": "Hamburg",
            "cityCodeTo": "HAM",
            "countryFrom": {
                "code": "HU",
                "name": "Hungary"
            },
            "countryTo": {
                "code": "DE",
                "name": "Germany"
            },
            "local_departure": "2024-11-01T20:35:00.000Z",
            "utc_departure": "2024-11-01T19:35:00.000Z",
            "local_arrival": "2024-11-01T22:25:00.000Z",
            "utc_arrival": "2024-11-01T21:25:00.000Z",
            "nightsInDest": 5,
            "quality": 245.999765,
            "distance": 949.98,
            "duration": {
                "departure": 6600,
                "return": 24900,
                "total": 31500
            },
            "price": 152,
            "conversion": {
                "EUR": 152
            },
            "fare": {
                "adults": 152,
                "children": 152,
                "infants": 152
            },
            "fare_locks": {
                "EUR": [
                    {
                        "default": false,
                        "duration": "P1D",
                        "itinerary_price_limit": 352,
                        "itinerary_price_remaining": 152,
                        "fare_lock_kind": "fee",
                        "price": 7.6,
                        "rule_instance_id": 26749,
                        "version": "v1"
                    },
                    {
                        "default": true,
                        "duration": "P3D",
                        "itinerary_price_limit": 352,
                        "itinerary_price_remaining": 152,
                        "fare_lock_kind": "fee",
                        "price": 15.2,
                        "rule_instance_id": 26748,
                        "version": "v1"
                    },
                    {
                        "default": false,
                        "duration": "P7D",
                        "itinerary_price_limit": 352,
                        "itinerary_price_remaining": 152,
                        "fare_lock_kind": "fee",
                        "price": 38,
                        "rule_instance_id": 26750,
                        "version": "v1"
                    }
                ]
            },
            "bags_price": {
                "1": 183.274,
                "2": 435.148
            },
            "baglimit": {
                "hand_dimensions_sum": 118,
                "hand_height": 40,
                "hand_length": 55,
                "hand_weight": 8,
                "hand_width": 23,
                "hold_dimensions_sum": 158,
                "hold_height": 52,
                "hold_length": 78,
                "hold_weight": 20,
                "hold_width": 28,
                "personal_item_dimension_sum": 90,
                "personal_item_height": 30,
                "personal_item_length": 40,
                "personal_item_weight": 8,
                "personal_item_width": 20
            },
            "availability": {
                "seats": 2
            },
            "airlines": [
                "EW",
                "W4",
                "W6"
            ],
            "route": [
                {
                    "id": "0b7717884e3c0000f946f594_0",
                    "combination_id": "0b7717884e3c0000f946f594",
                    "flyFrom": "BUD",
                    "flyTo": "HAM",
                    "cityFrom": "Budapest",
                    "cityCodeFrom": "BUD",
                    "cityTo": "Hamburg",
                    "cityCodeTo": "HAM",
                    "local_departure": "2024-11-01T20:35:00.000Z",
                    "utc_departure": "2024-11-01T19:35:00.000Z",
                    "local_arrival": "2024-11-01T22:25:00.000Z",
                    "utc_arrival": "2024-11-01T21:25:00.000Z",
                    "airline": "EW",
                    "flight_no": 7781,
                    "operating_carrier": "EW",
                    "operating_flight_no": "7781",
                    "fare_basis": "",
                    "fare_category": "M",
                    "fare_classes": "",
                    "return": 0,
                    "bags_recheck_required": false,
                    "vi_connection": false,
                    "guarantee": false,
                    "equipment": null,
                    "vehicle_type": "aircraft"
                },
                {
                    "id": "178823334e410000f3c03316_0",
                    "combination_id": "178823334e410000f3c03316",
                    "flyFrom": "HAM",
                    "flyTo": "TIA",
                    "cityFrom": "Hamburg",
                    "cityCodeFrom": "HAM",
                    "cityTo": "Tirana",
                    "cityCodeTo": "TIA",
                    "local_departure": "2024-11-06T16:15:00.000Z",
                    "utc_departure": "2024-11-06T15:15:00.000Z",
                    "local_arrival": "2024-11-06T18:45:00.000Z",
                    "utc_arrival": "2024-11-06T17:45:00.000Z",
                    "airline": "W4",
                    "flight_no": 5108,
                    "operating_carrier": "",
                    "operating_flight_no": "",
                    "fare_basis": "",
                    "fare_category": "M",
                    "fare_classes": "",
                    "return": 1,
                    "bags_recheck_required": false,
                    "vi_connection": false,
                    "guarantee": false,
                    "equipment": null,
                    "vehicle_type": "aircraft"
                },
                {
                    "id": "23330b774e4100003e92f376_0",
                    "combination_id": "23330b774e4100003e92f376",
                    "flyFrom": "TIA",
                    "flyTo": "BUD",
                    "cityFrom": "Tirana",
                    "cityCodeFrom": "TIA",
                    "cityTo": "Budapest",
                    "cityCodeTo": "BUD",
                    "local_departure": "2024-11-06T21:35:00.000Z",
                    "utc_departure": "2024-11-06T20:35:00.000Z",
                    "local_arrival": "2024-11-06T23:10:00.000Z",
                    "utc_arrival": "2024-11-06T22:10:00.000Z",
                    "airline": "W6",
                    "flight_no": 2234,
                    "operating_carrier": "",
                    "operating_flight_no": "",
                    "fare_basis": "",
                    "fare_category": "M",
                    "fare_classes": "",
                    "return": 1,
                    "bags_recheck_required": true,
                    "vi_connection": true,
                    "guarantee": true,
                    "equipment": null,
                    "vehicle_type": "aircraft"
                }
            ],
            "booking_token": "HvpQ0mX7-Ddf-YwIV49kaNpCFyx4F9nKqSNHc5fNJQZTcH_MPKPRsWUXlr0JKcM5XIDvAh-b5xcK5ChVbNgDsiGM-jaADVMvwZRPn_qUBvyyi3CnN1d_qGBlW2eJYZEYoJzWKSOiaf8TAhP2HGanR5DCHZKRMmLXCk51M2Xr85TqIXyIntLTjhxTlOP8bPhQLNlk7TrPwT4mQv8rsF7iJjageez7n8A-U4RuEDLS1xMgpfwtrpDxf2b4TNYGr9xdTNXM75lZRkcGgY2jscXO1gzgndz89C1lDiok4Fdn0aWszoKY-PAFV9vcdSD96n-0tYSe_Jeh7uEzWrIxJk4vQnP53lncLtgxfNQI3pT932pCq1yKUMAQu_LeGhvlkghAuTzZamX3TZXr1JMODp3uwpe1kAuL-_Vk2my7-0pIFeiOP4ht403aVTc4dIz7QkdKppnJ-1MeEhx9wgp9sDlDImMHAnpGqVT5jziq3yPaFZbN4Jx_dy9yw_6l3wbI4rQtfO_DPGJnUED8eA3z4ZsKXvC5YhRtA5WNcDwgzG7OtIMiZ9_bXCquCw7dtxay_uthwIxijZFSzSH_ea1VkwWs0BLjjMLTbHxekqhG61N9EL354_RqqTho1U4e0Jkf2Q8rI767CZmSJIwGix6jUJEQgsuPH_USmeX8mk58X3vfEmn2Z_0-Z6j05JVQ-H8hGu1F-7k82mwtPMzimg1PurwCwF-YmuZFSAQCMFquZBJZdApCd62C98qh2_1a1sGM1n-jHHrejcDJC0pbzfPvKDwzwTZqz9SldTklsaQdjzWebIOY=",
            "deep_link": "https://www.kiwi.com/deep?affilid=mihalytest&currency=EUR&flightsId=0b7717884e3c0000f946f594_0%7C178823334e410000f3c03316_0%7C23330b774e4100003e92f376_0&from=BUD&lang=en&passengers=1&to=HAM&booking_token=HvpQ0mX7-Ddf-YwIV49kaNpCFyx4F9nKqSNHc5fNJQZTcH_MPKPRsWUXlr0JKcM5XIDvAh-b5xcK5ChVbNgDsiGM-jaADVMvwZRPn_qUBvyyi3CnN1d_qGBlW2eJYZEYoJzWKSOiaf8TAhP2HGanR5DCHZKRMmLXCk51M2Xr85TqIXyIntLTjhxTlOP8bPhQLNlk7TrPwT4mQv8rsF7iJjageez7n8A-U4RuEDLS1xMgpfwtrpDxf2b4TNYGr9xdTNXM75lZRkcGgY2jscXO1gzgndz89C1lDiok4Fdn0aWszoKY-PAFV9vcdSD96n-0tYSe_Jeh7uEzWrIxJk4vQnP53lncLtgxfNQI3pT932pCq1yKUMAQu_LeGhvlkghAuTzZamX3TZXr1JMODp3uwpe1kAuL-_Vk2my7-0pIFeiOP4ht403aVTc4dIz7QkdKppnJ-1MeEhx9wgp9sDlDImMHAnpGqVT5jziq3yPaFZbN4Jx_dy9yw_6l3wbI4rQtfO_DPGJnUED8eA3z4ZsKXvC5YhRtA5WNcDwgzG7OtIMiZ9_bXCquCw7dtxay_uthwIxijZFSzSH_ea1VkwWs0BLjjMLTbHxekqhG61N9EL354_RqqTho1U4e0Jkf2Q8rI767CZmSJIwGix6jUJEQgsuPH_USmeX8mk58X3vfEmn2Z_0-Z6j05JVQ-H8hGu1F-7k82mwtPMzimg1PurwCwF-YmuZFSAQCMFquZBJZdApCd62C98qh2_1a1sGM1n-jHHrejcDJC0pbzfPvKDwzwTZqz9SldTklsaQdjzWebIOY=",
            "facilitated_booking_available": false,
            "pnr_count": 3,
            "has_airport_change": false,
            "technical_stops": 0,
            "throw_away_ticketing": false,
            "hidden_city_ticketing": false,
            "virtual_interlining": true
        },
        {
            "id": "0b7717884e770000f2dfa19b_0|0b7717884e770000f2dfa19b_1|17880b774e7d00009bbf2a48_0",
            "flyFrom": "BUD",
            "flyTo": "HAM",
            "cityFrom": "Budapest",
            "cityCodeFrom": "BUD",
            "cityTo": "Hamburg",
            "cityCodeTo": "HAM",
            "countryFrom": {
                "code": "HU",
                "name": "Hungary"
            },
            "countryTo": {
                "code": "DE",
                "name": "Germany"
            },
            "local_departure": "2024-12-30T15:15:00.000Z",
            "utc_departure": "2024-12-30T14:15:00.000Z",
            "local_arrival": "2024-12-30T19:45:00.000Z",
            "utc_arrival": "2024-12-30T18:45:00.000Z",
            "nightsInDest": 6,
            "quality": 226.999815,
            "distance": 949.98,
            "duration": {
                "departure": 16200,
                "return": 6300,
                "total": 22500
            },
            "price": 153,
            "conversion": {
                "EUR": 153
            },
            "fare": {
                "adults": 153,
                "children": 153,
                "infants": 153
            },
            "fare_locks": {
                "EUR": [
                    {
                        "default": false,
                        "duration": "P1D",
                        "itinerary_price_limit": 353,
                        "itinerary_price_remaining": 153,
                        "fare_lock_kind": "fee",
                        "price": 7.65,
                        "rule_instance_id": 26749,
                        "version": "v1"
                    },
                    {
                        "default": true,
                        "duration": "P3D",
                        "itinerary_price_limit": 353,
                        "itinerary_price_remaining": 153,
                        "fare_lock_kind": "fee",
                        "price": 15.3,
                        "rule_instance_id": 26748,
                        "version": "v1"
                    },
                    {
                        "default": false,
                        "duration": "P7D",
                        "itinerary_price_limit": 353,
                        "itinerary_price_remaining": 153,
                        "fare_lock_kind": "fee",
                        "price": 38.25,
                        "rule_instance_id": 26750,
                        "version": "v1"
                    }
                ]
            },
            "bags_price": {
                "1": 113.4
            },
            "baglimit": {
                "hand_dimensions_sum": 118,
                "hand_height": 40,
                "hand_length": 55,
                "hand_weight": 8,
                "hand_width": 23,
                "hold_dimensions_sum": 158,
                "hold_height": 52,
                "hold_length": 78,
                "hold_weight": 23,
                "hold_width": 28,
                "personal_item_dimension_sum": 80,
                "personal_item_height": 30,
                "personal_item_length": 40,
                "personal_item_weight": 4,
                "personal_item_width": 10
            },
            "availability": {
                "seats": 4
            },
            "airlines": [
                "JU",
                "EW"
            ],
            "route": [
                {
                    "id": "0b7717884e770000f2dfa19b_0",
                    "combination_id": "0b7717884e770000f2dfa19b",
                    "flyFrom": "BUD",
                    "flyTo": "BEG",
                    "cityFrom": "Budapest",
                    "cityCodeFrom": "BUD",
                    "cityTo": "Belgrade",
                    "cityCodeTo": "BEG",
                    "local_departure": "2024-12-30T15:15:00.000Z",
                    "utc_departure": "2024-12-30T14:15:00.000Z",
                    "local_arrival": "2024-12-30T16:20:00.000Z",
                    "utc_arrival": "2024-12-30T15:20:00.000Z",
                    "airline": "JU",
                    "flight_no": 143,
                    "operating_carrier": "JU",
                    "operating_flight_no": "143",
                    "fare_basis": "TNB14OHU",
                    "fare_category": "M",
                    "fare_classes": "T",
                    "return": 0,
                    "bags_recheck_required": false,
                    "vi_connection": false,
                    "guarantee": false,
                    "equipment": null,
                    "vehicle_type": "aircraft"
                },
                {
                    "id": "0b7717884e770000f2dfa19b_1",
                    "combination_id": "0b7717884e770000f2dfa19b",
                    "flyFrom": "BEG",
                    "flyTo": "HAM",
                    "cityFrom": "Belgrade",
                    "cityCodeFrom": "BEG",
                    "cityTo": "Hamburg",
                    "cityCodeTo": "HAM",
                    "local_departure": "2024-12-30T17:30:00.000Z",
                    "utc_departure": "2024-12-30T16:30:00.000Z",
                    "local_arrival": "2024-12-30T19:45:00.000Z",
                    "utc_arrival": "2024-12-30T18:45:00.000Z",
                    "airline": "JU",
                    "flight_no": 292,
                    "operating_carrier": "JU",
                    "operating_flight_no": "292",
                    "fare_basis": "TNB14OHU",
                    "fare_category": "M",
                    "fare_classes": "T",
                    "return": 0,
                    "bags_recheck_required": false,
                    "vi_connection": false,
                    "guarantee": false,
                    "equipment": null,
                    "vehicle_type": "aircraft"
                },
                {
                    "id": "17880b774e7d00009bbf2a48_0",
                    "combination_id": "17880b774e7d00009bbf2a48",
                    "flyFrom": "HAM",
                    "flyTo": "BUD",
                    "cityFrom": "Hamburg",
                    "cityCodeFrom": "HAM",
                    "cityTo": "Budapest",
                    "cityCodeTo": "BUD",
                    "local_departure": "2025-01-05T13:05:00.000Z",
                    "utc_departure": "2025-01-05T12:05:00.000Z",
                    "local_arrival": "2025-01-05T14:50:00.000Z",
                    "utc_arrival": "2025-01-05T13:50:00.000Z",
                    "airline": "EW",
                    "flight_no": 7780,
                    "operating_carrier": "EW",
                    "operating_flight_no": "7780",
                    "fare_basis": "",
                    "fare_category": "M",
                    "fare_classes": "",
                    "return": 1,
                    "bags_recheck_required": false,
                    "vi_connection": false,
                    "guarantee": false,
                    "equipment": null,
                    "vehicle_type": "aircraft"
                }
            ],
            "booking_token": "H0HTCH9bs6KvYK4gCeoJd5sPQEbQxrGN1jTzGgPub5QVq1bw00fmJqApcfqDljIyDAdT-4efboHp0cNqHXPkOqBl60buSwT5dtelCLix4s4sJmIjVrzxUJrq6P_kiu6uvm82XYa7DAZjt3izqBZlMSlciupGZtegdjr5mUo_B_RhKCAzhMyS7j_GrLCgARujkg9hsPVU69fYVRHcgYIbVIokpKU0xUnonTZdvQKJaOfvuJCgDKh7fe-PT-N1QPXBTnULPIjOhXgqvYASonE2_mYiZXW0C4oB-Rl1Xynhhw-w2ADPApjOSM0jRo9Pb8nw_rBP1QwZie9kIjCIXBV628Qvd6eQp9BytDApk7fI2szsr0sNWcvlHbZRa5XWb1CJTYxPenBZIGlkIuUuPcFxQXr5LIjgmbmilyYx_8uvaEXmT2eQiiomMTYri-A9dQLEro1FQRpvmbka-_jKEEXo9CkViH7Sjh7FHWVV6LppZjIyO0-nJG5dA_W_aL0K4rntPXw4bVDZ7BhmTRNoHCSpcXcEJa0X5UwfDa4TQKbWO-U-aPgW3GpnukK7c1SyFlQbMiWOf7FPnctOgQNMxQcYYljN9WhggsmorBwZzD_gAhFXlObFqIq52b2hgIK5AwEosY4Ewjv_YiX_yE5IQp9cOwNcjY9VSt7JKV8qOOrxXlSNq3QAPfUCoY_8MhVHrn6bI8e9J5WBB55u7wUgQ6CtXVTaC6-IBvum2rMpYynOmFjmXT6727xQ65nkmocZD9STeX9xabBQUDqHa9lTbawKI5Q==",
            "deep_link": "https://www.kiwi.com/deep?affilid=mihalytest&currency=EUR&flightsId=0b7717884e770000f2dfa19b_0%7C0b7717884e770000f2dfa19b_1%7C17880b774e7d00009bbf2a48_0&from=BUD&lang=en&passengers=1&to=HAM&booking_token=H0HTCH9bs6KvYK4gCeoJd5sPQEbQxrGN1jTzGgPub5QVq1bw00fmJqApcfqDljIyDAdT-4efboHp0cNqHXPkOqBl60buSwT5dtelCLix4s4sJmIjVrzxUJrq6P_kiu6uvm82XYa7DAZjt3izqBZlMSlciupGZtegdjr5mUo_B_RhKCAzhMyS7j_GrLCgARujkg9hsPVU69fYVRHcgYIbVIokpKU0xUnonTZdvQKJaOfvuJCgDKh7fe-PT-N1QPXBTnULPIjOhXgqvYASonE2_mYiZXW0C4oB-Rl1Xynhhw-w2ADPApjOSM0jRo9Pb8nw_rBP1QwZie9kIjCIXBV628Qvd6eQp9BytDApk7fI2szsr0sNWcvlHbZRa5XWb1CJTYxPenBZIGlkIuUuPcFxQXr5LIjgmbmilyYx_8uvaEXmT2eQiiomMTYri-A9dQLEro1FQRpvmbka-_jKEEXo9CkViH7Sjh7FHWVV6LppZjIyO0-nJG5dA_W_aL0K4rntPXw4bVDZ7BhmTRNoHCSpcXcEJa0X5UwfDa4TQKbWO-U-aPgW3GpnukK7c1SyFlQbMiWOf7FPnctOgQNMxQcYYljN9WhggsmorBwZzD_gAhFXlObFqIq52b2hgIK5AwEosY4Ewjv_YiX_yE5IQp9cOwNcjY9VSt7JKV8qOOrxXlSNq3QAPfUCoY_8MhVHrn6bI8e9J5WBB55u7wUgQ6CtXVTaC6-IBvum2rMpYynOmFjmXT6727xQ65nkmocZD9STeX9xabBQUDqHa9lTbawKI5Q==",
            "facilitated_booking_available": true,
            "pnr_count": 2,
            "has_airport_change": false,
            "technical_stops": 0,
            "throw_away_ticketing": false,
            "hidden_city_ticketing": false,
            "virtual_interlining": false
        },
        {
            "id": "0b7717884e3c0000f946f594_0|178823334e43000038c8c777_0|23330b774e430000f59a0717_0",
            "flyFrom": "BUD",
            "flyTo": "HAM",
            "cityFrom": "Budapest",
            "cityCodeFrom": "BUD",
            "cityTo": "Hamburg",
            "cityCodeTo": "HAM",
            "countryFrom": {
                "code": "HU",
                "name": "Hungary"
            },
            "countryTo": {
                "code": "DE",
                "name": "Germany"
            },
            "local_departure": "2024-11-01T20:35:00.000Z",
            "utc_departure": "2024-11-01T19:35:00.000Z",
            "local_arrival": "2024-11-01T22:25:00.000Z",
            "utc_arrival": "2024-11-01T21:25:00.000Z",
            "nightsInDest": 7,
            "quality": 246.999765,
            "distance": 949.98,
            "duration": {
                "departure": 6600,
                "return": 24900,
                "total": 31500
            },
            "price": 153,
            "conversion": {
                "EUR": 153
            },
            "fare": {
                "adults": 153,
                "children": 153,
                "infants": 153
            },
            "fare_locks": {
                "EUR": [
                    {
                        "default": false,
                        "duration": "P1D",
                        "itinerary_price_limit": 353,
                        "itinerary_price_remaining": 153,
                        "fare_lock_kind": "fee",
                        "price": 7.65,
                        "rule_instance_id": 26749,
                        "version": "v1"
                    },
                    {
                        "default": true,
                        "duration": "P3D",
                        "itinerary_price_limit": 353,
                        "itinerary_price_remaining": 153,
                        "fare_lock_kind": "fee",
                        "price": 15.3,
                        "rule_instance_id": 26748,
                        "version": "v1"
                    },
                    {
                        "default": false,
                        "duration": "P7D",
                        "itinerary_price_limit": 353,
                        "itinerary_price_remaining": 153,
                        "fare_lock_kind": "fee",
                        "price": 38.25,
                        "rule_instance_id": 26750,
                        "version": "v1"
                    }
                ]
            },
            "bags_price": {
                "1": 183.274,
                "2": 435.148
            },
            "baglimit": {
                "hand_dimensions_sum": 118,
                "hand_height": 40,
                "hand_length": 55,
                "hand_weight": 8,
                "hand_width": 23,
                "hold_dimensions_sum": 158,
                "hold_height": 52,
                "hold_length": 78,
                "hold_weight": 20,
                "hold_width": 28,
                "personal_item_dimension_sum": 90,
                "personal_item_height": 30,
                "personal_item_length": 40,
                "personal_item_weight": 8,
                "personal_item_width": 20
            },
            "availability": {
                "seats": 2
            },
            "airlines": [
                "EW",
                "W4",
                "W6"
            ],
            "route": [
                {
                    "id": "0b7717884e3c0000f946f594_0",
                    "combination_id": "0b7717884e3c0000f946f594",
                    "flyFrom": "BUD",
                    "flyTo": "HAM",
                    "cityFrom": "Budapest",
                    "cityCodeFrom": "BUD",
                    "cityTo": "Hamburg",
                    "cityCodeTo": "HAM",
                    "local_departure": "2024-11-01T20:35:00.000Z",
                    "utc_departure": "2024-11-01T19:35:00.000Z",
                    "local_arrival": "2024-11-01T22:25:00.000Z",
                    "utc_arrival": "2024-11-01T21:25:00.000Z",
                    "airline": "EW",
                    "flight_no": 7781,
                    "operating_carrier": "EW",
                    "operating_flight_no": "7781",
                    "fare_basis": "",
                    "fare_category": "M",
                    "fare_classes": "",
                    "return": 0,
                    "bags_recheck_required": false,
                    "vi_connection": false,
                    "guarantee": false,
                    "equipment": null,
                    "vehicle_type": "aircraft"
                },
                {
                    "id": "178823334e43000038c8c777_0",
                    "combination_id": "178823334e43000038c8c777",
                    "flyFrom": "HAM",
                    "flyTo": "TIA",
                    "cityFrom": "Hamburg",
                    "cityCodeFrom": "HAM",
                    "cityTo": "Tirana",
                    "cityCodeTo": "TIA",
                    "local_departure": "2024-11-08T16:15:00.000Z",
                    "utc_departure": "2024-11-08T15:15:00.000Z",
                    "local_arrival": "2024-11-08T18:45:00.000Z",
                    "utc_arrival": "2024-11-08T17:45:00.000Z",
                    "airline": "W4",
                    "flight_no": 5108,
                    "operating_carrier": "",
                    "operating_flight_no": "",
                    "fare_basis": "",
                    "fare_category": "M",
                    "fare_classes": "",
                    "return": 1,
                    "bags_recheck_required": false,
                    "vi_connection": false,
                    "guarantee": false,
                    "equipment": null,
                    "vehicle_type": "aircraft"
                },
                {
                    "id": "23330b774e430000f59a0717_0",
                    "combination_id": "23330b774e430000f59a0717",
                    "flyFrom": "TIA",
                    "flyTo": "BUD",
                    "cityFrom": "Tirana",
                    "cityCodeFrom": "TIA",
                    "cityTo": "Budapest",
                    "cityCodeTo": "BUD",
                    "local_departure": "2024-11-08T21:35:00.000Z",
                    "utc_departure": "2024-11-08T20:35:00.000Z",
                    "local_arrival": "2024-11-08T23:10:00.000Z",
                    "utc_arrival": "2024-11-08T22:10:00.000Z",
                    "airline": "W6",
                    "flight_no": 2234,
                    "operating_carrier": "",
                    "operating_flight_no": "",
                    "fare_basis": "",
                    "fare_category": "M",
                    "fare_classes": "",
                    "return": 1,
                    "bags_recheck_required": true,
                    "vi_connection": true,
                    "guarantee": true,
                    "equipment": null,
                    "vehicle_type": "aircraft"
                }
            ],
            "booking_token": "HW0K7FzuiA0Pr3MY6ZKoW8bBZg1dDz2GSHsBpM__-x1YDk2OyYSJu4QyXxR0C9L-dUo-U93LTwoXVQ8iw4dc21O2eM62dSl-ROTuUOCJxACm7jl60DxmvLr9HXZ1TA9Tb9TfVkGXM9DNkOms3qX404Wtr7ujQOlVEXXs04xDduqWBQQmPlkSkJuWeiZTgj_OAo4lh8MjCC_hYADLU7FLjzeVNzYTc3qb5CzvCfsSoHGvF-tV_m1vq3fSOakHxSqJnCH1kGPWcQYCtXsJfLrKTSIdbROQ6-7Q9SJm8lwFb5HP0pvR8-AAwNa1JZFa00mw6iueEe5fAnIHTiTBZxgxzu2ysoSOySPfacboDKJpRxJPZEhqxxvvoVbFdYVJ7am01tAQn17a8pZ_zWPs6LGhzG4-vg4v8MOY86SExIHUKgG7hfAKJu_-yqClNg0mNT5FJYysRGVeLbx3KGjGFFfvbII5CgDjG5VXdKH9yjLNDTBSWjmB7oGNAph9wXRQ2wO7w_sp4MPr9l4UZEZLeuNR0JsCsDbvAYjLN57bvhawIw8XDECxrO-auNQCMd23ieEj_htCXD0VmGqd8CQiVY-6dBeeCahbOUBWLZE-hhNmQlXJyp9KV5vM-PZHa3R2BF-3vT1K9yoe_WK4G3ClfGrgxyDrgAnhzdtrATeJWxa98J8evXr0bqNn5107GYNtOXrbSmRqj0W7VC8zm3im2IoK0W5PP3xRsI96OiSaMCpEmj56m8geBKWRqQYN9PK0sf3T8mr3ml-LVX4rJKTX55Te0nQ==",
            "deep_link": "https://www.kiwi.com/deep?affilid=mihalytest&currency=EUR&flightsId=0b7717884e3c0000f946f594_0%7C178823334e43000038c8c777_0%7C23330b774e430000f59a0717_0&from=BUD&lang=en&passengers=1&to=HAM&booking_token=HW0K7FzuiA0Pr3MY6ZKoW8bBZg1dDz2GSHsBpM__-x1YDk2OyYSJu4QyXxR0C9L-dUo-U93LTwoXVQ8iw4dc21O2eM62dSl-ROTuUOCJxACm7jl60DxmvLr9HXZ1TA9Tb9TfVkGXM9DNkOms3qX404Wtr7ujQOlVEXXs04xDduqWBQQmPlkSkJuWeiZTgj_OAo4lh8MjCC_hYADLU7FLjzeVNzYTc3qb5CzvCfsSoHGvF-tV_m1vq3fSOakHxSqJnCH1kGPWcQYCtXsJfLrKTSIdbROQ6-7Q9SJm8lwFb5HP0pvR8-AAwNa1JZFa00mw6iueEe5fAnIHTiTBZxgxzu2ysoSOySPfacboDKJpRxJPZEhqxxvvoVbFdYVJ7am01tAQn17a8pZ_zWPs6LGhzG4-vg4v8MOY86SExIHUKgG7hfAKJu_-yqClNg0mNT5FJYysRGVeLbx3KGjGFFfvbII5CgDjG5VXdKH9yjLNDTBSWjmB7oGNAph9wXRQ2wO7w_sp4MPr9l4UZEZLeuNR0JsCsDbvAYjLN57bvhawIw8XDECxrO-auNQCMd23ieEj_htCXD0VmGqd8CQiVY-6dBeeCahbOUBWLZE-hhNmQlXJyp9KV5vM-PZHa3R2BF-3vT1K9yoe_WK4G3ClfGrgxyDrgAnhzdtrATeJWxa98J8evXr0bqNn5107GYNtOXrbSmRqj0W7VC8zm3im2IoK0W5PP3xRsI96OiSaMCpEmj56m8geBKWRqQYN9PK0sf3T8mr3ml-LVX4rJKTX55Te0nQ==",
            "facilitated_booking_available": false,
            "pnr_count": 3,
            "has_airport_change": false,
            "technical_stops": 0,
            "throw_away_ticketing": false,
            "hidden_city_ticketing": false,
            "virtual_interlining": true
        },
        {
            "id": "0b7717884e3c0000f946f594_0|178823334e3f0000cf8f77f1_0|23330b774e3f000002ddb791_0",
            "flyFrom": "BUD",
            "flyTo": "HAM",
            "cityFrom": "Budapest",
            "cityCodeFrom": "BUD",
            "cityTo": "Hamburg",
            "cityCodeTo": "HAM",
            "countryFrom": {
                "code": "HU",
                "name": "Hungary"
            },
            "countryTo": {
                "code": "DE",
                "name": "Germany"
            },
            "local_departure": "2024-11-01T20:35:00.000Z",
            "utc_departure": "2024-11-01T19:35:00.000Z",
            "local_arrival": "2024-11-01T22:25:00.000Z",
            "utc_arrival": "2024-11-01T21:25:00.000Z",
            "nightsInDest": 3,
            "quality": 246.999765,
            "distance": 949.98,
            "duration": {
                "departure": 6600,
                "return": 24900,
                "total": 31500
            },
            "price": 153,
            "conversion": {
                "EUR": 153
            },
            "fare": {
                "adults": 153,
                "children": 153,
                "infants": 153
            },
            "fare_locks": {
                "EUR": [
                    {
                        "default": false,
                        "duration": "P1D",
                        "itinerary_price_limit": 353,
                        "itinerary_price_remaining": 153,
                        "fare_lock_kind": "fee",
                        "price": 7.65,
                        "rule_instance_id": 26749,
                        "version": "v1"
                    },
                    {
                        "default": true,
                        "duration": "P3D",
                        "itinerary_price_limit": 353,
                        "itinerary_price_remaining": 153,
                        "fare_lock_kind": "fee",
                        "price": 15.3,
                        "rule_instance_id": 26748,
                        "version": "v1"
                    },
                    {
                        "default": false,
                        "duration": "P7D",
                        "itinerary_price_limit": 353,
                        "itinerary_price_remaining": 153,
                        "fare_lock_kind": "fee",
                        "price": 38.25,
                        "rule_instance_id": 26750,
                        "version": "v1"
                    }
                ]
            },
            "bags_price": {
                "1": 183.274,
                "2": 435.148
            },
            "baglimit": {
                "hand_dimensions_sum": 118,
                "hand_height": 40,
                "hand_length": 55,
                "hand_weight": 8,
                "hand_width": 23,
                "hold_dimensions_sum": 158,
                "hold_height": 52,
                "hold_length": 78,
                "hold_weight": 20,
                "hold_width": 28,
                "personal_item_dimension_sum": 90,
                "personal_item_height": 30,
                "personal_item_length": 40,
                "personal_item_weight": 8,
                "personal_item_width": 20
            },
            "availability": {
                "seats": 1
            },
            "airlines": [
                "EW",
                "W4",
                "W6"
            ],
            "route": [
                {
                    "id": "0b7717884e3c0000f946f594_0",
                    "combination_id": "0b7717884e3c0000f946f594",
                    "flyFrom": "BUD",
                    "flyTo": "HAM",
                    "cityFrom": "Budapest",
                    "cityCodeFrom": "BUD",
                    "cityTo": "Hamburg",
                    "cityCodeTo": "HAM",
                    "local_departure": "2024-11-01T20:35:00.000Z",
                    "utc_departure": "2024-11-01T19:35:00.000Z",
                    "local_arrival": "2024-11-01T22:25:00.000Z",
                    "utc_arrival": "2024-11-01T21:25:00.000Z",
                    "airline": "EW",
                    "flight_no": 7781,
                    "operating_carrier": "EW",
                    "operating_flight_no": "7781",
                    "fare_basis": "",
                    "fare_category": "M",
                    "fare_classes": "",
                    "return": 0,
                    "bags_recheck_required": false,
                    "vi_connection": false,
                    "guarantee": false,
                    "equipment": null,
                    "vehicle_type": "aircraft"
                },
                {
                    "id": "178823334e3f0000cf8f77f1_0",
                    "combination_id": "178823334e3f0000cf8f77f1",
                    "flyFrom": "HAM",
                    "flyTo": "TIA",
                    "cityFrom": "Hamburg",
                    "cityCodeFrom": "HAM",
                    "cityTo": "Tirana",
                    "cityCodeTo": "TIA",
                    "local_departure": "2024-11-04T16:15:00.000Z",
                    "utc_departure": "2024-11-04T15:15:00.000Z",
                    "local_arrival": "2024-11-04T18:45:00.000Z",
                    "utc_arrival": "2024-11-04T17:45:00.000Z",
                    "airline": "W4",
                    "flight_no": 5108,
                    "operating_carrier": "",
                    "operating_flight_no": "",
                    "fare_basis": "",
                    "fare_category": "M",
                    "fare_classes": "",
                    "return": 1,
                    "bags_recheck_required": false,
                    "vi_connection": false,
                    "guarantee": false,
                    "equipment": null,
                    "vehicle_type": "aircraft"
                },
                {
                    "id": "23330b774e3f000002ddb791_0",
                    "combination_id": "23330b774e3f000002ddb791",
                    "flyFrom": "TIA",
                    "flyTo": "BUD",
                    "cityFrom": "Tirana",
                    "cityCodeFrom": "TIA",
                    "cityTo": "Budapest",
                    "cityCodeTo": "BUD",
                    "local_departure": "2024-11-04T21:35:00.000Z",
                    "utc_departure": "2024-11-04T20:35:00.000Z",
                    "local_arrival": "2024-11-04T23:10:00.000Z",
                    "utc_arrival": "2024-11-04T22:10:00.000Z",
                    "airline": "W6",
                    "flight_no": 2234,
                    "operating_carrier": "",
                    "operating_flight_no": "",
                    "fare_basis": "",
                    "fare_category": "M",
                    "fare_classes": "",
                    "return": 1,
                    "bags_recheck_required": true,
                    "vi_connection": true,
                    "guarantee": true,
                    "equipment": null,
                    "vehicle_type": "aircraft"
                }
            ],
            "booking_token": "HzMgtpGO-J-ZG3YvUhu8pbYUWHblputBvfLqGr4p-di2Tfnqw4yM6uiK9IoxtnVA8hDU9Nqfp9KFpck6AH51aolWPQEObJpR34rHsg-VtORi45d6-sfiR7PKvouJDZ27gJUKwxOQ1YjywbhT--R9SBA82MOgHOSHWRwisMyMgFGSh55iIADYiDznYNRvGcRrkRMV8ZPsaizpAKVW3sZ8tD_wAr64io2hi4MzmsepXFW3UZNqcGG6aqe_I4WWdTlbwn0NuPO17cHFfitIfwjOpMOhXDNvHMfjQwCKWa3bWOUnYbqNVZYbYxtyxstxLqNnie6ntZ6rnJLgEn7bfo3XLMQ2tP5KbBi5AGLS1cB0p25cDW7kGpBjK4AGQpMNDBPYeV5RJtBys-kMG_bnSdv8KYBG5HPb_OFibu-9zTJStb3K12Zm6DILiBvvyGF2u47NpQdOnYLuJ-6cPPggySh3T65NQt7o1M30zeptqmVRr_qu6LP3ucMryd9-kN15I--QIx6j_fnreoAQWhAVLsHmfmUqC6FN_iL9iVG-6-nQJzS1zZ75mJNG2EMjz2D3epUpMix-OmcwP9PtX_ExlaCWGnQuSfX9C8VfA3sghJc-mO_bXeaIyUaKIpcH4Wpar6xDvcI7OYpIEJWWMcq9gb7ADOrmYrV0g9FcpfvxJCz1_NuM4JEwR0iNzziTOwav-iiuNy_J3GBtX4Xbdla_eOwh4ilZPXIsUhwJjKLOtkzt1lizknUdWHusi4GIxVjwwl8iz4v-7Dy9aj5iuMnqPjaRXGg==",
            "deep_link": "https://www.kiwi.com/deep?affilid=mihalytest&currency=EUR&flightsId=0b7717884e3c0000f946f594_0%7C178823334e3f0000cf8f77f1_0%7C23330b774e3f000002ddb791_0&from=BUD&lang=en&passengers=1&to=HAM&booking_token=HzMgtpGO-J-ZG3YvUhu8pbYUWHblputBvfLqGr4p-di2Tfnqw4yM6uiK9IoxtnVA8hDU9Nqfp9KFpck6AH51aolWPQEObJpR34rHsg-VtORi45d6-sfiR7PKvouJDZ27gJUKwxOQ1YjywbhT--R9SBA82MOgHOSHWRwisMyMgFGSh55iIADYiDznYNRvGcRrkRMV8ZPsaizpAKVW3sZ8tD_wAr64io2hi4MzmsepXFW3UZNqcGG6aqe_I4WWdTlbwn0NuPO17cHFfitIfwjOpMOhXDNvHMfjQwCKWa3bWOUnYbqNVZYbYxtyxstxLqNnie6ntZ6rnJLgEn7bfo3XLMQ2tP5KbBi5AGLS1cB0p25cDW7kGpBjK4AGQpMNDBPYeV5RJtBys-kMG_bnSdv8KYBG5HPb_OFibu-9zTJStb3K12Zm6DILiBvvyGF2u47NpQdOnYLuJ-6cPPggySh3T65NQt7o1M30zeptqmVRr_qu6LP3ucMryd9-kN15I--QIx6j_fnreoAQWhAVLsHmfmUqC6FN_iL9iVG-6-nQJzS1zZ75mJNG2EMjz2D3epUpMix-OmcwP9PtX_ExlaCWGnQuSfX9C8VfA3sghJc-mO_bXeaIyUaKIpcH4Wpar6xDvcI7OYpIEJWWMcq9gb7ADOrmYrV0g9FcpfvxJCz1_NuM4JEwR0iNzziTOwav-iiuNy_J3GBtX4Xbdla_eOwh4ilZPXIsUhwJjKLOtkzt1lizknUdWHusi4GIxVjwwl8iz4v-7Dy9aj5iuMnqPjaRXGg==",
            "facilitated_booking_available": false,
            "pnr_count": 3,
            "has_airport_change": false,
            "technical_stops": 0,
            "throw_away_ticketing": false,
            "hidden_city_ticketing": false,
            "virtual_interlining": true
        },
        {
            "id": "0b7717884e5f0000fddf66be_0|178823334e640000dd4760d7_0|23330b774e6400001015a0b7_0",
            "flyFrom": "BUD",
            "flyTo": "HAM",
            "cityFrom": "Budapest",
            "cityCodeFrom": "BUD",
            "cityTo": "Hamburg",
            "cityCodeTo": "HAM",
            "countryFrom": {
                "code": "HU",
                "name": "Hungary"
            },
            "countryTo": {
                "code": "DE",
                "name": "Germany"
            },
            "local_departure": "2024-12-06T20:35:00.000Z",
            "utc_departure": "2024-12-06T19:35:00.000Z",
            "local_arrival": "2024-12-06T22:25:00.000Z",
            "utc_arrival": "2024-12-06T21:25:00.000Z",
            "nightsInDest": 5,
            "quality": 246.999765,
            "distance": 949.98,
            "duration": {
                "departure": 6600,
                "return": 24900,
                "total": 31500
            },
            "price": 153,
            "conversion": {
                "EUR": 153
            },
            "fare": {
                "adults": 153,
                "children": 153,
                "infants": 153
            },
            "fare_locks": {
                "EUR": [
                    {
                        "default": false,
                        "duration": "P1D",
                        "itinerary_price_limit": 353,
                        "itinerary_price_remaining": 153,
                        "fare_lock_kind": "fee",
                        "price": 7.65,
                        "rule_instance_id": 26749,
                        "version": "v1"
                    },
                    {
                        "default": true,
                        "duration": "P3D",
                        "itinerary_price_limit": 353,
                        "itinerary_price_remaining": 153,
                        "fare_lock_kind": "fee",
                        "price": 15.3,
                        "rule_instance_id": 26748,
                        "version": "v1"
                    },
                    {
                        "default": false,
                        "duration": "P7D",
                        "itinerary_price_limit": 353,
                        "itinerary_price_remaining": 153,
                        "fare_lock_kind": "fee",
                        "price": 38.25,
                        "rule_instance_id": 26750,
                        "version": "v1"
                    }
                ]
            },
            "bags_price": {
                "1": 205.674,
                "2": 479.948
            },
            "baglimit": {
                "hand_dimensions_sum": 118,
                "hand_height": 40,
                "hand_length": 55,
                "hand_weight": 8,
                "hand_width": 23,
                "hold_dimensions_sum": 158,
                "hold_height": 52,
                "hold_length": 78,
                "hold_weight": 20,
                "hold_width": 28,
                "personal_item_dimension_sum": 90,
                "personal_item_height": 30,
                "personal_item_length": 40,
                "personal_item_weight": 8,
                "personal_item_width": 20
            },
            "availability": {
                "seats": 6
            },
            "airlines": [
                "EW",
                "W4",
                "W6"
            ],
            "route": [
                {
                    "id": "0b7717884e5f0000fddf66be_0",
                    "combination_id": "0b7717884e5f0000fddf66be",
                    "flyFrom": "BUD",
                    "flyTo": "HAM",
                    "cityFrom": "Budapest",
                    "cityCodeFrom": "BUD",
                    "cityTo": "Hamburg",
                    "cityCodeTo": "HAM",
                    "local_departure": "2024-12-06T20:35:00.000Z",
                    "utc_departure": "2024-12-06T19:35:00.000Z",
                    "local_arrival": "2024-12-06T22:25:00.000Z",
                    "utc_arrival": "2024-12-06T21:25:00.000Z",
                    "airline": "EW",
                    "flight_no": 7781,
                    "operating_carrier": "EW",
                    "operating_flight_no": "7781",
                    "fare_basis": "",
                    "fare_category": "M",
                    "fare_classes": "T",
                    "return": 0,
                    "bags_recheck_required": false,
                    "vi_connection": false,
                    "guarantee": false,
                    "equipment": null,
                    "vehicle_type": "aircraft"
                },
                {
                    "id": "178823334e640000dd4760d7_0",
                    "combination_id": "178823334e640000dd4760d7",
                    "flyFrom": "HAM",
                    "flyTo": "TIA",
                    "cityFrom": "Hamburg",
                    "cityCodeFrom": "HAM",
                    "cityTo": "Tirana",
                    "cityCodeTo": "TIA",
                    "local_departure": "2024-12-11T16:15:00.000Z",
                    "utc_departure": "2024-12-11T15:15:00.000Z",
                    "local_arrival": "2024-12-11T18:45:00.000Z",
                    "utc_arrival": "2024-12-11T17:45:00.000Z",
                    "airline": "W4",
                    "flight_no": 5108,
                    "operating_carrier": "",
                    "operating_flight_no": "",
                    "fare_basis": "",
                    "fare_category": "M",
                    "fare_classes": "",
                    "return": 1,
                    "bags_recheck_required": false,
                    "vi_connection": false,
                    "guarantee": false,
                    "equipment": null,
                    "vehicle_type": "aircraft"
                },
                {
                    "id": "23330b774e6400001015a0b7_0",
                    "combination_id": "23330b774e6400001015a0b7",
                    "flyFrom": "TIA",
                    "flyTo": "BUD",
                    "cityFrom": "Tirana",
                    "cityCodeFrom": "TIA",
                    "cityTo": "Budapest",
                    "cityCodeTo": "BUD",
                    "local_departure": "2024-12-11T21:35:00.000Z",
                    "utc_departure": "2024-12-11T20:35:00.000Z",
                    "local_arrival": "2024-12-11T23:10:00.000Z",
                    "utc_arrival": "2024-12-11T22:10:00.000Z",
                    "airline": "W6",
                    "flight_no": 2234,
                    "operating_carrier": "",
                    "operating_flight_no": "",
                    "fare_basis": "",
                    "fare_category": "M",
                    "fare_classes": "",
                    "return": 1,
                    "bags_recheck_required": true,
                    "vi_connection": true,
                    "guarantee": true,
                    "equipment": null,
                    "vehicle_type": "aircraft"
                }
            ],
            "booking_token": "HBTB4kz6US39WIeW9YEIVXxsZXDn5PpRgrvfzJHki8jYXIQh9GmycpRdMHGWyUjLx8gXRIIAXgqflp2GuDAVTsdt6WZRTThvPsxj3NiMka0NM9XklJJDT2_7ZSNGiQaHlxTjl85AJLm2Pee_mxK4EYyWuhA04AAPnqQ61RNZKvWx5QIIcA8HIOEmOmR9kPtCofbeFEnJozBz8Y3N9393idtrDbIHZ2oWCHgU--WeAGZoX_WaB6jvyyfePGWPF6z_oulw-b1sglpkF4SornN2QWhOGGh4Pb4o1IsPGvrLtxsLVlwhOtVmHNYCkIyNK1N_7GYySoFA9XDhSSY97Y0N5J3-PchmbVN1LLQNhg3BkRQRson0q8j1RKoxLm9kXwaDnm7QZHrapCnWZTHU5DH7ZS5v-plRjfdFsiAlInFVmJXF_EBoDSQ7CJsbRf8L6LMZo65yND0JrQXCG-pAthAXvJIpRwqiidTKRg8nJWt3KtjrAS4kSSG0vQ7KTBNksmzUim3mH5atU-xfvlZseZoEtjoLasWVtol6sipgC2JgoHksFM5KhAGNF2qH1RpqGZk_9pfiyhHzZ-fz8ud99PZzdyocBKhcEv6z9v6LycO8vv-QhVTeiVm2UvYqafKM7YldNk26U4OejnY6x0ETpzR5fomkvTRwIiibDSBIWIIyzakx5eAFKPZJ99hPCAzT0go6QLw2UTAE3eZ8WAUHlcNZi6ZdOkHE4ZVdmp_N_QdkpJvB0w62mndcHailvF2LBKT27GxL2gfc0dD0BFSuE3nHsYw==",
            "deep_link": "https://www.kiwi.com/deep?affilid=mihalytest&currency=EUR&flightsId=0b7717884e5f0000fddf66be_0%7C178823334e640000dd4760d7_0%7C23330b774e6400001015a0b7_0&from=BUD&lang=en&passengers=1&to=HAM&booking_token=HBTB4kz6US39WIeW9YEIVXxsZXDn5PpRgrvfzJHki8jYXIQh9GmycpRdMHGWyUjLx8gXRIIAXgqflp2GuDAVTsdt6WZRTThvPsxj3NiMka0NM9XklJJDT2_7ZSNGiQaHlxTjl85AJLm2Pee_mxK4EYyWuhA04AAPnqQ61RNZKvWx5QIIcA8HIOEmOmR9kPtCofbeFEnJozBz8Y3N9393idtrDbIHZ2oWCHgU--WeAGZoX_WaB6jvyyfePGWPF6z_oulw-b1sglpkF4SornN2QWhOGGh4Pb4o1IsPGvrLtxsLVlwhOtVmHNYCkIyNK1N_7GYySoFA9XDhSSY97Y0N5J3-PchmbVN1LLQNhg3BkRQRson0q8j1RKoxLm9kXwaDnm7QZHrapCnWZTHU5DH7ZS5v-plRjfdFsiAlInFVmJXF_EBoDSQ7CJsbRf8L6LMZo65yND0JrQXCG-pAthAXvJIpRwqiidTKRg8nJWt3KtjrAS4kSSG0vQ7KTBNksmzUim3mH5atU-xfvlZseZoEtjoLasWVtol6sipgC2JgoHksFM5KhAGNF2qH1RpqGZk_9pfiyhHzZ-fz8ud99PZzdyocBKhcEv6z9v6LycO8vv-QhVTeiVm2UvYqafKM7YldNk26U4OejnY6x0ETpzR5fomkvTRwIiibDSBIWIIyzakx5eAFKPZJ99hPCAzT0go6QLw2UTAE3eZ8WAUHlcNZi6ZdOkHE4ZVdmp_N_QdkpJvB0w62mndcHailvF2LBKT27GxL2gfc0dD0BFSuE3nHsYw==",
            "facilitated_booking_available": false,
            "pnr_count": 3,
            "has_airport_change": false,
            "technical_stops": 0,
            "throw_away_ticketing": false,
            "hidden_city_ticketing": false,
            "virtual_interlining": true
        },
        {
            "id": "0b7717884e580000ca863435_0|17880b774e5f0000d584e18d_0|17880b774e5f0000d584e18d_1",
            "flyFrom": "BUD",
            "flyTo": "HAM",
            "cityFrom": "Budapest",
            "cityCodeFrom": "BUD",
            "cityTo": "Hamburg",
            "cityCodeTo": "HAM",
            "countryFrom": {
                "code": "HU",
                "name": "Hungary"
            },
            "countryTo": {
                "code": "DE",
                "name": "Germany"
            },
            "local_departure": "2024-11-29T20:35:00.000Z",
            "utc_departure": "2024-11-29T19:35:00.000Z",
            "local_arrival": "2024-11-29T22:25:00.000Z",
            "utc_arrival": "2024-11-29T21:25:00.000Z",
            "nightsInDest": 7,
            "quality": 236.66646,
            "distance": 949.98,
            "duration": {
                "departure": 6600,
                "return": 19800,
                "total": 26400
            },
            "price": 154,
            "conversion": {
                "EUR": 154
            },
            "fare": {
                "adults": 154,
                "children": 154,
                "infants": 154
            },
            "fare_locks": {
                "EUR": [
                    {
                        "default": false,
                        "duration": "P1D",
                        "itinerary_price_limit": 354,
                        "itinerary_price_remaining": 154,
                        "fare_lock_kind": "fee",
                        "price": 7.7,
                        "rule_instance_id": 26749,
                        "version": "v1"
                    },
                    {
                        "default": true,
                        "duration": "P3D",
                        "itinerary_price_limit": 354,
                        "itinerary_price_remaining": 154,
                        "fare_lock_kind": "fee",
                        "price": 15.4,
                        "rule_instance_id": 26748,
                        "version": "v1"
                    },
                    {
                        "default": false,
                        "duration": "P7D",
                        "itinerary_price_limit": 354,
                        "itinerary_price_remaining": 154,
                        "fare_lock_kind": "fee",
                        "price": 38.5,
                        "rule_instance_id": 26750,
                        "version": "v1"
                    }
                ]
            },
            "bags_price": {
                "1": 113.4
            },
            "baglimit": {
                "hand_dimensions_sum": 118,
                "hand_height": 40,
                "hand_length": 55,
                "hand_weight": 8,
                "hand_width": 23,
                "hold_dimensions_sum": 158,
                "hold_height": 52,
                "hold_length": 78,
                "hold_weight": 23,
                "hold_width": 28,
                "personal_item_dimension_sum": 80,
                "personal_item_height": 30,
                "personal_item_length": 40,
                "personal_item_weight": 4,
                "personal_item_width": 10
            },
            "availability": {
                "seats": 4
            },
            "airlines": [
                "EW",
                "JU"
            ],
            "route": [
                {
                    "id": "0b7717884e580000ca863435_0",
                    "combination_id": "0b7717884e580000ca863435",
                    "flyFrom": "BUD",
                    "flyTo": "HAM",
                    "cityFrom": "Budapest",
                    "cityCodeFrom": "BUD",
                    "cityTo": "Hamburg",
                    "cityCodeTo": "HAM",
                    "local_departure": "2024-11-29T20:35:00.000Z",
                    "utc_departure": "2024-11-29T19:35:00.000Z",
                    "local_arrival": "2024-11-29T22:25:00.000Z",
                    "utc_arrival": "2024-11-29T21:25:00.000Z",
                    "airline": "EW",
                    "flight_no": 7781,
                    "operating_carrier": "EW",
                    "operating_flight_no": "7781",
                    "fare_basis": "",
                    "fare_category": "M",
                    "fare_classes": "",
                    "return": 0,
                    "bags_recheck_required": false,
                    "vi_connection": false,
                    "guarantee": false,
                    "equipment": null,
                    "vehicle_type": "aircraft"
                },
                {
                    "id": "17880b774e5f0000d584e18d_0",
                    "combination_id": "17880b774e5f0000d584e18d",
                    "flyFrom": "HAM",
                    "flyTo": "BEG",
                    "cityFrom": "Hamburg",
                    "cityCodeFrom": "HAM",
                    "cityTo": "Belgrade",
                    "cityCodeTo": "BEG",
                    "local_departure": "2024-12-06T09:15:00.000Z",
                    "utc_departure": "2024-12-06T08:15:00.000Z",
                    "local_arrival": "2024-12-06T11:15:00.000Z",
                    "utc_arrival": "2024-12-06T10:15:00.000Z",
                    "airline": "JU",
                    "flight_no": 291,
                    "operating_carrier": "JU",
                    "operating_flight_no": "291",
                    "fare_basis": "TNB14ODE",
                    "fare_category": "M",
                    "fare_classes": "T",
                    "return": 1,
                    "bags_recheck_required": false,
                    "vi_connection": false,
                    "guarantee": false,
                    "equipment": null,
                    "vehicle_type": "aircraft"
                },
                {
                    "id": "17880b774e5f0000d584e18d_1",
                    "combination_id": "17880b774e5f0000d584e18d",
                    "flyFrom": "BEG",
                    "flyTo": "BUD",
                    "cityFrom": "Belgrade",
                    "cityCodeFrom": "BEG",
                    "cityTo": "Budapest",
                    "cityCodeTo": "BUD",
                    "local_departure": "2024-12-06T13:30:00.000Z",
                    "utc_departure": "2024-12-06T12:30:00.000Z",
                    "local_arrival": "2024-12-06T14:45:00.000Z",
                    "utc_arrival": "2024-12-06T13:45:00.000Z",
                    "airline": "JU",
                    "flight_no": 142,
                    "operating_carrier": "JU",
                    "operating_flight_no": "142",
                    "fare_basis": "TNB14ODE",
                    "fare_category": "M",
                    "fare_classes": "T",
                    "return": 1,
                    "bags_recheck_required": false,
                    "vi_connection": false,
                    "guarantee": false,
                    "equipment": null,
                    "vehicle_type": "aircraft"
                }
            ],
            "booking_token": "H5z6bVOgPYWnsoVymhk40Oy3Ive7EqA0JMBP7n-CvMGx0tPVTylK6BZ0eV33kJEIl59GJWbKJ_9_FvO6SXD4l9DKECUBzwpXO1KjoII7c6aJ_dYVDBxhrpyZunKJtdUPpgORVmT8B3Vj3FfnkodKSC4zdwhLqTjq17AeoLexl2eQrWGxf4KPZ86xzYDaxztTqOUTeInv7J2LQqZll3ILEyXCkwCJXjgIJUySCh1OyVQ--cIQtR6M2BZPyVvrsN82WyhOED7232zOlPzwUNW9tC3Yu9dtCHnc1zuHC-Z8YUql7woUfgTEuMQ6-Lsp_6scchQ6ZpPjPXL3UcSuqhRR9_r2kzSy_Zvlp3glJiBpfFZQRnRLqS9uPd7gueueqgcQb-ZfNhT452BXWQX5rqAAGNF5Z0f4ENuk-94NdtKVVRx2OE8ySmjKAN2djHYEzDMRyjhVfa1H5HpMThtL8E68m-Xz1ovGAYMSjvHsgUrtwBSsd2g6OHUb1mgq5nC72IHRz2nTyArQ1Lmfe7j4PxEicSqvnq6J6RMf7jrxVirv_6eBG09OHqZ50n1E78a-_lBqw5dWe6QrdTHlm6BcZ16q1vkRCeu8F9-JavTjCAFjBCaAfcmlM_O1F1u-1k8xiHEWuafZKciP4w9TvpQvHzR9coxwKtB8gMcskHicDuwtmF1W35-HfoJddOyiyXlaWpwI9aoPTfnCdDTUG-rWjBCjo4XXqRoBl-ykBg1gsTA_hkCPad8FQQPHdOGuHUHUYWRIfD8OAwHH9fdiGHYLlDWfbQw==",
            "deep_link": "https://www.kiwi.com/deep?affilid=mihalytest&currency=EUR&flightsId=0b7717884e580000ca863435_0%7C17880b774e5f0000d584e18d_0%7C17880b774e5f0000d584e18d_1&from=BUD&lang=en&passengers=1&to=HAM&booking_token=H5z6bVOgPYWnsoVymhk40Oy3Ive7EqA0JMBP7n-CvMGx0tPVTylK6BZ0eV33kJEIl59GJWbKJ_9_FvO6SXD4l9DKECUBzwpXO1KjoII7c6aJ_dYVDBxhrpyZunKJtdUPpgORVmT8B3Vj3FfnkodKSC4zdwhLqTjq17AeoLexl2eQrWGxf4KPZ86xzYDaxztTqOUTeInv7J2LQqZll3ILEyXCkwCJXjgIJUySCh1OyVQ--cIQtR6M2BZPyVvrsN82WyhOED7232zOlPzwUNW9tC3Yu9dtCHnc1zuHC-Z8YUql7woUfgTEuMQ6-Lsp_6scchQ6ZpPjPXL3UcSuqhRR9_r2kzSy_Zvlp3glJiBpfFZQRnRLqS9uPd7gueueqgcQb-ZfNhT452BXWQX5rqAAGNF5Z0f4ENuk-94NdtKVVRx2OE8ySmjKAN2djHYEzDMRyjhVfa1H5HpMThtL8E68m-Xz1ovGAYMSjvHsgUrtwBSsd2g6OHUb1mgq5nC72IHRz2nTyArQ1Lmfe7j4PxEicSqvnq6J6RMf7jrxVirv_6eBG09OHqZ50n1E78a-_lBqw5dWe6QrdTHlm6BcZ16q1vkRCeu8F9-JavTjCAFjBCaAfcmlM_O1F1u-1k8xiHEWuafZKciP4w9TvpQvHzR9coxwKtB8gMcskHicDuwtmF1W35-HfoJddOyiyXlaWpwI9aoPTfnCdDTUG-rWjBCjo4XXqRoBl-ykBg1gsTA_hkCPad8FQQPHdOGuHUHUYWRIfD8OAwHH9fdiGHYLlDWfbQw==",
            "facilitated_booking_available": true,
            "pnr_count": 2,
            "has_airport_change": false,
            "technical_stops": 0,
            "throw_away_ticketing": false,
            "hidden_city_ticketing": false,
            "virtual_interlining": false
        },
        {
            "id": "0b7717884e2000007d4f9259_0|17880f0c4e2500008f8ddb91_0|0f0c0b774e250000ed7b3825_0",
            "flyFrom": "BUD",
            "flyTo": "HAM",
            "cityFrom": "Budapest",
            "cityCodeFrom": "BUD",
            "cityTo": "Hamburg",
            "cityCodeTo": "HAM",
            "countryFrom": {
                "code": "HU",
                "name": "Hungary"
            },
            "countryTo": {
                "code": "DE",
                "name": "Germany"
            },
            "local_departure": "2024-10-04T20:45:00.000Z",
            "utc_departure": "2024-10-04T18:45:00.000Z",
            "local_arrival": "2024-10-04T22:30:00.000Z",
            "utc_arrival": "2024-10-04T20:30:00.000Z",
            "nightsInDest": 5,
            "quality": 248.66643,
            "distance": 949.98,
            "duration": {
                "departure": 6300,
                "return": 25500,
                "total": 31800
            },
            "price": 154,
            "conversion": {
                "EUR": 154
            },
            "fare": {
                "adults": 154,
                "children": 154,
                "infants": 154
            },
            "fare_locks": {
                "EUR": [
                    {
                        "default": false,
                        "duration": "P1D",
                        "itinerary_price_limit": 354,
                        "itinerary_price_remaining": 154,
                        "fare_lock_kind": "fee",
                        "price": 7.7,
                        "rule_instance_id": 26749,
                        "version": "v1"
                    },
                    {
                        "default": true,
                        "duration": "P3D",
                        "itinerary_price_limit": 354,
                        "itinerary_price_remaining": 154,
                        "fare_lock_kind": "fee",
                        "price": 15.4,
                        "rule_instance_id": 26748,
                        "version": "v1"
                    },
                    {
                        "default": false,
                        "duration": "P7D",
                        "itinerary_price_limit": 354,
                        "itinerary_price_remaining": 154,
                        "fare_lock_kind": "fee",
                        "price": 38.5,
                        "rule_instance_id": 26750,
                        "version": "v1"
                    }
                ]
            },
            "bags_price": {
                "1": 177.24,
                "2": 423.08000000000004
            },
            "baglimit": {
                "hand_dimensions_sum": 118,
                "hand_height": 40,
                "hand_length": 55,
                "hand_weight": 8,
                "hand_width": 23,
                "hold_dimensions_sum": 158,
                "hold_height": 52,
                "hold_length": 78,
                "hold_weight": 20,
                "hold_width": 28,
                "personal_item_dimension_sum": 90,
                "personal_item_height": 30,
                "personal_item_length": 40,
                "personal_item_weight": 8,
                "personal_item_width": 20
            },
            "availability": {
                "seats": 2
            },
            "airlines": [
                "EW",
                "W4",
                "W6"
            ],
            "route": [
                {
                    "id": "0b7717884e2000007d4f9259_0",
                    "combination_id": "0b7717884e2000007d4f9259",
                    "flyFrom": "BUD",
                    "flyTo": "HAM",
                    "cityFrom": "Budapest",
                    "cityCodeFrom": "BUD",
                    "cityTo": "Hamburg",
                    "cityCodeTo": "HAM",
                    "local_departure": "2024-10-04T20:45:00.000Z",
                    "utc_departure": "2024-10-04T18:45:00.000Z",
                    "local_arrival": "2024-10-04T22:30:00.000Z",
                    "utc_arrival": "2024-10-04T20:30:00.000Z",
                    "airline": "EW",
                    "flight_no": 7783,
                    "operating_carrier": "EW",
                    "operating_flight_no": "7783",
                    "fare_basis": "",
                    "fare_category": "M",
                    "fare_classes": "T",
                    "return": 0,
                    "bags_recheck_required": false,
                    "vi_connection": false,
                    "guarantee": false,
                    "equipment": null,
                    "vehicle_type": "aircraft"
                },
                {
                    "id": "17880f0c4e2500008f8ddb91_0",
                    "combination_id": "17880f0c4e2500008f8ddb91",
                    "flyFrom": "HAM",
                    "flyTo": "FCO",
                    "cityFrom": "Hamburg",
                    "cityCodeFrom": "HAM",
                    "cityTo": "Rome",
                    "cityCodeTo": "ROM",
                    "local_departure": "2024-10-09T16:05:00.000Z",
                    "utc_departure": "2024-10-09T14:05:00.000Z",
                    "local_arrival": "2024-10-09T18:25:00.000Z",
                    "utc_arrival": "2024-10-09T16:25:00.000Z",
                    "airline": "W4",
                    "flight_no": 6206,
                    "operating_carrier": "",
                    "operating_flight_no": "",
                    "fare_basis": "",
                    "fare_category": "M",
                    "fare_classes": "",
                    "return": 1,
                    "bags_recheck_required": false,
                    "vi_connection": false,
                    "guarantee": false,
                    "equipment": null,
                    "vehicle_type": "aircraft"
                },
                {
                    "id": "0f0c0b774e250000ed7b3825_0",
                    "combination_id": "0f0c0b774e250000ed7b3825",
                    "flyFrom": "FCO",
                    "flyTo": "BUD",
                    "cityFrom": "Rome",
                    "cityCodeFrom": "ROM",
                    "cityTo": "Budapest",
                    "cityCodeTo": "BUD",
                    "local_departure": "2024-10-09T21:25:00.000Z",
                    "utc_departure": "2024-10-09T19:25:00.000Z",
                    "local_arrival": "2024-10-09T23:10:00.000Z",
                    "utc_arrival": "2024-10-09T21:10:00.000Z",
                    "airline": "W6",
                    "flight_no": 2342,
                    "operating_carrier": "",
                    "operating_flight_no": "",
                    "fare_basis": "",
                    "fare_category": "M",
                    "fare_classes": "",
                    "return": 1,
                    "bags_recheck_required": true,
                    "vi_connection": true,
                    "guarantee": true,
                    "equipment": null,
                    "vehicle_type": "aircraft"
                }
            ],
            "booking_token": "Hb-8cQcZEyYpqhKKPaHaOjdPqAt2Ly2pwal01tJmnO1kOn8GpJV6s_4RuXTT0d5GLFc7Tp-HqSI6fuDBSEvUUtU3RiKoLzh2RFMq31J5ZdSYuLRsMC5XHFr-A8FCh2a9x6zODTnQygvou_DPK2qPdIZVtwuU8iEAlDGR5wtMO_x8OqmmyRlHs846_b1BrbkqmY0Yp3Tn14zpX4tY7mEgPaQVnq4hSOIL2qI7fW_P72F5w8Q9Jtk7qYgkW3LEa4CeiSt2M1xHs7gSXgY-a9JbSH2K4xX2UIqiuqYp4i6bu8pf68HoE8r7KuBkVu2GlFzBzMe-T7lwfBcZMIrNKfwzkrdl2SWz0ACVQiQ2L_P0WWiqUj3bMjLc_QvA9II8nXIvAzz2n6aWv12uopl11w0Sy_v6Kc4EJxsXhB78wmgdhI3sterzvNoXyz2SmFb7gUnSY_AruSchrhbard6RsQTeUTEd58UMPK9yey7cB7N1IsCH5deOC_x3dhrtsgUNv3gXUqrnG20FcGgZOnBB7UFUm8T5aUY0pEycWcdzgNKmDDLZs88Yq6yQ0t2UXR5sPL5zr5HtTW22qQ6uDdlaWfYaK-M3t-BATHpjqxX1z4mY7B--sXx6EQQQQSitTR9yfFlwrfbU5P8vGliG47vHiC258dvEDKR6MUyTE-x3glFAxqXk0LqtF3smo6EfBMd5TyXgvpkBkZdB9p3oTXlZMjpJns3afcBNu5P1XylUR_pPLRbOVQwAxuNYy0_ZxyJVSsgCEXDAbLT-DyHVoWlc9h0nvGZlXbTns1ECmLprdAsdcWt6IMKMEcayyfcnXSURWFflO",
            "deep_link": "https://www.kiwi.com/deep?affilid=mihalytest&currency=EUR&flightsId=0b7717884e2000007d4f9259_0%7C17880f0c4e2500008f8ddb91_0%7C0f0c0b774e250000ed7b3825_0&from=BUD&lang=en&passengers=1&to=HAM&booking_token=Hb-8cQcZEyYpqhKKPaHaOjdPqAt2Ly2pwal01tJmnO1kOn8GpJV6s_4RuXTT0d5GLFc7Tp-HqSI6fuDBSEvUUtU3RiKoLzh2RFMq31J5ZdSYuLRsMC5XHFr-A8FCh2a9x6zODTnQygvou_DPK2qPdIZVtwuU8iEAlDGR5wtMO_x8OqmmyRlHs846_b1BrbkqmY0Yp3Tn14zpX4tY7mEgPaQVnq4hSOIL2qI7fW_P72F5w8Q9Jtk7qYgkW3LEa4CeiSt2M1xHs7gSXgY-a9JbSH2K4xX2UIqiuqYp4i6bu8pf68HoE8r7KuBkVu2GlFzBzMe-T7lwfBcZMIrNKfwzkrdl2SWz0ACVQiQ2L_P0WWiqUj3bMjLc_QvA9II8nXIvAzz2n6aWv12uopl11w0Sy_v6Kc4EJxsXhB78wmgdhI3sterzvNoXyz2SmFb7gUnSY_AruSchrhbard6RsQTeUTEd58UMPK9yey7cB7N1IsCH5deOC_x3dhrtsgUNv3gXUqrnG20FcGgZOnBB7UFUm8T5aUY0pEycWcdzgNKmDDLZs88Yq6yQ0t2UXR5sPL5zr5HtTW22qQ6uDdlaWfYaK-M3t-BATHpjqxX1z4mY7B--sXx6EQQQQSitTR9yfFlwrfbU5P8vGliG47vHiC258dvEDKR6MUyTE-x3glFAxqXk0LqtF3smo6EfBMd5TyXgvpkBkZdB9p3oTXlZMjpJns3afcBNu5P1XylUR_pPLRbOVQwAxuNYy0_ZxyJVSsgCEXDAbLT-DyHVoWlc9h0nvGZlXbTns1ECmLprdAsdcWt6IMKMEcayyfcnXSURWFflO",
            "facilitated_booking_available": false,
            "pnr_count": 3,
            "has_airport_change": false,
            "technical_stops": 0,
            "throw_away_ticketing": false,
            "hidden_city_ticketing": false,
            "virtual_interlining": true
        },
        {
            "id": "0b7717884e1e000097a956e4_0|17880f0c4e2500008f8ddb91_0|0f0c0b774e250000ed7b3825_0",
            "flyFrom": "BUD",
            "flyTo": "HAM",
            "cityFrom": "Budapest",
            "cityCodeFrom": "BUD",
            "cityTo": "Hamburg",
            "cityCodeTo": "HAM",
            "countryFrom": {
                "code": "HU",
                "name": "Hungary"
            },
            "countryTo": {
                "code": "DE",
                "name": "Germany"
            },
            "local_departure": "2024-10-02T20:45:00.000Z",
            "utc_departure": "2024-10-02T18:45:00.000Z",
            "local_arrival": "2024-10-02T22:30:00.000Z",
            "utc_arrival": "2024-10-02T20:30:00.000Z",
            "nightsInDest": 7,
            "quality": 248.66643,
            "distance": 949.98,
            "duration": {
                "departure": 6300,
                "return": 25500,
                "total": 31800
            },
            "price": 154,
            "conversion": {
                "EUR": 154
            },
            "fare": {
                "adults": 154,
                "children": 154,
                "infants": 154
            },
            "fare_locks": {
                "EUR": [
                    {
                        "default": false,
                        "duration": "P1D",
                        "itinerary_price_limit": 354,
                        "itinerary_price_remaining": 154,
                        "fare_lock_kind": "fee",
                        "price": 7.7,
                        "rule_instance_id": 26749,
                        "version": "v1"
                    },
                    {
                        "default": true,
                        "duration": "P3D",
                        "itinerary_price_limit": 354,
                        "itinerary_price_remaining": 154,
                        "fare_lock_kind": "fee",
                        "price": 15.4,
                        "rule_instance_id": 26748,
                        "version": "v1"
                    },
                    {
                        "default": false,
                        "duration": "P7D",
                        "itinerary_price_limit": 354,
                        "itinerary_price_remaining": 154,
                        "fare_lock_kind": "fee",
                        "price": 38.5,
                        "rule_instance_id": 26750,
                        "version": "v1"
                    }
                ]
            },
            "bags_price": {
                "1": 177.24,
                "2": 423.08000000000004
            },
            "baglimit": {
                "hand_dimensions_sum": 118,
                "hand_height": 40,
                "hand_length": 55,
                "hand_weight": 8,
                "hand_width": 23,
                "hold_dimensions_sum": 158,
                "hold_height": 52,
                "hold_length": 78,
                "hold_weight": 20,
                "hold_width": 28,
                "personal_item_dimension_sum": 90,
                "personal_item_height": 30,
                "personal_item_length": 40,
                "personal_item_weight": 8,
                "personal_item_width": 20
            },
            "availability": {
                "seats": 6
            },
            "airlines": [
                "W4",
                "W6",
                "EW"
            ],
            "route": [
                {
                    "id": "0b7717884e1e000097a956e4_0",
                    "combination_id": "0b7717884e1e000097a956e4",
                    "flyFrom": "BUD",
                    "flyTo": "HAM",
                    "cityFrom": "Budapest",
                    "cityCodeFrom": "BUD",
                    "cityTo": "Hamburg",
                    "cityCodeTo": "HAM",
                    "local_departure": "2024-10-02T20:45:00.000Z",
                    "utc_departure": "2024-10-02T18:45:00.000Z",
                    "local_arrival": "2024-10-02T22:30:00.000Z",
                    "utc_arrival": "2024-10-02T20:30:00.000Z",
                    "airline": "EW",
                    "flight_no": 7783,
                    "operating_carrier": "EW",
                    "operating_flight_no": "7783",
                    "fare_basis": "",
                    "fare_category": "M",
                    "fare_classes": "",
                    "return": 0,
                    "bags_recheck_required": false,
                    "vi_connection": false,
                    "guarantee": false,
                    "equipment": null,
                    "vehicle_type": "aircraft"
                },
                {
                    "id": "17880f0c4e2500008f8ddb91_0",
                    "combination_id": "17880f0c4e2500008f8ddb91",
                    "flyFrom": "HAM",
                    "flyTo": "FCO",
                    "cityFrom": "Hamburg",
                    "cityCodeFrom": "HAM",
                    "cityTo": "Rome",
                    "cityCodeTo": "ROM",
                    "local_departure": "2024-10-09T16:05:00.000Z",
                    "utc_departure": "2024-10-09T14:05:00.000Z",
                    "local_arrival": "2024-10-09T18:25:00.000Z",
                    "utc_arrival": "2024-10-09T16:25:00.000Z",
                    "airline": "W4",
                    "flight_no": 6206,
                    "operating_carrier": "",
                    "operating_flight_no": "",
                    "fare_basis": "",
                    "fare_category": "M",
                    "fare_classes": "",
                    "return": 1,
                    "bags_recheck_required": false,
                    "vi_connection": false,
                    "guarantee": false,
                    "equipment": null,
                    "vehicle_type": "aircraft"
                },
                {
                    "id": "0f0c0b774e250000ed7b3825_0",
                    "combination_id": "0f0c0b774e250000ed7b3825",
                    "flyFrom": "FCO",
                    "flyTo": "BUD",
                    "cityFrom": "Rome",
                    "cityCodeFrom": "ROM",
                    "cityTo": "Budapest",
                    "cityCodeTo": "BUD",
                    "local_departure": "2024-10-09T21:25:00.000Z",
                    "utc_departure": "2024-10-09T19:25:00.000Z",
                    "local_arrival": "2024-10-09T23:10:00.000Z",
                    "utc_arrival": "2024-10-09T21:10:00.000Z",
                    "airline": "W6",
                    "flight_no": 2342,
                    "operating_carrier": "",
                    "operating_flight_no": "",
                    "fare_basis": "",
                    "fare_category": "M",
                    "fare_classes": "",
                    "return": 1,
                    "bags_recheck_required": true,
                    "vi_connection": true,
                    "guarantee": true,
                    "equipment": null,
                    "vehicle_type": "aircraft"
                }
            ],
            "booking_token": "HJlcsGA12MsWAa49sxrQBpN2KEaxtIQpgmWzr1DnKXlA5TQMtCRdF9u8BFmQFN6GbwcAh7j_nstNrPU65hKo3TEc8vl4XKt8o-QEg3L047r2erm1cy-OlutVy-uHpZwrGQjxTVQoMdb9ZDInQmGKz0GYeawJXHN4fcYFYUJS84rgtjJ6K27B97cgr9glNSfXim6dnHDLB2c8hiQ6_3bLmGv0LFGqafbpDumGc8AS9EjBo7nra7n0sw0UQiyvd9c1I4tuavGDKzuS1WbV7TOuVomz1TJcwPPkcjrIisGF24tEJV-JQ2gpfOzOmcHZF4OTflDmF1_hjY7ox-7g89cG_SRkULaYor9XJ3A7Gtea9NPOMi1mWIiXPAgVBeqcuke2YTs9GRSAhgBcVUtOnTnpdhqG00K9sstJT7tLO3QjjFktaTNDEPFTF-IQ1bLDFJ3p0Y3nP6YwLJUnCot0XsMwMWAhHDpaGCn8w-YB8VjPpK5RlMnbvvoiNPFS9rIDE2wkgHeZI6279AAqIrN3azaRj9wDwdWFZLwGORj-I-E1lVHkc_zlB1bD5a2VYLqWDFnM0EPMEclP-CtfUmDanq7-EY1doJ5kUzAerGLUj4xsz0d0LDABO-guFWFaEqRfEnSZhcjdDlgl5rO-VwQzQ4MXEvLBI2-5Q7S-V1VibMhGj-qIhQ0fwk01AZ0b7f2Efu1OY_XMFOO6obxhPScglHRJ1odnARD1KJwzEDMdkCy2fQy-2iyH6lF-8BfWB0kGYpQE7M8V6k6ZQKTFiKWWJckqwvVPCW8pMSl-eMb9ncbZlrdA4nMyxDBYIpt7BW0fsxyo9",
            "deep_link": "https://www.kiwi.com/deep?affilid=mihalytest&currency=EUR&flightsId=0b7717884e1e000097a956e4_0%7C17880f0c4e2500008f8ddb91_0%7C0f0c0b774e250000ed7b3825_0&from=BUD&lang=en&passengers=1&to=HAM&booking_token=HJlcsGA12MsWAa49sxrQBpN2KEaxtIQpgmWzr1DnKXlA5TQMtCRdF9u8BFmQFN6GbwcAh7j_nstNrPU65hKo3TEc8vl4XKt8o-QEg3L047r2erm1cy-OlutVy-uHpZwrGQjxTVQoMdb9ZDInQmGKz0GYeawJXHN4fcYFYUJS84rgtjJ6K27B97cgr9glNSfXim6dnHDLB2c8hiQ6_3bLmGv0LFGqafbpDumGc8AS9EjBo7nra7n0sw0UQiyvd9c1I4tuavGDKzuS1WbV7TOuVomz1TJcwPPkcjrIisGF24tEJV-JQ2gpfOzOmcHZF4OTflDmF1_hjY7ox-7g89cG_SRkULaYor9XJ3A7Gtea9NPOMi1mWIiXPAgVBeqcuke2YTs9GRSAhgBcVUtOnTnpdhqG00K9sstJT7tLO3QjjFktaTNDEPFTF-IQ1bLDFJ3p0Y3nP6YwLJUnCot0XsMwMWAhHDpaGCn8w-YB8VjPpK5RlMnbvvoiNPFS9rIDE2wkgHeZI6279AAqIrN3azaRj9wDwdWFZLwGORj-I-E1lVHkc_zlB1bD5a2VYLqWDFnM0EPMEclP-CtfUmDanq7-EY1doJ5kUzAerGLUj4xsz0d0LDABO-guFWFaEqRfEnSZhcjdDlgl5rO-VwQzQ4MXEvLBI2-5Q7S-V1VibMhGj-qIhQ0fwk01AZ0b7f2Efu1OY_XMFOO6obxhPScglHRJ1odnARD1KJwzEDMdkCy2fQy-2iyH6lF-8BfWB0kGYpQE7M8V6k6ZQKTFiKWWJckqwvVPCW8pMSl-eMb9ncbZlrdA4nMyxDBYIpt7BW0fsxyo9",
            "facilitated_booking_available": false,
            "pnr_count": 3,
            "has_airport_change": false,
            "technical_stops": 0,
            "throw_away_ticketing": false,
            "hidden_city_ticketing": false,
            "virtual_interlining": true
        },
        {
            "id": "0b7717884e4d000048aa930e_0|0b7717884e4d000048aa930e_1|17880b774e5300003cb5ecf4_0",
            "flyFrom": "BUD",
            "flyTo": "HAM",
            "cityFrom": "Budapest",
            "cityCodeFrom": "BUD",
            "cityTo": "Hamburg",
            "cityCodeTo": "HAM",
            "countryFrom": {
                "code": "HU",
                "name": "Hungary"
            },
            "countryTo": {
                "code": "DE",
                "name": "Germany"
            },
            "local_departure": "2024-11-18T15:15:00.000Z",
            "utc_departure": "2024-11-18T14:15:00.000Z",
            "local_arrival": "2024-11-18T19:45:00.000Z",
            "utc_arrival": "2024-11-18T18:45:00.000Z",
            "nightsInDest": 6,
            "quality": 228.999815,
            "distance": 949.98,
            "duration": {
                "departure": 16200,
                "return": 6300,
                "total": 22500
            },
            "price": 155,
            "conversion": {
                "EUR": 155
            },
            "fare": {
                "adults": 155,
                "children": 155,
                "infants": 155
            },
            "fare_locks": {
                "EUR": [
                    {
                        "default": false,
                        "duration": "P1D",
                        "itinerary_price_limit": 355,
                        "itinerary_price_remaining": 155,
                        "fare_lock_kind": "fee",
                        "price": 7.75,
                        "rule_instance_id": 26749,
                        "version": "v1"
                    },
                    {
                        "default": true,
                        "duration": "P3D",
                        "itinerary_price_limit": 355,
                        "itinerary_price_remaining": 155,
                        "fare_lock_kind": "fee",
                        "price": 15.5,
                        "rule_instance_id": 26748,
                        "version": "v1"
                    },
                    {
                        "default": false,
                        "duration": "P7D",
                        "itinerary_price_limit": 355,
                        "itinerary_price_remaining": 155,
                        "fare_lock_kind": "fee",
                        "price": 38.75,
                        "rule_instance_id": 26750,
                        "version": "v1"
                    }
                ]
            },
            "bags_price": {
                "1": 113.4
            },
            "baglimit": {
                "hand_dimensions_sum": 118,
                "hand_height": 40,
                "hand_length": 55,
                "hand_weight": 8,
                "hand_width": 23,
                "hold_dimensions_sum": 158,
                "hold_height": 52,
                "hold_length": 78,
                "hold_weight": 23,
                "hold_width": 28,
                "personal_item_dimension_sum": 80,
                "personal_item_height": 30,
                "personal_item_length": 40,
                "personal_item_weight": 4,
                "personal_item_width": 10
            },
            "availability": {
                "seats": 4
            },
            "airlines": [
                "JU",
                "EW"
            ],
            "route": [
                {
                    "id": "0b7717884e4d000048aa930e_0",
                    "combination_id": "0b7717884e4d000048aa930e",
                    "flyFrom": "BUD",
                    "flyTo": "BEG",
                    "cityFrom": "Budapest",
                    "cityCodeFrom": "BUD",
                    "cityTo": "Belgrade",
                    "cityCodeTo": "BEG",
                    "local_departure": "2024-11-18T15:15:00.000Z",
                    "utc_departure": "2024-11-18T14:15:00.000Z",
                    "local_arrival": "2024-11-18T16:20:00.000Z",
                    "utc_arrival": "2024-11-18T15:20:00.000Z",
                    "airline": "JU",
                    "flight_no": 143,
                    "operating_carrier": "JU",
                    "operating_flight_no": "143",
                    "fare_basis": "TNB14OHU",
                    "fare_category": "M",
                    "fare_classes": "T",
                    "return": 0,
                    "bags_recheck_required": false,
                    "vi_connection": false,
                    "guarantee": false,
                    "equipment": null,
                    "vehicle_type": "aircraft"
                },
                {
                    "id": "0b7717884e4d000048aa930e_1",
                    "combination_id": "0b7717884e4d000048aa930e",
                    "flyFrom": "BEG",
                    "flyTo": "HAM",
                    "cityFrom": "Belgrade",
                    "cityCodeFrom": "BEG",
                    "cityTo": "Hamburg",
                    "cityCodeTo": "HAM",
                    "local_departure": "2024-11-18T17:30:00.000Z",
                    "utc_departure": "2024-11-18T16:30:00.000Z",
                    "local_arrival": "2024-11-18T19:45:00.000Z",
                    "utc_arrival": "2024-11-18T18:45:00.000Z",
                    "airline": "JU",
                    "flight_no": 292,
                    "operating_carrier": "JU",
                    "operating_flight_no": "292",
                    "fare_basis": "TNB14OHU",
                    "fare_category": "M",
                    "fare_classes": "T",
                    "return": 0,
                    "bags_recheck_required": false,
                    "vi_connection": false,
                    "guarantee": false,
                    "equipment": null,
                    "vehicle_type": "aircraft"
                },
                {
                    "id": "17880b774e5300003cb5ecf4_0",
                    "combination_id": "17880b774e5300003cb5ecf4",
                    "flyFrom": "HAM",
                    "flyTo": "BUD",
                    "cityFrom": "Hamburg",
                    "cityCodeFrom": "HAM",
                    "cityTo": "Budapest",
                    "cityCodeTo": "BUD",
                    "local_departure": "2024-11-24T13:05:00.000Z",
                    "utc_departure": "2024-11-24T12:05:00.000Z",
                    "local_arrival": "2024-11-24T14:50:00.000Z",
                    "utc_arrival": "2024-11-24T13:50:00.000Z",
                    "airline": "EW",
                    "flight_no": 7780,
                    "operating_carrier": "EW",
                    "operating_flight_no": "7780",
                    "fare_basis": "",
                    "fare_category": "M",
                    "fare_classes": "N",
                    "return": 1,
                    "bags_recheck_required": false,
                    "vi_connection": false,
                    "guarantee": false,
                    "equipment": null,
                    "vehicle_type": "aircraft"
                }
            ],
            "booking_token": "HFnyK_eFHjm3crqwiYnMvlg57nCLUuZ328JBG2CEZ8CfW9kxu2JrbzGj8JbgGBmvG6bHodL67TPHU9IYHkBPYzvjRKioDzQ9h_7NTrTLjIthiSyQ33-PuoBV_O4XuiRQwBy3UnDCKayPRDqs_BKpN_1EHhs8TnpxINfXoXagaKuz3Rh-Hg5NNbo0M6VFfNslLmPZnLbTohyrgsFjv9gkr__ienA4hLoBZuI9a4miUlVB3uYsKOy3iYPEOPT1e3nl4lP19g2UFJ8jGhS2I0fr1ObGhlo_h80D6bt0NZTsg9wjmQzy21-5m-0DgxtiA9vDtEbCiFx7OtmLBbshMrho7iFyt3HCnhOED79kPRYMC1cBEw_gfWVgjx-Z1awLUrfj84EW3bhpHzaO_6l87u50xxjFnkke79oLkZU8XEIbMq9JzXxG8rb-LxlHjhjpbtZOXNuURsvTmrYnB7n6DIv7fEFX1yhLAFUMVH5K-zZN9HYPPZae1ThFRAwt9YYrdoO1A5hYyUWpLqytlwXG-Sws9tDb1sRWfRr5LRw64ckquUW7HY1G-LUu19yPZ_5Z6d7siDBqwsJdLb3IrAgTvH6ATuUTcpIY0k1x4_GtzMPFjo7Kw6tBD5pHoptw4Dx-SZ64kb6pUt4TlxISJe-1gf3JwXKB_AxVIFjkKhmjWU-fmiyzPzmJXQ-7zOAHPngRttNpC69VAXHrNt2FJnHu-_LBIFB-4m7WQJNoLT3z_VjOANemLnzq7EzomFvCoyEDhxjEFwoSqEitWM2fseeY58do81w==",
            "deep_link": "https://www.kiwi.com/deep?affilid=mihalytest&currency=EUR&flightsId=0b7717884e4d000048aa930e_0%7C0b7717884e4d000048aa930e_1%7C17880b774e5300003cb5ecf4_0&from=BUD&lang=en&passengers=1&to=HAM&booking_token=HFnyK_eFHjm3crqwiYnMvlg57nCLUuZ328JBG2CEZ8CfW9kxu2JrbzGj8JbgGBmvG6bHodL67TPHU9IYHkBPYzvjRKioDzQ9h_7NTrTLjIthiSyQ33-PuoBV_O4XuiRQwBy3UnDCKayPRDqs_BKpN_1EHhs8TnpxINfXoXagaKuz3Rh-Hg5NNbo0M6VFfNslLmPZnLbTohyrgsFjv9gkr__ienA4hLoBZuI9a4miUlVB3uYsKOy3iYPEOPT1e3nl4lP19g2UFJ8jGhS2I0fr1ObGhlo_h80D6bt0NZTsg9wjmQzy21-5m-0DgxtiA9vDtEbCiFx7OtmLBbshMrho7iFyt3HCnhOED79kPRYMC1cBEw_gfWVgjx-Z1awLUrfj84EW3bhpHzaO_6l87u50xxjFnkke79oLkZU8XEIbMq9JzXxG8rb-LxlHjhjpbtZOXNuURsvTmrYnB7n6DIv7fEFX1yhLAFUMVH5K-zZN9HYPPZae1ThFRAwt9YYrdoO1A5hYyUWpLqytlwXG-Sws9tDb1sRWfRr5LRw64ckquUW7HY1G-LUu19yPZ_5Z6d7siDBqwsJdLb3IrAgTvH6ATuUTcpIY0k1x4_GtzMPFjo7Kw6tBD5pHoptw4Dx-SZ64kb6pUt4TlxISJe-1gf3JwXKB_AxVIFjkKhmjWU-fmiyzPzmJXQ-7zOAHPngRttNpC69VAXHrNt2FJnHu-_LBIFB-4m7WQJNoLT3z_VjOANemLnzq7EzomFvCoyEDhxjEFwoSqEitWM2fseeY58do81w==",
            "facilitated_booking_available": true,
            "pnr_count": 2,
            "has_airport_change": false,
            "technical_stops": 0,
            "throw_away_ticketing": false,
            "hidden_city_ticketing": false,
            "virtual_interlining": false
        },
        {
            "id": "0b7717884e4d000048aa930e_0|0b7717884e4d000048aa930e_1|17880b774e540000cae3837d_0",
            "flyFrom": "BUD",
            "flyTo": "HAM",
            "cityFrom": "Budapest",
            "cityCodeFrom": "BUD",
            "cityTo": "Hamburg",
            "cityCodeTo": "HAM",
            "countryFrom": {
                "code": "HU",
                "name": "Hungary"
            },
            "countryTo": {
                "code": "DE",
                "name": "Germany"
            },
            "local_departure": "2024-11-18T15:15:00.000Z",
            "utc_departure": "2024-11-18T14:15:00.000Z",
            "local_arrival": "2024-11-18T19:45:00.000Z",
            "utc_arrival": "2024-11-18T18:45:00.000Z",
            "nightsInDest": 7,
            "quality": 228.999815,
            "distance": 949.98,
            "duration": {
                "departure": 16200,
                "return": 6300,
                "total": 22500
            },
            "price": 155,
            "conversion": {
                "EUR": 155
            },
            "fare": {
                "adults": 155,
                "children": 155,
                "infants": 155
            },
            "fare_locks": {
                "EUR": [
                    {
                        "default": false,
                        "duration": "P1D",
                        "itinerary_price_limit": 355,
                        "itinerary_price_remaining": 155,
                        "fare_lock_kind": "fee",
                        "price": 7.75,
                        "rule_instance_id": 26749,
                        "version": "v1"
                    },
                    {
                        "default": true,
                        "duration": "P3D",
                        "itinerary_price_limit": 355,
                        "itinerary_price_remaining": 155,
                        "fare_lock_kind": "fee",
                        "price": 15.5,
                        "rule_instance_id": 26748,
                        "version": "v1"
                    },
                    {
                        "default": false,
                        "duration": "P7D",
                        "itinerary_price_limit": 355,
                        "itinerary_price_remaining": 155,
                        "fare_lock_kind": "fee",
                        "price": 38.75,
                        "rule_instance_id": 26750,
                        "version": "v1"
                    }
                ]
            },
            "bags_price": {
                "1": 113.4
            },
            "baglimit": {
                "hand_dimensions_sum": 118,
                "hand_height": 40,
                "hand_length": 55,
                "hand_weight": 8,
                "hand_width": 23,
                "hold_dimensions_sum": 158,
                "hold_height": 52,
                "hold_length": 78,
                "hold_weight": 23,
                "hold_width": 28,
                "personal_item_dimension_sum": 80,
                "personal_item_height": 30,
                "personal_item_length": 40,
                "personal_item_weight": 4,
                "personal_item_width": 10
            },
            "availability": {
                "seats": 4
            },
            "airlines": [
                "EW",
                "JU"
            ],
            "route": [
                {
                    "id": "0b7717884e4d000048aa930e_0",
                    "combination_id": "0b7717884e4d000048aa930e",
                    "flyFrom": "BUD",
                    "flyTo": "BEG",
                    "cityFrom": "Budapest",
                    "cityCodeFrom": "BUD",
                    "cityTo": "Belgrade",
                    "cityCodeTo": "BEG",
                    "local_departure": "2024-11-18T15:15:00.000Z",
                    "utc_departure": "2024-11-18T14:15:00.000Z",
                    "local_arrival": "2024-11-18T16:20:00.000Z",
                    "utc_arrival": "2024-11-18T15:20:00.000Z",
                    "airline": "JU",
                    "flight_no": 143,
                    "operating_carrier": "JU",
                    "operating_flight_no": "143",
                    "fare_basis": "TNB14OHU",
                    "fare_category": "M",
                    "fare_classes": "T",
                    "return": 0,
                    "bags_recheck_required": false,
                    "vi_connection": false,
                    "guarantee": false,
                    "equipment": null,
                    "vehicle_type": "aircraft"
                },
                {
                    "id": "0b7717884e4d000048aa930e_1",
                    "combination_id": "0b7717884e4d000048aa930e",
                    "flyFrom": "BEG",
                    "flyTo": "HAM",
                    "cityFrom": "Belgrade",
                    "cityCodeFrom": "BEG",
                    "cityTo": "Hamburg",
                    "cityCodeTo": "HAM",
                    "local_departure": "2024-11-18T17:30:00.000Z",
                    "utc_departure": "2024-11-18T16:30:00.000Z",
                    "local_arrival": "2024-11-18T19:45:00.000Z",
                    "utc_arrival": "2024-11-18T18:45:00.000Z",
                    "airline": "JU",
                    "flight_no": 292,
                    "operating_carrier": "JU",
                    "operating_flight_no": "292",
                    "fare_basis": "TNB14OHU",
                    "fare_category": "M",
                    "fare_classes": "T",
                    "return": 0,
                    "bags_recheck_required": false,
                    "vi_connection": false,
                    "guarantee": false,
                    "equipment": null,
                    "vehicle_type": "aircraft"
                },
                {
                    "id": "17880b774e540000cae3837d_0",
                    "combination_id": "17880b774e540000cae3837d",
                    "flyFrom": "HAM",
                    "flyTo": "BUD",
                    "cityFrom": "Hamburg",
                    "cityCodeFrom": "HAM",
                    "cityTo": "Budapest",
                    "cityCodeTo": "BUD",
                    "local_departure": "2024-11-25T06:45:00.000Z",
                    "utc_departure": "2024-11-25T05:45:00.000Z",
                    "local_arrival": "2024-11-25T08:30:00.000Z",
                    "utc_arrival": "2024-11-25T07:30:00.000Z",
                    "airline": "EW",
                    "flight_no": 7780,
                    "operating_carrier": "EW",
                    "operating_flight_no": "7780",
                    "fare_basis": "",
                    "fare_category": "M",
                    "fare_classes": "",
                    "return": 1,
                    "bags_recheck_required": false,
                    "vi_connection": false,
                    "guarantee": false,
                    "equipment": null,
                    "vehicle_type": "aircraft"
                }
            ],
            "booking_token": "HHRG480_X8Q0AKLu-m6QcHx3kqXEjLrVPyQUW8RM_vayz0D6rNDQmC7atmnSnMgM3kSYDwpzHdxCE3ECg1CSIVV_-ORDvDv5W2eWrf5jhKiOA-9Prpv30DC9dXQCv0cIXmkLuFlwsQbuYPUL9tvT0OH1zoZgdwVErFYT1pAUy4LKE4yV-DeM6N6bY7TMhJkIo4d3IOWntPPvclfXCqJB4jiAgKDCgS1uv6Hor6OrTvDf8ycO2HEvpyFW6ANDHHNxhQxo1ZIlkqpKO8TMhHQud_aYr0aiOvUSCBmJ2i5xLsjBMI_EoUFI-AKORMAGHgXa6rxtiixxSatncZEugs_6bNKnn9GI6COr8QCAkTsFd4SHQOZgq_C0ClsDssL-Rkhjcy0ZICS8_FDM8G781Ax7cRofRQS1-Mg4edL0CeWi7mJEj5aIKVQLAlpeDmEurRKvVx6hcb_BiIUkrnJYYQzFbS0r3I7W6F_JXOucp7uWttSFrnwjx41SL5oOAegsDRZFagcU-yJfUXQhKRzxHZSGrEcDHQvj4M52_iYlYMnhDGJTMIIBAJ0uVfBSqn94whGQbHHARuTjGZnDY5ZnZ7r0uLIBiQ55J5-jm94PFkszUKijO7xHgnxfz4cxsVdWjBcblVDXnIfuzcKAQoSHZhbnDKkye2pH5d7T3suV1cdqLSFwI0FPWj3umEwiqC9zF6Wm6MbpuIZEDMTljWl2CvlLtbYqOGLOrP2b_IM0he0ztMpWcSoKJAhtTT7oetYAWc0rx",
            "deep_link": "https://www.kiwi.com/deep?affilid=mihalytest&currency=EUR&flightsId=0b7717884e4d000048aa930e_0%7C0b7717884e4d000048aa930e_1%7C17880b774e540000cae3837d_0&from=BUD&lang=en&passengers=1&to=HAM&booking_token=HHRG480_X8Q0AKLu-m6QcHx3kqXEjLrVPyQUW8RM_vayz0D6rNDQmC7atmnSnMgM3kSYDwpzHdxCE3ECg1CSIVV_-ORDvDv5W2eWrf5jhKiOA-9Prpv30DC9dXQCv0cIXmkLuFlwsQbuYPUL9tvT0OH1zoZgdwVErFYT1pAUy4LKE4yV-DeM6N6bY7TMhJkIo4d3IOWntPPvclfXCqJB4jiAgKDCgS1uv6Hor6OrTvDf8ycO2HEvpyFW6ANDHHNxhQxo1ZIlkqpKO8TMhHQud_aYr0aiOvUSCBmJ2i5xLsjBMI_EoUFI-AKORMAGHgXa6rxtiixxSatncZEugs_6bNKnn9GI6COr8QCAkTsFd4SHQOZgq_C0ClsDssL-Rkhjcy0ZICS8_FDM8G781Ax7cRofRQS1-Mg4edL0CeWi7mJEj5aIKVQLAlpeDmEurRKvVx6hcb_BiIUkrnJYYQzFbS0r3I7W6F_JXOucp7uWttSFrnwjx41SL5oOAegsDRZFagcU-yJfUXQhKRzxHZSGrEcDHQvj4M52_iYlYMnhDGJTMIIBAJ0uVfBSqn94whGQbHHARuTjGZnDY5ZnZ7r0uLIBiQ55J5-jm94PFkszUKijO7xHgnxfz4cxsVdWjBcblVDXnIfuzcKAQoSHZhbnDKkye2pH5d7T3suV1cdqLSFwI0FPWj3umEwiqC9zF6Wm6MbpuIZEDMTljWl2CvlLtbYqOGLOrP2b_IM0he0ztMpWcSoKJAhtTT7oetYAWc0rx",
            "facilitated_booking_available": true,
            "pnr_count": 2,
            "has_airport_change": false,
            "technical_stops": 0,
            "throw_away_ticketing": false,
            "hidden_city_ticketing": false,
            "virtual_interlining": false
        },
        {
            "id": "0b7717884e5f0000fddf66be_0|17880b774e61000094f47c9e_0",
            "flyFrom": "BUD",
            "flyTo": "HAM",
            "cityFrom": "Budapest",
            "cityCodeFrom": "BUD",
            "cityTo": "Hamburg",
            "cityCodeTo": "HAM",
            "countryFrom": {
                "code": "HU",
                "name": "Hungary"
            },
            "countryTo": {
                "code": "DE",
                "name": "Germany"
            },
            "local_departure": "2024-12-06T20:35:00.000Z",
            "utc_departure": "2024-12-06T19:35:00.000Z",
            "local_arrival": "2024-12-06T22:25:00.000Z",
            "utc_arrival": "2024-12-06T21:25:00.000Z",
            "nightsInDest": 2,
            "quality": 209.666535,
            "distance": 949.98,
            "duration": {
                "departure": 6600,
                "return": 6300,
                "total": 12900
            },
            "price": 157,
            "conversion": {
                "EUR": 157
            },
            "fare": {
                "adults": 157,
                "children": 157,
                "infants": 157
            },
            "fare_locks": {
                "EUR": [
                    {
                        "default": false,
                        "duration": "P1D",
                        "itinerary_price_limit": 357,
                        "itinerary_price_remaining": 157,
                        "fare_lock_kind": "fee",
                        "price": 7.85,
                        "rule_instance_id": 26749,
                        "version": "v1"
                    },
                    {
                        "default": true,
                        "duration": "P3D",
                        "itinerary_price_limit": 357,
                        "itinerary_price_remaining": 157,
                        "fare_lock_kind": "fee",
                        "price": 15.7,
                        "rule_instance_id": 26748,
                        "version": "v1"
                    },
                    {
                        "default": false,
                        "duration": "P7D",
                        "itinerary_price_limit": 357,
                        "itinerary_price_remaining": 157,
                        "fare_lock_kind": "fee",
                        "price": 39.25,
                        "rule_instance_id": 26750,
                        "version": "v1"
                    }
                ]
            },
            "bags_price": {
                "1": 72.8,
                "2": 282.8
            },
            "baglimit": {
                "hand_dimensions_sum": 118,
                "hand_height": 40,
                "hand_length": 55,
                "hand_weight": 8,
                "hand_width": 23,
                "hold_dimensions_sum": 158,
                "hold_height": 52,
                "hold_length": 78,
                "hold_weight": 23,
                "hold_width": 28,
                "personal_item_dimension_sum": 95,
                "personal_item_height": 30,
                "personal_item_length": 40,
                "personal_item_weight": 8,
                "personal_item_width": 25
            },
            "availability": {
                "seats": 9
            },
            "airlines": [
                "EW"
            ],
            "route": [
                {
                    "id": "0b7717884e5f0000fddf66be_0",
                    "combination_id": "0b7717884e5f0000fddf66be",
                    "flyFrom": "BUD",
                    "flyTo": "HAM",
                    "cityFrom": "Budapest",
                    "cityCodeFrom": "BUD",
                    "cityTo": "Hamburg",
                    "cityCodeTo": "HAM",
                    "local_departure": "2024-12-06T20:35:00.000Z",
                    "utc_departure": "2024-12-06T19:35:00.000Z",
                    "local_arrival": "2024-12-06T22:25:00.000Z",
                    "utc_arrival": "2024-12-06T21:25:00.000Z",
                    "airline": "EW",
                    "flight_no": 7781,
                    "operating_carrier": "EW",
                    "operating_flight_no": "7781",
                    "fare_basis": "",
                    "fare_category": "M",
                    "fare_classes": "T",
                    "return": 0,
                    "bags_recheck_required": false,
                    "vi_connection": false,
                    "guarantee": false,
                    "equipment": null,
                    "vehicle_type": "aircraft"
                },
                {
                    "id": "17880b774e61000094f47c9e_0",
                    "combination_id": "17880b774e61000094f47c9e",
                    "flyFrom": "HAM",
                    "flyTo": "BUD",
                    "cityFrom": "Hamburg",
                    "cityCodeFrom": "HAM",
                    "cityTo": "Budapest",
                    "cityCodeTo": "BUD",
                    "local_departure": "2024-12-08T13:05:00.000Z",
                    "utc_departure": "2024-12-08T12:05:00.000Z",
                    "local_arrival": "2024-12-08T14:50:00.000Z",
                    "utc_arrival": "2024-12-08T13:50:00.000Z",
                    "airline": "EW",
                    "flight_no": 7780,
                    "operating_carrier": "EW",
                    "operating_flight_no": "7780",
                    "fare_basis": "",
                    "fare_category": "M",
                    "fare_classes": "",
                    "return": 1,
                    "bags_recheck_required": false,
                    "vi_connection": false,
                    "guarantee": false,
                    "equipment": null,
                    "vehicle_type": "aircraft"
                }
            ],
            "booking_token": "H0qXr_01-aKpeHCXG3sNflXyyrsuznX2AC0fGyerzwXs54VJFcmpVRsPd7T2aUHtrO8BKUGu2bZLpdUwKXf9LM2MRwQ5V7vDEI8f548f5LkIDE1vYGUt-4aQj0AIg_svPhjqmnTBU9Y2mm-A8KK2EZ_RymLLb8iijTitGP5jeIec-3kpIcPgWEYPkKFmaEPGjoN3o4dfEZaq54hND4s7dvUuA75FUi-lScSk8JNwfioApP-N5LlzXpoNjKsiM5IetJ5BU3itCnZCn8FU9b9s4m2OWfdYmL0Pajrnu182w0KVwjUTVDMKvvnoY-QyXzcsSkM_4TDe_AhnPrMexUQIy89uIQhdX6lN4kXdfkQgVPCly1gtsA50-zKqCRj_XQCSblDxshFyIhSnvA5vA15en8lG42tYpiX9gltlNyqvBvnMtiXLrAVwN1TPQxWbWGzcuHbxXgLQKWSFjtaGHQlPQ2njgolKeQuwRRyJb6eOV1OwxYMetNFghSzAbCNwHVToUgdf8tVid7wVh4fNjkML5MnPIXrjGQQcxZZ8pwiVyeXIPY5VYLMfE1TrxsUjkjSlt2DFTnEmh3er8zHEmQVQNE_ZB2uewv5dKaAth7UNldNffgR95JHdxUFMQtx-qLOCF4epU4466a3M7Ha_iVrFhr9VCvBWy0HzIsGJNesnoIwHXCE_WpAZ_wuvBUNAWCYXa",
            "deep_link": "https://www.kiwi.com/deep?affilid=mihalytest&currency=EUR&flightsId=0b7717884e5f0000fddf66be_0%7C17880b774e61000094f47c9e_0&from=BUD&lang=en&passengers=1&to=HAM&booking_token=H0qXr_01-aKpeHCXG3sNflXyyrsuznX2AC0fGyerzwXs54VJFcmpVRsPd7T2aUHtrO8BKUGu2bZLpdUwKXf9LM2MRwQ5V7vDEI8f548f5LkIDE1vYGUt-4aQj0AIg_svPhjqmnTBU9Y2mm-A8KK2EZ_RymLLb8iijTitGP5jeIec-3kpIcPgWEYPkKFmaEPGjoN3o4dfEZaq54hND4s7dvUuA75FUi-lScSk8JNwfioApP-N5LlzXpoNjKsiM5IetJ5BU3itCnZCn8FU9b9s4m2OWfdYmL0Pajrnu182w0KVwjUTVDMKvvnoY-QyXzcsSkM_4TDe_AhnPrMexUQIy89uIQhdX6lN4kXdfkQgVPCly1gtsA50-zKqCRj_XQCSblDxshFyIhSnvA5vA15en8lG42tYpiX9gltlNyqvBvnMtiXLrAVwN1TPQxWbWGzcuHbxXgLQKWSFjtaGHQlPQ2njgolKeQuwRRyJb6eOV1OwxYMetNFghSzAbCNwHVToUgdf8tVid7wVh4fNjkML5MnPIXrjGQQcxZZ8pwiVyeXIPY5VYLMfE1TrxsUjkjSlt2DFTnEmh3er8zHEmQVQNE_ZB2uewv5dKaAth7UNldNffgR95JHdxUFMQtx-qLOCF4epU4466a3M7Ha_iVrFhr9VCvBWy0HzIsGJNesnoIwHXCE_WpAZ_wuvBUNAWCYXa",
            "facilitated_booking_available": true,
            "pnr_count": 2,
            "has_airport_change": false,
            "technical_stops": 0,
            "throw_away_ticketing": false,
            "hidden_city_ticketing": false,
            "virtual_interlining": false
        },
        {
            "id": "0b7717884e660000f9ee6513_0|17880b774e6800001b7d3faf_0",
            "flyFrom": "BUD",
            "flyTo": "HAM",
            "cityFrom": "Budapest",
            "cityCodeFrom": "BUD",
            "cityTo": "Hamburg",
            "cityCodeTo": "HAM",
            "countryFrom": {
                "code": "HU",
                "name": "Hungary"
            },
            "countryTo": {
                "code": "DE",
                "name": "Germany"
            },
            "local_departure": "2024-12-13T20:35:00.000Z",
            "utc_departure": "2024-12-13T19:35:00.000Z",
            "local_arrival": "2024-12-13T22:25:00.000Z",
            "utc_arrival": "2024-12-13T21:25:00.000Z",
            "nightsInDest": 2,
            "quality": 209.666535,
            "distance": 949.98,
            "duration": {
                "departure": 6600,
                "return": 6300,
                "total": 12900
            },
            "price": 157,
            "conversion": {
                "EUR": 157
            },
            "fare": {
                "adults": 157,
                "children": 157,
                "infants": 157
            },
            "fare_locks": {
                "EUR": [
                    {
                        "default": false,
                        "duration": "P1D",
                        "itinerary_price_limit": 357,
                        "itinerary_price_remaining": 157,
                        "fare_lock_kind": "fee",
                        "price": 7.85,
                        "rule_instance_id": 26749,
                        "version": "v1"
                    },
                    {
                        "default": true,
                        "duration": "P3D",
                        "itinerary_price_limit": 357,
                        "itinerary_price_remaining": 157,
                        "fare_lock_kind": "fee",
                        "price": 15.7,
                        "rule_instance_id": 26748,
                        "version": "v1"
                    },
                    {
                        "default": false,
                        "duration": "P7D",
                        "itinerary_price_limit": 357,
                        "itinerary_price_remaining": 157,
                        "fare_lock_kind": "fee",
                        "price": 39.25,
                        "rule_instance_id": 26750,
                        "version": "v1"
                    }
                ]
            },
            "bags_price": {
                "1": 72.8,
                "2": 282.8
            },
            "baglimit": {
                "hand_dimensions_sum": 118,
                "hand_height": 40,
                "hand_length": 55,
                "hand_weight": 8,
                "hand_width": 23,
                "hold_dimensions_sum": 158,
                "hold_height": 52,
                "hold_length": 78,
                "hold_weight": 23,
                "hold_width": 28,
                "personal_item_dimension_sum": 95,
                "personal_item_height": 30,
                "personal_item_length": 40,
                "personal_item_weight": 8,
                "personal_item_width": 25
            },
            "availability": {
                "seats": 9
            },
            "airlines": [
                "EW"
            ],
            "route": [
                {
                    "id": "0b7717884e660000f9ee6513_0",
                    "combination_id": "0b7717884e660000f9ee6513",
                    "flyFrom": "BUD",
                    "flyTo": "HAM",
                    "cityFrom": "Budapest",
                    "cityCodeFrom": "BUD",
                    "cityTo": "Hamburg",
                    "cityCodeTo": "HAM",
                    "local_departure": "2024-12-13T20:35:00.000Z",
                    "utc_departure": "2024-12-13T19:35:00.000Z",
                    "local_arrival": "2024-12-13T22:25:00.000Z",
                    "utc_arrival": "2024-12-13T21:25:00.000Z",
                    "airline": "EW",
                    "flight_no": 7781,
                    "operating_carrier": "EW",
                    "operating_flight_no": "7781",
                    "fare_basis": "",
                    "fare_category": "M",
                    "fare_classes": "",
                    "return": 0,
                    "bags_recheck_required": false,
                    "vi_connection": false,
                    "guarantee": false,
                    "equipment": null,
                    "vehicle_type": "aircraft"
                },
                {
                    "id": "17880b774e6800001b7d3faf_0",
                    "combination_id": "17880b774e6800001b7d3faf",
                    "flyFrom": "HAM",
                    "flyTo": "BUD",
                    "cityFrom": "Hamburg",
                    "cityCodeFrom": "HAM",
                    "cityTo": "Budapest",
                    "cityCodeTo": "BUD",
                    "local_departure": "2024-12-15T13:05:00.000Z",
                    "utc_departure": "2024-12-15T12:05:00.000Z",
                    "local_arrival": "2024-12-15T14:50:00.000Z",
                    "utc_arrival": "2024-12-15T13:50:00.000Z",
                    "airline": "EW",
                    "flight_no": 7780,
                    "operating_carrier": "EW",
                    "operating_flight_no": "7780",
                    "fare_basis": "",
                    "fare_category": "M",
                    "fare_classes": "X",
                    "return": 1,
                    "bags_recheck_required": false,
                    "vi_connection": false,
                    "guarantee": false,
                    "equipment": null,
                    "vehicle_type": "aircraft"
                }
            ],
            "booking_token": "HooLihqhDIQj1lOkz658i1VB0LKPRjxovglb5fYQuN5_AOxE9ZvlCZTQsaGCIoJbza3hPYss-4a5L7OHd4kVu_vza_UWPiqHCH7pbNJG-9gLSCrXt-JAf2ClzRWASf93fz2wIMxmY2pQ8NsSDp8qaGV8klOspA9krn6oubtp87Dxc9tzNXcI_dxsAIOi-4x-gA0PZal--X-GugXo8lBH3blEO6cUrOQeWxurbaHyO7kltQ7spMm3ehzXyV3T8uXli4PKa1iTL1RKAbPawLUsILsIFZCA0hWb1teKINtqn2QuHBSscDD7YPnT-ZL99bddXwbZWoFrfs32nBjjJyVByvkbCpZQJEuig-Dy0sjQrHUkGviLsLLseyRuW7eRZST9zMJO2QSVQcgePMpT0FyGyzcpwwtRD6vJHo8ZUn_BMkcugZchlPP6LqlpceBS3Ry1Q5JvHJfxgzN2ZQNN1F2XXdSLoEpwD6gawhTlLJIfMLiUcP0WWFrdWrJ51k7vYoMZvODQKj5zph6T2UajSbp5gUl6yjz3e9rM4PJEO8rIIvtlUvAxov_veC6nVwAkYr996JpPi3g5p-1wLZuklSsKOZcbuVmxi2cN8pJHdvqnKYlSAfzVF72u3vqa3-Qc_QHHfkcgEQbQu7pJ6O5cXIRl_BKtflDY-2_fYYc74mp9Va7xBm8LruEjyThcIVX1z4Jp0",
            "deep_link": "https://www.kiwi.com/deep?affilid=mihalytest&currency=EUR&flightsId=0b7717884e660000f9ee6513_0%7C17880b774e6800001b7d3faf_0&from=BUD&lang=en&passengers=1&to=HAM&booking_token=HooLihqhDIQj1lOkz658i1VB0LKPRjxovglb5fYQuN5_AOxE9ZvlCZTQsaGCIoJbza3hPYss-4a5L7OHd4kVu_vza_UWPiqHCH7pbNJG-9gLSCrXt-JAf2ClzRWASf93fz2wIMxmY2pQ8NsSDp8qaGV8klOspA9krn6oubtp87Dxc9tzNXcI_dxsAIOi-4x-gA0PZal--X-GugXo8lBH3blEO6cUrOQeWxurbaHyO7kltQ7spMm3ehzXyV3T8uXli4PKa1iTL1RKAbPawLUsILsIFZCA0hWb1teKINtqn2QuHBSscDD7YPnT-ZL99bddXwbZWoFrfs32nBjjJyVByvkbCpZQJEuig-Dy0sjQrHUkGviLsLLseyRuW7eRZST9zMJO2QSVQcgePMpT0FyGyzcpwwtRD6vJHo8ZUn_BMkcugZchlPP6LqlpceBS3Ry1Q5JvHJfxgzN2ZQNN1F2XXdSLoEpwD6gawhTlLJIfMLiUcP0WWFrdWrJ51k7vYoMZvODQKj5zph6T2UajSbp5gUl6yjz3e9rM4PJEO8rIIvtlUvAxov_veC6nVwAkYr996JpPi3g5p-1wLZuklSsKOZcbuVmxi2cN8pJHdvqnKYlSAfzVF72u3vqa3-Qc_QHHfkcgEQbQu7pJ6O5cXIRl_BKtflDY-2_fYYc74mp9Va7xBm8LruEjyThcIVX1z4Jp0",
            "facilitated_booking_available": true,
            "pnr_count": 2,
            "has_airport_change": false,
            "technical_stops": 0,
            "throw_away_ticketing": false,
            "hidden_city_ticketing": false,
            "virtual_interlining": false
        },
        {
            "id": "0b7717884e660000f9ee6513_0|17880b774e6900002ba74153_0",
            "flyFrom": "BUD",
            "flyTo": "HAM",
            "cityFrom": "Budapest",
            "cityCodeFrom": "BUD",
            "cityTo": "Hamburg",
            "cityCodeTo": "HAM",
            "countryFrom": {
                "code": "HU",
                "name": "Hungary"
            },
            "countryTo": {
                "code": "DE",
                "name": "Germany"
            },
            "local_departure": "2024-12-13T20:35:00.000Z",
            "utc_departure": "2024-12-13T19:35:00.000Z",
            "local_arrival": "2024-12-13T22:25:00.000Z",
            "utc_arrival": "2024-12-13T21:25:00.000Z",
            "nightsInDest": 3,
            "quality": 209.666535,
            "distance": 949.98,
            "duration": {
                "departure": 6600,
                "return": 6300,
                "total": 12900
            },
            "price": 157,
            "conversion": {
                "EUR": 157
            },
            "fare": {
                "adults": 157,
                "children": 157,
                "infants": 157
            },
            "fare_locks": {
                "EUR": [
                    {
                        "default": false,
                        "duration": "P1D",
                        "itinerary_price_limit": 357,
                        "itinerary_price_remaining": 157,
                        "fare_lock_kind": "fee",
                        "price": 7.85,
                        "rule_instance_id": 26749,
                        "version": "v1"
                    },
                    {
                        "default": true,
                        "duration": "P3D",
                        "itinerary_price_limit": 357,
                        "itinerary_price_remaining": 157,
                        "fare_lock_kind": "fee",
                        "price": 15.7,
                        "rule_instance_id": 26748,
                        "version": "v1"
                    },
                    {
                        "default": false,
                        "duration": "P7D",
                        "itinerary_price_limit": 357,
                        "itinerary_price_remaining": 157,
                        "fare_lock_kind": "fee",
                        "price": 39.25,
                        "rule_instance_id": 26750,
                        "version": "v1"
                    }
                ]
            },
            "bags_price": {
                "1": 72.8,
                "2": 282.8
            },
            "baglimit": {
                "hand_dimensions_sum": 118,
                "hand_height": 40,
                "hand_length": 55,
                "hand_weight": 8,
                "hand_width": 23,
                "hold_dimensions_sum": 158,
                "hold_height": 52,
                "hold_length": 78,
                "hold_weight": 23,
                "hold_width": 28,
                "personal_item_dimension_sum": 95,
                "personal_item_height": 30,
                "personal_item_length": 40,
                "personal_item_weight": 8,
                "personal_item_width": 25
            },
            "availability": {
                "seats": 7
            },
            "airlines": [
                "EW"
            ],
            "route": [
                {
                    "id": "0b7717884e660000f9ee6513_0",
                    "combination_id": "0b7717884e660000f9ee6513",
                    "flyFrom": "BUD",
                    "flyTo": "HAM",
                    "cityFrom": "Budapest",
                    "cityCodeFrom": "BUD",
                    "cityTo": "Hamburg",
                    "cityCodeTo": "HAM",
                    "local_departure": "2024-12-13T20:35:00.000Z",
                    "utc_departure": "2024-12-13T19:35:00.000Z",
                    "local_arrival": "2024-12-13T22:25:00.000Z",
                    "utc_arrival": "2024-12-13T21:25:00.000Z",
                    "airline": "EW",
                    "flight_no": 7781,
                    "operating_carrier": "EW",
                    "operating_flight_no": "7781",
                    "fare_basis": "",
                    "fare_category": "M",
                    "fare_classes": "",
                    "return": 0,
                    "bags_recheck_required": false,
                    "vi_connection": false,
                    "guarantee": false,
                    "equipment": null,
                    "vehicle_type": "aircraft"
                },
                {
                    "id": "17880b774e6900002ba74153_0",
                    "combination_id": "17880b774e6900002ba74153",
                    "flyFrom": "HAM",
                    "flyTo": "BUD",
                    "cityFrom": "Hamburg",
                    "cityCodeFrom": "HAM",
                    "cityTo": "Budapest",
                    "cityCodeTo": "BUD",
                    "local_departure": "2024-12-16T06:45:00.000Z",
                    "utc_departure": "2024-12-16T05:45:00.000Z",
                    "local_arrival": "2024-12-16T08:30:00.000Z",
                    "utc_arrival": "2024-12-16T07:30:00.000Z",
                    "airline": "EW",
                    "flight_no": 7780,
                    "operating_carrier": "EW",
                    "operating_flight_no": "7780",
                    "fare_basis": "",
                    "fare_category": "M",
                    "fare_classes": "X",
                    "return": 1,
                    "bags_recheck_required": false,
                    "vi_connection": false,
                    "guarantee": false,
                    "equipment": null,
                    "vehicle_type": "aircraft"
                }
            ],
            "booking_token": "HrUniy1cvC4UogUmBxKspQ-faSt8YNoljEVRgI1iGvXQdRld2Vxch9ZIrb2INT_WStM2YE-33oaxn0u2Sy9lXQZK4juVX1S_MB28nwgrabPo9-3d9JoFvUzgE3B3yBXzaT6Kto5Rx8J-oKaoFddFUNrb0cc0i9bLrlsE1kvLcpoNz3pWpUAG_06TI-XoFcSrsM5MR0QyIwxJDBJYkUhNkbEo4KYi-QEEqoGm6I_eiZtH43lDB-yDrFBwvF1W0W33SebRxnGjpqeWtOsLYYlohnOHTK7ansqfSsP5Xp09yTcBUk0HZl8CmVVyEZtwHFMjLgIgcdVKKEc3HD3_RQU-CPa1h-jRE-s6GZ2objK5N-vAUCjhGHhSQyNriUqX2D1yFAjExauVFylxJ7Z7DDVjqmalS0l-6vlVc-BrUr3ucWkMaQk9wOjVird-6rcNs-34Jifyp1pLzuTVih64r0bo7wPvslasIQ2F-qhBHen6xqADbaxlCnaS0agHwFVNdjYFihCDbHP9ghLSYBgsxz75SATv4hiTTRy7nCDsYAJdlPxQhLT0tzAB_lIJQRrEzAikCgpFwyM3pO8zkwxvu33TuOh8iRC96U-KG0HBXiPVs_pogkXXhELfaKig253yTgx0TOnqFMdUViFD4Ztww6IhzIDT02Ga1eVxPFfGA2voTTqI=",
            "deep_link": "https://www.kiwi.com/deep?affilid=mihalytest&currency=EUR&flightsId=0b7717884e660000f9ee6513_0%7C17880b774e6900002ba74153_0&from=BUD&lang=en&passengers=1&to=HAM&booking_token=HrUniy1cvC4UogUmBxKspQ-faSt8YNoljEVRgI1iGvXQdRld2Vxch9ZIrb2INT_WStM2YE-33oaxn0u2Sy9lXQZK4juVX1S_MB28nwgrabPo9-3d9JoFvUzgE3B3yBXzaT6Kto5Rx8J-oKaoFddFUNrb0cc0i9bLrlsE1kvLcpoNz3pWpUAG_06TI-XoFcSrsM5MR0QyIwxJDBJYkUhNkbEo4KYi-QEEqoGm6I_eiZtH43lDB-yDrFBwvF1W0W33SebRxnGjpqeWtOsLYYlohnOHTK7ansqfSsP5Xp09yTcBUk0HZl8CmVVyEZtwHFMjLgIgcdVKKEc3HD3_RQU-CPa1h-jRE-s6GZ2objK5N-vAUCjhGHhSQyNriUqX2D1yFAjExauVFylxJ7Z7DDVjqmalS0l-6vlVc-BrUr3ucWkMaQk9wOjVird-6rcNs-34Jifyp1pLzuTVih64r0bo7wPvslasIQ2F-qhBHen6xqADbaxlCnaS0agHwFVNdjYFihCDbHP9ghLSYBgsxz75SATv4hiTTRy7nCDsYAJdlPxQhLT0tzAB_lIJQRrEzAikCgpFwyM3pO8zkwxvu33TuOh8iRC96U-KG0HBXiPVs_pogkXXhELfaKig253yTgx0TOnqFMdUViFD4Ztww6IhzIDT02Ga1eVxPFfGA2voTTqI=",
            "facilitated_booking_available": true,
            "pnr_count": 2,
            "has_airport_change": false,
            "technical_stops": 0,
            "throw_away_ticketing": false,
            "hidden_city_ticketing": false,
            "virtual_interlining": false
        },
        {
            "id": "0b7717884e530000e369c663_0|178823334e540000a790ffcd_0|23330b774e5400006ac23fad_0",
            "flyFrom": "BUD",
            "flyTo": "HAM",
            "cityFrom": "Budapest",
            "cityCodeFrom": "BUD",
            "cityTo": "Hamburg",
            "cityCodeTo": "HAM",
            "countryFrom": {
                "code": "HU",
                "name": "Hungary"
            },
            "countryTo": {
                "code": "DE",
                "name": "Germany"
            },
            "local_departure": "2024-11-24T15:35:00.000Z",
            "utc_departure": "2024-11-24T14:35:00.000Z",
            "local_arrival": "2024-11-24T17:25:00.000Z",
            "utc_arrival": "2024-11-24T16:25:00.000Z",
            "nightsInDest": 1,
            "quality": 250.999765,
            "distance": 949.98,
            "duration": {
                "departure": 6600,
                "return": 24900,
                "total": 31500
            },
            "price": 157,
            "conversion": {
                "EUR": 157
            },
            "fare": {
                "adults": 157,
                "children": 157,
                "infants": 157
            },
            "fare_locks": {
                "EUR": [
                    {
                        "default": false,
                        "duration": "P1D",
                        "itinerary_price_limit": 357,
                        "itinerary_price_remaining": 157,
                        "fare_lock_kind": "fee",
                        "price": 7.85,
                        "rule_instance_id": 26749,
                        "version": "v1"
                    },
                    {
                        "default": true,
                        "duration": "P3D",
                        "itinerary_price_limit": 357,
                        "itinerary_price_remaining": 157,
                        "fare_lock_kind": "fee",
                        "price": 15.7,
                        "rule_instance_id": 26748,
                        "version": "v1"
                    },
                    {
                        "default": false,
                        "duration": "P7D",
                        "itinerary_price_limit": 357,
                        "itinerary_price_remaining": 157,
                        "fare_lock_kind": "fee",
                        "price": 39.25,
                        "rule_instance_id": 26750,
                        "version": "v1"
                    }
                ]
            },
            "bags_price": {
                "1": 183.274,
                "2": 435.148
            },
            "baglimit": {
                "hand_dimensions_sum": 118,
                "hand_height": 40,
                "hand_length": 55,
                "hand_weight": 8,
                "hand_width": 23,
                "hold_dimensions_sum": 158,
                "hold_height": 52,
                "hold_length": 78,
                "hold_weight": 20,
                "hold_width": 28,
                "personal_item_dimension_sum": 90,
                "personal_item_height": 30,
                "personal_item_length": 40,
                "personal_item_weight": 8,
                "personal_item_width": 20
            },
            "availability": {
                "seats": 2
            },
            "airlines": [
                "EW",
                "W4",
                "W6"
            ],
            "route": [
                {
                    "id": "0b7717884e530000e369c663_0",
                    "combination_id": "0b7717884e530000e369c663",
                    "flyFrom": "BUD",
                    "flyTo": "HAM",
                    "cityFrom": "Budapest",
                    "cityCodeFrom": "BUD",
                    "cityTo": "Hamburg",
                    "cityCodeTo": "HAM",
                    "local_departure": "2024-11-24T15:35:00.000Z",
                    "utc_departure": "2024-11-24T14:35:00.000Z",
                    "local_arrival": "2024-11-24T17:25:00.000Z",
                    "utc_arrival": "2024-11-24T16:25:00.000Z",
                    "airline": "EW",
                    "flight_no": 7781,
                    "operating_carrier": "EW",
                    "operating_flight_no": "7781",
                    "fare_basis": "",
                    "fare_category": "M",
                    "fare_classes": "L",
                    "return": 0,
                    "bags_recheck_required": false,
                    "vi_connection": false,
                    "guarantee": false,
                    "equipment": null,
                    "vehicle_type": "aircraft"
                },
                {
                    "id": "178823334e540000a790ffcd_0",
                    "combination_id": "178823334e540000a790ffcd",
                    "flyFrom": "HAM",
                    "flyTo": "TIA",
                    "cityFrom": "Hamburg",
                    "cityCodeFrom": "HAM",
                    "cityTo": "Tirana",
                    "cityCodeTo": "TIA",
                    "local_departure": "2024-11-25T16:15:00.000Z",
                    "utc_departure": "2024-11-25T15:15:00.000Z",
                    "local_arrival": "2024-11-25T18:45:00.000Z",
                    "utc_arrival": "2024-11-25T17:45:00.000Z",
                    "airline": "W4",
                    "flight_no": 5108,
                    "operating_carrier": "",
                    "operating_flight_no": "",
                    "fare_basis": "",
                    "fare_category": "M",
                    "fare_classes": "",
                    "return": 1,
                    "bags_recheck_required": false,
                    "vi_connection": false,
                    "guarantee": false,
                    "equipment": null,
                    "vehicle_type": "aircraft"
                },
                {
                    "id": "23330b774e5400006ac23fad_0",
                    "combination_id": "23330b774e5400006ac23fad",
                    "flyFrom": "TIA",
                    "flyTo": "BUD",
                    "cityFrom": "Tirana",
                    "cityCodeFrom": "TIA",
                    "cityTo": "Budapest",
                    "cityCodeTo": "BUD",
                    "local_departure": "2024-11-25T21:35:00.000Z",
                    "utc_departure": "2024-11-25T20:35:00.000Z",
                    "local_arrival": "2024-11-25T23:10:00.000Z",
                    "utc_arrival": "2024-11-25T22:10:00.000Z",
                    "airline": "W6",
                    "flight_no": 2234,
                    "operating_carrier": "",
                    "operating_flight_no": "",
                    "fare_basis": "",
                    "fare_category": "M",
                    "fare_classes": "",
                    "return": 1,
                    "bags_recheck_required": true,
                    "vi_connection": true,
                    "guarantee": true,
                    "equipment": null,
                    "vehicle_type": "aircraft"
                }
            ],
            "booking_token": "H6hP8dODe01VSvj6oW1GdahfdcmHExR503E8OCb4-424ZFuVQet3_xzneZuvyyrEuP3w6MXzgBsgonURSuUgW7xJ0GVWfLxab9P7fCloU0B_5uyAcizBQiuT5m_QpPnjTXEf4erYjZxRL62cIYN1RigseQigM6THhkTPVvWZL1EpMB5_8SY1WY-7SDu-zTsNhSw3z-S4cgUYaemGnBTRks6pXl-P372eLLbioHxwsp6trt8Hfqqtfm57DvL5lkBgSxclP7yBo_O6GgQkqBBEhSUSONbnvS0daBhx1fm2bTbe2mv8eyyWnh3OjAZkJALF3Wf3G0EPDikzKDybN4-M6-jqKv37-kLSyqE6M1UUVTOGfAuidsSxbGIdqkABVYs1kxEtHhWuP7tLzW85CdX9_zjbDOjiK08ocdRhvBUzlh_XxcPex4sVe844GW0W9ti-CKq5xQkghX2ojMmuVopzuo2p1nSfewJMvwc2LRtb39u2_6sNwUqjvwCAenjsfuzLZ0kJd3EIi6w3oMw40w04PwnxY5l5zL75IM0AuJVVj4LqSNvXUcKfEnLGMEmKvY2N22e5xD66Dd6jkpoIlYQ88Txs4QVS9Q5ItYjTt3_vqqcqTQL9h851JeggZQvlzUehVcdvX91xAnsOXNu-rlWKWrKrkrU9Ol5_GPq_mVrwi5bXQ-ftVeqHeceJyoss0pRu-J5uIBCb7zrLceZr76_mQz_rP_Pjtul4CIQLPL3h7FDSzOycEG2hTRQJEvlg1C-YhkGq_w779Yq_tdULDRx44G6z6FJGA1lh0_vJx9WgfxFU=",
            "deep_link": "https://www.kiwi.com/deep?affilid=mihalytest&currency=EUR&flightsId=0b7717884e530000e369c663_0%7C178823334e540000a790ffcd_0%7C23330b774e5400006ac23fad_0&from=BUD&lang=en&passengers=1&to=HAM&booking_token=H6hP8dODe01VSvj6oW1GdahfdcmHExR503E8OCb4-424ZFuVQet3_xzneZuvyyrEuP3w6MXzgBsgonURSuUgW7xJ0GVWfLxab9P7fCloU0B_5uyAcizBQiuT5m_QpPnjTXEf4erYjZxRL62cIYN1RigseQigM6THhkTPVvWZL1EpMB5_8SY1WY-7SDu-zTsNhSw3z-S4cgUYaemGnBTRks6pXl-P372eLLbioHxwsp6trt8Hfqqtfm57DvL5lkBgSxclP7yBo_O6GgQkqBBEhSUSONbnvS0daBhx1fm2bTbe2mv8eyyWnh3OjAZkJALF3Wf3G0EPDikzKDybN4-M6-jqKv37-kLSyqE6M1UUVTOGfAuidsSxbGIdqkABVYs1kxEtHhWuP7tLzW85CdX9_zjbDOjiK08ocdRhvBUzlh_XxcPex4sVe844GW0W9ti-CKq5xQkghX2ojMmuVopzuo2p1nSfewJMvwc2LRtb39u2_6sNwUqjvwCAenjsfuzLZ0kJd3EIi6w3oMw40w04PwnxY5l5zL75IM0AuJVVj4LqSNvXUcKfEnLGMEmKvY2N22e5xD66Dd6jkpoIlYQ88Txs4QVS9Q5ItYjTt3_vqqcqTQL9h851JeggZQvlzUehVcdvX91xAnsOXNu-rlWKWrKrkrU9Ol5_GPq_mVrwi5bXQ-ftVeqHeceJyoss0pRu-J5uIBCb7zrLceZr76_mQz_rP_Pjtul4CIQLPL3h7FDSzOycEG2hTRQJEvlg1C-YhkGq_w779Yq_tdULDRx44G6z6FJGA1lh0_vJx9WgfxFU=",
            "facilitated_booking_available": false,
            "pnr_count": 3,
            "has_airport_change": false,
            "technical_stops": 0,
            "throw_away_ticketing": false,
            "hidden_city_ticketing": false,
            "virtual_interlining": true
        },
        {
            "id": "0b7717884e530000e369c663_0|178823334e5600007f1c627a_0|23330b774e560000b24ea21a_0",
            "flyFrom": "BUD",
            "flyTo": "HAM",
            "cityFrom": "Budapest",
            "cityCodeFrom": "BUD",
            "cityTo": "Hamburg",
            "cityCodeTo": "HAM",
            "countryFrom": {
                "code": "HU",
                "name": "Hungary"
            },
            "countryTo": {
                "code": "DE",
                "name": "Germany"
            },
            "local_departure": "2024-11-24T15:35:00.000Z",
            "utc_departure": "2024-11-24T14:35:00.000Z",
            "local_arrival": "2024-11-24T17:25:00.000Z",
            "utc_arrival": "2024-11-24T16:25:00.000Z",
            "nightsInDest": 3,
            "quality": 250.999765,
            "distance": 949.98,
            "duration": {
                "departure": 6600,
                "return": 24900,
                "total": 31500
            },
            "price": 157,
            "conversion": {
                "EUR": 157
            },
            "fare": {
                "adults": 157,
                "children": 157,
                "infants": 157
            },
            "fare_locks": {
                "EUR": [
                    {
                        "default": false,
                        "duration": "P1D",
                        "itinerary_price_limit": 357,
                        "itinerary_price_remaining": 157,
                        "fare_lock_kind": "fee",
                        "price": 7.85,
                        "rule_instance_id": 26749,
                        "version": "v1"
                    },
                    {
                        "default": true,
                        "duration": "P3D",
                        "itinerary_price_limit": 357,
                        "itinerary_price_remaining": 157,
                        "fare_lock_kind": "fee",
                        "price": 15.7,
                        "rule_instance_id": 26748,
                        "version": "v1"
                    },
                    {
                        "default": false,
                        "duration": "P7D",
                        "itinerary_price_limit": 357,
                        "itinerary_price_remaining": 157,
                        "fare_lock_kind": "fee",
                        "price": 39.25,
                        "rule_instance_id": 26750,
                        "version": "v1"
                    }
                ]
            },
            "bags_price": {
                "1": 183.274,
                "2": 435.148
            },
            "baglimit": {
                "hand_dimensions_sum": 118,
                "hand_height": 40,
                "hand_length": 55,
                "hand_weight": 8,
                "hand_width": 23,
                "hold_dimensions_sum": 158,
                "hold_height": 52,
                "hold_length": 78,
                "hold_weight": 20,
                "hold_width": 28,
                "personal_item_dimension_sum": 90,
                "personal_item_height": 30,
                "personal_item_length": 40,
                "personal_item_weight": 8,
                "personal_item_width": 20
            },
            "availability": {
                "seats": 4
            },
            "airlines": [
                "EW",
                "W4",
                "W6"
            ],
            "route": [
                {
                    "id": "0b7717884e530000e369c663_0",
                    "combination_id": "0b7717884e530000e369c663",
                    "flyFrom": "BUD",
                    "flyTo": "HAM",
                    "cityFrom": "Budapest",
                    "cityCodeFrom": "BUD",
                    "cityTo": "Hamburg",
                    "cityCodeTo": "HAM",
                    "local_departure": "2024-11-24T15:35:00.000Z",
                    "utc_departure": "2024-11-24T14:35:00.000Z",
                    "local_arrival": "2024-11-24T17:25:00.000Z",
                    "utc_arrival": "2024-11-24T16:25:00.000Z",
                    "airline": "EW",
                    "flight_no": 7781,
                    "operating_carrier": "EW",
                    "operating_flight_no": "7781",
                    "fare_basis": "",
                    "fare_category": "M",
                    "fare_classes": "L",
                    "return": 0,
                    "bags_recheck_required": false,
                    "vi_connection": false,
                    "guarantee": false,
                    "equipment": null,
                    "vehicle_type": "aircraft"
                },
                {
                    "id": "178823334e5600007f1c627a_0",
                    "combination_id": "178823334e5600007f1c627a",
                    "flyFrom": "HAM",
                    "flyTo": "TIA",
                    "cityFrom": "Hamburg",
                    "cityCodeFrom": "HAM",
                    "cityTo": "Tirana",
                    "cityCodeTo": "TIA",
                    "local_departure": "2024-11-27T16:15:00.000Z",
                    "utc_departure": "2024-11-27T15:15:00.000Z",
                    "local_arrival": "2024-11-27T18:45:00.000Z",
                    "utc_arrival": "2024-11-27T17:45:00.000Z",
                    "airline": "W4",
                    "flight_no": 5108,
                    "operating_carrier": "",
                    "operating_flight_no": "",
                    "fare_basis": "",
                    "fare_category": "M",
                    "fare_classes": "",
                    "return": 1,
                    "bags_recheck_required": false,
                    "vi_connection": false,
                    "guarantee": false,
                    "equipment": null,
                    "vehicle_type": "aircraft"
                },
                {
                    "id": "23330b774e560000b24ea21a_0",
                    "combination_id": "23330b774e560000b24ea21a",
                    "flyFrom": "TIA",
                    "flyTo": "BUD",
                    "cityFrom": "Tirana",
                    "cityCodeFrom": "TIA",
                    "cityTo": "Budapest",
                    "cityCodeTo": "BUD",
                    "local_departure": "2024-11-27T21:35:00.000Z",
                    "utc_departure": "2024-11-27T20:35:00.000Z",
                    "local_arrival": "2024-11-27T23:10:00.000Z",
                    "utc_arrival": "2024-11-27T22:10:00.000Z",
                    "airline": "W6",
                    "flight_no": 2234,
                    "operating_carrier": "",
                    "operating_flight_no": "",
                    "fare_basis": "",
                    "fare_category": "M",
                    "fare_classes": "",
                    "return": 1,
                    "bags_recheck_required": true,
                    "vi_connection": true,
                    "guarantee": true,
                    "equipment": null,
                    "vehicle_type": "aircraft"
                }
            ],
            "booking_token": "Ha7kbJYSo5mTyuw21kHAEcQwyTCnOzrWwRA9xGgf64xLcGyquFHlzQkrzF6tRoGFQlOfrYOU92gy-pn9e2MaJwdmSGleFlmB5Gv1E5PkUks7usfkiq_8iV-Wi_EaY3QJi2oT2W7HVC9Qyl-TsuGeRSrK26m6f_OnOpCo0-V6A2mQTa8-6mTsdEUXOWA379svNYR-bDh8DWrpYgCPaWV6HXm0CQdBKJA1BZnSK_4q_fCa4GRy7hkBUw1fLsFjru9CXclRFGTj4xDE0grP_xgJGsf2z24fg9hn4QUen7yFWL8dyLYXsndM1VliLiIpatarI1AfxWXd9bQtfUKQHi2c1-o8q8gqyBN-pdlIIf_VlOU7wcsCelxXzbcGBgS8mZ_evht0RVTJHfBiEXotD3NHiN8hMCbZ5u9PNm4aO8BnKMHDugRm5Gi_90nieLj5k3BjVtVWrQ4tIEXuqLMNarl8Blx5_tW8GNYYZeNtbSJ3LEWdIvpe9Dv_7fym7NuYi-3puQcuKCfBx5HG6q1AeE3xrTVhBmsQV94qUWniVuLeY4eOp8UmohVlozlpONB1E2nmim3ac_3FCYrudg2YGujdjKZNizV9eISfuxOHrE9ynZx14psVf9MawDy2MJXoJUcorPixcYp0el6XHe4l8B65-85H8CIwvLypnZSUPyAoY2aOZxsqMXKg6L5GtQWZ-CBm37UeaaZ0LRAt_Hvk-6AZA9-khk-wSYZuMc-5KWeigDv16yh8d2uqs2wQJ_o1CmcsH6V7RXrOQ8E5NmoDgG5_ViQ==",
            "deep_link": "https://www.kiwi.com/deep?affilid=mihalytest&currency=EUR&flightsId=0b7717884e530000e369c663_0%7C178823334e5600007f1c627a_0%7C23330b774e560000b24ea21a_0&from=BUD&lang=en&passengers=1&to=HAM&booking_token=Ha7kbJYSo5mTyuw21kHAEcQwyTCnOzrWwRA9xGgf64xLcGyquFHlzQkrzF6tRoGFQlOfrYOU92gy-pn9e2MaJwdmSGleFlmB5Gv1E5PkUks7usfkiq_8iV-Wi_EaY3QJi2oT2W7HVC9Qyl-TsuGeRSrK26m6f_OnOpCo0-V6A2mQTa8-6mTsdEUXOWA379svNYR-bDh8DWrpYgCPaWV6HXm0CQdBKJA1BZnSK_4q_fCa4GRy7hkBUw1fLsFjru9CXclRFGTj4xDE0grP_xgJGsf2z24fg9hn4QUen7yFWL8dyLYXsndM1VliLiIpatarI1AfxWXd9bQtfUKQHi2c1-o8q8gqyBN-pdlIIf_VlOU7wcsCelxXzbcGBgS8mZ_evht0RVTJHfBiEXotD3NHiN8hMCbZ5u9PNm4aO8BnKMHDugRm5Gi_90nieLj5k3BjVtVWrQ4tIEXuqLMNarl8Blx5_tW8GNYYZeNtbSJ3LEWdIvpe9Dv_7fym7NuYi-3puQcuKCfBx5HG6q1AeE3xrTVhBmsQV94qUWniVuLeY4eOp8UmohVlozlpONB1E2nmim3ac_3FCYrudg2YGujdjKZNizV9eISfuxOHrE9ynZx14psVf9MawDy2MJXoJUcorPixcYp0el6XHe4l8B65-85H8CIwvLypnZSUPyAoY2aOZxsqMXKg6L5GtQWZ-CBm37UeaaZ0LRAt_Hvk-6AZA9-khk-wSYZuMc-5KWeigDv16yh8d2uqs2wQJ_o1CmcsH6V7RXrOQ8E5NmoDgG5_ViQ==",
            "facilitated_booking_available": false,
            "pnr_count": 3,
            "has_airport_change": false,
            "technical_stops": 0,
            "throw_away_ticketing": false,
            "hidden_city_ticketing": false,
            "virtual_interlining": true
        },
        {
            "id": "0b7717884e530000e369c663_0|178823334e58000078296212_0|23330b774e580000b57ba272_0",
            "flyFrom": "BUD",
            "flyTo": "HAM",
            "cityFrom": "Budapest",
            "cityCodeFrom": "BUD",
            "cityTo": "Hamburg",
            "cityCodeTo": "HAM",
            "countryFrom": {
                "code": "HU",
                "name": "Hungary"
            },
            "countryTo": {
                "code": "DE",
                "name": "Germany"
            },
            "local_departure": "2024-11-24T15:35:00.000Z",
            "utc_departure": "2024-11-24T14:35:00.000Z",
            "local_arrival": "2024-11-24T17:25:00.000Z",
            "utc_arrival": "2024-11-24T16:25:00.000Z",
            "nightsInDest": 5,
            "quality": 250.999765,
            "distance": 949.98,
            "duration": {
                "departure": 6600,
                "return": 24900,
                "total": 31500
            },
            "price": 157,
            "conversion": {
                "EUR": 157
            },
            "fare": {
                "adults": 157,
                "children": 157,
                "infants": 157
            },
            "fare_locks": {
                "EUR": [
                    {
                        "default": false,
                        "duration": "P1D",
                        "itinerary_price_limit": 357,
                        "itinerary_price_remaining": 157,
                        "fare_lock_kind": "fee",
                        "price": 7.85,
                        "rule_instance_id": 26749,
                        "version": "v1"
                    },
                    {
                        "default": true,
                        "duration": "P3D",
                        "itinerary_price_limit": 357,
                        "itinerary_price_remaining": 157,
                        "fare_lock_kind": "fee",
                        "price": 15.7,
                        "rule_instance_id": 26748,
                        "version": "v1"
                    },
                    {
                        "default": false,
                        "duration": "P7D",
                        "itinerary_price_limit": 357,
                        "itinerary_price_remaining": 157,
                        "fare_lock_kind": "fee",
                        "price": 39.25,
                        "rule_instance_id": 26750,
                        "version": "v1"
                    }
                ]
            },
            "bags_price": {
                "1": 183.274,
                "2": 435.148
            },
            "baglimit": {
                "hand_dimensions_sum": 118,
                "hand_height": 40,
                "hand_length": 55,
                "hand_weight": 8,
                "hand_width": 23,
                "hold_dimensions_sum": 158,
                "hold_height": 52,
                "hold_length": 78,
                "hold_weight": 20,
                "hold_width": 28,
                "personal_item_dimension_sum": 90,
                "personal_item_height": 30,
                "personal_item_length": 40,
                "personal_item_weight": 8,
                "personal_item_width": 20
            },
            "availability": {
                "seats": 6
            },
            "airlines": [
                "W6",
                "EW",
                "W4"
            ],
            "route": [
                {
                    "id": "0b7717884e530000e369c663_0",
                    "combination_id": "0b7717884e530000e369c663",
                    "flyFrom": "BUD",
                    "flyTo": "HAM",
                    "cityFrom": "Budapest",
                    "cityCodeFrom": "BUD",
                    "cityTo": "Hamburg",
                    "cityCodeTo": "HAM",
                    "local_departure": "2024-11-24T15:35:00.000Z",
                    "utc_departure": "2024-11-24T14:35:00.000Z",
                    "local_arrival": "2024-11-24T17:25:00.000Z",
                    "utc_arrival": "2024-11-24T16:25:00.000Z",
                    "airline": "EW",
                    "flight_no": 7781,
                    "operating_carrier": "EW",
                    "operating_flight_no": "7781",
                    "fare_basis": "",
                    "fare_category": "M",
                    "fare_classes": "L",
                    "return": 0,
                    "bags_recheck_required": false,
                    "vi_connection": false,
                    "guarantee": false,
                    "equipment": null,
                    "vehicle_type": "aircraft"
                },
                {
                    "id": "178823334e58000078296212_0",
                    "combination_id": "178823334e58000078296212",
                    "flyFrom": "HAM",
                    "flyTo": "TIA",
                    "cityFrom": "Hamburg",
                    "cityCodeFrom": "HAM",
                    "cityTo": "Tirana",
                    "cityCodeTo": "TIA",
                    "local_departure": "2024-11-29T16:15:00.000Z",
                    "utc_departure": "2024-11-29T15:15:00.000Z",
                    "local_arrival": "2024-11-29T18:45:00.000Z",
                    "utc_arrival": "2024-11-29T17:45:00.000Z",
                    "airline": "W4",
                    "flight_no": 5108,
                    "operating_carrier": "",
                    "operating_flight_no": "",
                    "fare_basis": "",
                    "fare_category": "M",
                    "fare_classes": "",
                    "return": 1,
                    "bags_recheck_required": false,
                    "vi_connection": false,
                    "guarantee": false,
                    "equipment": null,
                    "vehicle_type": "aircraft"
                },
                {
                    "id": "23330b774e580000b57ba272_0",
                    "combination_id": "23330b774e580000b57ba272",
                    "flyFrom": "TIA",
                    "flyTo": "BUD",
                    "cityFrom": "Tirana",
                    "cityCodeFrom": "TIA",
                    "cityTo": "Budapest",
                    "cityCodeTo": "BUD",
                    "local_departure": "2024-11-29T21:35:00.000Z",
                    "utc_departure": "2024-11-29T20:35:00.000Z",
                    "local_arrival": "2024-11-29T23:10:00.000Z",
                    "utc_arrival": "2024-11-29T22:10:00.000Z",
                    "airline": "W6",
                    "flight_no": 2234,
                    "operating_carrier": "",
                    "operating_flight_no": "",
                    "fare_basis": "",
                    "fare_category": "M",
                    "fare_classes": "",
                    "return": 1,
                    "bags_recheck_required": true,
                    "vi_connection": true,
                    "guarantee": true,
                    "equipment": null,
                    "vehicle_type": "aircraft"
                }
            ],
            "booking_token": "HlHSDqD3EuaGpDVHIXWLrt7cu2pE3zo5E_zOPm4wFxCm9STC5LIXM3Eru1tHasBLHgl9MuR0ik2IEtWr8uu573DKJH2XWF99RDneY664pQzLO11a06F82eEOBAvKH_NTeV5QZBU2d_XoBNSszMQVGCMcopeHApzHRnvOw41_yKp68HCkkKOOmtIiPKDrLg9U6_dD9IVVhr3N9_5Akz5CLdTJDZTxAq1v07wWYMb3Y9jwchZ1oQO2eCEMZrA_HZXRlA1NjmAnMSqY56VDesjktXwOkRO_NbAcseXc68FQnJaTHsPfh1O9WyRah8rZcx3kP0PMbXT2XBaWQ827iTK8iwa8OK8B15n1QgJ1YReeYHPPQOvSBX4Wz18xFCtfm7HLffMsjlKXBomkU5y8aCm0UL0hoX2w67zrhHqaRW2gizRViYu80R193nFAyTGKt8OSvygCe3xwQij6pUnvxcZZN7mKa7btyGtnTdUYN_I9XVjMW4wtwbjFAvx4J5VuUP0SO-vuQHSEEGGp33HG6VvpQNgFcsaI39sZYts5f9kVRjNtrNLrMFm8vwZuioDB2UMmjpN_45l12TQkShhy_l3f9-jqtBLVZpA5LpFn7A_QPsTyEPhONp4xnL_10SOvm15k9X-Dfi7YdonstDaAfCX2489DuecUvna_S4CZjn1p-zv-uIaxA2NOM1k90LpiijwgSAV5crL6jKTFDFOcD8wFny-26XPDFmed5TG1BXYC1B7wdKXgX3ovUirn4xGHt5oSGe18U9JYjtPNXqTcnGMppogsxxfsHZ_BEe-aiyXO3P21fLekhNEG38HISV026Lz37",
            "deep_link": "https://www.kiwi.com/deep?affilid=mihalytest&currency=EUR&flightsId=0b7717884e530000e369c663_0%7C178823334e58000078296212_0%7C23330b774e580000b57ba272_0&from=BUD&lang=en&passengers=1&to=HAM&booking_token=HlHSDqD3EuaGpDVHIXWLrt7cu2pE3zo5E_zOPm4wFxCm9STC5LIXM3Eru1tHasBLHgl9MuR0ik2IEtWr8uu573DKJH2XWF99RDneY664pQzLO11a06F82eEOBAvKH_NTeV5QZBU2d_XoBNSszMQVGCMcopeHApzHRnvOw41_yKp68HCkkKOOmtIiPKDrLg9U6_dD9IVVhr3N9_5Akz5CLdTJDZTxAq1v07wWYMb3Y9jwchZ1oQO2eCEMZrA_HZXRlA1NjmAnMSqY56VDesjktXwOkRO_NbAcseXc68FQnJaTHsPfh1O9WyRah8rZcx3kP0PMbXT2XBaWQ827iTK8iwa8OK8B15n1QgJ1YReeYHPPQOvSBX4Wz18xFCtfm7HLffMsjlKXBomkU5y8aCm0UL0hoX2w67zrhHqaRW2gizRViYu80R193nFAyTGKt8OSvygCe3xwQij6pUnvxcZZN7mKa7btyGtnTdUYN_I9XVjMW4wtwbjFAvx4J5VuUP0SO-vuQHSEEGGp33HG6VvpQNgFcsaI39sZYts5f9kVRjNtrNLrMFm8vwZuioDB2UMmjpN_45l12TQkShhy_l3f9-jqtBLVZpA5LpFn7A_QPsTyEPhONp4xnL_10SOvm15k9X-Dfi7YdonstDaAfCX2489DuecUvna_S4CZjn1p-zv-uIaxA2NOM1k90LpiijwgSAV5crL6jKTFDFOcD8wFny-26XPDFmed5TG1BXYC1B7wdKXgX3ovUirn4xGHt5oSGe18U9JYjtPNXqTcnGMppogsxxfsHZ_BEe-aiyXO3P21fLekhNEG38HISV026Lz37",
            "facilitated_booking_available": false,
            "pnr_count": 3,
            "has_airport_change": false,
            "technical_stops": 0,
            "throw_away_ticketing": false,
            "hidden_city_ticketing": false,
            "virtual_interlining": true
        },
        {
            "id": "0b7717884e2e0000d44ad82b_0|1788065b4e3000007893ac53_0|065b0b774e3000004dd366c5_0",
            "flyFrom": "BUD",
            "flyTo": "HAM",
            "cityFrom": "Budapest",
            "cityCodeFrom": "BUD",
            "cityTo": "Hamburg",
            "cityCodeTo": "HAM",
            "countryFrom": {
                "code": "HU",
                "name": "Hungary"
            },
            "countryTo": {
                "code": "DE",
                "name": "Germany"
            },
            "local_departure": "2024-10-18T20:45:00.000Z",
            "utc_departure": "2024-10-18T18:45:00.000Z",
            "local_arrival": "2024-10-18T22:30:00.000Z",
            "utc_arrival": "2024-10-18T20:30:00.000Z",
            "nightsInDest": 2,
            "quality": 256.333085,
            "distance": 949.98,
            "duration": {
                "departure": 6300,
                "return": 27600,
                "total": 33900
            },
            "price": 157,
            "conversion": {
                "EUR": 157
            },
            "fare": {
                "adults": 157,
                "children": 157,
                "infants": 157
            },
            "fare_locks": {
                "EUR": [
                    {
                        "default": false,
                        "duration": "P1D",
                        "itinerary_price_limit": 357,
                        "itinerary_price_remaining": 157,
                        "fare_lock_kind": "fee",
                        "price": 7.85,
                        "rule_instance_id": 26749,
                        "version": "v1"
                    },
                    {
                        "default": true,
                        "duration": "P3D",
                        "itinerary_price_limit": 357,
                        "itinerary_price_remaining": 157,
                        "fare_lock_kind": "fee",
                        "price": 15.7,
                        "rule_instance_id": 26748,
                        "version": "v1"
                    },
                    {
                        "default": false,
                        "duration": "P7D",
                        "itinerary_price_limit": 357,
                        "itinerary_price_remaining": 157,
                        "fare_lock_kind": "fee",
                        "price": 39.25,
                        "rule_instance_id": 26750,
                        "version": "v1"
                    }
                ]
            },
            "bags_price": {
                "1": 148.82,
                "2": 366.24
            },
            "baglimit": {
                "hand_dimensions_sum": 118,
                "hand_height": 40,
                "hand_length": 55,
                "hand_weight": 8,
                "hand_width": 23,
                "hold_dimensions_sum": 158,
                "hold_height": 52,
                "hold_length": 78,
                "hold_weight": 20,
                "hold_width": 28,
                "personal_item_dimension_sum": 90,
                "personal_item_height": 30,
                "personal_item_length": 40,
                "personal_item_weight": 8,
                "personal_item_width": 20
            },
            "availability": {
                "seats": 3
            },
            "airlines": [
                "W4",
                "W6",
                "EW"
            ],
            "route": [
                {
                    "id": "0b7717884e2e0000d44ad82b_0",
                    "combination_id": "0b7717884e2e0000d44ad82b",
                    "flyFrom": "BUD",
                    "flyTo": "HAM",
                    "cityFrom": "Budapest",
                    "cityCodeFrom": "BUD",
                    "cityTo": "Hamburg",
                    "cityCodeTo": "HAM",
                    "local_departure": "2024-10-18T20:45:00.000Z",
                    "utc_departure": "2024-10-18T18:45:00.000Z",
                    "local_arrival": "2024-10-18T22:30:00.000Z",
                    "utc_arrival": "2024-10-18T20:30:00.000Z",
                    "airline": "EW",
                    "flight_no": 7783,
                    "operating_carrier": "EW",
                    "operating_flight_no": "7783",
                    "fare_basis": "",
                    "fare_category": "M",
                    "fare_classes": "",
                    "return": 0,
                    "bags_recheck_required": false,
                    "vi_connection": false,
                    "guarantee": false,
                    "equipment": null,
                    "vehicle_type": "aircraft"
                },
                {
                    "id": "1788065b4e3000007893ac53_0",
                    "combination_id": "1788065b4e3000007893ac53",
                    "flyFrom": "HAM",
                    "flyTo": "OTP",
                    "cityFrom": "Hamburg",
                    "cityCodeFrom": "HAM",
                    "cityTo": "Bucharest",
                    "cityCodeTo": "BUH",
                    "local_departure": "2024-10-20T09:55:00.000Z",
                    "utc_departure": "2024-10-20T07:55:00.000Z",
                    "local_arrival": "2024-10-20T13:30:00.000Z",
                    "utc_arrival": "2024-10-20T10:30:00.000Z",
                    "airline": "W4",
                    "flight_no": 3096,
                    "operating_carrier": "",
                    "operating_flight_no": "",
                    "fare_basis": "",
                    "fare_category": "M",
                    "fare_classes": "",
                    "return": 1,
                    "bags_recheck_required": false,
                    "vi_connection": false,
                    "guarantee": false,
                    "equipment": null,
                    "vehicle_type": "aircraft"
                },
                {
                    "id": "065b0b774e3000004dd366c5_0",
                    "combination_id": "065b0b774e3000004dd366c5",
                    "flyFrom": "OTP",
                    "flyTo": "BUD",
                    "cityFrom": "Bucharest",
                    "cityCodeFrom": "BUH",
                    "cityTo": "Budapest",
                    "cityCodeTo": "BUD",
                    "local_departure": "2024-10-20T16:50:00.000Z",
                    "utc_departure": "2024-10-20T13:50:00.000Z",
                    "local_arrival": "2024-10-20T17:35:00.000Z",
                    "utc_arrival": "2024-10-20T15:35:00.000Z",
                    "airline": "W6",
                    "flight_no": 3291,
                    "operating_carrier": "",
                    "operating_flight_no": "",
                    "fare_basis": "",
                    "fare_category": "M",
                    "fare_classes": "",
                    "return": 1,
                    "bags_recheck_required": true,
                    "vi_connection": true,
                    "guarantee": true,
                    "equipment": null,
                    "vehicle_type": "aircraft"
                }
            ],
            "booking_token": "H-qSRst2mmUlLn4P_-Ll9gKRMpAqLT-4ZhBpvsRVgWxWyQKdpHAZLneEEkD143ju6vHZfDFd9bBR7nTGalnGqqjNVndZVZPxgj6Elv7YUiNrOOFdpYfejJ0LCFLgEtKiCZd-54lEwPZI6Ei7I33m1rIQvcZiDEALqwuFn0E0cB4l4SjXLDGu6Cm9FE3vXKd6nPUL0di47Hfm5GqRsvsXg29mYjSV3lkEU0vzeATP9vxO9PFJ2mdz7ng5f1MPwyJG3gh8m3oIxGvKMwLZuO5a5l6y9m_Rk229aj7R96Z1HCSun5c3i75XiHxS8kHQWuhj_LvsvkxT_kWietAIyA0celZTam1q_nhaudgvWcgKT0XVnDR45FgX8ZxVTihhonPCZqf6Xi1RVgW1Gjw02nZmyJMhLAk_6Ieubce0UBFBjG8IMyAkyq-cs-JMC7EAKWZZCRd_hQSFoxL2iHtAe0QREFNrwcPxSQ5Ca7vXeoeywr3LraTjhHega6lwXSzS_rdf_7tV_P7WprRRrakjrIwYnyArEQg3iKHBiXiJ9B9KhziAWJnyWEqhAIgalCy1K-BgdYsz4M6zh5D8EIztJlO_1hovba5S7USlu33_4M6vFn2PuVNKN_u-dOc1EFwBybgqi5FMB-EhoH4rJZ4h8SsZ_IKjP1J3j5fhKcOnM62qCkT4BOHD3U6kOsmFYHnvfI0Rih7qd-OLX5bgeoXB_bswk-px8KCVUeGiA8Tp-JA2gauIsKCalQygC7-eX_TEjQSxzOThOg9IcSkTMGQ_gj5iZL9jAMA5bWluLjw6iLRK9Gto=",
            "deep_link": "https://www.kiwi.com/deep?affilid=mihalytest&currency=EUR&flightsId=0b7717884e2e0000d44ad82b_0%7C1788065b4e3000007893ac53_0%7C065b0b774e3000004dd366c5_0&from=BUD&lang=en&passengers=1&to=HAM&booking_token=H-qSRst2mmUlLn4P_-Ll9gKRMpAqLT-4ZhBpvsRVgWxWyQKdpHAZLneEEkD143ju6vHZfDFd9bBR7nTGalnGqqjNVndZVZPxgj6Elv7YUiNrOOFdpYfejJ0LCFLgEtKiCZd-54lEwPZI6Ei7I33m1rIQvcZiDEALqwuFn0E0cB4l4SjXLDGu6Cm9FE3vXKd6nPUL0di47Hfm5GqRsvsXg29mYjSV3lkEU0vzeATP9vxO9PFJ2mdz7ng5f1MPwyJG3gh8m3oIxGvKMwLZuO5a5l6y9m_Rk229aj7R96Z1HCSun5c3i75XiHxS8kHQWuhj_LvsvkxT_kWietAIyA0celZTam1q_nhaudgvWcgKT0XVnDR45FgX8ZxVTihhonPCZqf6Xi1RVgW1Gjw02nZmyJMhLAk_6Ieubce0UBFBjG8IMyAkyq-cs-JMC7EAKWZZCRd_hQSFoxL2iHtAe0QREFNrwcPxSQ5Ca7vXeoeywr3LraTjhHega6lwXSzS_rdf_7tV_P7WprRRrakjrIwYnyArEQg3iKHBiXiJ9B9KhziAWJnyWEqhAIgalCy1K-BgdYsz4M6zh5D8EIztJlO_1hovba5S7USlu33_4M6vFn2PuVNKN_u-dOc1EFwBybgqi5FMB-EhoH4rJZ4h8SsZ_IKjP1J3j5fhKcOnM62qCkT4BOHD3U6kOsmFYHnvfI0Rih7qd-OLX5bgeoXB_bswk-px8KCVUeGiA8Tp-JA2gauIsKCalQygC7-eX_TEjQSxzOThOg9IcSkTMGQ_gj5iZL9jAMA5bWluLjw6iLRK9Gto=",
            "facilitated_booking_available": false,
            "pnr_count": 3,
            "has_airport_change": false,
            "technical_stops": 0,
            "throw_away_ticketing": false,
            "hidden_city_ticketing": false,
            "virtual_interlining": true
        },
        {
            "id": "0b7717884e4500004e1a8654_0|178823334e480000443b870a_0|23330b774e4800008969476a_0",
            "flyFrom": "BUD",
            "flyTo": "HAM",
            "cityFrom": "Budapest",
            "cityCodeFrom": "BUD",
            "cityTo": "Hamburg",
            "cityCodeTo": "HAM",
            "countryFrom": {
                "code": "HU",
                "name": "Hungary"
            },
            "countryTo": {
                "code": "DE",
                "name": "Germany"
            },
            "local_departure": "2024-11-10T15:35:00.000Z",
            "utc_departure": "2024-11-10T14:35:00.000Z",
            "local_arrival": "2024-11-10T17:25:00.000Z",
            "utc_arrival": "2024-11-10T16:25:00.000Z",
            "nightsInDest": 3,
            "quality": 251.999765,
            "distance": 949.98,
            "duration": {
                "departure": 6600,
                "return": 24900,
                "total": 31500
            },
            "price": 158,
            "conversion": {
                "EUR": 158
            },
            "fare": {
                "adults": 158,
                "children": 158,
                "infants": 158
            },
            "fare_locks": {
                "EUR": [
                    {
                        "default": false,
                        "duration": "P1D",
                        "itinerary_price_limit": 358,
                        "itinerary_price_remaining": 158,
                        "fare_lock_kind": "fee",
                        "price": 7.9,
                        "rule_instance_id": 26749,
                        "version": "v1"
                    },
                    {
                        "default": true,
                        "duration": "P3D",
                        "itinerary_price_limit": 358,
                        "itinerary_price_remaining": 158,
                        "fare_lock_kind": "fee",
                        "price": 15.8,
                        "rule_instance_id": 26748,
                        "version": "v1"
                    },
                    {
                        "default": false,
                        "duration": "P7D",
                        "itinerary_price_limit": 358,
                        "itinerary_price_remaining": 158,
                        "fare_lock_kind": "fee",
                        "price": 39.5,
                        "rule_instance_id": 26750,
                        "version": "v1"
                    }
                ]
            },
            "bags_price": {
                "1": 176.568,
                "2": 421.736
            },
            "baglimit": {
                "hand_dimensions_sum": 118,
                "hand_height": 40,
                "hand_length": 55,
                "hand_weight": 8,
                "hand_width": 23,
                "hold_dimensions_sum": 158,
                "hold_height": 52,
                "hold_length": 78,
                "hold_weight": 20,
                "hold_width": 28,
                "personal_item_dimension_sum": 90,
                "personal_item_height": 30,
                "personal_item_length": 40,
                "personal_item_weight": 8,
                "personal_item_width": 20
            },
            "availability": {
                "seats": 9
            },
            "airlines": [
                "EW",
                "W4",
                "W6"
            ],
            "route": [
                {
                    "id": "0b7717884e4500004e1a8654_0",
                    "combination_id": "0b7717884e4500004e1a8654",
                    "flyFrom": "BUD",
                    "flyTo": "HAM",
                    "cityFrom": "Budapest",
                    "cityCodeFrom": "BUD",
                    "cityTo": "Hamburg",
                    "cityCodeTo": "HAM",
                    "local_departure": "2024-11-10T15:35:00.000Z",
                    "utc_departure": "2024-11-10T14:35:00.000Z",
                    "local_arrival": "2024-11-10T17:25:00.000Z",
                    "utc_arrival": "2024-11-10T16:25:00.000Z",
                    "airline": "EW",
                    "flight_no": 7781,
                    "operating_carrier": "EW",
                    "operating_flight_no": "7781",
                    "fare_basis": "",
                    "fare_category": "M",
                    "fare_classes": "",
                    "return": 0,
                    "bags_recheck_required": false,
                    "vi_connection": false,
                    "guarantee": false,
                    "equipment": null,
                    "vehicle_type": "aircraft"
                },
                {
                    "id": "178823334e480000443b870a_0",
                    "combination_id": "178823334e480000443b870a",
                    "flyFrom": "HAM",
                    "flyTo": "TIA",
                    "cityFrom": "Hamburg",
                    "cityCodeFrom": "HAM",
                    "cityTo": "Tirana",
                    "cityCodeTo": "TIA",
                    "local_departure": "2024-11-13T16:15:00.000Z",
                    "utc_departure": "2024-11-13T15:15:00.000Z",
                    "local_arrival": "2024-11-13T18:45:00.000Z",
                    "utc_arrival": "2024-11-13T17:45:00.000Z",
                    "airline": "W4",
                    "flight_no": 5108,
                    "operating_carrier": "",
                    "operating_flight_no": "",
                    "fare_basis": "",
                    "fare_category": "M",
                    "fare_classes": "",
                    "return": 1,
                    "bags_recheck_required": false,
                    "vi_connection": false,
                    "guarantee": false,
                    "equipment": null,
                    "vehicle_type": "aircraft"
                },
                {
                    "id": "23330b774e4800008969476a_0",
                    "combination_id": "23330b774e4800008969476a",
                    "flyFrom": "TIA",
                    "flyTo": "BUD",
                    "cityFrom": "Tirana",
                    "cityCodeFrom": "TIA",
                    "cityTo": "Budapest",
                    "cityCodeTo": "BUD",
                    "local_departure": "2024-11-13T21:35:00.000Z",
                    "utc_departure": "2024-11-13T20:35:00.000Z",
                    "local_arrival": "2024-11-13T23:10:00.000Z",
                    "utc_arrival": "2024-11-13T22:10:00.000Z",
                    "airline": "W6",
                    "flight_no": 2234,
                    "operating_carrier": "",
                    "operating_flight_no": "",
                    "fare_basis": "",
                    "fare_category": "M",
                    "fare_classes": "",
                    "return": 1,
                    "bags_recheck_required": true,
                    "vi_connection": true,
                    "guarantee": true,
                    "equipment": null,
                    "vehicle_type": "aircraft"
                }
            ],
            "booking_token": "HNM2_BLKZm-q9vkfWE03zDybdliahUotXUqQef8-7_BKGsRTBfoM8djbBwQR7JS3jej9e7H4oGogWNFbMdb79b4vHqFrRxctz6juDCuSsOAbBw2irXrZcocxrqrNwd9tYTjN2jOq7LKdl0R9MNVxfzmWWBoHBupbXOqgJcbWWcoq716-oFRHvuYwql67QESg3Jys-dGYM-THyaM8sEz2EuWheh8TsEm7qehTrXCHGgJnq1CRCtpTCMBhXt9JLQT6HxbNWF7Og5CEgk3i1LLhByYmZuJCrPpN015skIsrhPb1WehGp3-595H2rsxHOPb6AUu1mArD6MwPTg7iNUIx2WvwZp4zw71I8i9q03zalxvv2z2p6Nj-HzQ9KhUd58Hi78OCa35011obhcz3J_p--iZFX7--XKkJAkrAcdKYsHmHSoUTHsYNLBD2hBBCd4rm3vhAYsa3Q_dWlAIwbh-ihijkMSUxeTcd7ZsBsELWRAjudf5jUxsXJqTXgNQlojv1-QLbqy-Eqivzbh1o-ujfpIFhyFDf7J2yCyv495mwbWUdrFY4IdrytIKArqGVGP-eOAxdTfr2wnbFBBAv-BBcsy-jduG-ndE0UVq8bylhGTQEDaFBdpYRDcZ6zLGoYQShbB2pHxKudj6wg3s4Lh6vSj_8-eC1Uhb1xxDLltETY084V3fxuMAfXuBCcgw6smMSyM5fC_rCZCJMl8koK7umwMh_4I_5B_ZkzsPqNDHwdofE6MXL6zWsVX9rsnMiZLSppPfnIQX1rkaGaUQJySzTiag==",
            "deep_link": "https://www.kiwi.com/deep?affilid=mihalytest&currency=EUR&flightsId=0b7717884e4500004e1a8654_0%7C178823334e480000443b870a_0%7C23330b774e4800008969476a_0&from=BUD&lang=en&passengers=1&to=HAM&booking_token=HNM2_BLKZm-q9vkfWE03zDybdliahUotXUqQef8-7_BKGsRTBfoM8djbBwQR7JS3jej9e7H4oGogWNFbMdb79b4vHqFrRxctz6juDCuSsOAbBw2irXrZcocxrqrNwd9tYTjN2jOq7LKdl0R9MNVxfzmWWBoHBupbXOqgJcbWWcoq716-oFRHvuYwql67QESg3Jys-dGYM-THyaM8sEz2EuWheh8TsEm7qehTrXCHGgJnq1CRCtpTCMBhXt9JLQT6HxbNWF7Og5CEgk3i1LLhByYmZuJCrPpN015skIsrhPb1WehGp3-595H2rsxHOPb6AUu1mArD6MwPTg7iNUIx2WvwZp4zw71I8i9q03zalxvv2z2p6Nj-HzQ9KhUd58Hi78OCa35011obhcz3J_p--iZFX7--XKkJAkrAcdKYsHmHSoUTHsYNLBD2hBBCd4rm3vhAYsa3Q_dWlAIwbh-ihijkMSUxeTcd7ZsBsELWRAjudf5jUxsXJqTXgNQlojv1-QLbqy-Eqivzbh1o-ujfpIFhyFDf7J2yCyv495mwbWUdrFY4IdrytIKArqGVGP-eOAxdTfr2wnbFBBAv-BBcsy-jduG-ndE0UVq8bylhGTQEDaFBdpYRDcZ6zLGoYQShbB2pHxKudj6wg3s4Lh6vSj_8-eC1Uhb1xxDLltETY084V3fxuMAfXuBCcgw6smMSyM5fC_rCZCJMl8koK7umwMh_4I_5B_ZkzsPqNDHwdofE6MXL6zWsVX9rsnMiZLSppPfnIQX1rkaGaUQJySzTiag==",
            "facilitated_booking_available": false,
            "pnr_count": 3,
            "has_airport_change": false,
            "technical_stops": 0,
            "throw_away_ticketing": false,
            "hidden_city_ticketing": false,
            "virtual_interlining": true
        },
        {
            "id": "0b7717884e5a000085d9f6fe_0|178823334e5d0000b310749b_0|23330b774e5d00007e42b4fb_0",
            "flyFrom": "BUD",
            "flyTo": "HAM",
            "cityFrom": "Budapest",
            "cityCodeFrom": "BUD",
            "cityTo": "Hamburg",
            "cityCodeTo": "HAM",
            "countryFrom": {
                "code": "HU",
                "name": "Hungary"
            },
            "countryTo": {
                "code": "DE",
                "name": "Germany"
            },
            "local_departure": "2024-12-01T15:35:00.000Z",
            "utc_departure": "2024-12-01T14:35:00.000Z",
            "local_arrival": "2024-12-01T17:25:00.000Z",
            "utc_arrival": "2024-12-01T16:25:00.000Z",
            "nightsInDest": 3,
            "quality": 251.999765,
            "distance": 949.98,
            "duration": {
                "departure": 6600,
                "return": 24900,
                "total": 31500
            },
            "price": 158,
            "conversion": {
                "EUR": 158
            },
            "fare": {
                "adults": 158,
                "children": 158,
                "infants": 158
            },
            "fare_locks": {
                "EUR": [
                    {
                        "default": false,
                        "duration": "P1D",
                        "itinerary_price_limit": 358,
                        "itinerary_price_remaining": 158,
                        "fare_lock_kind": "fee",
                        "price": 7.9,
                        "rule_instance_id": 26749,
                        "version": "v1"
                    },
                    {
                        "default": true,
                        "duration": "P3D",
                        "itinerary_price_limit": 358,
                        "itinerary_price_remaining": 158,
                        "fare_lock_kind": "fee",
                        "price": 15.8,
                        "rule_instance_id": 26748,
                        "version": "v1"
                    },
                    {
                        "default": false,
                        "duration": "P7D",
                        "itinerary_price_limit": 358,
                        "itinerary_price_remaining": 158,
                        "fare_lock_kind": "fee",
                        "price": 39.5,
                        "rule_instance_id": 26750,
                        "version": "v1"
                    }
                ]
            },
            "bags_price": {
                "1": 183.274,
                "2": 435.148
            },
            "baglimit": {
                "hand_dimensions_sum": 118,
                "hand_height": 40,
                "hand_length": 55,
                "hand_weight": 8,
                "hand_width": 23,
                "hold_dimensions_sum": 158,
                "hold_height": 52,
                "hold_length": 78,
                "hold_weight": 20,
                "hold_width": 28,
                "personal_item_dimension_sum": 90,
                "personal_item_height": 30,
                "personal_item_length": 40,
                "personal_item_weight": 8,
                "personal_item_width": 20
            },
            "availability": {
                "seats": 9
            },
            "airlines": [
                "EW",
                "W4",
                "W6"
            ],
            "route": [
                {
                    "id": "0b7717884e5a000085d9f6fe_0",
                    "combination_id": "0b7717884e5a000085d9f6fe",
                    "flyFrom": "BUD",
                    "flyTo": "HAM",
                    "cityFrom": "Budapest",
                    "cityCodeFrom": "BUD",
                    "cityTo": "Hamburg",
                    "cityCodeTo": "HAM",
                    "local_departure": "2024-12-01T15:35:00.000Z",
                    "utc_departure": "2024-12-01T14:35:00.000Z",
                    "local_arrival": "2024-12-01T17:25:00.000Z",
                    "utc_arrival": "2024-12-01T16:25:00.000Z",
                    "airline": "EW",
                    "flight_no": 7781,
                    "operating_carrier": "EW",
                    "operating_flight_no": "7781",
                    "fare_basis": "",
                    "fare_category": "M",
                    "fare_classes": "",
                    "return": 0,
                    "bags_recheck_required": false,
                    "vi_connection": false,
                    "guarantee": false,
                    "equipment": null,
                    "vehicle_type": "aircraft"
                },
                {
                    "id": "178823334e5d0000b310749b_0",
                    "combination_id": "178823334e5d0000b310749b",
                    "flyFrom": "HAM",
                    "flyTo": "TIA",
                    "cityFrom": "Hamburg",
                    "cityCodeFrom": "HAM",
                    "cityTo": "Tirana",
                    "cityCodeTo": "TIA",
                    "local_departure": "2024-12-04T16:15:00.000Z",
                    "utc_departure": "2024-12-04T15:15:00.000Z",
                    "local_arrival": "2024-12-04T18:45:00.000Z",
                    "utc_arrival": "2024-12-04T17:45:00.000Z",
                    "airline": "W4",
                    "flight_no": 5108,
                    "operating_carrier": "",
                    "operating_flight_no": "",
                    "fare_basis": "",
                    "fare_category": "M",
                    "fare_classes": "",
                    "return": 1,
                    "bags_recheck_required": false,
                    "vi_connection": false,
                    "guarantee": false,
                    "equipment": null,
                    "vehicle_type": "aircraft"
                },
                {
                    "id": "23330b774e5d00007e42b4fb_0",
                    "combination_id": "23330b774e5d00007e42b4fb",
                    "flyFrom": "TIA",
                    "flyTo": "BUD",
                    "cityFrom": "Tirana",
                    "cityCodeFrom": "TIA",
                    "cityTo": "Budapest",
                    "cityCodeTo": "BUD",
                    "local_departure": "2024-12-04T21:35:00.000Z",
                    "utc_departure": "2024-12-04T20:35:00.000Z",
                    "local_arrival": "2024-12-04T23:10:00.000Z",
                    "utc_arrival": "2024-12-04T22:10:00.000Z",
                    "airline": "W6",
                    "flight_no": 2234,
                    "operating_carrier": "",
                    "operating_flight_no": "",
                    "fare_basis": "",
                    "fare_category": "M",
                    "fare_classes": "",
                    "return": 1,
                    "bags_recheck_required": true,
                    "vi_connection": true,
                    "guarantee": true,
                    "equipment": null,
                    "vehicle_type": "aircraft"
                }
            ],
            "booking_token": "HSBV_yK30saP10QKzQOFhSn_-VYS5KMBW9Rvre02o0LW5MAKUoZp646oFvOqUSw3FjPBsKBSUdqE9JO3ck7SXIorrVpnyfL7SOpdvDogNzsvJ9QENRnbG4Rt56B5PSYG5wfQ48z3FZTgaa-bFKtpEtvy1Mi2_qekhzPTvEnwj_WbfehLKORZWCgs9S50qYeEuZfaIzJMDc9lGH-GbHfcrleforveuk7egoGQekudhGgt9cdl7u-2JWIAXQYG5TMLlVPLqy5B61EXCfacLgCnzqJG-lB2LJQStqbesHI4VARMhddxou9aiKBGaXW06jBZZ7U7O3kroabLCIB-muwL9JBJ2OyX3EZC99VGtJ6AE_QQ_hYeWwlstF6QsYEWybDfemhZir5NQ_YBdr1m0Dfetsrv3MeIVfGIIXenhIvO-WKRGemtIMAByCXSpv_cNMOPqEBhq92j3v9qjYGs9Z0eqjKnsO_R3ijHqEu9oJDMsG39REWkLaUUFi7KBNa1WRAr4OyW_F3J-3-2RcxwvBUUmiAkgV3Wb3JnBpyryNYvE3asZQH-sKZOzYCqingeFjb-7V_8LH_hBhU22pqY-VSKBM-pni33RGie5TK34pT3hw5fZ5jSAploqxEMe9jsw1fZW4WtmAbc1JHWY-Dft2-jdgkSbz7Yq4rjM8hQLJZIOjSm4CNAxTJRFjT1375YGpKAZlpTdipfe3s2DDErNeOqyeaIAutkjPGeaTrlXfeRkmo0hDSoi0WtTp6iEhOFsS82CoqPNnwloO18kVTCyNkwCaQ==",
            "deep_link": "https://www.kiwi.com/deep?affilid=mihalytest&currency=EUR&flightsId=0b7717884e5a000085d9f6fe_0%7C178823334e5d0000b310749b_0%7C23330b774e5d00007e42b4fb_0&from=BUD&lang=en&passengers=1&to=HAM&booking_token=HSBV_yK30saP10QKzQOFhSn_-VYS5KMBW9Rvre02o0LW5MAKUoZp646oFvOqUSw3FjPBsKBSUdqE9JO3ck7SXIorrVpnyfL7SOpdvDogNzsvJ9QENRnbG4Rt56B5PSYG5wfQ48z3FZTgaa-bFKtpEtvy1Mi2_qekhzPTvEnwj_WbfehLKORZWCgs9S50qYeEuZfaIzJMDc9lGH-GbHfcrleforveuk7egoGQekudhGgt9cdl7u-2JWIAXQYG5TMLlVPLqy5B61EXCfacLgCnzqJG-lB2LJQStqbesHI4VARMhddxou9aiKBGaXW06jBZZ7U7O3kroabLCIB-muwL9JBJ2OyX3EZC99VGtJ6AE_QQ_hYeWwlstF6QsYEWybDfemhZir5NQ_YBdr1m0Dfetsrv3MeIVfGIIXenhIvO-WKRGemtIMAByCXSpv_cNMOPqEBhq92j3v9qjYGs9Z0eqjKnsO_R3ijHqEu9oJDMsG39REWkLaUUFi7KBNa1WRAr4OyW_F3J-3-2RcxwvBUUmiAkgV3Wb3JnBpyryNYvE3asZQH-sKZOzYCqingeFjb-7V_8LH_hBhU22pqY-VSKBM-pni33RGie5TK34pT3hw5fZ5jSAploqxEMe9jsw1fZW4WtmAbc1JHWY-Dft2-jdgkSbz7Yq4rjM8hQLJZIOjSm4CNAxTJRFjT1375YGpKAZlpTdipfe3s2DDErNeOqyeaIAutkjPGeaTrlXfeRkmo0hDSoi0WtTp6iEhOFsS82CoqPNnwloO18kVTCyNkwCaQ==",
            "facilitated_booking_available": false,
            "pnr_count": 3,
            "has_airport_change": false,
            "technical_stops": 0,
            "throw_away_ticketing": false,
            "hidden_city_ticketing": false,
            "virtual_interlining": true
        },
        {
            "id": "0b7717884e5b0000615ec17a_0|178823334e5d0000b310749b_0|23330b774e5d00007e42b4fb_0",
            "flyFrom": "BUD",
            "flyTo": "HAM",
            "cityFrom": "Budapest",
            "cityCodeFrom": "BUD",
            "cityTo": "Hamburg",
            "cityCodeTo": "HAM",
            "countryFrom": {
                "code": "HU",
                "name": "Hungary"
            },
            "countryTo": {
                "code": "DE",
                "name": "Germany"
            },
            "local_departure": "2024-12-02T09:15:00.000Z",
            "utc_departure": "2024-12-02T08:15:00.000Z",
            "local_arrival": "2024-12-02T11:05:00.000Z",
            "utc_arrival": "2024-12-02T10:05:00.000Z",
            "nightsInDest": 2,
            "quality": 251.999765,
            "distance": 949.98,
            "duration": {
                "departure": 6600,
                "return": 24900,
                "total": 31500
            },
            "price": 158,
            "conversion": {
                "EUR": 158
            },
            "fare": {
                "adults": 158,
                "children": 158,
                "infants": 158
            },
            "fare_locks": {
                "EUR": [
                    {
                        "default": false,
                        "duration": "P1D",
                        "itinerary_price_limit": 358,
                        "itinerary_price_remaining": 158,
                        "fare_lock_kind": "fee",
                        "price": 7.9,
                        "rule_instance_id": 26749,
                        "version": "v1"
                    },
                    {
                        "default": true,
                        "duration": "P3D",
                        "itinerary_price_limit": 358,
                        "itinerary_price_remaining": 158,
                        "fare_lock_kind": "fee",
                        "price": 15.8,
                        "rule_instance_id": 26748,
                        "version": "v1"
                    },
                    {
                        "default": false,
                        "duration": "P7D",
                        "itinerary_price_limit": 358,
                        "itinerary_price_remaining": 158,
                        "fare_lock_kind": "fee",
                        "price": 39.5,
                        "rule_instance_id": 26750,
                        "version": "v1"
                    }
                ]
            },
            "bags_price": {
                "1": 183.274,
                "2": 435.148
            },
            "baglimit": {
                "hand_dimensions_sum": 118,
                "hand_height": 40,
                "hand_length": 55,
                "hand_weight": 8,
                "hand_width": 23,
                "hold_dimensions_sum": 158,
                "hold_height": 52,
                "hold_length": 78,
                "hold_weight": 20,
                "hold_width": 28,
                "personal_item_dimension_sum": 90,
                "personal_item_height": 30,
                "personal_item_length": 40,
                "personal_item_weight": 8,
                "personal_item_width": 20
            },
            "availability": {
                "seats": 9
            },
            "airlines": [
                "EW",
                "W4",
                "W6"
            ],
            "route": [
                {
                    "id": "0b7717884e5b0000615ec17a_0",
                    "combination_id": "0b7717884e5b0000615ec17a",
                    "flyFrom": "BUD",
                    "flyTo": "HAM",
                    "cityFrom": "Budapest",
                    "cityCodeFrom": "BUD",
                    "cityTo": "Hamburg",
                    "cityCodeTo": "HAM",
                    "local_departure": "2024-12-02T09:15:00.000Z",
                    "utc_departure": "2024-12-02T08:15:00.000Z",
                    "local_arrival": "2024-12-02T11:05:00.000Z",
                    "utc_arrival": "2024-12-02T10:05:00.000Z",
                    "airline": "EW",
                    "flight_no": 7781,
                    "operating_carrier": "EW",
                    "operating_flight_no": "7781",
                    "fare_basis": "",
                    "fare_category": "M",
                    "fare_classes": "",
                    "return": 0,
                    "bags_recheck_required": false,
                    "vi_connection": false,
                    "guarantee": false,
                    "equipment": null,
                    "vehicle_type": "aircraft"
                },
                {
                    "id": "178823334e5d0000b310749b_0",
                    "combination_id": "178823334e5d0000b310749b",
                    "flyFrom": "HAM",
                    "flyTo": "TIA",
                    "cityFrom": "Hamburg",
                    "cityCodeFrom": "HAM",
                    "cityTo": "Tirana",
                    "cityCodeTo": "TIA",
                    "local_departure": "2024-12-04T16:15:00.000Z",
                    "utc_departure": "2024-12-04T15:15:00.000Z",
                    "local_arrival": "2024-12-04T18:45:00.000Z",
                    "utc_arrival": "2024-12-04T17:45:00.000Z",
                    "airline": "W4",
                    "flight_no": 5108,
                    "operating_carrier": "",
                    "operating_flight_no": "",
                    "fare_basis": "",
                    "fare_category": "M",
                    "fare_classes": "",
                    "return": 1,
                    "bags_recheck_required": false,
                    "vi_connection": false,
                    "guarantee": false,
                    "equipment": null,
                    "vehicle_type": "aircraft"
                },
                {
                    "id": "23330b774e5d00007e42b4fb_0",
                    "combination_id": "23330b774e5d00007e42b4fb",
                    "flyFrom": "TIA",
                    "flyTo": "BUD",
                    "cityFrom": "Tirana",
                    "cityCodeFrom": "TIA",
                    "cityTo": "Budapest",
                    "cityCodeTo": "BUD",
                    "local_departure": "2024-12-04T21:35:00.000Z",
                    "utc_departure": "2024-12-04T20:35:00.000Z",
                    "local_arrival": "2024-12-04T23:10:00.000Z",
                    "utc_arrival": "2024-12-04T22:10:00.000Z",
                    "airline": "W6",
                    "flight_no": 2234,
                    "operating_carrier": "",
                    "operating_flight_no": "",
                    "fare_basis": "",
                    "fare_category": "M",
                    "fare_classes": "",
                    "return": 1,
                    "bags_recheck_required": true,
                    "vi_connection": true,
                    "guarantee": true,
                    "equipment": null,
                    "vehicle_type": "aircraft"
                }
            ],
            "booking_token": "HyXcFhAASCI3QdrTr3c5CE0JQUrBykGTRM0ROlcGnWd8j8HDT4aW5aLBALCPiV-AJNPhmtOHGnJwjjVkEijYD8erR5V9Rq5IPnCrM_tq7f1UXXsSEbwOOvl1djfTehJ6UUE6pEQvp6M50hGnP5LNWHQctv792HU1SxfW-YmgYA6gbtxlYR0FfItGVlg1JPrsowpIRjB9PyWFsmmQZGfkLmwNF6Y5YBZZBBqqzgG2Z9AL1qe6XpYYRFZFfXlnWZuFeFrqEaEAxOsdpz3zVbwr2fWTid6MUK87-hvtlfodD0VCxAsXdeUL_DfDlts33rNvnCiGJ8RR3jdKnYZKzpAifMz2LvsGsdyZgAlGzitUCL8-DUAkUfhEAnBmeKaKT7LjNuDNsDiJTkD6UGKbLca7fGdYSvVUUWtoJzsoUJ7Cz9l_nIpTIJiCzohvXUFNdkTFKauqyrGiAEt4DAX6SKv5J9aII83FE72BY5EEfefp2U5NfQUj4mYC4WthMUJ8zLNphIs0NwsSOfxkBxWrnfSQ1gh9PVGrkYUT8vg_axYUUbhnsj_jJclbjWtZmJJcUoYc2t53_3Npuyag09QjbKQhv6ChalnmgIaZubsOFJV07Q8Qxf2iGKof1Ff0KPyK1lOdQiZOo4sT26vs3zAuktnP95KwpfrAbnT9jLhzOFYDCDIuGFAg97qlkwwKrpYsIcKlH7iT3Xc7EmoVHJTTq0OXecaiET2ISX-1G8Z0zokZ9P64Gq1_RQFl_LyS4YWvrF7UM",
            "deep_link": "https://www.kiwi.com/deep?affilid=mihalytest&currency=EUR&flightsId=0b7717884e5b0000615ec17a_0%7C178823334e5d0000b310749b_0%7C23330b774e5d00007e42b4fb_0&from=BUD&lang=en&passengers=1&to=HAM&booking_token=HyXcFhAASCI3QdrTr3c5CE0JQUrBykGTRM0ROlcGnWd8j8HDT4aW5aLBALCPiV-AJNPhmtOHGnJwjjVkEijYD8erR5V9Rq5IPnCrM_tq7f1UXXsSEbwOOvl1djfTehJ6UUE6pEQvp6M50hGnP5LNWHQctv792HU1SxfW-YmgYA6gbtxlYR0FfItGVlg1JPrsowpIRjB9PyWFsmmQZGfkLmwNF6Y5YBZZBBqqzgG2Z9AL1qe6XpYYRFZFfXlnWZuFeFrqEaEAxOsdpz3zVbwr2fWTid6MUK87-hvtlfodD0VCxAsXdeUL_DfDlts33rNvnCiGJ8RR3jdKnYZKzpAifMz2LvsGsdyZgAlGzitUCL8-DUAkUfhEAnBmeKaKT7LjNuDNsDiJTkD6UGKbLca7fGdYSvVUUWtoJzsoUJ7Cz9l_nIpTIJiCzohvXUFNdkTFKauqyrGiAEt4DAX6SKv5J9aII83FE72BY5EEfefp2U5NfQUj4mYC4WthMUJ8zLNphIs0NwsSOfxkBxWrnfSQ1gh9PVGrkYUT8vg_axYUUbhnsj_jJclbjWtZmJJcUoYc2t53_3Npuyag09QjbKQhv6ChalnmgIaZubsOFJV07Q8Qxf2iGKof1Ff0KPyK1lOdQiZOo4sT26vs3zAuktnP95KwpfrAbnT9jLhzOFYDCDIuGFAg97qlkwwKrpYsIcKlH7iT3Xc7EmoVHJTTq0OXecaiET2ISX-1G8Z0zokZ9P64Gq1_RQFl_LyS4YWvrF7UM",
            "facilitated_booking_available": false,
            "pnr_count": 3,
            "has_airport_change": false,
            "technical_stops": 0,
            "throw_away_ticketing": false,
            "hidden_city_ticketing": false,
            "virtual_interlining": true
        },
        {
            "id": "0b7717884e5b0000615ec17a_0|178823334e5b0000d3f1975d_0|23330b774e5b00001ea3573d_0",
            "flyFrom": "BUD",
            "flyTo": "HAM",
            "cityFrom": "Budapest",
            "cityCodeFrom": "BUD",
            "cityTo": "Hamburg",
            "cityCodeTo": "HAM",
            "countryFrom": {
                "code": "HU",
                "name": "Hungary"
            },
            "countryTo": {
                "code": "DE",
                "name": "Germany"
            },
            "local_departure": "2024-12-02T09:15:00.000Z",
            "utc_departure": "2024-12-02T08:15:00.000Z",
            "local_arrival": "2024-12-02T11:05:00.000Z",
            "utc_arrival": "2024-12-02T10:05:00.000Z",
            "nightsInDest": 0,
            "quality": 251.999765,
            "distance": 949.98,
            "duration": {
                "departure": 6600,
                "return": 24900,
                "total": 31500
            },
            "price": 158,
            "conversion": {
                "EUR": 158
            },
            "fare": {
                "adults": 158,
                "children": 158,
                "infants": 158
            },
            "fare_locks": {
                "EUR": [
                    {
                        "default": false,
                        "duration": "P1D",
                        "itinerary_price_limit": 358,
                        "itinerary_price_remaining": 158,
                        "fare_lock_kind": "fee",
                        "price": 7.9,
                        "rule_instance_id": 26749,
                        "version": "v1"
                    },
                    {
                        "default": true,
                        "duration": "P3D",
                        "itinerary_price_limit": 358,
                        "itinerary_price_remaining": 158,
                        "fare_lock_kind": "fee",
                        "price": 15.8,
                        "rule_instance_id": 26748,
                        "version": "v1"
                    },
                    {
                        "default": false,
                        "duration": "P7D",
                        "itinerary_price_limit": 358,
                        "itinerary_price_remaining": 158,
                        "fare_lock_kind": "fee",
                        "price": 39.5,
                        "rule_instance_id": 26750,
                        "version": "v1"
                    }
                ]
            },
            "bags_price": {
                "1": 183.274,
                "2": 435.148
            },
            "baglimit": {
                "hand_dimensions_sum": 118,
                "hand_height": 40,
                "hand_length": 55,
                "hand_weight": 8,
                "hand_width": 23,
                "hold_dimensions_sum": 158,
                "hold_height": 52,
                "hold_length": 78,
                "hold_weight": 20,
                "hold_width": 28,
                "personal_item_dimension_sum": 90,
                "personal_item_height": 30,
                "personal_item_length": 40,
                "personal_item_weight": 8,
                "personal_item_width": 20
            },
            "availability": {
                "seats": 7
            },
            "airlines": [
                "EW",
                "W4",
                "W6"
            ],
            "route": [
                {
                    "id": "0b7717884e5b0000615ec17a_0",
                    "combination_id": "0b7717884e5b0000615ec17a",
                    "flyFrom": "BUD",
                    "flyTo": "HAM",
                    "cityFrom": "Budapest",
                    "cityCodeFrom": "BUD",
                    "cityTo": "Hamburg",
                    "cityCodeTo": "HAM",
                    "local_departure": "2024-12-02T09:15:00.000Z",
                    "utc_departure": "2024-12-02T08:15:00.000Z",
                    "local_arrival": "2024-12-02T11:05:00.000Z",
                    "utc_arrival": "2024-12-02T10:05:00.000Z",
                    "airline": "EW",
                    "flight_no": 7781,
                    "operating_carrier": "EW",
                    "operating_flight_no": "7781",
                    "fare_basis": "",
                    "fare_category": "M",
                    "fare_classes": "",
                    "return": 0,
                    "bags_recheck_required": false,
                    "vi_connection": false,
                    "guarantee": false,
                    "equipment": null,
                    "vehicle_type": "aircraft"
                },
                {
                    "id": "178823334e5b0000d3f1975d_0",
                    "combination_id": "178823334e5b0000d3f1975d",
                    "flyFrom": "HAM",
                    "flyTo": "TIA",
                    "cityFrom": "Hamburg",
                    "cityCodeFrom": "HAM",
                    "cityTo": "Tirana",
                    "cityCodeTo": "TIA",
                    "local_departure": "2024-12-02T16:15:00.000Z",
                    "utc_departure": "2024-12-02T15:15:00.000Z",
                    "local_arrival": "2024-12-02T18:45:00.000Z",
                    "utc_arrival": "2024-12-02T17:45:00.000Z",
                    "airline": "W4",
                    "flight_no": 5108,
                    "operating_carrier": "",
                    "operating_flight_no": "",
                    "fare_basis": "",
                    "fare_category": "M",
                    "fare_classes": "",
                    "return": 1,
                    "bags_recheck_required": false,
                    "vi_connection": false,
                    "guarantee": false,
                    "equipment": null,
                    "vehicle_type": "aircraft"
                },
                {
                    "id": "23330b774e5b00001ea3573d_0",
                    "combination_id": "23330b774e5b00001ea3573d",
                    "flyFrom": "TIA",
                    "flyTo": "BUD",
                    "cityFrom": "Tirana",
                    "cityCodeFrom": "TIA",
                    "cityTo": "Budapest",
                    "cityCodeTo": "BUD",
                    "local_departure": "2024-12-02T21:35:00.000Z",
                    "utc_departure": "2024-12-02T20:35:00.000Z",
                    "local_arrival": "2024-12-02T23:10:00.000Z",
                    "utc_arrival": "2024-12-02T22:10:00.000Z",
                    "airline": "W6",
                    "flight_no": 2234,
                    "operating_carrier": "",
                    "operating_flight_no": "",
                    "fare_basis": "",
                    "fare_category": "M",
                    "fare_classes": "",
                    "return": 1,
                    "bags_recheck_required": true,
                    "vi_connection": true,
                    "guarantee": true,
                    "equipment": null,
                    "vehicle_type": "aircraft"
                }
            ],
            "booking_token": "HIf-Xj9U7vYp-HW_-JKhieNTRuPHQtowimss8nfzbyTxQfw2ekTEOEaKxzRLBj2TIVrTjx72UZU3HwLKsbW05gkswwOSCd1ODz7EIzOc3zKvTdZTSr09HidKeHmxrO330vYwgI6Gq_i8BbCyC5o_umf63YOmkIFUVWoRiOstHkbhaE8LOFJkIcxBDQUNjzvqv2C4vNVyVH_7jXV2lZYW_ycnyQUMDoha2KUm3r76Yi13DlpEKhMjOADPLuaDbP5CilJZlCvFYBx8LEC8veUvidyV52hzFXhl3ChiP8tuLDFq6MZJ5GJySVCIasrnmJu_D08oBXeUQNBfwf9raeyn3NxOm9UIcE4WAbhO4Ic_4a43dBA7YGHwpbQ1e1qiYQzSn0wAe-FHn2dmIx9Dw5Js5zUkRoOV9anNtbkxyqbyzy3FOgIwCFqqvYwVRqmTdS-Ob4uUxUMw0Iefde3qQQ_Y1Mu_aRzFo7pM1KnUIUBCOnAj_ebzW81yv-Fkor-0PvDKMnUIy7VeP0XcxfY2IIy63R9rVq-CutF-ThQho6FQjghhKv3MEgsCea7DBnjHSVHuZirBg-a4eel-N6KLhoIYc_vu9NPWH0-9jJjW_J6yr9R_ABwLiLXjhuy5oA0fsxHnzvYSDRfYXFzkB2FnfmPgppyOOo6YPzI3DTubTxK0u61chhZop5AXt2PiCLfRzPqueFDg9PYKKZ6zUwQj4Hp5Q3FOJzH9fw8eYnXaLRQOJX2qJkpaAZ8Jv_BR8w8r8ZlPyhtZbyuVBsxm6_eFVrJ2qEw==",
            "deep_link": "https://www.kiwi.com/deep?affilid=mihalytest&currency=EUR&flightsId=0b7717884e5b0000615ec17a_0%7C178823334e5b0000d3f1975d_0%7C23330b774e5b00001ea3573d_0&from=BUD&lang=en&passengers=1&to=HAM&booking_token=HIf-Xj9U7vYp-HW_-JKhieNTRuPHQtowimss8nfzbyTxQfw2ekTEOEaKxzRLBj2TIVrTjx72UZU3HwLKsbW05gkswwOSCd1ODz7EIzOc3zKvTdZTSr09HidKeHmxrO330vYwgI6Gq_i8BbCyC5o_umf63YOmkIFUVWoRiOstHkbhaE8LOFJkIcxBDQUNjzvqv2C4vNVyVH_7jXV2lZYW_ycnyQUMDoha2KUm3r76Yi13DlpEKhMjOADPLuaDbP5CilJZlCvFYBx8LEC8veUvidyV52hzFXhl3ChiP8tuLDFq6MZJ5GJySVCIasrnmJu_D08oBXeUQNBfwf9raeyn3NxOm9UIcE4WAbhO4Ic_4a43dBA7YGHwpbQ1e1qiYQzSn0wAe-FHn2dmIx9Dw5Js5zUkRoOV9anNtbkxyqbyzy3FOgIwCFqqvYwVRqmTdS-Ob4uUxUMw0Iefde3qQQ_Y1Mu_aRzFo7pM1KnUIUBCOnAj_ebzW81yv-Fkor-0PvDKMnUIy7VeP0XcxfY2IIy63R9rVq-CutF-ThQho6FQjghhKv3MEgsCea7DBnjHSVHuZirBg-a4eel-N6KLhoIYc_vu9NPWH0-9jJjW_J6yr9R_ABwLiLXjhuy5oA0fsxHnzvYSDRfYXFzkB2FnfmPgppyOOo6YPzI3DTubTxK0u61chhZop5AXt2PiCLfRzPqueFDg9PYKKZ6zUwQj4Hp5Q3FOJzH9fw8eYnXaLRQOJX2qJkpaAZ8Jv_BR8w8r8ZlPyhtZbyuVBsxm6_eFVrJ2qEw==",
            "facilitated_booking_available": false,
            "pnr_count": 3,
            "has_airport_change": false,
            "technical_stops": 0,
            "throw_away_ticketing": false,
            "hidden_city_ticketing": false,
            "virtual_interlining": true
        },
        {
            "id": "0b7717884e5a000085d9f6fe_0|178823334e5b0000d3f1975d_0|23330b774e5b00001ea3573d_0",
            "flyFrom": "BUD",
            "flyTo": "HAM",
            "cityFrom": "Budapest",
            "cityCodeFrom": "BUD",
            "cityTo": "Hamburg",
            "cityCodeTo": "HAM",
            "countryFrom": {
                "code": "HU",
                "name": "Hungary"
            },
            "countryTo": {
                "code": "DE",
                "name": "Germany"
            },
            "local_departure": "2024-12-01T15:35:00.000Z",
            "utc_departure": "2024-12-01T14:35:00.000Z",
            "local_arrival": "2024-12-01T17:25:00.000Z",
            "utc_arrival": "2024-12-01T16:25:00.000Z",
            "nightsInDest": 1,
            "quality": 251.999765,
            "distance": 949.98,
            "duration": {
                "departure": 6600,
                "return": 24900,
                "total": 31500
            },
            "price": 158,
            "conversion": {
                "EUR": 158
            },
            "fare": {
                "adults": 158,
                "children": 158,
                "infants": 158
            },
            "fare_locks": {
                "EUR": [
                    {
                        "default": false,
                        "duration": "P1D",
                        "itinerary_price_limit": 358,
                        "itinerary_price_remaining": 158,
                        "fare_lock_kind": "fee",
                        "price": 7.9,
                        "rule_instance_id": 26749,
                        "version": "v1"
                    },
                    {
                        "default": true,
                        "duration": "P3D",
                        "itinerary_price_limit": 358,
                        "itinerary_price_remaining": 158,
                        "fare_lock_kind": "fee",
                        "price": 15.8,
                        "rule_instance_id": 26748,
                        "version": "v1"
                    },
                    {
                        "default": false,
                        "duration": "P7D",
                        "itinerary_price_limit": 358,
                        "itinerary_price_remaining": 158,
                        "fare_lock_kind": "fee",
                        "price": 39.5,
                        "rule_instance_id": 26750,
                        "version": "v1"
                    }
                ]
            },
            "bags_price": {
                "1": 183.274,
                "2": 435.148
            },
            "baglimit": {
                "hand_dimensions_sum": 118,
                "hand_height": 40,
                "hand_length": 55,
                "hand_weight": 8,
                "hand_width": 23,
                "hold_dimensions_sum": 158,
                "hold_height": 52,
                "hold_length": 78,
                "hold_weight": 20,
                "hold_width": 28,
                "personal_item_dimension_sum": 90,
                "personal_item_height": 30,
                "personal_item_length": 40,
                "personal_item_weight": 8,
                "personal_item_width": 20
            },
            "availability": {
                "seats": 7
            },
            "airlines": [
                "EW",
                "W4",
                "W6"
            ],
            "route": [
                {
                    "id": "0b7717884e5a000085d9f6fe_0",
                    "combination_id": "0b7717884e5a000085d9f6fe",
                    "flyFrom": "BUD",
                    "flyTo": "HAM",
                    "cityFrom": "Budapest",
                    "cityCodeFrom": "BUD",
                    "cityTo": "Hamburg",
                    "cityCodeTo": "HAM",
                    "local_departure": "2024-12-01T15:35:00.000Z",
                    "utc_departure": "2024-12-01T14:35:00.000Z",
                    "local_arrival": "2024-12-01T17:25:00.000Z",
                    "utc_arrival": "2024-12-01T16:25:00.000Z",
                    "airline": "EW",
                    "flight_no": 7781,
                    "operating_carrier": "EW",
                    "operating_flight_no": "7781",
                    "fare_basis": "",
                    "fare_category": "M",
                    "fare_classes": "",
                    "return": 0,
                    "bags_recheck_required": false,
                    "vi_connection": false,
                    "guarantee": false,
                    "equipment": null,
                    "vehicle_type": "aircraft"
                },
                {
                    "id": "178823334e5b0000d3f1975d_0",
                    "combination_id": "178823334e5b0000d3f1975d",
                    "flyFrom": "HAM",
                    "flyTo": "TIA",
                    "cityFrom": "Hamburg",
                    "cityCodeFrom": "HAM",
                    "cityTo": "Tirana",
                    "cityCodeTo": "TIA",
                    "local_departure": "2024-12-02T16:15:00.000Z",
                    "utc_departure": "2024-12-02T15:15:00.000Z",
                    "local_arrival": "2024-12-02T18:45:00.000Z",
                    "utc_arrival": "2024-12-02T17:45:00.000Z",
                    "airline": "W4",
                    "flight_no": 5108,
                    "operating_carrier": "",
                    "operating_flight_no": "",
                    "fare_basis": "",
                    "fare_category": "M",
                    "fare_classes": "",
                    "return": 1,
                    "bags_recheck_required": false,
                    "vi_connection": false,
                    "guarantee": false,
                    "equipment": null,
                    "vehicle_type": "aircraft"
                },
                {
                    "id": "23330b774e5b00001ea3573d_0",
                    "combination_id": "23330b774e5b00001ea3573d",
                    "flyFrom": "TIA",
                    "flyTo": "BUD",
                    "cityFrom": "Tirana",
                    "cityCodeFrom": "TIA",
                    "cityTo": "Budapest",
                    "cityCodeTo": "BUD",
                    "local_departure": "2024-12-02T21:35:00.000Z",
                    "utc_departure": "2024-12-02T20:35:00.000Z",
                    "local_arrival": "2024-12-02T23:10:00.000Z",
                    "utc_arrival": "2024-12-02T22:10:00.000Z",
                    "airline": "W6",
                    "flight_no": 2234,
                    "operating_carrier": "",
                    "operating_flight_no": "",
                    "fare_basis": "",
                    "fare_category": "M",
                    "fare_classes": "",
                    "return": 1,
                    "bags_recheck_required": true,
                    "vi_connection": true,
                    "guarantee": true,
                    "equipment": null,
                    "vehicle_type": "aircraft"
                }
            ],
            "booking_token": "HjWGsEKqdMYw3sp8Vw0_tZvPEcmdF0pwacGwv0dIm4ysbVodkGF6lEjkjgnrpsvmhELYxaFmilGBOPX_qneXNM7ni-bKEdOuvPHil_P8SiwGF4uJQOjDw3VAHNPlppO38QBTAn_5UtVlp2nzgCvK9VKaA2xuTIuQoTBNxY409ce-CMhH7o_PgEqdNTav-LTylrJlJAeEpDoaLGtxpAnkHcAaRCEWgZds7Kzw3Nwwa8NMAPFRvrqF3ErbJABoTqLiqWxVdbOJnTsLYnDYkfFuv10R3S_nmxzE674INyHVJYK4_wJSdWv56ndv4BJrN_4F7p9BTO2IY6SYRwBbJJdck4OiypUNW9VG8ZIpsWYRzu26ku2dLEmJU3Ij-7hepNTz82h63RTyadXDB_bKOHyWP0C-ArQNjjjycVDnQqHXkQgbz9LxFTGY97nfrgzaCVeV6Qgf4snxldtICR_s5UItZYX7NGkbjA14yHkqIq_IdEll-UUi3vXnILSdlNjRs69sd95ezrxprKvCZqRPBHQhkLNbkVAsGk5FqDdaxZgZSnAx3117M888NGp4HeJxFRJ4HYFFSRaPanpCnnk9j6qiI_mPEUn06rejDZtG2RGQRDcT0FM_oKdw1ZwjtMPnUc_ISSG8zoh8Mg9CzhiQpIeu2TagO3M9ZA1KmThPS5dI2LGtmJY9UP8-e58BQXzQjNQkjUOOV4NYVRaKFkwj7y_vKlEFvCeYpS0yPV0BbPwbsh4WceCR0rn6TMweINSIHHFHr9Yavzcp_daWrTifbTt3SNw==",
            "deep_link": "https://www.kiwi.com/deep?affilid=mihalytest&currency=EUR&flightsId=0b7717884e5a000085d9f6fe_0%7C178823334e5b0000d3f1975d_0%7C23330b774e5b00001ea3573d_0&from=BUD&lang=en&passengers=1&to=HAM&booking_token=HjWGsEKqdMYw3sp8Vw0_tZvPEcmdF0pwacGwv0dIm4ysbVodkGF6lEjkjgnrpsvmhELYxaFmilGBOPX_qneXNM7ni-bKEdOuvPHil_P8SiwGF4uJQOjDw3VAHNPlppO38QBTAn_5UtVlp2nzgCvK9VKaA2xuTIuQoTBNxY409ce-CMhH7o_PgEqdNTav-LTylrJlJAeEpDoaLGtxpAnkHcAaRCEWgZds7Kzw3Nwwa8NMAPFRvrqF3ErbJABoTqLiqWxVdbOJnTsLYnDYkfFuv10R3S_nmxzE674INyHVJYK4_wJSdWv56ndv4BJrN_4F7p9BTO2IY6SYRwBbJJdck4OiypUNW9VG8ZIpsWYRzu26ku2dLEmJU3Ij-7hepNTz82h63RTyadXDB_bKOHyWP0C-ArQNjjjycVDnQqHXkQgbz9LxFTGY97nfrgzaCVeV6Qgf4snxldtICR_s5UItZYX7NGkbjA14yHkqIq_IdEll-UUi3vXnILSdlNjRs69sd95ezrxprKvCZqRPBHQhkLNbkVAsGk5FqDdaxZgZSnAx3117M888NGp4HeJxFRJ4HYFFSRaPanpCnnk9j6qiI_mPEUn06rejDZtG2RGQRDcT0FM_oKdw1ZwjtMPnUc_ISSG8zoh8Mg9CzhiQpIeu2TagO3M9ZA1KmThPS5dI2LGtmJY9UP8-e58BQXzQjNQkjUOOV4NYVRaKFkwj7y_vKlEFvCeYpS0yPV0BbPwbsh4WceCR0rn6TMweINSIHHFHr9Yavzcp_daWrTifbTt3SNw==",
            "facilitated_booking_available": false,
            "pnr_count": 3,
            "has_airport_change": false,
            "technical_stops": 0,
            "throw_away_ticketing": false,
            "hidden_city_ticketing": false,
            "virtual_interlining": true
        },
        {
            "id": "0b7717884e540000153fa9ea_0|178823334e5b0000d3f1975d_0|23330b774e5b00001ea3573d_0",
            "flyFrom": "BUD",
            "flyTo": "HAM",
            "cityFrom": "Budapest",
            "cityCodeFrom": "BUD",
            "cityTo": "Hamburg",
            "cityCodeTo": "HAM",
            "countryFrom": {
                "code": "HU",
                "name": "Hungary"
            },
            "countryTo": {
                "code": "DE",
                "name": "Germany"
            },
            "local_departure": "2024-11-25T09:15:00.000Z",
            "utc_departure": "2024-11-25T08:15:00.000Z",
            "local_arrival": "2024-11-25T11:05:00.000Z",
            "utc_arrival": "2024-11-25T10:05:00.000Z",
            "nightsInDest": 7,
            "quality": 251.999765,
            "distance": 949.98,
            "duration": {
                "departure": 6600,
                "return": 24900,
                "total": 31500
            },
            "price": 158,
            "conversion": {
                "EUR": 158
            },
            "fare": {
                "adults": 158,
                "children": 158,
                "infants": 158
            },
            "fare_locks": {
                "EUR": [
                    {
                        "default": false,
                        "duration": "P1D",
                        "itinerary_price_limit": 358,
                        "itinerary_price_remaining": 158,
                        "fare_lock_kind": "fee",
                        "price": 7.9,
                        "rule_instance_id": 26749,
                        "version": "v1"
                    },
                    {
                        "default": true,
                        "duration": "P3D",
                        "itinerary_price_limit": 358,
                        "itinerary_price_remaining": 158,
                        "fare_lock_kind": "fee",
                        "price": 15.8,
                        "rule_instance_id": 26748,
                        "version": "v1"
                    },
                    {
                        "default": false,
                        "duration": "P7D",
                        "itinerary_price_limit": 358,
                        "itinerary_price_remaining": 158,
                        "fare_lock_kind": "fee",
                        "price": 39.5,
                        "rule_instance_id": 26750,
                        "version": "v1"
                    }
                ]
            },
            "bags_price": {
                "1": 183.274,
                "2": 435.148
            },
            "baglimit": {
                "hand_dimensions_sum": 118,
                "hand_height": 40,
                "hand_length": 55,
                "hand_weight": 8,
                "hand_width": 23,
                "hold_dimensions_sum": 158,
                "hold_height": 52,
                "hold_length": 78,
                "hold_weight": 20,
                "hold_width": 28,
                "personal_item_dimension_sum": 90,
                "personal_item_height": 30,
                "personal_item_length": 40,
                "personal_item_weight": 8,
                "personal_item_width": 20
            },
            "availability": {
                "seats": 7
            },
            "airlines": [
                "EW",
                "W4",
                "W6"
            ],
            "route": [
                {
                    "id": "0b7717884e540000153fa9ea_0",
                    "combination_id": "0b7717884e540000153fa9ea",
                    "flyFrom": "BUD",
                    "flyTo": "HAM",
                    "cityFrom": "Budapest",
                    "cityCodeFrom": "BUD",
                    "cityTo": "Hamburg",
                    "cityCodeTo": "HAM",
                    "local_departure": "2024-11-25T09:15:00.000Z",
                    "utc_departure": "2024-11-25T08:15:00.000Z",
                    "local_arrival": "2024-11-25T11:05:00.000Z",
                    "utc_arrival": "2024-11-25T10:05:00.000Z",
                    "airline": "EW",
                    "flight_no": 7781,
                    "operating_carrier": "EW",
                    "operating_flight_no": "7781",
                    "fare_basis": "",
                    "fare_category": "M",
                    "fare_classes": "",
                    "return": 0,
                    "bags_recheck_required": false,
                    "vi_connection": false,
                    "guarantee": false,
                    "equipment": null,
                    "vehicle_type": "aircraft"
                },
                {
                    "id": "178823334e5b0000d3f1975d_0",
                    "combination_id": "178823334e5b0000d3f1975d",
                    "flyFrom": "HAM",
                    "flyTo": "TIA",
                    "cityFrom": "Hamburg",
                    "cityCodeFrom": "HAM",
                    "cityTo": "Tirana",
                    "cityCodeTo": "TIA",
                    "local_departure": "2024-12-02T16:15:00.000Z",
                    "utc_departure": "2024-12-02T15:15:00.000Z",
                    "local_arrival": "2024-12-02T18:45:00.000Z",
                    "utc_arrival": "2024-12-02T17:45:00.000Z",
                    "airline": "W4",
                    "flight_no": 5108,
                    "operating_carrier": "",
                    "operating_flight_no": "",
                    "fare_basis": "",
                    "fare_category": "M",
                    "fare_classes": "",
                    "return": 1,
                    "bags_recheck_required": false,
                    "vi_connection": false,
                    "guarantee": false,
                    "equipment": null,
                    "vehicle_type": "aircraft"
                },
                {
                    "id": "23330b774e5b00001ea3573d_0",
                    "combination_id": "23330b774e5b00001ea3573d",
                    "flyFrom": "TIA",
                    "flyTo": "BUD",
                    "cityFrom": "Tirana",
                    "cityCodeFrom": "TIA",
                    "cityTo": "Budapest",
                    "cityCodeTo": "BUD",
                    "local_departure": "2024-12-02T21:35:00.000Z",
                    "utc_departure": "2024-12-02T20:35:00.000Z",
                    "local_arrival": "2024-12-02T23:10:00.000Z",
                    "utc_arrival": "2024-12-02T22:10:00.000Z",
                    "airline": "W6",
                    "flight_no": 2234,
                    "operating_carrier": "",
                    "operating_flight_no": "",
                    "fare_basis": "",
                    "fare_category": "M",
                    "fare_classes": "",
                    "return": 1,
                    "bags_recheck_required": true,
                    "vi_connection": true,
                    "guarantee": true,
                    "equipment": null,
                    "vehicle_type": "aircraft"
                }
            ],
            "booking_token": "H5p6UidE4vBYTFqa68Bf04GUW6SJSvn0O8_GwyAixqt4r-cO3QmbclkuyVVA6suHsObKPNCeWgAWKK6nea8FjLCXvVLmpSdlRikvLJNvZUErVFN8WTClKg5E0Y2veHYtNUi78mJ556SSiopIPdQyC-iyaPlIFYtvXPt36L94_y_-OOUcuzG9dA-xc80h5Z-e41LIZzAxP5r9lB39VZEH8RPBbk_thIAlb8_XIIzcJC0Dd7dezecouiBTK20SHWe7gAidg84mxqrNyoZuGy8Y7j7dq7z_rQpVkDQ1moDD44ncIt7wxaxFAdwRZQ-mN471dmYrOj_71-VWrOTa_R4q7-O8y3GpyRYqdfjm-EG-IAPgDGzL0Mmes4T8812y4X0dBHEQpJ2jofj0oO3QLTKYDmkObfeKXk6flFTg36lQo0thrPDlUL5j0BPnT8jt_KkxcaL6fx0ZBwkqlX7PAXdH9buTtC9ozDFqN2KJWUiEdmr_3QVnyzxZNHkK-Ph_qEXhqQaKY8TsSQ3w1zLFrLjfxb-awKdg1-QQsE544K_wswaePTqKznzGXEPJoN1F1mmE6OBtb57xebO_eip8tEyKLrqu7rOj21-5paMwgkE22GHlPI31GYG3M5iB7kY3PSM-JGUeybWV6PQC4ZsE2yLzeEuEIhurfK7HizV9RTn2zsbw_yche8O6uzZQpRUJJH4OAhRkOzBdWPx68eAhRq-ir4Ef7T2ZJYcCIhULZV39cKjH1ksy9m6nI3tI169i6Dsh2bt_NtDCDJC0yG7Vpbj7jPQ==",
            "deep_link": "https://www.kiwi.com/deep?affilid=mihalytest&currency=EUR&flightsId=0b7717884e540000153fa9ea_0%7C178823334e5b0000d3f1975d_0%7C23330b774e5b00001ea3573d_0&from=BUD&lang=en&passengers=1&to=HAM&booking_token=H5p6UidE4vBYTFqa68Bf04GUW6SJSvn0O8_GwyAixqt4r-cO3QmbclkuyVVA6suHsObKPNCeWgAWKK6nea8FjLCXvVLmpSdlRikvLJNvZUErVFN8WTClKg5E0Y2veHYtNUi78mJ556SSiopIPdQyC-iyaPlIFYtvXPt36L94_y_-OOUcuzG9dA-xc80h5Z-e41LIZzAxP5r9lB39VZEH8RPBbk_thIAlb8_XIIzcJC0Dd7dezecouiBTK20SHWe7gAidg84mxqrNyoZuGy8Y7j7dq7z_rQpVkDQ1moDD44ncIt7wxaxFAdwRZQ-mN471dmYrOj_71-VWrOTa_R4q7-O8y3GpyRYqdfjm-EG-IAPgDGzL0Mmes4T8812y4X0dBHEQpJ2jofj0oO3QLTKYDmkObfeKXk6flFTg36lQo0thrPDlUL5j0BPnT8jt_KkxcaL6fx0ZBwkqlX7PAXdH9buTtC9ozDFqN2KJWUiEdmr_3QVnyzxZNHkK-Ph_qEXhqQaKY8TsSQ3w1zLFrLjfxb-awKdg1-QQsE544K_wswaePTqKznzGXEPJoN1F1mmE6OBtb57xebO_eip8tEyKLrqu7rOj21-5paMwgkE22GHlPI31GYG3M5iB7kY3PSM-JGUeybWV6PQC4ZsE2yLzeEuEIhurfK7HizV9RTn2zsbw_yche8O6uzZQpRUJJH4OAhRkOzBdWPx68eAhRq-ir4Ef7T2ZJYcCIhULZV39cKjH1ksy9m6nI3tI169i6Dsh2bt_NtDCDJC0yG7Vpbj7jPQ==",
            "facilitated_booking_available": false,
            "pnr_count": 3,
            "has_airport_change": false,
            "technical_stops": 0,
            "throw_away_ticketing": false,
            "hidden_city_ticketing": false,
            "virtual_interlining": true
        },
        {
            "id": "0b770f0c4e020000d0cbad1d_0|0f0c17884e0200005981f1aa_0|17880b774e030000a956be9e_0",
            "flyFrom": "BUD",
            "flyTo": "HAM",
            "cityFrom": "Budapest",
            "cityCodeFrom": "BUD",
            "cityTo": "Hamburg",
            "cityCodeTo": "HAM",
            "countryFrom": {
                "code": "HU",
                "name": "Hungary"
            },
            "countryTo": {
                "code": "DE",
                "name": "Germany"
            },
            "local_departure": "2024-09-04T07:25:00.000Z",
            "utc_departure": "2024-09-04T05:25:00.000Z",
            "local_arrival": "2024-09-04T15:30:00.000Z",
            "utc_arrival": "2024-09-04T13:30:00.000Z",
            "nightsInDest": 1,
            "quality": 259.999745,
            "distance": 949.98,
            "duration": {
                "departure": 29100,
                "return": 6000,
                "total": 35100
            },
            "price": 158,
            "conversion": {
                "EUR": 158
            },
            "fare": {
                "adults": 158,
                "children": 158,
                "infants": 158
            },
            "fare_locks": {
                "EUR": [
                    {
                        "default": false,
                        "duration": "P1D",
                        "itinerary_price_limit": 358,
                        "itinerary_price_remaining": 158,
                        "fare_lock_kind": "fee",
                        "price": 7.9,
                        "rule_instance_id": 26749,
                        "version": "v1"
                    },
                    {
                        "default": true,
                        "duration": "P3D",
                        "itinerary_price_limit": 358,
                        "itinerary_price_remaining": 158,
                        "fare_lock_kind": "fee",
                        "price": 15.8,
                        "rule_instance_id": 26748,
                        "version": "v1"
                    },
                    {
                        "default": false,
                        "duration": "P7D",
                        "itinerary_price_limit": 358,
                        "itinerary_price_remaining": 158,
                        "fare_lock_kind": "fee",
                        "price": 39.5,
                        "rule_instance_id": 26750,
                        "version": "v1"
                    }
                ]
            },
            "bags_price": {
                "1": 204.568,
                "2": 477.736
            },
            "baglimit": {
                "hand_dimensions_sum": 118,
                "hand_height": 40,
                "hand_length": 55,
                "hand_weight": 8,
                "hand_width": 23,
                "hold_dimensions_sum": 158,
                "hold_height": 52,
                "hold_length": 78,
                "hold_weight": 20,
                "hold_width": 28,
                "personal_item_dimension_sum": 90,
                "personal_item_height": 30,
                "personal_item_length": 40,
                "personal_item_weight": 8,
                "personal_item_width": 20
            },
            "availability": {
                "seats": 2
            },
            "airlines": [
                "W6",
                "W4",
                "EW"
            ],
            "route": [
                {
                    "id": "0b770f0c4e020000d0cbad1d_0",
                    "combination_id": "0b770f0c4e020000d0cbad1d",
                    "flyFrom": "BUD",
                    "flyTo": "FCO",
                    "cityFrom": "Budapest",
                    "cityCodeFrom": "BUD",
                    "cityTo": "Rome",
                    "cityCodeTo": "ROM",
                    "local_departure": "2024-09-04T07:25:00.000Z",
                    "utc_departure": "2024-09-04T05:25:00.000Z",
                    "local_arrival": "2024-09-04T09:15:00.000Z",
                    "utc_arrival": "2024-09-04T07:15:00.000Z",
                    "airline": "W6",
                    "flight_no": 2339,
                    "operating_carrier": "",
                    "operating_flight_no": "",
                    "fare_basis": "",
                    "fare_category": "M",
                    "fare_classes": "",
                    "return": 0,
                    "bags_recheck_required": false,
                    "vi_connection": false,
                    "guarantee": false,
                    "equipment": null,
                    "vehicle_type": "aircraft"
                },
                {
                    "id": "0f0c17884e0200005981f1aa_0",
                    "combination_id": "0f0c17884e0200005981f1aa",
                    "flyFrom": "FCO",
                    "flyTo": "HAM",
                    "cityFrom": "Rome",
                    "cityCodeFrom": "ROM",
                    "cityTo": "Hamburg",
                    "cityCodeTo": "HAM",
                    "local_departure": "2024-09-04T13:00:00.000Z",
                    "utc_departure": "2024-09-04T11:00:00.000Z",
                    "local_arrival": "2024-09-04T15:30:00.000Z",
                    "utc_arrival": "2024-09-04T13:30:00.000Z",
                    "airline": "W4",
                    "flight_no": 6205,
                    "operating_carrier": "",
                    "operating_flight_no": "",
                    "fare_basis": "",
                    "fare_category": "M",
                    "fare_classes": "",
                    "return": 0,
                    "bags_recheck_required": true,
                    "vi_connection": true,
                    "guarantee": true,
                    "equipment": null,
                    "vehicle_type": "aircraft"
                },
                {
                    "id": "17880b774e030000a956be9e_0",
                    "combination_id": "17880b774e030000a956be9e",
                    "flyFrom": "HAM",
                    "flyTo": "BUD",
                    "cityFrom": "Hamburg",
                    "cityCodeFrom": "HAM",
                    "cityTo": "Budapest",
                    "cityCodeTo": "BUD",
                    "local_departure": "2024-09-05T18:25:00.000Z",
                    "utc_departure": "2024-09-05T16:25:00.000Z",
                    "local_arrival": "2024-09-05T20:05:00.000Z",
                    "utc_arrival": "2024-09-05T18:05:00.000Z",
                    "airline": "EW",
                    "flight_no": 7782,
                    "operating_carrier": "EW",
                    "operating_flight_no": "7782",
                    "fare_basis": "",
                    "fare_category": "M",
                    "fare_classes": "",
                    "return": 1,
                    "bags_recheck_required": false,
                    "vi_connection": false,
                    "guarantee": false,
                    "equipment": null,
                    "vehicle_type": "aircraft"
                }
            ],
            "booking_token": "HlBKIusu1Cx5FlGmVxDeZj2fJfS1zEJhqIPrDfbiV1PvrXdtTnPMTqcNBB8S5JD6zNbLPHUEee7bFQoe8Tw_iGx-gDqDgIn6VMEEOyMzP2JLUlLd7gSWcwSnjl7GbBzHAecbAQ_0vROf3y-78pnvUfSNFaYGeWPHqyOZOhGVa4MBTJ3G5hQau6v772s71VGyU5D7aYglfxjMeMLA31tOSP3cmJU-PeJrkfUiiWvkXa1GMOYXOv8yWngl_I0KkRqeuSO3AjcetjQH5fFm4jQWF3dIj82mOvrE6oV-40fKj-yLdmlMR_8EWmfNeqE1J4Tt5DmbRRBpkYgoox0wgKKlLZkQwGlgSQRGbE2f170aEw00XJ-Uh1RtEiZKTvIEIzhO0OogtmWIdf4X9PyUpFJQU4bOy1nZCWfiym-o_H_Jry94mY1OQ4-9hUnBbP8CWUoBTabkXZISrnT08VirzkYlol77qyhzp4eKOmB-lkWrrzZbQKjVQ1V6FxjhLPB04uhXxUvNpGEyILkDAx7LUMnj6AbaEJeF6UaAysSHDMlzh37J1X4w6wNRsAg5iUcK_UHRhU-upBVHYlh-7VTnlz4gQ300g5cjHn44l5fKJV_RwPN_zlJh6sXnQZ2Uov3ZzG7SU6yZaqtOZycuhcZiTwyA5Kv2BPs9k_GF4h_iOGtzpU-FC9ZjRJyZdzfOFUb9buCWUU9i2M8ScTqoDH9kFkbCUGHzdeoietX9KexSQ12TzMKOhE5iCNPyBKEaj2sSu2U743cyUmK18ISHnHt4RW345cZptXgWdJZS1ZOF9veZweZ9tx4bfXfH86DT120jyScHT",
            "deep_link": "https://www.kiwi.com/deep?affilid=mihalytest&currency=EUR&flightsId=0b770f0c4e020000d0cbad1d_0%7C0f0c17884e0200005981f1aa_0%7C17880b774e030000a956be9e_0&from=BUD&lang=en&passengers=1&to=HAM&booking_token=HlBKIusu1Cx5FlGmVxDeZj2fJfS1zEJhqIPrDfbiV1PvrXdtTnPMTqcNBB8S5JD6zNbLPHUEee7bFQoe8Tw_iGx-gDqDgIn6VMEEOyMzP2JLUlLd7gSWcwSnjl7GbBzHAecbAQ_0vROf3y-78pnvUfSNFaYGeWPHqyOZOhGVa4MBTJ3G5hQau6v772s71VGyU5D7aYglfxjMeMLA31tOSP3cmJU-PeJrkfUiiWvkXa1GMOYXOv8yWngl_I0KkRqeuSO3AjcetjQH5fFm4jQWF3dIj82mOvrE6oV-40fKj-yLdmlMR_8EWmfNeqE1J4Tt5DmbRRBpkYgoox0wgKKlLZkQwGlgSQRGbE2f170aEw00XJ-Uh1RtEiZKTvIEIzhO0OogtmWIdf4X9PyUpFJQU4bOy1nZCWfiym-o_H_Jry94mY1OQ4-9hUnBbP8CWUoBTabkXZISrnT08VirzkYlol77qyhzp4eKOmB-lkWrrzZbQKjVQ1V6FxjhLPB04uhXxUvNpGEyILkDAx7LUMnj6AbaEJeF6UaAysSHDMlzh37J1X4w6wNRsAg5iUcK_UHRhU-upBVHYlh-7VTnlz4gQ300g5cjHn44l5fKJV_RwPN_zlJh6sXnQZ2Uov3ZzG7SU6yZaqtOZycuhcZiTwyA5Kv2BPs9k_GF4h_iOGtzpU-FC9ZjRJyZdzfOFUb9buCWUU9i2M8ScTqoDH9kFkbCUGHzdeoietX9KexSQ12TzMKOhE5iCNPyBKEaj2sSu2U743cyUmK18ISHnHt4RW345cZptXgWdJZS1ZOF9veZweZ9tx4bfXfH86DT120jyScHT",
            "facilitated_booking_available": false,
            "pnr_count": 3,
            "has_airport_change": false,
            "technical_stops": 0,
            "throw_away_ticketing": false,
            "hidden_city_ticketing": false,
            "virtual_interlining": true
        },
        {
            "id": "0b770f0c4e020000d0cbad1d_0|0f0c17884e0200005981f1aa_0|17880b774e090000597333dd_0",
            "flyFrom": "BUD",
            "flyTo": "HAM",
            "cityFrom": "Budapest",
            "cityCodeFrom": "BUD",
            "cityTo": "Hamburg",
            "cityCodeTo": "HAM",
            "countryFrom": {
                "code": "HU",
                "name": "Hungary"
            },
            "countryTo": {
                "code": "DE",
                "name": "Germany"
            },
            "local_departure": "2024-09-04T07:25:00.000Z",
            "utc_departure": "2024-09-04T05:25:00.000Z",
            "local_arrival": "2024-09-04T15:30:00.000Z",
            "utc_arrival": "2024-09-04T13:30:00.000Z",
            "nightsInDest": 7,
            "quality": 259.999745,
            "distance": 949.98,
            "duration": {
                "departure": 29100,
                "return": 6000,
                "total": 35100
            },
            "price": 158,
            "conversion": {
                "EUR": 158
            },
            "fare": {
                "adults": 158,
                "children": 158,
                "infants": 158
            },
            "fare_locks": {
                "EUR": [
                    {
                        "default": false,
                        "duration": "P1D",
                        "itinerary_price_limit": 358,
                        "itinerary_price_remaining": 158,
                        "fare_lock_kind": "fee",
                        "price": 7.9,
                        "rule_instance_id": 26749,
                        "version": "v1"
                    },
                    {
                        "default": true,
                        "duration": "P3D",
                        "itinerary_price_limit": 358,
                        "itinerary_price_remaining": 158,
                        "fare_lock_kind": "fee",
                        "price": 15.8,
                        "rule_instance_id": 26748,
                        "version": "v1"
                    },
                    {
                        "default": false,
                        "duration": "P7D",
                        "itinerary_price_limit": 358,
                        "itinerary_price_remaining": 158,
                        "fare_lock_kind": "fee",
                        "price": 39.5,
                        "rule_instance_id": 26750,
                        "version": "v1"
                    }
                ]
            },
            "bags_price": {
                "1": 204.568,
                "2": 477.736
            },
            "baglimit": {
                "hand_dimensions_sum": 118,
                "hand_height": 40,
                "hand_length": 55,
                "hand_weight": 8,
                "hand_width": 23,
                "hold_dimensions_sum": 158,
                "hold_height": 52,
                "hold_length": 78,
                "hold_weight": 20,
                "hold_width": 28,
                "personal_item_dimension_sum": 90,
                "personal_item_height": 30,
                "personal_item_length": 40,
                "personal_item_weight": 8,
                "personal_item_width": 20
            },
            "availability": {
                "seats": 7
            },
            "airlines": [
                "W6",
                "W4",
                "EW"
            ],
            "route": [
                {
                    "id": "0b770f0c4e020000d0cbad1d_0",
                    "combination_id": "0b770f0c4e020000d0cbad1d",
                    "flyFrom": "BUD",
                    "flyTo": "FCO",
                    "cityFrom": "Budapest",
                    "cityCodeFrom": "BUD",
                    "cityTo": "Rome",
                    "cityCodeTo": "ROM",
                    "local_departure": "2024-09-04T07:25:00.000Z",
                    "utc_departure": "2024-09-04T05:25:00.000Z",
                    "local_arrival": "2024-09-04T09:15:00.000Z",
                    "utc_arrival": "2024-09-04T07:15:00.000Z",
                    "airline": "W6",
                    "flight_no": 2339,
                    "operating_carrier": "",
                    "operating_flight_no": "",
                    "fare_basis": "",
                    "fare_category": "M",
                    "fare_classes": "",
                    "return": 0,
                    "bags_recheck_required": false,
                    "vi_connection": false,
                    "guarantee": false,
                    "equipment": null,
                    "vehicle_type": "aircraft"
                },
                {
                    "id": "0f0c17884e0200005981f1aa_0",
                    "combination_id": "0f0c17884e0200005981f1aa",
                    "flyFrom": "FCO",
                    "flyTo": "HAM",
                    "cityFrom": "Rome",
                    "cityCodeFrom": "ROM",
                    "cityTo": "Hamburg",
                    "cityCodeTo": "HAM",
                    "local_departure": "2024-09-04T13:00:00.000Z",
                    "utc_departure": "2024-09-04T11:00:00.000Z",
                    "local_arrival": "2024-09-04T15:30:00.000Z",
                    "utc_arrival": "2024-09-04T13:30:00.000Z",
                    "airline": "W4",
                    "flight_no": 6205,
                    "operating_carrier": "",
                    "operating_flight_no": "",
                    "fare_basis": "",
                    "fare_category": "M",
                    "fare_classes": "",
                    "return": 0,
                    "bags_recheck_required": true,
                    "vi_connection": true,
                    "guarantee": true,
                    "equipment": null,
                    "vehicle_type": "aircraft"
                },
                {
                    "id": "17880b774e090000597333dd_0",
                    "combination_id": "17880b774e090000597333dd",
                    "flyFrom": "HAM",
                    "flyTo": "BUD",
                    "cityFrom": "Hamburg",
                    "cityCodeFrom": "HAM",
                    "cityTo": "Budapest",
                    "cityCodeTo": "BUD",
                    "local_departure": "2024-09-11T18:25:00.000Z",
                    "utc_departure": "2024-09-11T16:25:00.000Z",
                    "local_arrival": "2024-09-11T20:05:00.000Z",
                    "utc_arrival": "2024-09-11T18:05:00.000Z",
                    "airline": "EW",
                    "flight_no": 7782,
                    "operating_carrier": "EW",
                    "operating_flight_no": "7782",
                    "fare_basis": "",
                    "fare_category": "M",
                    "fare_classes": "",
                    "return": 1,
                    "bags_recheck_required": false,
                    "vi_connection": false,
                    "guarantee": false,
                    "equipment": null,
                    "vehicle_type": "aircraft"
                }
            ],
            "booking_token": "HtYNZ0ZtaCNAkBgkXy464HiuMoNKNjymtAxTwo1IjmWYl8rS-jZyI-b7Dkzobqn0pQmFQAS2ginH6PpXWsgHlnRRdyxfvkhAgAv2xDW4l_K78eikxGTG0_A9pHA8Obc5g8DjCDjFq6lcByP-wSlZSTUPx8412hCKyorXJUyvBZCjzM15oQOZ0HFiYKPHe20tZ2jzUxlKgebirIS0i2OHFVLV4L4EBt6SvDMf5GOeyJ_Biu9aErUEIjGoV9FbyYgb90HPt7yjsZ6NtYs535n0zlN8ziDGMg1TpkM-MSMi6K1v2N0hwlbmE6J5_hgCO1L2t9ZM9Ngjl7K9LeUh5bius-lQvcY6uM7xuttzLVMf77qFOaSXfAp-09tYxc_blOPMu6bAoY2QSeX6_bIrBC_C7NR2Rqg_m3PuNlCBU_S6YHHadITvk7Z5rLs-ksAcrp8OKJp3Wd_OkX334RoQ8sQojDmAHLG5lGGwK9tU8NjEK1-J15KEDSAn6vjxGxocTqMvBuvM0Dh7u5HcedFO9NAbaObDdPLmSxKbNc-4_e8OPshI1Kg35SYxK2j9ppwLBYz6ybZB0cGWGe4V8pbhR9aO1SIbww1AeMTmqa8lpvkZVJaE5KKviPUplqKbBpweJuucUb6uK3W4Gdo4R0V7yTyUYoEibGnvf9RBsNcuIhvMPUFci2ZerPNS9nGmaurF_sxM393yCL7o1I852l0Y0JHEp9NsLProSIrY-L951z1XjlD5ZxjHtVCnkfpDJMAjKvEDtrVxX-jx40TCeiLZKnNlD_w==",
            "deep_link": "https://www.kiwi.com/deep?affilid=mihalytest&currency=EUR&flightsId=0b770f0c4e020000d0cbad1d_0%7C0f0c17884e0200005981f1aa_0%7C17880b774e090000597333dd_0&from=BUD&lang=en&passengers=1&to=HAM&booking_token=HtYNZ0ZtaCNAkBgkXy464HiuMoNKNjymtAxTwo1IjmWYl8rS-jZyI-b7Dkzobqn0pQmFQAS2ginH6PpXWsgHlnRRdyxfvkhAgAv2xDW4l_K78eikxGTG0_A9pHA8Obc5g8DjCDjFq6lcByP-wSlZSTUPx8412hCKyorXJUyvBZCjzM15oQOZ0HFiYKPHe20tZ2jzUxlKgebirIS0i2OHFVLV4L4EBt6SvDMf5GOeyJ_Biu9aErUEIjGoV9FbyYgb90HPt7yjsZ6NtYs535n0zlN8ziDGMg1TpkM-MSMi6K1v2N0hwlbmE6J5_hgCO1L2t9ZM9Ngjl7K9LeUh5bius-lQvcY6uM7xuttzLVMf77qFOaSXfAp-09tYxc_blOPMu6bAoY2QSeX6_bIrBC_C7NR2Rqg_m3PuNlCBU_S6YHHadITvk7Z5rLs-ksAcrp8OKJp3Wd_OkX334RoQ8sQojDmAHLG5lGGwK9tU8NjEK1-J15KEDSAn6vjxGxocTqMvBuvM0Dh7u5HcedFO9NAbaObDdPLmSxKbNc-4_e8OPshI1Kg35SYxK2j9ppwLBYz6ybZB0cGWGe4V8pbhR9aO1SIbww1AeMTmqa8lpvkZVJaE5KKviPUplqKbBpweJuucUb6uK3W4Gdo4R0V7yTyUYoEibGnvf9RBsNcuIhvMPUFci2ZerPNS9nGmaurF_sxM393yCL7o1I852l0Y0JHEp9NsLProSIrY-L951z1XjlD5ZxjHtVCnkfpDJMAjKvEDtrVxX-jx40TCeiLZKnNlD_w==",
            "facilitated_booking_available": false,
            "pnr_count": 3,
            "has_airport_change": false,
            "technical_stops": 0,
            "throw_away_ticketing": false,
            "hidden_city_ticketing": false,
            "virtual_interlining": true
        },
        {
            "id": "0b7717884e460000e36dd2ec_0|178823334e4d0000731d45ef_0|23330b774e4d0000be4f858f_0",
            "flyFrom": "BUD",
            "flyTo": "HAM",
            "cityFrom": "Budapest",
            "cityCodeFrom": "BUD",
            "cityTo": "Hamburg",
            "cityCodeTo": "HAM",
            "countryFrom": {
                "code": "HU",
                "name": "Hungary"
            },
            "countryTo": {
                "code": "DE",
                "name": "Germany"
            },
            "local_departure": "2024-11-11T09:15:00.000Z",
            "utc_departure": "2024-11-11T08:15:00.000Z",
            "local_arrival": "2024-11-11T11:05:00.000Z",
            "utc_arrival": "2024-11-11T10:05:00.000Z",
            "nightsInDest": 7,
            "quality": 252.999765,
            "distance": 949.98,
            "duration": {
                "departure": 6600,
                "return": 24900,
                "total": 31500
            },
            "price": 159,
            "conversion": {
                "EUR": 159
            },
            "fare": {
                "adults": 159,
                "children": 159,
                "infants": 159
            },
            "fare_locks": {
                "EUR": [
                    {
                        "default": false,
                        "duration": "P1D",
                        "itinerary_price_limit": 359,
                        "itinerary_price_remaining": 159,
                        "fare_lock_kind": "fee",
                        "price": 7.95,
                        "rule_instance_id": 26749,
                        "version": "v1"
                    },
                    {
                        "default": true,
                        "duration": "P3D",
                        "itinerary_price_limit": 359,
                        "itinerary_price_remaining": 159,
                        "fare_lock_kind": "fee",
                        "price": 15.9,
                        "rule_instance_id": 26748,
                        "version": "v1"
                    },
                    {
                        "default": false,
                        "duration": "P7D",
                        "itinerary_price_limit": 359,
                        "itinerary_price_remaining": 159,
                        "fare_lock_kind": "fee",
                        "price": 39.75,
                        "rule_instance_id": 26750,
                        "version": "v1"
                    }
                ]
            },
            "bags_price": {
                "1": 176.568,
                "2": 421.736
            },
            "baglimit": {
                "hand_dimensions_sum": 118,
                "hand_height": 40,
                "hand_length": 55,
                "hand_weight": 8,
                "hand_width": 23,
                "hold_dimensions_sum": 158,
                "hold_height": 52,
                "hold_length": 78,
                "hold_weight": 20,
                "hold_width": 28,
                "personal_item_dimension_sum": 90,
                "personal_item_height": 30,
                "personal_item_length": 40,
                "personal_item_weight": 8,
                "personal_item_width": 20
            },
            "availability": {
                "seats": 1
            },
            "airlines": [
                "EW",
                "W4",
                "W6"
            ],
            "route": [
                {
                    "id": "0b7717884e460000e36dd2ec_0",
                    "combination_id": "0b7717884e460000e36dd2ec",
                    "flyFrom": "BUD",
                    "flyTo": "HAM",
                    "cityFrom": "Budapest",
                    "cityCodeFrom": "BUD",
                    "cityTo": "Hamburg",
                    "cityCodeTo": "HAM",
                    "local_departure": "2024-11-11T09:15:00.000Z",
                    "utc_departure": "2024-11-11T08:15:00.000Z",
                    "local_arrival": "2024-11-11T11:05:00.000Z",
                    "utc_arrival": "2024-11-11T10:05:00.000Z",
                    "airline": "EW",
                    "flight_no": 7781,
                    "operating_carrier": "EW",
                    "operating_flight_no": "7781",
                    "fare_basis": "",
                    "fare_category": "M",
                    "fare_classes": "",
                    "return": 0,
                    "bags_recheck_required": false,
                    "vi_connection": false,
                    "guarantee": false,
                    "equipment": null,
                    "vehicle_type": "aircraft"
                },
                {
                    "id": "178823334e4d0000731d45ef_0",
                    "combination_id": "178823334e4d0000731d45ef",
                    "flyFrom": "HAM",
                    "flyTo": "TIA",
                    "cityFrom": "Hamburg",
                    "cityCodeFrom": "HAM",
                    "cityTo": "Tirana",
                    "cityCodeTo": "TIA",
                    "local_departure": "2024-11-18T16:15:00.000Z",
                    "utc_departure": "2024-11-18T15:15:00.000Z",
                    "local_arrival": "2024-11-18T18:45:00.000Z",
                    "utc_arrival": "2024-11-18T17:45:00.000Z",
                    "airline": "W4",
                    "flight_no": 5108,
                    "operating_carrier": "",
                    "operating_flight_no": "",
                    "fare_basis": "",
                    "fare_category": "M",
                    "fare_classes": "",
                    "return": 1,
                    "bags_recheck_required": false,
                    "vi_connection": false,
                    "guarantee": false,
                    "equipment": null,
                    "vehicle_type": "aircraft"
                },
                {
                    "id": "23330b774e4d0000be4f858f_0",
                    "combination_id": "23330b774e4d0000be4f858f",
                    "flyFrom": "TIA",
                    "flyTo": "BUD",
                    "cityFrom": "Tirana",
                    "cityCodeFrom": "TIA",
                    "cityTo": "Budapest",
                    "cityCodeTo": "BUD",
                    "local_departure": "2024-11-18T21:35:00.000Z",
                    "utc_departure": "2024-11-18T20:35:00.000Z",
                    "local_arrival": "2024-11-18T23:10:00.000Z",
                    "utc_arrival": "2024-11-18T22:10:00.000Z",
                    "airline": "W6",
                    "flight_no": 2234,
                    "operating_carrier": "",
                    "operating_flight_no": "",
                    "fare_basis": "",
                    "fare_category": "M",
                    "fare_classes": "",
                    "return": 1,
                    "bags_recheck_required": true,
                    "vi_connection": true,
                    "guarantee": true,
                    "equipment": null,
                    "vehicle_type": "aircraft"
                }
            ],
            "booking_token": "H-MCE1Mo4X1lc4ByZ97DIjSl4flanpF8AiP-Of7aYFnzBd5Z7VR-sdZDegbhD9L6c1itJ0l9JcqeaQgZEdaqsL65E6B_1oZlShr5Q_R4s1rKZhBbDX9MI9rUJpeTUKRcLDaeP99JqVpvwDpoV0YiZEUMGlYJWU1ZWh0EeNAG2ZWJLHnNxBZybwVw5PeEgHjCaLQSl2APlXKAYcQJ3Zy_f92IPVcSiyRKT5l58iO5kdDsWXwzlaGxvq0waweniBHgu4Zw-NL3Jm5-MZfQatXgoNkDc4Hsjo2Z4cVpcHmSHM-ywnt59n6Wdnu275UkTvZJsQQpFz3FMqgsO9sN19DiPPJnJHksuTiNOAIq2Li2CmY1Dg4u1hCqpzeQPp92eEytuQB4pFmtk87zIARKJTNnf3pCFm-9_u4sHdztplsiAWLyt6ZEFPtvIJxTCpE_am_EDbelZsQmTSny0Dw0oC79jLSxtbLt9hbt-wFgYIRwKHyXE5sEjZCvZ1Fg1n9sa1KXNStQB1v-lyiJSlmcH8ipGBG8RzAnT2i6IYpQ704qY1OXmy0Hg4yAJDdRPc0OHE8Up3d62Em1F7tXM6bfMtvjUvnkDMPceBQCJkh0fYoPy1H8eaAroBFuzITRpW9i2L0clLZXctVoavP3fMhT_gPwQvpEtf8U6hA88YVOaRNYfN6tPPY9yP8ZXSuiM77xOpVTQHBM6G4cKDuOUVaBIQRV9ZmNuJ40cyCldVMx15-h0cEDr0WylLD2cU82r_l3gN-Xxop5e3tpSsnHBA6kJFY1CMBiXoMgtlJtR0as7IVTKrAk=",
            "deep_link": "https://www.kiwi.com/deep?affilid=mihalytest&currency=EUR&flightsId=0b7717884e460000e36dd2ec_0%7C178823334e4d0000731d45ef_0%7C23330b774e4d0000be4f858f_0&from=BUD&lang=en&passengers=1&to=HAM&booking_token=H-MCE1Mo4X1lc4ByZ97DIjSl4flanpF8AiP-Of7aYFnzBd5Z7VR-sdZDegbhD9L6c1itJ0l9JcqeaQgZEdaqsL65E6B_1oZlShr5Q_R4s1rKZhBbDX9MI9rUJpeTUKRcLDaeP99JqVpvwDpoV0YiZEUMGlYJWU1ZWh0EeNAG2ZWJLHnNxBZybwVw5PeEgHjCaLQSl2APlXKAYcQJ3Zy_f92IPVcSiyRKT5l58iO5kdDsWXwzlaGxvq0waweniBHgu4Zw-NL3Jm5-MZfQatXgoNkDc4Hsjo2Z4cVpcHmSHM-ywnt59n6Wdnu275UkTvZJsQQpFz3FMqgsO9sN19DiPPJnJHksuTiNOAIq2Li2CmY1Dg4u1hCqpzeQPp92eEytuQB4pFmtk87zIARKJTNnf3pCFm-9_u4sHdztplsiAWLyt6ZEFPtvIJxTCpE_am_EDbelZsQmTSny0Dw0oC79jLSxtbLt9hbt-wFgYIRwKHyXE5sEjZCvZ1Fg1n9sa1KXNStQB1v-lyiJSlmcH8ipGBG8RzAnT2i6IYpQ704qY1OXmy0Hg4yAJDdRPc0OHE8Up3d62Em1F7tXM6bfMtvjUvnkDMPceBQCJkh0fYoPy1H8eaAroBFuzITRpW9i2L0clLZXctVoavP3fMhT_gPwQvpEtf8U6hA88YVOaRNYfN6tPPY9yP8ZXSuiM77xOpVTQHBM6G4cKDuOUVaBIQRV9ZmNuJ40cyCldVMx15-h0cEDr0WylLD2cU82r_l3gN-Xxop5e3tpSsnHBA6kJFY1CMBiXoMgtlJtR0as7IVTKrAk=",
            "facilitated_booking_available": false,
            "pnr_count": 3,
            "has_airport_change": false,
            "technical_stops": 0,
            "throw_away_ticketing": false,
            "hidden_city_ticketing": false,
            "virtual_interlining": true
        },
        {
            "id": "0b7717884e460000e36dd2ec_0|178823334e480000443b870a_0|23330b774e4800008969476a_0",
            "flyFrom": "BUD",
            "flyTo": "HAM",
            "cityFrom": "Budapest",
            "cityCodeFrom": "BUD",
            "cityTo": "Hamburg",
            "cityCodeTo": "HAM",
            "countryFrom": {
                "code": "HU",
                "name": "Hungary"
            },
            "countryTo": {
                "code": "DE",
                "name": "Germany"
            },
            "local_departure": "2024-11-11T09:15:00.000Z",
            "utc_departure": "2024-11-11T08:15:00.000Z",
            "local_arrival": "2024-11-11T11:05:00.000Z",
            "utc_arrival": "2024-11-11T10:05:00.000Z",
            "nightsInDest": 2,
            "quality": 252.999765,
            "distance": 949.98,
            "duration": {
                "departure": 6600,
                "return": 24900,
                "total": 31500
            },
            "price": 159,
            "conversion": {
                "EUR": 159
            },
            "fare": {
                "adults": 159,
                "children": 159,
                "infants": 159
            },
            "fare_locks": {
                "EUR": [
                    {
                        "default": false,
                        "duration": "P1D",
                        "itinerary_price_limit": 359,
                        "itinerary_price_remaining": 159,
                        "fare_lock_kind": "fee",
                        "price": 7.95,
                        "rule_instance_id": 26749,
                        "version": "v1"
                    },
                    {
                        "default": true,
                        "duration": "P3D",
                        "itinerary_price_limit": 359,
                        "itinerary_price_remaining": 159,
                        "fare_lock_kind": "fee",
                        "price": 15.9,
                        "rule_instance_id": 26748,
                        "version": "v1"
                    },
                    {
                        "default": false,
                        "duration": "P7D",
                        "itinerary_price_limit": 359,
                        "itinerary_price_remaining": 159,
                        "fare_lock_kind": "fee",
                        "price": 39.75,
                        "rule_instance_id": 26750,
                        "version": "v1"
                    }
                ]
            },
            "bags_price": {
                "1": 176.568,
                "2": 421.736
            },
            "baglimit": {
                "hand_dimensions_sum": 118,
                "hand_height": 40,
                "hand_length": 55,
                "hand_weight": 8,
                "hand_width": 23,
                "hold_dimensions_sum": 158,
                "hold_height": 52,
                "hold_length": 78,
                "hold_weight": 20,
                "hold_width": 28,
                "personal_item_dimension_sum": 90,
                "personal_item_height": 30,
                "personal_item_length": 40,
                "personal_item_weight": 8,
                "personal_item_width": 20
            },
            "availability": {
                "seats": 9
            },
            "airlines": [
                "EW",
                "W4",
                "W6"
            ],
            "route": [
                {
                    "id": "0b7717884e460000e36dd2ec_0",
                    "combination_id": "0b7717884e460000e36dd2ec",
                    "flyFrom": "BUD",
                    "flyTo": "HAM",
                    "cityFrom": "Budapest",
                    "cityCodeFrom": "BUD",
                    "cityTo": "Hamburg",
                    "cityCodeTo": "HAM",
                    "local_departure": "2024-11-11T09:15:00.000Z",
                    "utc_departure": "2024-11-11T08:15:00.000Z",
                    "local_arrival": "2024-11-11T11:05:00.000Z",
                    "utc_arrival": "2024-11-11T10:05:00.000Z",
                    "airline": "EW",
                    "flight_no": 7781,
                    "operating_carrier": "EW",
                    "operating_flight_no": "7781",
                    "fare_basis": "",
                    "fare_category": "M",
                    "fare_classes": "",
                    "return": 0,
                    "bags_recheck_required": false,
                    "vi_connection": false,
                    "guarantee": false,
                    "equipment": null,
                    "vehicle_type": "aircraft"
                },
                {
                    "id": "178823334e480000443b870a_0",
                    "combination_id": "178823334e480000443b870a",
                    "flyFrom": "HAM",
                    "flyTo": "TIA",
                    "cityFrom": "Hamburg",
                    "cityCodeFrom": "HAM",
                    "cityTo": "Tirana",
                    "cityCodeTo": "TIA",
                    "local_departure": "2024-11-13T16:15:00.000Z",
                    "utc_departure": "2024-11-13T15:15:00.000Z",
                    "local_arrival": "2024-11-13T18:45:00.000Z",
                    "utc_arrival": "2024-11-13T17:45:00.000Z",
                    "airline": "W4",
                    "flight_no": 5108,
                    "operating_carrier": "",
                    "operating_flight_no": "",
                    "fare_basis": "",
                    "fare_category": "M",
                    "fare_classes": "",
                    "return": 1,
                    "bags_recheck_required": false,
                    "vi_connection": false,
                    "guarantee": false,
                    "equipment": null,
                    "vehicle_type": "aircraft"
                },
                {
                    "id": "23330b774e4800008969476a_0",
                    "combination_id": "23330b774e4800008969476a",
                    "flyFrom": "TIA",
                    "flyTo": "BUD",
                    "cityFrom": "Tirana",
                    "cityCodeFrom": "TIA",
                    "cityTo": "Budapest",
                    "cityCodeTo": "BUD",
                    "local_departure": "2024-11-13T21:35:00.000Z",
                    "utc_departure": "2024-11-13T20:35:00.000Z",
                    "local_arrival": "2024-11-13T23:10:00.000Z",
                    "utc_arrival": "2024-11-13T22:10:00.000Z",
                    "airline": "W6",
                    "flight_no": 2234,
                    "operating_carrier": "",
                    "operating_flight_no": "",
                    "fare_basis": "",
                    "fare_category": "M",
                    "fare_classes": "",
                    "return": 1,
                    "bags_recheck_required": true,
                    "vi_connection": true,
                    "guarantee": true,
                    "equipment": null,
                    "vehicle_type": "aircraft"
                }
            ],
            "booking_token": "HbFysMiJPembzNFMjgZ1pztaomXT1ohSYgXZoMQiMr2a1QweJNKoGTDVAtvv-jHPdTSQLi_V_xeCWsbgB08fWmR4c2AwDgEPJ1iql7q44Pfnpy1TW5Gu81isBC3iqdPO45594-sLNMJ3ReRGIeaBqF5RBUaZBOl-DTsqXrL7GI2KwwmL0JFqTph3Fs-DeXx9EP20cnRi9OWiM2ZD6Y-kB-Ka31UCqvDPpmxGveYEpbGP0HXTQJJ2jf16q9g36Sb4rxLcsc5C7DqxwjOa6Zon0TnTI-BIg5pep3sTVP-SriZ7Stu8_d_Z86sBfSNPKCJGqVcuRJXuBaRugGgJpn0qG0GggD5BeYEo4RYdiI1Dx33v7JQrfc35k4L4YJCVtosQ3I4kVYasmV-LNJaBWjFPHGKWI9JwrBOejNMiCgYiE9GE8GpPAtHNCZoJgLhMxSCUXMtE8ZIVGkfc8oIBXX42GWuySz0IZ02qJPC6ebt8p4VR5zh6au9u79JBAt_Lye1f7DjFVkL9CN0WqZ77aCT1A3pfZmvi-KqfTugVxgGfl0S7MGxHAnrrTCv3W84j7DAcKOjm-Kkvn3vqjehWEslVGQxywTusNyYj6CVg3kRerpBsbPhaLA_p0VyerPUF1Nt5eM8ikoWUCei8lE4e-fI81yNuNA2PidDY7MJBh0XoCTE33NdYkIoRByjbhXoDnZ6whRT-ShOOoC23ZY54AdzbDbHbxzy878e5NE7Ai-BhBhUCZDt5X3fSwQKShdi9H_dsDZlkF550gkG22ifHxAxXgWA==",
            "deep_link": "https://www.kiwi.com/deep?affilid=mihalytest&currency=EUR&flightsId=0b7717884e460000e36dd2ec_0%7C178823334e480000443b870a_0%7C23330b774e4800008969476a_0&from=BUD&lang=en&passengers=1&to=HAM&booking_token=HbFysMiJPembzNFMjgZ1pztaomXT1ohSYgXZoMQiMr2a1QweJNKoGTDVAtvv-jHPdTSQLi_V_xeCWsbgB08fWmR4c2AwDgEPJ1iql7q44Pfnpy1TW5Gu81isBC3iqdPO45594-sLNMJ3ReRGIeaBqF5RBUaZBOl-DTsqXrL7GI2KwwmL0JFqTph3Fs-DeXx9EP20cnRi9OWiM2ZD6Y-kB-Ka31UCqvDPpmxGveYEpbGP0HXTQJJ2jf16q9g36Sb4rxLcsc5C7DqxwjOa6Zon0TnTI-BIg5pep3sTVP-SriZ7Stu8_d_Z86sBfSNPKCJGqVcuRJXuBaRugGgJpn0qG0GggD5BeYEo4RYdiI1Dx33v7JQrfc35k4L4YJCVtosQ3I4kVYasmV-LNJaBWjFPHGKWI9JwrBOejNMiCgYiE9GE8GpPAtHNCZoJgLhMxSCUXMtE8ZIVGkfc8oIBXX42GWuySz0IZ02qJPC6ebt8p4VR5zh6au9u79JBAt_Lye1f7DjFVkL9CN0WqZ77aCT1A3pfZmvi-KqfTugVxgGfl0S7MGxHAnrrTCv3W84j7DAcKOjm-Kkvn3vqjehWEslVGQxywTusNyYj6CVg3kRerpBsbPhaLA_p0VyerPUF1Nt5eM8ikoWUCei8lE4e-fI81yNuNA2PidDY7MJBh0XoCTE33NdYkIoRByjbhXoDnZ6whRT-ShOOoC23ZY54AdzbDbHbxzy878e5NE7Ai-BhBhUCZDt5X3fSwQKShdi9H_dsDZlkF550gkG22ifHxAxXgWA==",
            "facilitated_booking_available": false,
            "pnr_count": 3,
            "has_airport_change": false,
            "technical_stops": 0,
            "throw_away_ticketing": false,
            "hidden_city_ticketing": false,
            "virtual_interlining": true
        },
        {
            "id": "0b7717884e5f0000fddf66be_0|178823334e6600004b413334_0|23330b774e6600008613f354_0",
            "flyFrom": "BUD",
            "flyTo": "HAM",
            "cityFrom": "Budapest",
            "cityCodeFrom": "BUD",
            "cityTo": "Hamburg",
            "cityCodeTo": "HAM",
            "countryFrom": {
                "code": "HU",
                "name": "Hungary"
            },
            "countryTo": {
                "code": "DE",
                "name": "Germany"
            },
            "local_departure": "2024-12-06T20:35:00.000Z",
            "utc_departure": "2024-12-06T19:35:00.000Z",
            "local_arrival": "2024-12-06T22:25:00.000Z",
            "utc_arrival": "2024-12-06T21:25:00.000Z",
            "nightsInDest": 7,
            "quality": 252.999765,
            "distance": 949.98,
            "duration": {
                "departure": 6600,
                "return": 24900,
                "total": 31500
            },
            "price": 159,
            "conversion": {
                "EUR": 159
            },
            "fare": {
                "adults": 159,
                "children": 159,
                "infants": 159
            },
            "fare_locks": {
                "EUR": [
                    {
                        "default": false,
                        "duration": "P1D",
                        "itinerary_price_limit": 359,
                        "itinerary_price_remaining": 159,
                        "fare_lock_kind": "fee",
                        "price": 7.95,
                        "rule_instance_id": 26749,
                        "version": "v1"
                    },
                    {
                        "default": true,
                        "duration": "P3D",
                        "itinerary_price_limit": 359,
                        "itinerary_price_remaining": 159,
                        "fare_lock_kind": "fee",
                        "price": 15.9,
                        "rule_instance_id": 26748,
                        "version": "v1"
                    },
                    {
                        "default": false,
                        "duration": "P7D",
                        "itinerary_price_limit": 359,
                        "itinerary_price_remaining": 159,
                        "fare_lock_kind": "fee",
                        "price": 39.75,
                        "rule_instance_id": 26750,
                        "version": "v1"
                    }
                ]
            },
            "bags_price": {
                "1": 205.674,
                "2": 479.948
            },
            "baglimit": {
                "hand_dimensions_sum": 118,
                "hand_height": 40,
                "hand_length": 55,
                "hand_weight": 8,
                "hand_width": 23,
                "hold_dimensions_sum": 158,
                "hold_height": 52,
                "hold_length": 78,
                "hold_weight": 20,
                "hold_width": 28,
                "personal_item_dimension_sum": 90,
                "personal_item_height": 30,
                "personal_item_length": 40,
                "personal_item_weight": 8,
                "personal_item_width": 20
            },
            "availability": {
                "seats": 4
            },
            "airlines": [
                "EW",
                "W4",
                "W6"
            ],
            "route": [
                {
                    "id": "0b7717884e5f0000fddf66be_0",
                    "combination_id": "0b7717884e5f0000fddf66be",
                    "flyFrom": "BUD",
                    "flyTo": "HAM",
                    "cityFrom": "Budapest",
                    "cityCodeFrom": "BUD",
                    "cityTo": "Hamburg",
                    "cityCodeTo": "HAM",
                    "local_departure": "2024-12-06T20:35:00.000Z",
                    "utc_departure": "2024-12-06T19:35:00.000Z",
                    "local_arrival": "2024-12-06T22:25:00.000Z",
                    "utc_arrival": "2024-12-06T21:25:00.000Z",
                    "airline": "EW",
                    "flight_no": 7781,
                    "operating_carrier": "EW",
                    "operating_flight_no": "7781",
                    "fare_basis": "",
                    "fare_category": "M",
                    "fare_classes": "T",
                    "return": 0,
                    "bags_recheck_required": false,
                    "vi_connection": false,
                    "guarantee": false,
                    "equipment": null,
                    "vehicle_type": "aircraft"
                },
                {
                    "id": "178823334e6600004b413334_0",
                    "combination_id": "178823334e6600004b413334",
                    "flyFrom": "HAM",
                    "flyTo": "TIA",
                    "cityFrom": "Hamburg",
                    "cityCodeFrom": "HAM",
                    "cityTo": "Tirana",
                    "cityCodeTo": "TIA",
                    "local_departure": "2024-12-13T16:15:00.000Z",
                    "utc_departure": "2024-12-13T15:15:00.000Z",
                    "local_arrival": "2024-12-13T18:45:00.000Z",
                    "utc_arrival": "2024-12-13T17:45:00.000Z",
                    "airline": "W4",
                    "flight_no": 5108,
                    "operating_carrier": "",
                    "operating_flight_no": "",
                    "fare_basis": "",
                    "fare_category": "M",
                    "fare_classes": "",
                    "return": 1,
                    "bags_recheck_required": false,
                    "vi_connection": false,
                    "guarantee": false,
                    "equipment": null,
                    "vehicle_type": "aircraft"
                },
                {
                    "id": "23330b774e6600008613f354_0",
                    "combination_id": "23330b774e6600008613f354",
                    "flyFrom": "TIA",
                    "flyTo": "BUD",
                    "cityFrom": "Tirana",
                    "cityCodeFrom": "TIA",
                    "cityTo": "Budapest",
                    "cityCodeTo": "BUD",
                    "local_departure": "2024-12-13T21:35:00.000Z",
                    "utc_departure": "2024-12-13T20:35:00.000Z",
                    "local_arrival": "2024-12-13T23:10:00.000Z",
                    "utc_arrival": "2024-12-13T22:10:00.000Z",
                    "airline": "W6",
                    "flight_no": 2234,
                    "operating_carrier": "",
                    "operating_flight_no": "",
                    "fare_basis": "",
                    "fare_category": "M",
                    "fare_classes": "",
                    "return": 1,
                    "bags_recheck_required": true,
                    "vi_connection": true,
                    "guarantee": true,
                    "equipment": null,
                    "vehicle_type": "aircraft"
                }
            ],
            "booking_token": "HTu_B4K8braiCm3t9NheAO_gUOPAXh8UGaWGY-wog1TPNIS6FVhKPiLK9dB71SKggqCZtEqRER9w46nts0wNC6Rrxp3uTM2M01RGzdcIYueJqGIFkSmpyAB-UOE0qlOF_lL5i0FcSAKStT0y2tAc-8v6SHVvYjvaxwYNlmsjhMS8RjrAkS9AzglL6rCduuwwp7rI9aiIydzYDkadNHJ2kN-_8HgWq55j_Uys9klZnvGHqZaYhfzFj_HZXvct93yFKIZ3pZdvuDBaOMsqvNSaKYxiNcS3J5GZeUIR_nbo5971zlzZnSnLQ0pKveOuO5XxkjedFP5oh-Es67jp4sJscJgBqsBzxVP9-Crn6DTttMn1Lj4VTukr6aRgeQ9Sv79sxZZmtzZJ-LpXwU5VuI7qe64LR5g-0BGbRpgm3gSBWIurykWGINuH__rFzzKd_Qwy2C_ijjwFJBAFlaw6DDQSqR6q1-RZfAUJaSAZPGQWfGlkHWDzPCwQ7mDUE7Ozc0aCXfKHjmoCI7CaSZOGkOs57A9-tJSfLjT6AVVZdq9WzuThegCsB4R9xTJfdSpYsp3skAei0LD7-thJac0ID1ztnvqkg1XzvpxlGfKPHSf8R-SikPIo6k-BxEasG362jCNj2PNduiVX_M1UGDa11gbiVoJLBlq8sbOFeU89R9hOrO9qX7vKUBVz7raw1MM5lbUgkJSavx9eRG8RT7GC9xjni1jlVbgbcniSQkLiTnsdH-kKcrLy5tuXPTetNt6bi1WAHKUiUAZla1efzaipLR4cBiPdhI6aGFJvUpsG5GSzSVDo=",
            "deep_link": "https://www.kiwi.com/deep?affilid=mihalytest&currency=EUR&flightsId=0b7717884e5f0000fddf66be_0%7C178823334e6600004b413334_0%7C23330b774e6600008613f354_0&from=BUD&lang=en&passengers=1&to=HAM&booking_token=HTu_B4K8braiCm3t9NheAO_gUOPAXh8UGaWGY-wog1TPNIS6FVhKPiLK9dB71SKggqCZtEqRER9w46nts0wNC6Rrxp3uTM2M01RGzdcIYueJqGIFkSmpyAB-UOE0qlOF_lL5i0FcSAKStT0y2tAc-8v6SHVvYjvaxwYNlmsjhMS8RjrAkS9AzglL6rCduuwwp7rI9aiIydzYDkadNHJ2kN-_8HgWq55j_Uys9klZnvGHqZaYhfzFj_HZXvct93yFKIZ3pZdvuDBaOMsqvNSaKYxiNcS3J5GZeUIR_nbo5971zlzZnSnLQ0pKveOuO5XxkjedFP5oh-Es67jp4sJscJgBqsBzxVP9-Crn6DTttMn1Lj4VTukr6aRgeQ9Sv79sxZZmtzZJ-LpXwU5VuI7qe64LR5g-0BGbRpgm3gSBWIurykWGINuH__rFzzKd_Qwy2C_ijjwFJBAFlaw6DDQSqR6q1-RZfAUJaSAZPGQWfGlkHWDzPCwQ7mDUE7Ozc0aCXfKHjmoCI7CaSZOGkOs57A9-tJSfLjT6AVVZdq9WzuThegCsB4R9xTJfdSpYsp3skAei0LD7-thJac0ID1ztnvqkg1XzvpxlGfKPHSf8R-SikPIo6k-BxEasG362jCNj2PNduiVX_M1UGDa11gbiVoJLBlq8sbOFeU89R9hOrO9qX7vKUBVz7raw1MM5lbUgkJSavx9eRG8RT7GC9xjni1jlVbgbcniSQkLiTnsdH-kKcrLy5tuXPTetNt6bi1WAHKUiUAZla1efzaipLR4cBiPdhI6aGFJvUpsG5GSzSVDo=",
            "facilitated_booking_available": false,
            "pnr_count": 3,
            "has_airport_change": false,
            "technical_stops": 0,
            "throw_away_ticketing": false,
            "hidden_city_ticketing": false,
            "virtual_interlining": true
        },
        {
            "id": "0b7717884e020000e8e1422d_0|17880b774e090000597333dd_0",
            "flyFrom": "BUD",
            "flyTo": "HAM",
            "cityFrom": "Budapest",
            "cityCodeFrom": "BUD",
            "cityTo": "Hamburg",
            "cityCodeTo": "HAM",
            "countryFrom": {
                "code": "HU",
                "name": "Hungary"
            },
            "countryTo": {
                "code": "DE",
                "name": "Germany"
            },
            "local_departure": "2024-09-04T20:45:00.000Z",
            "utc_departure": "2024-09-04T18:45:00.000Z",
            "local_arrival": "2024-09-04T22:30:00.000Z",
            "utc_arrival": "2024-09-04T20:30:00.000Z",
            "nightsInDest": 7,
            "quality": 211.333205,
            "distance": 949.98,
            "duration": {
                "departure": 6300,
                "return": 6000,
                "total": 12300
            },
            "price": 160,
            "conversion": {
                "EUR": 160
            },
            "fare": {
                "adults": 160,
                "children": 160,
                "infants": 160
            },
            "fare_locks": {
                "EUR": [
                    {
                        "default": false,
                        "duration": "P1D",
                        "itinerary_price_limit": 360,
                        "itinerary_price_remaining": 160,
                        "fare_lock_kind": "fee",
                        "price": 8,
                        "rule_instance_id": 26749,
                        "version": "v1"
                    },
                    {
                        "default": true,
                        "duration": "P3D",
                        "itinerary_price_limit": 360,
                        "itinerary_price_remaining": 160,
                        "fare_lock_kind": "fee",
                        "price": 16,
                        "rule_instance_id": 26748,
                        "version": "v1"
                    },
                    {
                        "default": false,
                        "duration": "P7D",
                        "itinerary_price_limit": 360,
                        "itinerary_price_remaining": 160,
                        "fare_lock_kind": "fee",
                        "price": 40,
                        "rule_instance_id": 26750,
                        "version": "v1"
                    }
                ]
            },
            "bags_price": {
                "1": 72.8,
                "2": 282.8
            },
            "baglimit": {
                "hand_dimensions_sum": 118,
                "hand_height": 40,
                "hand_length": 55,
                "hand_weight": 8,
                "hand_width": 23,
                "hold_dimensions_sum": 158,
                "hold_height": 52,
                "hold_length": 78,
                "hold_weight": 23,
                "hold_width": 28,
                "personal_item_dimension_sum": 95,
                "personal_item_height": 30,
                "personal_item_length": 40,
                "personal_item_weight": 8,
                "personal_item_width": 25
            },
            "availability": {
                "seats": 8
            },
            "airlines": [
                "EW"
            ],
            "route": [
                {
                    "id": "0b7717884e020000e8e1422d_0",
                    "combination_id": "0b7717884e020000e8e1422d",
                    "flyFrom": "BUD",
                    "flyTo": "HAM",
                    "cityFrom": "Budapest",
                    "cityCodeFrom": "BUD",
                    "cityTo": "Hamburg",
                    "cityCodeTo": "HAM",
                    "local_departure": "2024-09-04T20:45:00.000Z",
                    "utc_departure": "2024-09-04T18:45:00.000Z",
                    "local_arrival": "2024-09-04T22:30:00.000Z",
                    "utc_arrival": "2024-09-04T20:30:00.000Z",
                    "airline": "EW",
                    "flight_no": 7783,
                    "operating_carrier": "EW",
                    "operating_flight_no": "7783",
                    "fare_basis": "",
                    "fare_category": "M",
                    "fare_classes": "",
                    "return": 0,
                    "bags_recheck_required": false,
                    "vi_connection": false,
                    "guarantee": false,
                    "equipment": null,
                    "vehicle_type": "aircraft"
                },
                {
                    "id": "17880b774e090000597333dd_0",
                    "combination_id": "17880b774e090000597333dd",
                    "flyFrom": "HAM",
                    "flyTo": "BUD",
                    "cityFrom": "Hamburg",
                    "cityCodeFrom": "HAM",
                    "cityTo": "Budapest",
                    "cityCodeTo": "BUD",
                    "local_departure": "2024-09-11T18:25:00.000Z",
                    "utc_departure": "2024-09-11T16:25:00.000Z",
                    "local_arrival": "2024-09-11T20:05:00.000Z",
                    "utc_arrival": "2024-09-11T18:05:00.000Z",
                    "airline": "EW",
                    "flight_no": 7782,
                    "operating_carrier": "EW",
                    "operating_flight_no": "7782",
                    "fare_basis": "",
                    "fare_category": "M",
                    "fare_classes": "",
                    "return": 1,
                    "bags_recheck_required": false,
                    "vi_connection": false,
                    "guarantee": false,
                    "equipment": null,
                    "vehicle_type": "aircraft"
                }
            ],
            "booking_token": "HQKEU7md5lTUMMkVWtQCLGEyM0OgZEhLc5oEGAZtd7xr6Cfo-ykaQhdPz_xwuXLyWc8trqEmIvsAxc_I_HQAdV_yYnS7ix2uArUA7TCGju9Sg9XojyK65RsmI8epcOJYpqyL1zEaC96hrV229N_oyI7bhsv6h0zZBDHcb2hVsXTxxnEz4Xm1RAlSWnSABdLE8n9ZdapJxek1F0cS8aXmsHV__87NkPLpyX2mT5y07sIFW6RJxCYOsy5mZFuJR0x2WTcW1180iwH-UE-4JjuDOW6M-paIOalsnxytrdnglnMRgONzE_fliE44KZpQMHIC7KfN7O_HLEM0zmejnFnxCRq-ib3QVyweLPeNLS6b0lRqjX5GURBf7JhYLERuVoIFtxctYZ7iCVktSa7C_bO9pf0dmEGK3NCWYKOtRVbSzm8hSyAJVBQYm17EsySpwm94mUibXpU60SPSz5R_awrAww8eXXGJxS9LBV1JoTfpt4TJ6q2g2SRR5u5GQkeBJwmIiwkMb9nzPyEATBYqfyrO2KgKKVyS0uoOojVmxe0jzmHTAYL-6gCOckPrE4OBoLbpTZ9OyY_ct8GgS6Aw3wjsyWajAoGY7p54CA8YkpxBm1hka_GS-v1IOyF48thxTkduCioDqhmuA_6DP4ypxuOgPnhu8imnCq5LDz_oefUvhrni_UoN9828hxL3gdpQlza0R",
            "deep_link": "https://www.kiwi.com/deep?affilid=mihalytest&currency=EUR&flightsId=0b7717884e020000e8e1422d_0%7C17880b774e090000597333dd_0&from=BUD&lang=en&passengers=1&to=HAM&booking_token=HQKEU7md5lTUMMkVWtQCLGEyM0OgZEhLc5oEGAZtd7xr6Cfo-ykaQhdPz_xwuXLyWc8trqEmIvsAxc_I_HQAdV_yYnS7ix2uArUA7TCGju9Sg9XojyK65RsmI8epcOJYpqyL1zEaC96hrV229N_oyI7bhsv6h0zZBDHcb2hVsXTxxnEz4Xm1RAlSWnSABdLE8n9ZdapJxek1F0cS8aXmsHV__87NkPLpyX2mT5y07sIFW6RJxCYOsy5mZFuJR0x2WTcW1180iwH-UE-4JjuDOW6M-paIOalsnxytrdnglnMRgONzE_fliE44KZpQMHIC7KfN7O_HLEM0zmejnFnxCRq-ib3QVyweLPeNLS6b0lRqjX5GURBf7JhYLERuVoIFtxctYZ7iCVktSa7C_bO9pf0dmEGK3NCWYKOtRVbSzm8hSyAJVBQYm17EsySpwm94mUibXpU60SPSz5R_awrAww8eXXGJxS9LBV1JoTfpt4TJ6q2g2SRR5u5GQkeBJwmIiwkMb9nzPyEATBYqfyrO2KgKKVyS0uoOojVmxe0jzmHTAYL-6gCOckPrE4OBoLbpTZ9OyY_ct8GgS6Aw3wjsyWajAoGY7p54CA8YkpxBm1hka_GS-v1IOyF48thxTkduCioDqhmuA_6DP4ypxuOgPnhu8imnCq5LDz_oefUvhrni_UoN9828hxL3gdpQlza0R",
            "facilitated_booking_available": true,
            "pnr_count": 2,
            "has_airport_change": false,
            "technical_stops": 0,
            "throw_away_ticketing": false,
            "hidden_city_ticketing": false,
            "virtual_interlining": false
        },
        {
            "id": "0b7717884e020000e8e1422d_0|17880b774e030000a956be9e_0",
            "flyFrom": "BUD",
            "flyTo": "HAM",
            "cityFrom": "Budapest",
            "cityCodeFrom": "BUD",
            "cityTo": "Hamburg",
            "cityCodeTo": "HAM",
            "countryFrom": {
                "code": "HU",
                "name": "Hungary"
            },
            "countryTo": {
                "code": "DE",
                "name": "Germany"
            },
            "local_departure": "2024-09-04T20:45:00.000Z",
            "utc_departure": "2024-09-04T18:45:00.000Z",
            "local_arrival": "2024-09-04T22:30:00.000Z",
            "utc_arrival": "2024-09-04T20:30:00.000Z",
            "nightsInDest": 1,
            "quality": 211.333205,
            "distance": 949.98,
            "duration": {
                "departure": 6300,
                "return": 6000,
                "total": 12300
            },
            "price": 160,
            "conversion": {
                "EUR": 160
            },
            "fare": {
                "adults": 160,
                "children": 160,
                "infants": 160
            },
            "fare_locks": {
                "EUR": [
                    {
                        "default": false,
                        "duration": "P1D",
                        "itinerary_price_limit": 360,
                        "itinerary_price_remaining": 160,
                        "fare_lock_kind": "fee",
                        "price": 8,
                        "rule_instance_id": 26749,
                        "version": "v1"
                    },
                    {
                        "default": true,
                        "duration": "P3D",
                        "itinerary_price_limit": 360,
                        "itinerary_price_remaining": 160,
                        "fare_lock_kind": "fee",
                        "price": 16,
                        "rule_instance_id": 26748,
                        "version": "v1"
                    },
                    {
                        "default": false,
                        "duration": "P7D",
                        "itinerary_price_limit": 360,
                        "itinerary_price_remaining": 160,
                        "fare_lock_kind": "fee",
                        "price": 40,
                        "rule_instance_id": 26750,
                        "version": "v1"
                    }
                ]
            },
            "bags_price": {
                "1": 72.8,
                "2": 282.8
            },
            "baglimit": {
                "hand_dimensions_sum": 118,
                "hand_height": 40,
                "hand_length": 55,
                "hand_weight": 8,
                "hand_width": 23,
                "hold_dimensions_sum": 158,
                "hold_height": 52,
                "hold_length": 78,
                "hold_weight": 23,
                "hold_width": 28,
                "personal_item_dimension_sum": 95,
                "personal_item_height": 30,
                "personal_item_length": 40,
                "personal_item_weight": 8,
                "personal_item_width": 25
            },
            "availability": {
                "seats": 2
            },
            "airlines": [
                "EW"
            ],
            "route": [
                {
                    "id": "0b7717884e020000e8e1422d_0",
                    "combination_id": "0b7717884e020000e8e1422d",
                    "flyFrom": "BUD",
                    "flyTo": "HAM",
                    "cityFrom": "Budapest",
                    "cityCodeFrom": "BUD",
                    "cityTo": "Hamburg",
                    "cityCodeTo": "HAM",
                    "local_departure": "2024-09-04T20:45:00.000Z",
                    "utc_departure": "2024-09-04T18:45:00.000Z",
                    "local_arrival": "2024-09-04T22:30:00.000Z",
                    "utc_arrival": "2024-09-04T20:30:00.000Z",
                    "airline": "EW",
                    "flight_no": 7783,
                    "operating_carrier": "EW",
                    "operating_flight_no": "7783",
                    "fare_basis": "",
                    "fare_category": "M",
                    "fare_classes": "",
                    "return": 0,
                    "bags_recheck_required": false,
                    "vi_connection": false,
                    "guarantee": false,
                    "equipment": null,
                    "vehicle_type": "aircraft"
                },
                {
                    "id": "17880b774e030000a956be9e_0",
                    "combination_id": "17880b774e030000a956be9e",
                    "flyFrom": "HAM",
                    "flyTo": "BUD",
                    "cityFrom": "Hamburg",
                    "cityCodeFrom": "HAM",
                    "cityTo": "Budapest",
                    "cityCodeTo": "BUD",
                    "local_departure": "2024-09-05T18:25:00.000Z",
                    "utc_departure": "2024-09-05T16:25:00.000Z",
                    "local_arrival": "2024-09-05T20:05:00.000Z",
                    "utc_arrival": "2024-09-05T18:05:00.000Z",
                    "airline": "EW",
                    "flight_no": 7782,
                    "operating_carrier": "EW",
                    "operating_flight_no": "7782",
                    "fare_basis": "",
                    "fare_category": "M",
                    "fare_classes": "",
                    "return": 1,
                    "bags_recheck_required": false,
                    "vi_connection": false,
                    "guarantee": false,
                    "equipment": null,
                    "vehicle_type": "aircraft"
                }
            ],
            "booking_token": "H8U11Ra3yaVDNxfjcAr9LPnXpwFqEEbbqrhUDnL0Hk6A9YCgoKwDRNb0Ux3TFKkSMr6ZgS0bDCgyTM1Szeu-lq1DH4xk7YGqlgvLRa4n3YS7PKKXpid0c1fsj7p0zRfWKuLP4i7f5NiQBgLF2GRdrup0h98Zqcd1OrnU-bqzfK6CEiW1Cx5O7S1AysmQpcsU9EQSMfuwJROQMTAIoPkQcm3PN8hI49w_2ubwslIuJVl8m9-jk4jmPOKcbKuwSfWDnBPedlv99UjfVY4CWwym3xIMF3lsLtq1hWluLqqL5Xc43rup6WDYLgy9SvFzC1Z-AiPJz1YulrxrYe-AFP3BWrZOmkQVgZGP9GMAu2ueMOKFliNJSL86KVebsANVGGPyBkns6H6Z9dBhYkVzZAFV8vnfZMkXBjboRU7b-e2ygcaoFi_PmN1V3X-bSk7175BI0JKQt4kNsXCbry7EBc7R09VG-yoSybdq5nomL2Sk40hDiCAhX0aEG3SyBSDRmX7BjXrFjnNJWU_xWmLiT8SPnSOcIYOe2ranIERi_N_K6WmU916Wy2Iar0q9xfXosJAN-L06ZRJwBNHZ-3YcoSmEzPyPfpx8yuNV_E_eEVmjINZgo5aZpMUSSAHoYOnxSkS0rmNX-Pad92EwHuOBcud0OBrVr6XYg3409_0rrGBzqVmJbIRKLAVOSrB49JVzmICHt",
            "deep_link": "https://www.kiwi.com/deep?affilid=mihalytest&currency=EUR&flightsId=0b7717884e020000e8e1422d_0%7C17880b774e030000a956be9e_0&from=BUD&lang=en&passengers=1&to=HAM&booking_token=H8U11Ra3yaVDNxfjcAr9LPnXpwFqEEbbqrhUDnL0Hk6A9YCgoKwDRNb0Ux3TFKkSMr6ZgS0bDCgyTM1Szeu-lq1DH4xk7YGqlgvLRa4n3YS7PKKXpid0c1fsj7p0zRfWKuLP4i7f5NiQBgLF2GRdrup0h98Zqcd1OrnU-bqzfK6CEiW1Cx5O7S1AysmQpcsU9EQSMfuwJROQMTAIoPkQcm3PN8hI49w_2ubwslIuJVl8m9-jk4jmPOKcbKuwSfWDnBPedlv99UjfVY4CWwym3xIMF3lsLtq1hWluLqqL5Xc43rup6WDYLgy9SvFzC1Z-AiPJz1YulrxrYe-AFP3BWrZOmkQVgZGP9GMAu2ueMOKFliNJSL86KVebsANVGGPyBkns6H6Z9dBhYkVzZAFV8vnfZMkXBjboRU7b-e2ygcaoFi_PmN1V3X-bSk7175BI0JKQt4kNsXCbry7EBc7R09VG-yoSybdq5nomL2Sk40hDiCAhX0aEG3SyBSDRmX7BjXrFjnNJWU_xWmLiT8SPnSOcIYOe2ranIERi_N_K6WmU916Wy2Iar0q9xfXosJAN-L06ZRJwBNHZ-3YcoSmEzPyPfpx8yuNV_E_eEVmjINZgo5aZpMUSSAHoYOnxSkS0rmNX-Pad92EwHuOBcud0OBrVr6XYg3409_0rrGBzqVmJbIRKLAVOSrB49JVzmICHt",
            "facilitated_booking_available": true,
            "pnr_count": 2,
            "has_airport_change": false,
            "technical_stops": 0,
            "throw_away_ticketing": false,
            "hidden_city_ticketing": false,
            "virtual_interlining": false
        },
        {
            "id": "0b7717884e5b0000352df78a_0|0b7717884e5b0000352df78a_1|17880b774e61000094f47c9e_0",
            "flyFrom": "BUD",
            "flyTo": "HAM",
            "cityFrom": "Budapest",
            "cityCodeFrom": "BUD",
            "cityTo": "Hamburg",
            "cityCodeTo": "HAM",
            "countryFrom": {
                "code": "HU",
                "name": "Hungary"
            },
            "countryTo": {
                "code": "DE",
                "name": "Germany"
            },
            "local_departure": "2024-12-02T15:15:00.000Z",
            "utc_departure": "2024-12-02T14:15:00.000Z",
            "local_arrival": "2024-12-02T19:45:00.000Z",
            "utc_arrival": "2024-12-02T18:45:00.000Z",
            "nightsInDest": 6,
            "quality": 233.999815,
            "distance": 949.98,
            "duration": {
                "departure": 16200,
                "return": 6300,
                "total": 22500
            },
            "price": 160,
            "conversion": {
                "EUR": 160
            },
            "fare": {
                "adults": 160,
                "children": 160,
                "infants": 160
            },
            "fare_locks": {
                "EUR": [
                    {
                        "default": false,
                        "duration": "P1D",
                        "itinerary_price_limit": 360,
                        "itinerary_price_remaining": 160,
                        "fare_lock_kind": "fee",
                        "price": 8,
                        "rule_instance_id": 26749,
                        "version": "v1"
                    },
                    {
                        "default": true,
                        "duration": "P3D",
                        "itinerary_price_limit": 360,
                        "itinerary_price_remaining": 160,
                        "fare_lock_kind": "fee",
                        "price": 16,
                        "rule_instance_id": 26748,
                        "version": "v1"
                    },
                    {
                        "default": false,
                        "duration": "P7D",
                        "itinerary_price_limit": 360,
                        "itinerary_price_remaining": 160,
                        "fare_lock_kind": "fee",
                        "price": 40,
                        "rule_instance_id": 26750,
                        "version": "v1"
                    }
                ]
            },
            "bags_price": {
                "1": 113.4
            },
            "baglimit": {
                "hand_dimensions_sum": 118,
                "hand_height": 40,
                "hand_length": 55,
                "hand_weight": 8,
                "hand_width": 23,
                "hold_dimensions_sum": 158,
                "hold_height": 52,
                "hold_length": 78,
                "hold_weight": 23,
                "hold_width": 28,
                "personal_item_dimension_sum": 80,
                "personal_item_height": 30,
                "personal_item_length": 40,
                "personal_item_weight": 4,
                "personal_item_width": 10
            },
            "availability": {
                "seats": 4
            },
            "airlines": [
                "JU",
                "EW"
            ],
            "route": [
                {
                    "id": "0b7717884e5b0000352df78a_0",
                    "combination_id": "0b7717884e5b0000352df78a",
                    "flyFrom": "BUD",
                    "flyTo": "BEG",
                    "cityFrom": "Budapest",
                    "cityCodeFrom": "BUD",
                    "cityTo": "Belgrade",
                    "cityCodeTo": "BEG",
                    "local_departure": "2024-12-02T15:15:00.000Z",
                    "utc_departure": "2024-12-02T14:15:00.000Z",
                    "local_arrival": "2024-12-02T16:20:00.000Z",
                    "utc_arrival": "2024-12-02T15:20:00.000Z",
                    "airline": "JU",
                    "flight_no": 143,
                    "operating_carrier": "JU",
                    "operating_flight_no": "143",
                    "fare_basis": "TNB14OHU",
                    "fare_category": "M",
                    "fare_classes": "T",
                    "return": 0,
                    "bags_recheck_required": false,
                    "vi_connection": false,
                    "guarantee": false,
                    "equipment": null,
                    "vehicle_type": "aircraft"
                },
                {
                    "id": "0b7717884e5b0000352df78a_1",
                    "combination_id": "0b7717884e5b0000352df78a",
                    "flyFrom": "BEG",
                    "flyTo": "HAM",
                    "cityFrom": "Belgrade",
                    "cityCodeFrom": "BEG",
                    "cityTo": "Hamburg",
                    "cityCodeTo": "HAM",
                    "local_departure": "2024-12-02T17:30:00.000Z",
                    "utc_departure": "2024-12-02T16:30:00.000Z",
                    "local_arrival": "2024-12-02T19:45:00.000Z",
                    "utc_arrival": "2024-12-02T18:45:00.000Z",
                    "airline": "JU",
                    "flight_no": 292,
                    "operating_carrier": "JU",
                    "operating_flight_no": "292",
                    "fare_basis": "TNB14OHU",
                    "fare_category": "M",
                    "fare_classes": "T",
                    "return": 0,
                    "bags_recheck_required": false,
                    "vi_connection": false,
                    "guarantee": false,
                    "equipment": null,
                    "vehicle_type": "aircraft"
                },
                {
                    "id": "17880b774e61000094f47c9e_0",
                    "combination_id": "17880b774e61000094f47c9e",
                    "flyFrom": "HAM",
                    "flyTo": "BUD",
                    "cityFrom": "Hamburg",
                    "cityCodeFrom": "HAM",
                    "cityTo": "Budapest",
                    "cityCodeTo": "BUD",
                    "local_departure": "2024-12-08T13:05:00.000Z",
                    "utc_departure": "2024-12-08T12:05:00.000Z",
                    "local_arrival": "2024-12-08T14:50:00.000Z",
                    "utc_arrival": "2024-12-08T13:50:00.000Z",
                    "airline": "EW",
                    "flight_no": 7780,
                    "operating_carrier": "EW",
                    "operating_flight_no": "7780",
                    "fare_basis": "",
                    "fare_category": "M",
                    "fare_classes": "",
                    "return": 1,
                    "bags_recheck_required": false,
                    "vi_connection": false,
                    "guarantee": false,
                    "equipment": null,
                    "vehicle_type": "aircraft"
                }
            ],
            "booking_token": "HSyV3RMfFUnARWCn2j4CRyLYMDUEbllE2_F09g6Rdp0OIq8ITZDhNnWGwpMZLfxz5VOdS8NJOPp_A4_CUpwcLwHkSL6hGpdcrFZWpDpKW4po0lwaaaBjQesbyoh8kRXoDRVQ5eQI6JlSwPh4wHOXvkZRFVX6qWFRl_MZ6swcdLtCIjTC4SI4hmjLC2nin9kc5qSVcx-lGMDqP8B6vZo66JoM1aQQGTWkwuK1HGSyqMQFzTACazWcBEl-X05AD28qEsJQ6HJwxiruWhABKVzJX2BhYD2aUk3TJN9Pk8TPE9FjOKoYWuMPgQedrW1acm66d_r87aij3O29FZ4Iv-vM3cmMUOmUn5e9yJFKRibTJ_uvj_keGl_jbozwdeJuKs7be4hQ0jQjz9FxQN7CdeI6dlslrXM7as2gLVA2TyqArfO4EY3VWdA37CV44ch5rh6oidBQKkOKZWj3K_yHdLjI3BN7cBvFShPawOSFqpGA8qpdtuRjoS53V1I89VhVrnDTSuacRbrQFeLQTInGOciVrpLtyU2o2yFkJfPv26VCHxPspw7mlt8W6Z6DqFo_HEvWOI6exMoRqeFBI5PU_Q12Xmqjg7qweP5e1Pu_7pW1bR4yrp8kX_6XywOAbCynC8hOgG2WeUSn-8PTFBzsApPfhqyjYTqJrNxLealNBISFqgOCRhQdcNxzlkB-0_9bM7Qs4mwX4pOrVY_D9C90oRwFmd-fK0tzecdRvH08ILVSmc1UwNdEfp46SDHy5IGbqOpvq",
            "deep_link": "https://www.kiwi.com/deep?affilid=mihalytest&currency=EUR&flightsId=0b7717884e5b0000352df78a_0%7C0b7717884e5b0000352df78a_1%7C17880b774e61000094f47c9e_0&from=BUD&lang=en&passengers=1&to=HAM&booking_token=HSyV3RMfFUnARWCn2j4CRyLYMDUEbllE2_F09g6Rdp0OIq8ITZDhNnWGwpMZLfxz5VOdS8NJOPp_A4_CUpwcLwHkSL6hGpdcrFZWpDpKW4po0lwaaaBjQesbyoh8kRXoDRVQ5eQI6JlSwPh4wHOXvkZRFVX6qWFRl_MZ6swcdLtCIjTC4SI4hmjLC2nin9kc5qSVcx-lGMDqP8B6vZo66JoM1aQQGTWkwuK1HGSyqMQFzTACazWcBEl-X05AD28qEsJQ6HJwxiruWhABKVzJX2BhYD2aUk3TJN9Pk8TPE9FjOKoYWuMPgQedrW1acm66d_r87aij3O29FZ4Iv-vM3cmMUOmUn5e9yJFKRibTJ_uvj_keGl_jbozwdeJuKs7be4hQ0jQjz9FxQN7CdeI6dlslrXM7as2gLVA2TyqArfO4EY3VWdA37CV44ch5rh6oidBQKkOKZWj3K_yHdLjI3BN7cBvFShPawOSFqpGA8qpdtuRjoS53V1I89VhVrnDTSuacRbrQFeLQTInGOciVrpLtyU2o2yFkJfPv26VCHxPspw7mlt8W6Z6DqFo_HEvWOI6exMoRqeFBI5PU_Q12Xmqjg7qweP5e1Pu_7pW1bR4yrp8kX_6XywOAbCynC8hOgG2WeUSn-8PTFBzsApPfhqyjYTqJrNxLealNBISFqgOCRhQdcNxzlkB-0_9bM7Qs4mwX4pOrVY_D9C90oRwFmd-fK0tzecdRvH08ILVSmc1UwNdEfp46SDHy5IGbqOpvq",
            "facilitated_booking_available": true,
            "pnr_count": 2,
            "has_airport_change": false,
            "technical_stops": 0,
            "throw_away_ticketing": false,
            "hidden_city_ticketing": false,
            "virtual_interlining": false
        },
        {
            "id": "0b7717884e3800009c5551f4_0|0b7717884e3800009c5551f4_1|17880b774e3f0000a2fc0b41_0",
            "flyFrom": "BUD",
            "flyTo": "HAM",
            "cityFrom": "Budapest",
            "cityCodeFrom": "BUD",
            "cityTo": "Hamburg",
            "cityCodeTo": "HAM",
            "countryFrom": {
                "code": "HU",
                "name": "Hungary"
            },
            "countryTo": {
                "code": "DE",
                "name": "Germany"
            },
            "local_departure": "2024-10-28T15:15:00.000Z",
            "utc_departure": "2024-10-28T14:15:00.000Z",
            "local_arrival": "2024-10-28T19:45:00.000Z",
            "utc_arrival": "2024-10-28T18:45:00.000Z",
            "nightsInDest": 7,
            "quality": 233.999815,
            "distance": 949.98,
            "duration": {
                "departure": 16200,
                "return": 6300,
                "total": 22500
            },
            "price": 160,
            "conversion": {
                "EUR": 160
            },
            "fare": {
                "adults": 160,
                "children": 160,
                "infants": 160
            },
            "fare_locks": {
                "EUR": [
                    {
                        "default": false,
                        "duration": "P1D",
                        "itinerary_price_limit": 360,
                        "itinerary_price_remaining": 160,
                        "fare_lock_kind": "fee",
                        "price": 8,
                        "rule_instance_id": 26749,
                        "version": "v1"
                    },
                    {
                        "default": true,
                        "duration": "P3D",
                        "itinerary_price_limit": 360,
                        "itinerary_price_remaining": 160,
                        "fare_lock_kind": "fee",
                        "price": 16,
                        "rule_instance_id": 26748,
                        "version": "v1"
                    },
                    {
                        "default": false,
                        "duration": "P7D",
                        "itinerary_price_limit": 360,
                        "itinerary_price_remaining": 160,
                        "fare_lock_kind": "fee",
                        "price": 40,
                        "rule_instance_id": 26750,
                        "version": "v1"
                    }
                ]
            },
            "bags_price": {
                "1": 113.4
            },
            "baglimit": {
                "hand_dimensions_sum": 118,
                "hand_height": 40,
                "hand_length": 55,
                "hand_weight": 8,
                "hand_width": 23,
                "hold_dimensions_sum": 158,
                "hold_height": 52,
                "hold_length": 78,
                "hold_weight": 23,
                "hold_width": 28,
                "personal_item_dimension_sum": 80,
                "personal_item_height": 30,
                "personal_item_length": 40,
                "personal_item_weight": 4,
                "personal_item_width": 10
            },
            "availability": {
                "seats": 1
            },
            "airlines": [
                "JU",
                "EW"
            ],
            "route": [
                {
                    "id": "0b7717884e3800009c5551f4_0",
                    "combination_id": "0b7717884e3800009c5551f4",
                    "flyFrom": "BUD",
                    "flyTo": "BEG",
                    "cityFrom": "Budapest",
                    "cityCodeFrom": "BUD",
                    "cityTo": "Belgrade",
                    "cityCodeTo": "BEG",
                    "local_departure": "2024-10-28T15:15:00.000Z",
                    "utc_departure": "2024-10-28T14:15:00.000Z",
                    "local_arrival": "2024-10-28T16:20:00.000Z",
                    "utc_arrival": "2024-10-28T15:20:00.000Z",
                    "airline": "JU",
                    "flight_no": 143,
                    "operating_carrier": "JU",
                    "operating_flight_no": "143",
                    "fare_basis": "TNB14OHU",
                    "fare_category": "M",
                    "fare_classes": "T",
                    "return": 0,
                    "bags_recheck_required": false,
                    "vi_connection": false,
                    "guarantee": false,
                    "equipment": null,
                    "vehicle_type": "aircraft"
                },
                {
                    "id": "0b7717884e3800009c5551f4_1",
                    "combination_id": "0b7717884e3800009c5551f4",
                    "flyFrom": "BEG",
                    "flyTo": "HAM",
                    "cityFrom": "Belgrade",
                    "cityCodeFrom": "BEG",
                    "cityTo": "Hamburg",
                    "cityCodeTo": "HAM",
                    "local_departure": "2024-10-28T17:30:00.000Z",
                    "utc_departure": "2024-10-28T16:30:00.000Z",
                    "local_arrival": "2024-10-28T19:45:00.000Z",
                    "utc_arrival": "2024-10-28T18:45:00.000Z",
                    "airline": "JU",
                    "flight_no": 292,
                    "operating_carrier": "JU",
                    "operating_flight_no": "292",
                    "fare_basis": "TNB14OHU",
                    "fare_category": "M",
                    "fare_classes": "T",
                    "return": 0,
                    "bags_recheck_required": false,
                    "vi_connection": false,
                    "guarantee": false,
                    "equipment": null,
                    "vehicle_type": "aircraft"
                },
                {
                    "id": "17880b774e3f0000a2fc0b41_0",
                    "combination_id": "17880b774e3f0000a2fc0b41",
                    "flyFrom": "HAM",
                    "flyTo": "BUD",
                    "cityFrom": "Hamburg",
                    "cityCodeFrom": "HAM",
                    "cityTo": "Budapest",
                    "cityCodeTo": "BUD",
                    "local_departure": "2024-11-04T06:45:00.000Z",
                    "utc_departure": "2024-11-04T05:45:00.000Z",
                    "local_arrival": "2024-11-04T08:30:00.000Z",
                    "utc_arrival": "2024-11-04T07:30:00.000Z",
                    "airline": "EW",
                    "flight_no": 7780,
                    "operating_carrier": "EW",
                    "operating_flight_no": "7780",
                    "fare_basis": "",
                    "fare_category": "M",
                    "fare_classes": "",
                    "return": 1,
                    "bags_recheck_required": false,
                    "vi_connection": false,
                    "guarantee": false,
                    "equipment": null,
                    "vehicle_type": "aircraft"
                }
            ],
            "booking_token": "HYdFQjQVsghG_-j_IXWPfpn51Hv1otgI7DJgTJZZMk5qCpijo1ihgcjwma4qDcNQtsprHCSIDxenoJ7rVMAdGKNON7Adb-dzhHnfI7fDbovHQhslhi3VkqeJuCMbTc_Q0abHX5n7cBsgyLy2wmZ758-14Pcjopz2qGE6-agxKIzBiuxSqOCg4bHzL-THxszYu1mdpsZq2dwdZF_wJAfSLYW0y2whTeC5XWpbfTJ-bfwPrS-ozBLWARpA9UNExHyG7GNgZTM257VVXirdf3jtNsZ9-Z7gmCyyH4Xo8CafYbkPWTLU-xTp6Hu_f7Ezk1p3BIcD35_urPZCWJdb3TyiC7ilwnLCQuV7FisL12FRKDHoA1obQEQzQC4Fifg7zqE4uqoZ0zCVzJCSAAf_Kj_BsHGWnwDgFc3bTlmiPkReXgtHWyZYr_oJ7WZsCRroYt0LmFt74eLn5gPXjUvro1bLiDBvWqugKgiyxx_qHwpIgcZuFEgooTwhYVwW-dNTa4lVsPAiM3Ih8TGWlFUiBho_HbUmsKiO6o1Y7h30Bt7TAyFTIpKADT_V0Gd38Dt4JEOCsYBZcWEWrMQmTj84PjKJlXNrzEzwwwEeBcjCuXPI97DIDHNBeeG44cMbtP6UuTUaBe_C0pEA6gkr1O5A-mT35Nsqzn2iJR0sgxMwt_ZjKMC_2RYfLsJBYSqF26qp4sU7Fdu0Mqsduzd4dFNaUiBUxB7aeJ6j-jPKKKtf4L52EVdqYlgIQrIAgxoIU2NO8UQXvSo8fIdWkU0P6NltubCUY6g==",
            "deep_link": "https://www.kiwi.com/deep?affilid=mihalytest&currency=EUR&flightsId=0b7717884e3800009c5551f4_0%7C0b7717884e3800009c5551f4_1%7C17880b774e3f0000a2fc0b41_0&from=BUD&lang=en&passengers=1&to=HAM&booking_token=HYdFQjQVsghG_-j_IXWPfpn51Hv1otgI7DJgTJZZMk5qCpijo1ihgcjwma4qDcNQtsprHCSIDxenoJ7rVMAdGKNON7Adb-dzhHnfI7fDbovHQhslhi3VkqeJuCMbTc_Q0abHX5n7cBsgyLy2wmZ758-14Pcjopz2qGE6-agxKIzBiuxSqOCg4bHzL-THxszYu1mdpsZq2dwdZF_wJAfSLYW0y2whTeC5XWpbfTJ-bfwPrS-ozBLWARpA9UNExHyG7GNgZTM257VVXirdf3jtNsZ9-Z7gmCyyH4Xo8CafYbkPWTLU-xTp6Hu_f7Ezk1p3BIcD35_urPZCWJdb3TyiC7ilwnLCQuV7FisL12FRKDHoA1obQEQzQC4Fifg7zqE4uqoZ0zCVzJCSAAf_Kj_BsHGWnwDgFc3bTlmiPkReXgtHWyZYr_oJ7WZsCRroYt0LmFt74eLn5gPXjUvro1bLiDBvWqugKgiyxx_qHwpIgcZuFEgooTwhYVwW-dNTa4lVsPAiM3Ih8TGWlFUiBho_HbUmsKiO6o1Y7h30Bt7TAyFTIpKADT_V0Gd38Dt4JEOCsYBZcWEWrMQmTj84PjKJlXNrzEzwwwEeBcjCuXPI97DIDHNBeeG44cMbtP6UuTUaBe_C0pEA6gkr1O5A-mT35Nsqzn2iJR0sgxMwt_ZjKMC_2RYfLsJBYSqF26qp4sU7Fdu0Mqsduzd4dFNaUiBUxB7aeJ6j-jPKKKtf4L52EVdqYlgIQrIAgxoIU2NO8UQXvSo8fIdWkU0P6NltubCUY6g==",
            "facilitated_booking_available": true,
            "pnr_count": 2,
            "has_airport_change": false,
            "technical_stops": 0,
            "throw_away_ticketing": false,
            "hidden_city_ticketing": false,
            "virtual_interlining": false
        },
        {
            "id": "0b7717884e6200007bcfaf87_0|0b7717884e6200007bcfaf87_1|17880b774e6900002ba74153_0",
            "flyFrom": "BUD",
            "flyTo": "HAM",
            "cityFrom": "Budapest",
            "cityCodeFrom": "BUD",
            "cityTo": "Hamburg",
            "cityCodeTo": "HAM",
            "countryFrom": {
                "code": "HU",
                "name": "Hungary"
            },
            "countryTo": {
                "code": "DE",
                "name": "Germany"
            },
            "local_departure": "2024-12-09T15:15:00.000Z",
            "utc_departure": "2024-12-09T14:15:00.000Z",
            "local_arrival": "2024-12-09T19:45:00.000Z",
            "utc_arrival": "2024-12-09T18:45:00.000Z",
            "nightsInDest": 7,
            "quality": 233.999815,
            "distance": 949.98,
            "duration": {
                "departure": 16200,
                "return": 6300,
                "total": 22500
            },
            "price": 160,
            "conversion": {
                "EUR": 160
            },
            "fare": {
                "adults": 160,
                "children": 160,
                "infants": 160
            },
            "fare_locks": {
                "EUR": [
                    {
                        "default": false,
                        "duration": "P1D",
                        "itinerary_price_limit": 360,
                        "itinerary_price_remaining": 160,
                        "fare_lock_kind": "fee",
                        "price": 8,
                        "rule_instance_id": 26749,
                        "version": "v1"
                    },
                    {
                        "default": true,
                        "duration": "P3D",
                        "itinerary_price_limit": 360,
                        "itinerary_price_remaining": 160,
                        "fare_lock_kind": "fee",
                        "price": 16,
                        "rule_instance_id": 26748,
                        "version": "v1"
                    },
                    {
                        "default": false,
                        "duration": "P7D",
                        "itinerary_price_limit": 360,
                        "itinerary_price_remaining": 160,
                        "fare_lock_kind": "fee",
                        "price": 40,
                        "rule_instance_id": 26750,
                        "version": "v1"
                    }
                ]
            },
            "bags_price": {
                "1": 113.4
            },
            "baglimit": {
                "hand_dimensions_sum": 118,
                "hand_height": 40,
                "hand_length": 55,
                "hand_weight": 8,
                "hand_width": 23,
                "hold_dimensions_sum": 158,
                "hold_height": 52,
                "hold_length": 78,
                "hold_weight": 23,
                "hold_width": 28,
                "personal_item_dimension_sum": 80,
                "personal_item_height": 30,
                "personal_item_length": 40,
                "personal_item_weight": 4,
                "personal_item_width": 10
            },
            "availability": {
                "seats": 4
            },
            "airlines": [
                "JU",
                "EW"
            ],
            "route": [
                {
                    "id": "0b7717884e6200007bcfaf87_0",
                    "combination_id": "0b7717884e6200007bcfaf87",
                    "flyFrom": "BUD",
                    "flyTo": "BEG",
                    "cityFrom": "Budapest",
                    "cityCodeFrom": "BUD",
                    "cityTo": "Belgrade",
                    "cityCodeTo": "BEG",
                    "local_departure": "2024-12-09T15:15:00.000Z",
                    "utc_departure": "2024-12-09T14:15:00.000Z",
                    "local_arrival": "2024-12-09T16:20:00.000Z",
                    "utc_arrival": "2024-12-09T15:20:00.000Z",
                    "airline": "JU",
                    "flight_no": 143,
                    "operating_carrier": "JU",
                    "operating_flight_no": "143",
                    "fare_basis": "TNB14OHU",
                    "fare_category": "M",
                    "fare_classes": "T",
                    "return": 0,
                    "bags_recheck_required": false,
                    "vi_connection": false,
                    "guarantee": false,
                    "equipment": null,
                    "vehicle_type": "aircraft"
                },
                {
                    "id": "0b7717884e6200007bcfaf87_1",
                    "combination_id": "0b7717884e6200007bcfaf87",
                    "flyFrom": "BEG",
                    "flyTo": "HAM",
                    "cityFrom": "Belgrade",
                    "cityCodeFrom": "BEG",
                    "cityTo": "Hamburg",
                    "cityCodeTo": "HAM",
                    "local_departure": "2024-12-09T17:30:00.000Z",
                    "utc_departure": "2024-12-09T16:30:00.000Z",
                    "local_arrival": "2024-12-09T19:45:00.000Z",
                    "utc_arrival": "2024-12-09T18:45:00.000Z",
                    "airline": "JU",
                    "flight_no": 292,
                    "operating_carrier": "JU",
                    "operating_flight_no": "292",
                    "fare_basis": "TNB14OHU",
                    "fare_category": "M",
                    "fare_classes": "T",
                    "return": 0,
                    "bags_recheck_required": false,
                    "vi_connection": false,
                    "guarantee": false,
                    "equipment": null,
                    "vehicle_type": "aircraft"
                },
                {
                    "id": "17880b774e6900002ba74153_0",
                    "combination_id": "17880b774e6900002ba74153",
                    "flyFrom": "HAM",
                    "flyTo": "BUD",
                    "cityFrom": "Hamburg",
                    "cityCodeFrom": "HAM",
                    "cityTo": "Budapest",
                    "cityCodeTo": "BUD",
                    "local_departure": "2024-12-16T06:45:00.000Z",
                    "utc_departure": "2024-12-16T05:45:00.000Z",
                    "local_arrival": "2024-12-16T08:30:00.000Z",
                    "utc_arrival": "2024-12-16T07:30:00.000Z",
                    "airline": "EW",
                    "flight_no": 7780,
                    "operating_carrier": "EW",
                    "operating_flight_no": "7780",
                    "fare_basis": "",
                    "fare_category": "M",
                    "fare_classes": "X",
                    "return": 1,
                    "bags_recheck_required": false,
                    "vi_connection": false,
                    "guarantee": false,
                    "equipment": null,
                    "vehicle_type": "aircraft"
                }
            ],
            "booking_token": "HjiOVjArJK-voRwDQOfvblEYKW48vdwwNVdR3pJOSpLMxpdq-w424DOGwnPsz63G4aPspaQemtAlCuoO8iEjhKcNnrBTtnXXqDQILO52MBdAc5rGGwTJxDrLknHxC6qk0iQ8rfpx7R_VudsEmV2MLVXt-qE3KztuPJdMrlS555ClUIH66EhZqgCsu6ZksvwjT0gWbBddRR7ZWB_QfTMzafTDVfNB8NqPiifaCL1BlsiQYiFFVHoljdIw1u5Lc5gqhBDh80pN0bmeUGdQVLrVLDkQG_QBqR3-eD-Lm5tWcFDGVkUUsEx1oPeJckaH-XX2ffuVxXxx9XWDjLh9dQknhfrRzGaE9b8LqbQw-aub8lhfR20gy3Dpea94myxTlaAwB_aBffK65ApMxn4iAxle2YVlfs8aGuxGanAdMycJeV2Xd4b72Yzij9Vc-ovz8vQQObWRsQGhdgD6a-WKl2EW3N9hSUYrlmOuPIoasCnFqQJHPvF7OBzSLqunM9PmKE1XNJOn5SMj-aZAoemmUwTeMF0GPa5u1fe-Ev61HShnzsBNrC-egsVZALgnz2xaRINyo8psb9LzNz9qjBswKZduF0A9vgP_r116Vzg39nEFo8xQ0-GFpkTeBzQPgI7wHJdM7rfb0-GVgQ0RhcthxKtWKWkWvM4ScFCyNKqNnC7oQxo1yrvozDhn2WVHTqOXgouqB1EFHOdt-Zo3vIjjAa9hoqtxDFJoPNNPYasseTDHCoah8UBSBbsux7OPFlpDwc1v5",
            "deep_link": "https://www.kiwi.com/deep?affilid=mihalytest&currency=EUR&flightsId=0b7717884e6200007bcfaf87_0%7C0b7717884e6200007bcfaf87_1%7C17880b774e6900002ba74153_0&from=BUD&lang=en&passengers=1&to=HAM&booking_token=HjiOVjArJK-voRwDQOfvblEYKW48vdwwNVdR3pJOSpLMxpdq-w424DOGwnPsz63G4aPspaQemtAlCuoO8iEjhKcNnrBTtnXXqDQILO52MBdAc5rGGwTJxDrLknHxC6qk0iQ8rfpx7R_VudsEmV2MLVXt-qE3KztuPJdMrlS555ClUIH66EhZqgCsu6ZksvwjT0gWbBddRR7ZWB_QfTMzafTDVfNB8NqPiifaCL1BlsiQYiFFVHoljdIw1u5Lc5gqhBDh80pN0bmeUGdQVLrVLDkQG_QBqR3-eD-Lm5tWcFDGVkUUsEx1oPeJckaH-XX2ffuVxXxx9XWDjLh9dQknhfrRzGaE9b8LqbQw-aub8lhfR20gy3Dpea94myxTlaAwB_aBffK65ApMxn4iAxle2YVlfs8aGuxGanAdMycJeV2Xd4b72Yzij9Vc-ovz8vQQObWRsQGhdgD6a-WKl2EW3N9hSUYrlmOuPIoasCnFqQJHPvF7OBzSLqunM9PmKE1XNJOn5SMj-aZAoemmUwTeMF0GPa5u1fe-Ev61HShnzsBNrC-egsVZALgnz2xaRINyo8psb9LzNz9qjBswKZduF0A9vgP_r116Vzg39nEFo8xQ0-GFpkTeBzQPgI7wHJdM7rfb0-GVgQ0RhcthxKtWKWkWvM4ScFCyNKqNnC7oQxo1yrvozDhn2WVHTqOXgouqB1EFHOdt-Zo3vIjjAa9hoqtxDFJoPNNPYasseTDHCoah8UBSBbsux7OPFlpDwc1v5",
            "facilitated_booking_available": true,
            "pnr_count": 2,
            "has_airport_change": false,
            "technical_stops": 0,
            "throw_away_ticketing": false,
            "hidden_city_ticketing": false,
            "virtual_interlining": false
        },
        {
            "id": "0b7717884e6200007bcfaf87_0|0b7717884e6200007bcfaf87_1|17880b774e6800001b7d3faf_0",
            "flyFrom": "BUD",
            "flyTo": "HAM",
            "cityFrom": "Budapest",
            "cityCodeFrom": "BUD",
            "cityTo": "Hamburg",
            "cityCodeTo": "HAM",
            "countryFrom": {
                "code": "HU",
                "name": "Hungary"
            },
            "countryTo": {
                "code": "DE",
                "name": "Germany"
            },
            "local_departure": "2024-12-09T15:15:00.000Z",
            "utc_departure": "2024-12-09T14:15:00.000Z",
            "local_arrival": "2024-12-09T19:45:00.000Z",
            "utc_arrival": "2024-12-09T18:45:00.000Z",
            "nightsInDest": 6,
            "quality": 233.999815,
            "distance": 949.98,
            "duration": {
                "departure": 16200,
                "return": 6300,
                "total": 22500
            },
            "price": 160,
            "conversion": {
                "EUR": 160
            },
            "fare": {
                "adults": 160,
                "children": 160,
                "infants": 160
            },
            "fare_locks": {
                "EUR": [
                    {
                        "default": false,
                        "duration": "P1D",
                        "itinerary_price_limit": 360,
                        "itinerary_price_remaining": 160,
                        "fare_lock_kind": "fee",
                        "price": 8,
                        "rule_instance_id": 26749,
                        "version": "v1"
                    },
                    {
                        "default": true,
                        "duration": "P3D",
                        "itinerary_price_limit": 360,
                        "itinerary_price_remaining": 160,
                        "fare_lock_kind": "fee",
                        "price": 16,
                        "rule_instance_id": 26748,
                        "version": "v1"
                    },
                    {
                        "default": false,
                        "duration": "P7D",
                        "itinerary_price_limit": 360,
                        "itinerary_price_remaining": 160,
                        "fare_lock_kind": "fee",
                        "price": 40,
                        "rule_instance_id": 26750,
                        "version": "v1"
                    }
                ]
            },
            "bags_price": {
                "1": 113.4
            },
            "baglimit": {
                "hand_dimensions_sum": 118,
                "hand_height": 40,
                "hand_length": 55,
                "hand_weight": 8,
                "hand_width": 23,
                "hold_dimensions_sum": 158,
                "hold_height": 52,
                "hold_length": 78,
                "hold_weight": 23,
                "hold_width": 28,
                "personal_item_dimension_sum": 80,
                "personal_item_height": 30,
                "personal_item_length": 40,
                "personal_item_weight": 4,
                "personal_item_width": 10
            },
            "availability": {
                "seats": 4
            },
            "airlines": [
                "JU",
                "EW"
            ],
            "route": [
                {
                    "id": "0b7717884e6200007bcfaf87_0",
                    "combination_id": "0b7717884e6200007bcfaf87",
                    "flyFrom": "BUD",
                    "flyTo": "BEG",
                    "cityFrom": "Budapest",
                    "cityCodeFrom": "BUD",
                    "cityTo": "Belgrade",
                    "cityCodeTo": "BEG",
                    "local_departure": "2024-12-09T15:15:00.000Z",
                    "utc_departure": "2024-12-09T14:15:00.000Z",
                    "local_arrival": "2024-12-09T16:20:00.000Z",
                    "utc_arrival": "2024-12-09T15:20:00.000Z",
                    "airline": "JU",
                    "flight_no": 143,
                    "operating_carrier": "JU",
                    "operating_flight_no": "143",
                    "fare_basis": "TNB14OHU",
                    "fare_category": "M",
                    "fare_classes": "T",
                    "return": 0,
                    "bags_recheck_required": false,
                    "vi_connection": false,
                    "guarantee": false,
                    "equipment": null,
                    "vehicle_type": "aircraft"
                },
                {
                    "id": "0b7717884e6200007bcfaf87_1",
                    "combination_id": "0b7717884e6200007bcfaf87",
                    "flyFrom": "BEG",
                    "flyTo": "HAM",
                    "cityFrom": "Belgrade",
                    "cityCodeFrom": "BEG",
                    "cityTo": "Hamburg",
                    "cityCodeTo": "HAM",
                    "local_departure": "2024-12-09T17:30:00.000Z",
                    "utc_departure": "2024-12-09T16:30:00.000Z",
                    "local_arrival": "2024-12-09T19:45:00.000Z",
                    "utc_arrival": "2024-12-09T18:45:00.000Z",
                    "airline": "JU",
                    "flight_no": 292,
                    "operating_carrier": "JU",
                    "operating_flight_no": "292",
                    "fare_basis": "TNB14OHU",
                    "fare_category": "M",
                    "fare_classes": "T",
                    "return": 0,
                    "bags_recheck_required": false,
                    "vi_connection": false,
                    "guarantee": false,
                    "equipment": null,
                    "vehicle_type": "aircraft"
                },
                {
                    "id": "17880b774e6800001b7d3faf_0",
                    "combination_id": "17880b774e6800001b7d3faf",
                    "flyFrom": "HAM",
                    "flyTo": "BUD",
                    "cityFrom": "Hamburg",
                    "cityCodeFrom": "HAM",
                    "cityTo": "Budapest",
                    "cityCodeTo": "BUD",
                    "local_departure": "2024-12-15T13:05:00.000Z",
                    "utc_departure": "2024-12-15T12:05:00.000Z",
                    "local_arrival": "2024-12-15T14:50:00.000Z",
                    "utc_arrival": "2024-12-15T13:50:00.000Z",
                    "airline": "EW",
                    "flight_no": 7780,
                    "operating_carrier": "EW",
                    "operating_flight_no": "7780",
                    "fare_basis": "",
                    "fare_category": "M",
                    "fare_classes": "X",
                    "return": 1,
                    "bags_recheck_required": false,
                    "vi_connection": false,
                    "guarantee": false,
                    "equipment": null,
                    "vehicle_type": "aircraft"
                }
            ],
            "booking_token": "HWOxH8sy2v25ybN-NdBvawXIPQC2LzMpGym6VydiTIdWU65gE8oA43UsT5R_LiiOOZKUKnqxZEcB4a33zT8IJh6AAMPT_kcMTasqR2w9LW4sBSVM11hRW7_uRhYmY7vcB6vpAAQCmvLtDYXop1rxk7yZ1IMLziB1FBXNoGIykEalhCtGciuHrPYg8ng2LMvkD_pntNZt_tcqUGJvo16IDN6qy_O9rVm1_i-mn9BSrlLva6nuQdY1o0P0aw_KSQshS67ZTOI48xd5p4XK3q455nSEgLzTiWj4JVRuxQol0dzqdzsuLHe6-ERUXj78hZwHUC55s68kswU184-hRc9QMhLqXdygpx_QN1kK-gh5b2vU97PIcVX6Ci0lO946tojuRbetMMIQVP7hmSDhbDUNkB41rqyJiM-_1z67rB_dfoZ0HtBwEPXnf_Ww_SQdEPfXANWvjREeBEmB3KbQrY1Dlv7gNWV7Yo9nbkdW3Zaj5TyS1fMvYO3mGpDEHs2R3wzBQoKnA6O1rTaULIvog-1DGONpMT7NzRK47e9vwzjPaEjujhD0AV2B37NA5zsILJ4_-pdS8XGs6NJ0sRuG0Dg57ZHF7i3wSw6_tZ3EVWsfs_P6-bD-TVCQD0Y4PV2cfnrFMAefw7a2shTtnsgPon9p9FeWTGHTIRqsNKmpN9POYbplcgdSEQwbQafyYa-Vm-Mvkic9CPMFkSp4M6bcFrVTl6TMYQ-W4FMjXBr1iO5RmFgWTnnL72scOrjbK7QCvW5Ax",
            "deep_link": "https://www.kiwi.com/deep?affilid=mihalytest&currency=EUR&flightsId=0b7717884e6200007bcfaf87_0%7C0b7717884e6200007bcfaf87_1%7C17880b774e6800001b7d3faf_0&from=BUD&lang=en&passengers=1&to=HAM&booking_token=HWOxH8sy2v25ybN-NdBvawXIPQC2LzMpGym6VydiTIdWU65gE8oA43UsT5R_LiiOOZKUKnqxZEcB4a33zT8IJh6AAMPT_kcMTasqR2w9LW4sBSVM11hRW7_uRhYmY7vcB6vpAAQCmvLtDYXop1rxk7yZ1IMLziB1FBXNoGIykEalhCtGciuHrPYg8ng2LMvkD_pntNZt_tcqUGJvo16IDN6qy_O9rVm1_i-mn9BSrlLva6nuQdY1o0P0aw_KSQshS67ZTOI48xd5p4XK3q455nSEgLzTiWj4JVRuxQol0dzqdzsuLHe6-ERUXj78hZwHUC55s68kswU184-hRc9QMhLqXdygpx_QN1kK-gh5b2vU97PIcVX6Ci0lO946tojuRbetMMIQVP7hmSDhbDUNkB41rqyJiM-_1z67rB_dfoZ0HtBwEPXnf_Ww_SQdEPfXANWvjREeBEmB3KbQrY1Dlv7gNWV7Yo9nbkdW3Zaj5TyS1fMvYO3mGpDEHs2R3wzBQoKnA6O1rTaULIvog-1DGONpMT7NzRK47e9vwzjPaEjujhD0AV2B37NA5zsILJ4_-pdS8XGs6NJ0sRuG0Dg57ZHF7i3wSw6_tZ3EVWsfs_P6-bD-TVCQD0Y4PV2cfnrFMAefw7a2shTtnsgPon9p9FeWTGHTIRqsNKmpN9POYbplcgdSEQwbQafyYa-Vm-Mvkic9CPMFkSp4M6bcFrVTl6TMYQ-W4FMjXBr1iO5RmFgWTnnL72scOrjbK7QCvW5Ax",
            "facilitated_booking_available": true,
            "pnr_count": 2,
            "has_airport_change": false,
            "technical_stops": 0,
            "throw_away_ticketing": false,
            "hidden_city_ticketing": false,
            "virtual_interlining": false
        },
        {
            "id": "0b7717884e3800009c5551f4_0|0b7717884e3800009c5551f4_1|17880b774e3e000034b3d997_0",
            "flyFrom": "BUD",
            "flyTo": "HAM",
            "cityFrom": "Budapest",
            "cityCodeFrom": "BUD",
            "cityTo": "Hamburg",
            "cityCodeTo": "HAM",
            "countryFrom": {
                "code": "HU",
                "name": "Hungary"
            },
            "countryTo": {
                "code": "DE",
                "name": "Germany"
            },
            "local_departure": "2024-10-28T15:15:00.000Z",
            "utc_departure": "2024-10-28T14:15:00.000Z",
            "local_arrival": "2024-10-28T19:45:00.000Z",
            "utc_arrival": "2024-10-28T18:45:00.000Z",
            "nightsInDest": 6,
            "quality": 233.999815,
            "distance": 949.98,
            "duration": {
                "departure": 16200,
                "return": 6300,
                "total": 22500
            },
            "price": 160,
            "conversion": {
                "EUR": 160
            },
            "fare": {
                "adults": 160,
                "children": 160,
                "infants": 160
            },
            "fare_locks": {
                "EUR": [
                    {
                        "default": false,
                        "duration": "P1D",
                        "itinerary_price_limit": 360,
                        "itinerary_price_remaining": 160,
                        "fare_lock_kind": "fee",
                        "price": 8,
                        "rule_instance_id": 26749,
                        "version": "v1"
                    },
                    {
                        "default": true,
                        "duration": "P3D",
                        "itinerary_price_limit": 360,
                        "itinerary_price_remaining": 160,
                        "fare_lock_kind": "fee",
                        "price": 16,
                        "rule_instance_id": 26748,
                        "version": "v1"
                    },
                    {
                        "default": false,
                        "duration": "P7D",
                        "itinerary_price_limit": 360,
                        "itinerary_price_remaining": 160,
                        "fare_lock_kind": "fee",
                        "price": 40,
                        "rule_instance_id": 26750,
                        "version": "v1"
                    }
                ]
            },
            "bags_price": {
                "1": 113.4
            },
            "baglimit": {
                "hand_dimensions_sum": 118,
                "hand_height": 40,
                "hand_length": 55,
                "hand_weight": 8,
                "hand_width": 23,
                "hold_dimensions_sum": 158,
                "hold_height": 52,
                "hold_length": 78,
                "hold_weight": 23,
                "hold_width": 28,
                "personal_item_dimension_sum": 80,
                "personal_item_height": 30,
                "personal_item_length": 40,
                "personal_item_weight": 4,
                "personal_item_width": 10
            },
            "availability": {
                "seats": 1
            },
            "airlines": [
                "JU",
                "EW"
            ],
            "route": [
                {
                    "id": "0b7717884e3800009c5551f4_0",
                    "combination_id": "0b7717884e3800009c5551f4",
                    "flyFrom": "BUD",
                    "flyTo": "BEG",
                    "cityFrom": "Budapest",
                    "cityCodeFrom": "BUD",
                    "cityTo": "Belgrade",
                    "cityCodeTo": "BEG",
                    "local_departure": "2024-10-28T15:15:00.000Z",
                    "utc_departure": "2024-10-28T14:15:00.000Z",
                    "local_arrival": "2024-10-28T16:20:00.000Z",
                    "utc_arrival": "2024-10-28T15:20:00.000Z",
                    "airline": "JU",
                    "flight_no": 143,
                    "operating_carrier": "JU",
                    "operating_flight_no": "143",
                    "fare_basis": "TNB14OHU",
                    "fare_category": "M",
                    "fare_classes": "T",
                    "return": 0,
                    "bags_recheck_required": false,
                    "vi_connection": false,
                    "guarantee": false,
                    "equipment": null,
                    "vehicle_type": "aircraft"
                },
                {
                    "id": "0b7717884e3800009c5551f4_1",
                    "combination_id": "0b7717884e3800009c5551f4",
                    "flyFrom": "BEG",
                    "flyTo": "HAM",
                    "cityFrom": "Belgrade",
                    "cityCodeFrom": "BEG",
                    "cityTo": "Hamburg",
                    "cityCodeTo": "HAM",
                    "local_departure": "2024-10-28T17:30:00.000Z",
                    "utc_departure": "2024-10-28T16:30:00.000Z",
                    "local_arrival": "2024-10-28T19:45:00.000Z",
                    "utc_arrival": "2024-10-28T18:45:00.000Z",
                    "airline": "JU",
                    "flight_no": 292,
                    "operating_carrier": "JU",
                    "operating_flight_no": "292",
                    "fare_basis": "TNB14OHU",
                    "fare_category": "M",
                    "fare_classes": "T",
                    "return": 0,
                    "bags_recheck_required": false,
                    "vi_connection": false,
                    "guarantee": false,
                    "equipment": null,
                    "vehicle_type": "aircraft"
                },
                {
                    "id": "17880b774e3e000034b3d997_0",
                    "combination_id": "17880b774e3e000034b3d997",
                    "flyFrom": "HAM",
                    "flyTo": "BUD",
                    "cityFrom": "Hamburg",
                    "cityCodeFrom": "HAM",
                    "cityTo": "Budapest",
                    "cityCodeTo": "BUD",
                    "local_departure": "2024-11-03T13:05:00.000Z",
                    "utc_departure": "2024-11-03T12:05:00.000Z",
                    "local_arrival": "2024-11-03T14:50:00.000Z",
                    "utc_arrival": "2024-11-03T13:50:00.000Z",
                    "airline": "EW",
                    "flight_no": 7780,
                    "operating_carrier": "EW",
                    "operating_flight_no": "7780",
                    "fare_basis": "",
                    "fare_category": "M",
                    "fare_classes": "",
                    "return": 1,
                    "bags_recheck_required": false,
                    "vi_connection": false,
                    "guarantee": false,
                    "equipment": null,
                    "vehicle_type": "aircraft"
                }
            ],
            "booking_token": "Hw6YkVitMHdgwtlQb8TdlPAmUZ7hYfgEjvA4M1z4HcWyC3Ypo_SLuAuAG2qeEnoV3pPU3BlVwf0dyag9UGgKpRIo1Lj_LZ4IW6ITTi9CPwG4_egpcT4pigj_klKI6aGg-4dDnDDr1TUiVADNkTZmdunMcdXipxHe8IZ8yDZmE-UEfrW4sUmsFS5_TwpK6JDdI49wMwL22D5YtSak8kzaZD34J2n43gr-b8IFEZt9KuXwikD00VU56WoYIHOwMuLugS9A4cjgF5wZzLrlxrMXkAMcSZ-BuX0yZJbOyANtJye1NrNlvBW4-DyUYjZ7dbVrQ0zqKJbHLPj2CdE-_iS6RtU603RK6YD0p8xfvG4fOB_ON5Mmnr2CtefaVt9Rru3r_yJhWuPgDUHrLGLRq8PI9ef47EWkXQmIlc43jRMu8LT-gk1ahGSpBIKXLW3Moy7b8CiEwL09ZkaM5n1wRgNEoF4dSvcld3hqqMoJ9ZYuM1ZApnNin6x12dIrQlZLL8NZea-NpNXbX3B2s3Gil62Q6CwRo9oNT4Ozachf4kzjfwyAyH7RfXSOtcDVGFE6t_dRMOHts6Gxko34s8Sn93UbJdpvoKtaQuK1ZOnShsF6vPP_0sLVEHcLpM42XF1K9Si6hei8tYFoAlNBI4Bfna3mSQqiVyQGZP4jdYxutVB0gyp60AhlwzuNknQQc9LqS6XzuExph-udNF5fSDyM9UDkrgwum7vbhXf-j19eCs6sx008iJt7bXOPELpkq8ofSTNRm",
            "deep_link": "https://www.kiwi.com/deep?affilid=mihalytest&currency=EUR&flightsId=0b7717884e3800009c5551f4_0%7C0b7717884e3800009c5551f4_1%7C17880b774e3e000034b3d997_0&from=BUD&lang=en&passengers=1&to=HAM&booking_token=Hw6YkVitMHdgwtlQb8TdlPAmUZ7hYfgEjvA4M1z4HcWyC3Ypo_SLuAuAG2qeEnoV3pPU3BlVwf0dyag9UGgKpRIo1Lj_LZ4IW6ITTi9CPwG4_egpcT4pigj_klKI6aGg-4dDnDDr1TUiVADNkTZmdunMcdXipxHe8IZ8yDZmE-UEfrW4sUmsFS5_TwpK6JDdI49wMwL22D5YtSak8kzaZD34J2n43gr-b8IFEZt9KuXwikD00VU56WoYIHOwMuLugS9A4cjgF5wZzLrlxrMXkAMcSZ-BuX0yZJbOyANtJye1NrNlvBW4-DyUYjZ7dbVrQ0zqKJbHLPj2CdE-_iS6RtU603RK6YD0p8xfvG4fOB_ON5Mmnr2CtefaVt9Rru3r_yJhWuPgDUHrLGLRq8PI9ef47EWkXQmIlc43jRMu8LT-gk1ahGSpBIKXLW3Moy7b8CiEwL09ZkaM5n1wRgNEoF4dSvcld3hqqMoJ9ZYuM1ZApnNin6x12dIrQlZLL8NZea-NpNXbX3B2s3Gil62Q6CwRo9oNT4Ozachf4kzjfwyAyH7RfXSOtcDVGFE6t_dRMOHts6Gxko34s8Sn93UbJdpvoKtaQuK1ZOnShsF6vPP_0sLVEHcLpM42XF1K9Si6hei8tYFoAlNBI4Bfna3mSQqiVyQGZP4jdYxutVB0gyp60AhlwzuNknQQc9LqS6XzuExph-udNF5fSDyM9UDkrgwum7vbhXf-j19eCs6sx008iJt7bXOPELpkq8ofSTNRm",
            "facilitated_booking_available": true,
            "pnr_count": 2,
            "has_airport_change": false,
            "technical_stops": 0,
            "throw_away_ticketing": false,
            "hidden_city_ticketing": false,
            "virtual_interlining": false
        },
        {
            "id": "0b7717884e4c0000b8a9ece0_0|178823334e4d0000731d45ef_0|23330b774e4d0000be4f858f_0",
            "flyFrom": "BUD",
            "flyTo": "HAM",
            "cityFrom": "Budapest",
            "cityCodeFrom": "BUD",
            "cityTo": "Hamburg",
            "cityCodeTo": "HAM",
            "countryFrom": {
                "code": "HU",
                "name": "Hungary"
            },
            "countryTo": {
                "code": "DE",
                "name": "Germany"
            },
            "local_departure": "2024-11-17T15:35:00.000Z",
            "utc_departure": "2024-11-17T14:35:00.000Z",
            "local_arrival": "2024-11-17T17:25:00.000Z",
            "utc_arrival": "2024-11-17T16:25:00.000Z",
            "nightsInDest": 1,
            "quality": 254.999765,
            "distance": 949.98,
            "duration": {
                "departure": 6600,
                "return": 24900,
                "total": 31500
            },
            "price": 161,
            "conversion": {
                "EUR": 161
            },
            "fare": {
                "adults": 161,
                "children": 161,
                "infants": 161
            },
            "fare_locks": {
                "EUR": [
                    {
                        "default": false,
                        "duration": "P1D",
                        "itinerary_price_limit": 361,
                        "itinerary_price_remaining": 161,
                        "fare_lock_kind": "fee",
                        "price": 8.05,
                        "rule_instance_id": 26749,
                        "version": "v1"
                    },
                    {
                        "default": true,
                        "duration": "P3D",
                        "itinerary_price_limit": 361,
                        "itinerary_price_remaining": 161,
                        "fare_lock_kind": "fee",
                        "price": 16.1,
                        "rule_instance_id": 26748,
                        "version": "v1"
                    },
                    {
                        "default": false,
                        "duration": "P7D",
                        "itinerary_price_limit": 361,
                        "itinerary_price_remaining": 161,
                        "fare_lock_kind": "fee",
                        "price": 40.25,
                        "rule_instance_id": 26750,
                        "version": "v1"
                    }
                ]
            },
            "bags_price": {
                "1": 176.568,
                "2": 421.736
            },
            "baglimit": {
                "hand_dimensions_sum": 118,
                "hand_height": 40,
                "hand_length": 55,
                "hand_weight": 8,
                "hand_width": 23,
                "hold_dimensions_sum": 158,
                "hold_height": 52,
                "hold_length": 78,
                "hold_weight": 20,
                "hold_width": 28,
                "personal_item_dimension_sum": 90,
                "personal_item_height": 30,
                "personal_item_length": 40,
                "personal_item_weight": 8,
                "personal_item_width": 20
            },
            "availability": {
                "seats": 1
            },
            "airlines": [
                "EW",
                "W4",
                "W6"
            ],
            "route": [
                {
                    "id": "0b7717884e4c0000b8a9ece0_0",
                    "combination_id": "0b7717884e4c0000b8a9ece0",
                    "flyFrom": "BUD",
                    "flyTo": "HAM",
                    "cityFrom": "Budapest",
                    "cityCodeFrom": "BUD",
                    "cityTo": "Hamburg",
                    "cityCodeTo": "HAM",
                    "local_departure": "2024-11-17T15:35:00.000Z",
                    "utc_departure": "2024-11-17T14:35:00.000Z",
                    "local_arrival": "2024-11-17T17:25:00.000Z",
                    "utc_arrival": "2024-11-17T16:25:00.000Z",
                    "airline": "EW",
                    "flight_no": 7781,
                    "operating_carrier": "EW",
                    "operating_flight_no": "7781",
                    "fare_basis": "",
                    "fare_category": "M",
                    "fare_classes": "K",
                    "return": 0,
                    "bags_recheck_required": false,
                    "vi_connection": false,
                    "guarantee": false,
                    "equipment": null,
                    "vehicle_type": "aircraft"
                },
                {
                    "id": "178823334e4d0000731d45ef_0",
                    "combination_id": "178823334e4d0000731d45ef",
                    "flyFrom": "HAM",
                    "flyTo": "TIA",
                    "cityFrom": "Hamburg",
                    "cityCodeFrom": "HAM",
                    "cityTo": "Tirana",
                    "cityCodeTo": "TIA",
                    "local_departure": "2024-11-18T16:15:00.000Z",
                    "utc_departure": "2024-11-18T15:15:00.000Z",
                    "local_arrival": "2024-11-18T18:45:00.000Z",
                    "utc_arrival": "2024-11-18T17:45:00.000Z",
                    "airline": "W4",
                    "flight_no": 5108,
                    "operating_carrier": "",
                    "operating_flight_no": "",
                    "fare_basis": "",
                    "fare_category": "M",
                    "fare_classes": "",
                    "return": 1,
                    "bags_recheck_required": false,
                    "vi_connection": false,
                    "guarantee": false,
                    "equipment": null,
                    "vehicle_type": "aircraft"
                },
                {
                    "id": "23330b774e4d0000be4f858f_0",
                    "combination_id": "23330b774e4d0000be4f858f",
                    "flyFrom": "TIA",
                    "flyTo": "BUD",
                    "cityFrom": "Tirana",
                    "cityCodeFrom": "TIA",
                    "cityTo": "Budapest",
                    "cityCodeTo": "BUD",
                    "local_departure": "2024-11-18T21:35:00.000Z",
                    "utc_departure": "2024-11-18T20:35:00.000Z",
                    "local_arrival": "2024-11-18T23:10:00.000Z",
                    "utc_arrival": "2024-11-18T22:10:00.000Z",
                    "airline": "W6",
                    "flight_no": 2234,
                    "operating_carrier": "",
                    "operating_flight_no": "",
                    "fare_basis": "",
                    "fare_category": "M",
                    "fare_classes": "",
                    "return": 1,
                    "bags_recheck_required": true,
                    "vi_connection": true,
                    "guarantee": true,
                    "equipment": null,
                    "vehicle_type": "aircraft"
                }
            ],
            "booking_token": "HjcMTU6oEKp5mXH0WF8yqsIN3uVuGQldUERbXl2E7wsG0oU8jGjJDNcxg-alMO0aPEZdSRJ9rF6E9c-m4-NVKKsMuwHGgUJB9rcvBCFUAVpP1WVg8vriXUigzJY0KPncwoe7lMCRDElDRPqeB2jnn5_vQ3QwqxzD6kRj-v8E6P6m1mMjeWBZ1jAZqTpsmKsBep7vYrXAHovlCaeoAnd8f4u4SPVVCmCpIRALOTtH9WYwx0XQcrzAtH1-uUlve7AKl_RQg6LQLapeXvShaGsOY0EeTa7twdqtF81pcuL_ke3gWQVEuE_Ysy639cv-182es-_DtL3lPzRBxqddqYI80xa7_47BsTWYldLSO5lCOQLh90nrR8zF4YIvl9qOgz--2SWFSMJ6EEpxxlx9nE3CAPU5jOjm9LgqnDXF_-BxX-3QoPZ1sKMUkw3c53zkJaaAXBzkFB34uEupRWYDkwEyV-p37lhqJy_uJyINyeCsXJaKqC16IKIUX7knbvfI--Dod5qPj34rOMHFmMGgIdpE4cUIZNNJycDyC3Cur0anNq8zxnTG8GYKKkl-zvhDlJVdF4d7oJmmY0uS1bdKwALXv207_7TRA2fD4sjBDJFGCVxRTDpC2WK_cF5HThwD2IHZIjpqrlJEJTpUwBZ65lhbPkbYdFBZUW_O02bnlh6DxbuyreKP8O9vAEl6GdZbWF-H0sdysDtoZqZF4zVkB_LQaoX7inhmxwMPHeZVz9ZQX8TY25T1uotYd8C6Cf5xymdENwouEHIhrW4MtIb4j6kbgGxeYYBDd9PfwXlpauFLqFJ1sA_UkxtAfrebJZ3Y-CM7e",
            "deep_link": "https://www.kiwi.com/deep?affilid=mihalytest&currency=EUR&flightsId=0b7717884e4c0000b8a9ece0_0%7C178823334e4d0000731d45ef_0%7C23330b774e4d0000be4f858f_0&from=BUD&lang=en&passengers=1&to=HAM&booking_token=HjcMTU6oEKp5mXH0WF8yqsIN3uVuGQldUERbXl2E7wsG0oU8jGjJDNcxg-alMO0aPEZdSRJ9rF6E9c-m4-NVKKsMuwHGgUJB9rcvBCFUAVpP1WVg8vriXUigzJY0KPncwoe7lMCRDElDRPqeB2jnn5_vQ3QwqxzD6kRj-v8E6P6m1mMjeWBZ1jAZqTpsmKsBep7vYrXAHovlCaeoAnd8f4u4SPVVCmCpIRALOTtH9WYwx0XQcrzAtH1-uUlve7AKl_RQg6LQLapeXvShaGsOY0EeTa7twdqtF81pcuL_ke3gWQVEuE_Ysy639cv-182es-_DtL3lPzRBxqddqYI80xa7_47BsTWYldLSO5lCOQLh90nrR8zF4YIvl9qOgz--2SWFSMJ6EEpxxlx9nE3CAPU5jOjm9LgqnDXF_-BxX-3QoPZ1sKMUkw3c53zkJaaAXBzkFB34uEupRWYDkwEyV-p37lhqJy_uJyINyeCsXJaKqC16IKIUX7knbvfI--Dod5qPj34rOMHFmMGgIdpE4cUIZNNJycDyC3Cur0anNq8zxnTG8GYKKkl-zvhDlJVdF4d7oJmmY0uS1bdKwALXv207_7TRA2fD4sjBDJFGCVxRTDpC2WK_cF5HThwD2IHZIjpqrlJEJTpUwBZ65lhbPkbYdFBZUW_O02bnlh6DxbuyreKP8O9vAEl6GdZbWF-H0sdysDtoZqZF4zVkB_LQaoX7inhmxwMPHeZVz9ZQX8TY25T1uotYd8C6Cf5xymdENwouEHIhrW4MtIb4j6kbgGxeYYBDd9PfwXlpauFLqFJ1sA_UkxtAfrebJZ3Y-CM7e",
            "facilitated_booking_available": false,
            "pnr_count": 3,
            "has_airport_change": false,
            "technical_stops": 0,
            "throw_away_ticketing": false,
            "hidden_city_ticketing": false,
            "virtual_interlining": true
        },
        {
            "id": "0b770f0c4e090000be85f67a_0|0f0c17884e09000037cfaacd_0|17880b774e090000597333dd_0",
            "flyFrom": "BUD",
            "flyTo": "HAM",
            "cityFrom": "Budapest",
            "cityCodeFrom": "BUD",
            "cityTo": "Hamburg",
            "cityCodeTo": "HAM",
            "countryFrom": {
                "code": "HU",
                "name": "Hungary"
            },
            "countryTo": {
                "code": "DE",
                "name": "Germany"
            },
            "local_departure": "2024-09-11T07:25:00.000Z",
            "utc_departure": "2024-09-11T05:25:00.000Z",
            "local_arrival": "2024-09-11T15:30:00.000Z",
            "utc_arrival": "2024-09-11T13:30:00.000Z",
            "nightsInDest": 0,
            "quality": 262.999745,
            "distance": 949.98,
            "duration": {
                "departure": 29100,
                "return": 6000,
                "total": 35100
            },
            "price": 161,
            "conversion": {
                "EUR": 161
            },
            "fare": {
                "adults": 161,
                "children": 161,
                "infants": 161
            },
            "fare_locks": {
                "EUR": [
                    {
                        "default": false,
                        "duration": "P1D",
                        "itinerary_price_limit": 361,
                        "itinerary_price_remaining": 161,
                        "fare_lock_kind": "fee",
                        "price": 8.05,
                        "rule_instance_id": 26749,
                        "version": "v1"
                    },
                    {
                        "default": true,
                        "duration": "P3D",
                        "itinerary_price_limit": 361,
                        "itinerary_price_remaining": 161,
                        "fare_lock_kind": "fee",
                        "price": 16.1,
                        "rule_instance_id": 26748,
                        "version": "v1"
                    },
                    {
                        "default": false,
                        "duration": "P7D",
                        "itinerary_price_limit": 361,
                        "itinerary_price_remaining": 161,
                        "fare_lock_kind": "fee",
                        "price": 40.25,
                        "rule_instance_id": 26750,
                        "version": "v1"
                    }
                ]
            },
            "bags_price": {
                "1": 187.768,
                "2": 444.13599999999997
            },
            "baglimit": {
                "hand_dimensions_sum": 118,
                "hand_height": 40,
                "hand_length": 55,
                "hand_weight": 8,
                "hand_width": 23,
                "hold_dimensions_sum": 158,
                "hold_height": 52,
                "hold_length": 78,
                "hold_weight": 20,
                "hold_width": 28,
                "personal_item_dimension_sum": 90,
                "personal_item_height": 30,
                "personal_item_length": 40,
                "personal_item_weight": 8,
                "personal_item_width": 20
            },
            "availability": {
                "seats": 9
            },
            "airlines": [
                "W4",
                "EW",
                "W6"
            ],
            "route": [
                {
                    "id": "0b770f0c4e090000be85f67a_0",
                    "combination_id": "0b770f0c4e090000be85f67a",
                    "flyFrom": "BUD",
                    "flyTo": "FCO",
                    "cityFrom": "Budapest",
                    "cityCodeFrom": "BUD",
                    "cityTo": "Rome",
                    "cityCodeTo": "ROM",
                    "local_departure": "2024-09-11T07:25:00.000Z",
                    "utc_departure": "2024-09-11T05:25:00.000Z",
                    "local_arrival": "2024-09-11T09:15:00.000Z",
                    "utc_arrival": "2024-09-11T07:15:00.000Z",
                    "airline": "W6",
                    "flight_no": 2339,
                    "operating_carrier": "",
                    "operating_flight_no": "",
                    "fare_basis": "",
                    "fare_category": "M",
                    "fare_classes": "",
                    "return": 0,
                    "bags_recheck_required": false,
                    "vi_connection": false,
                    "guarantee": false,
                    "equipment": null,
                    "vehicle_type": "aircraft"
                },
                {
                    "id": "0f0c17884e09000037cfaacd_0",
                    "combination_id": "0f0c17884e09000037cfaacd",
                    "flyFrom": "FCO",
                    "flyTo": "HAM",
                    "cityFrom": "Rome",
                    "cityCodeFrom": "ROM",
                    "cityTo": "Hamburg",
                    "cityCodeTo": "HAM",
                    "local_departure": "2024-09-11T13:00:00.000Z",
                    "utc_departure": "2024-09-11T11:00:00.000Z",
                    "local_arrival": "2024-09-11T15:30:00.000Z",
                    "utc_arrival": "2024-09-11T13:30:00.000Z",
                    "airline": "W4",
                    "flight_no": 6205,
                    "operating_carrier": "",
                    "operating_flight_no": "",
                    "fare_basis": "",
                    "fare_category": "M",
                    "fare_classes": "",
                    "return": 0,
                    "bags_recheck_required": true,
                    "vi_connection": true,
                    "guarantee": true,
                    "equipment": null,
                    "vehicle_type": "aircraft"
                },
                {
                    "id": "17880b774e090000597333dd_0",
                    "combination_id": "17880b774e090000597333dd",
                    "flyFrom": "HAM",
                    "flyTo": "BUD",
                    "cityFrom": "Hamburg",
                    "cityCodeFrom": "HAM",
                    "cityTo": "Budapest",
                    "cityCodeTo": "BUD",
                    "local_departure": "2024-09-11T18:25:00.000Z",
                    "utc_departure": "2024-09-11T16:25:00.000Z",
                    "local_arrival": "2024-09-11T20:05:00.000Z",
                    "utc_arrival": "2024-09-11T18:05:00.000Z",
                    "airline": "EW",
                    "flight_no": 7782,
                    "operating_carrier": "EW",
                    "operating_flight_no": "7782",
                    "fare_basis": "",
                    "fare_category": "M",
                    "fare_classes": "",
                    "return": 1,
                    "bags_recheck_required": false,
                    "vi_connection": false,
                    "guarantee": false,
                    "equipment": null,
                    "vehicle_type": "aircraft"
                }
            ],
            "booking_token": "Hxy9aCmDeXDD_no9pgl1y4RYM5txoFviSMDwZXVj_1RVrpDlpmL9oxXmDA9WKJU54q-fAJG7f8y4N6qoxayK_BbI0p8GMaR3ts4GIrTaOabKKt9unbHlbeZpwaFBHDaehZ4NhcBhvoBtabi4yxSgW5Qy9UdHKoyJOhQtK1882gknDV_XXz4F6uJihFqI-3jgLcGZtcFC51RPwDJaSbunUEcUV-Y0CyH-g1ZyCRJyRuVzrOSThz4OK_bB_-Ytx4g2WJq_LeAZNcPhuO5Vr_XV9zMllQg1L8mm9GYQUjKfq2p0liG4jM1g6oU0bzjRGRdpD6dtQmK8L4Nwh_s49GZjJCvJXTgl6l3_QpcpkWPZJpnaKrpJgpBof9JaUy2Z-JLkVTViTtOGcjqzwGF4J5vYHIF5sHnoIkqtseooGXHpqn7LOQ9NzUeixhF_ZHf0OBYqGQDDVd8p8dxBGK20YEwajd_zG461ZaKPDw3sD2nMzEqpfXO_YdKay7_ie5j2klq-MXhENnIUUa3NPkgsTzcw8ofCwPjF0_H2qKEZ7wuzmIeS7wXx2KepyhSOlDDMEalIsyu6d5cpzrEGt9al2wTqETWlousbsSLbBQQ0_702Yj2r3XdpT-GVupBQ8YadyqHfu4KKWY26C6w6eKS-XX4di_Cmm5ZlviJTTBj3pghk4Mpo-GUg3kjw85sAFNCDGw5fpgREorU2nCcirsczMNkPQlXb0YdQTtyeh_XtmyLk0B3G9GSyJaWyCkxCCNjgOZv7YH6xGWe7VAc1leHsCv52UqA==",
            "deep_link": "https://www.kiwi.com/deep?affilid=mihalytest&currency=EUR&flightsId=0b770f0c4e090000be85f67a_0%7C0f0c17884e09000037cfaacd_0%7C17880b774e090000597333dd_0&from=BUD&lang=en&passengers=1&to=HAM&booking_token=Hxy9aCmDeXDD_no9pgl1y4RYM5txoFviSMDwZXVj_1RVrpDlpmL9oxXmDA9WKJU54q-fAJG7f8y4N6qoxayK_BbI0p8GMaR3ts4GIrTaOabKKt9unbHlbeZpwaFBHDaehZ4NhcBhvoBtabi4yxSgW5Qy9UdHKoyJOhQtK1882gknDV_XXz4F6uJihFqI-3jgLcGZtcFC51RPwDJaSbunUEcUV-Y0CyH-g1ZyCRJyRuVzrOSThz4OK_bB_-Ytx4g2WJq_LeAZNcPhuO5Vr_XV9zMllQg1L8mm9GYQUjKfq2p0liG4jM1g6oU0bzjRGRdpD6dtQmK8L4Nwh_s49GZjJCvJXTgl6l3_QpcpkWPZJpnaKrpJgpBof9JaUy2Z-JLkVTViTtOGcjqzwGF4J5vYHIF5sHnoIkqtseooGXHpqn7LOQ9NzUeixhF_ZHf0OBYqGQDDVd8p8dxBGK20YEwajd_zG461ZaKPDw3sD2nMzEqpfXO_YdKay7_ie5j2klq-MXhENnIUUa3NPkgsTzcw8ofCwPjF0_H2qKEZ7wuzmIeS7wXx2KepyhSOlDDMEalIsyu6d5cpzrEGt9al2wTqETWlousbsSLbBQQ0_702Yj2r3XdpT-GVupBQ8YadyqHfu4KKWY26C6w6eKS-XX4di_Cmm5ZlviJTTBj3pghk4Mpo-GUg3kjw85sAFNCDGw5fpgREorU2nCcirsczMNkPQlXb0YdQTtyeh_XtmyLk0B3G9GSyJaWyCkxCCNjgOZv7YH6xGWe7VAc1leHsCv52UqA==",
            "facilitated_booking_available": false,
            "pnr_count": 3,
            "has_airport_change": false,
            "technical_stops": 0,
            "throw_away_ticketing": false,
            "hidden_city_ticketing": false,
            "virtual_interlining": true
        },
        {
            "id": "0b7717884e330000d6a0a9cb_0|17880b774e3500006b299cf2_0|17880b774e3500006b299cf2_1",
            "flyFrom": "BUD",
            "flyTo": "HAM",
            "cityFrom": "Budapest",
            "cityCodeFrom": "BUD",
            "cityTo": "Hamburg",
            "cityCodeTo": "HAM",
            "countryFrom": {
                "code": "HU",
                "name": "Hungary"
            },
            "countryTo": {
                "code": "DE",
                "name": "Germany"
            },
            "local_departure": "2024-10-23T20:45:00.000Z",
            "utc_departure": "2024-10-23T18:45:00.000Z",
            "local_arrival": "2024-10-23T22:30:00.000Z",
            "utc_arrival": "2024-10-23T20:30:00.000Z",
            "nightsInDest": 2,
            "quality": 241.333135,
            "distance": 949.98,
            "duration": {
                "departure": 6300,
                "return": 18600,
                "total": 24900
            },
            "price": 162,
            "conversion": {
                "EUR": 162
            },
            "fare": {
                "adults": 162,
                "children": 162,
                "infants": 162
            },
            "fare_locks": {
                "EUR": [
                    {
                        "default": false,
                        "duration": "P1D",
                        "itinerary_price_limit": 362,
                        "itinerary_price_remaining": 162,
                        "fare_lock_kind": "fee",
                        "price": 8.1,
                        "rule_instance_id": 26749,
                        "version": "v1"
                    },
                    {
                        "default": true,
                        "duration": "P3D",
                        "itinerary_price_limit": 362,
                        "itinerary_price_remaining": 162,
                        "fare_lock_kind": "fee",
                        "price": 16.2,
                        "rule_instance_id": 26748,
                        "version": "v1"
                    },
                    {
                        "default": false,
                        "duration": "P7D",
                        "itinerary_price_limit": 362,
                        "itinerary_price_remaining": 162,
                        "fare_lock_kind": "fee",
                        "price": 40.5,
                        "rule_instance_id": 26750,
                        "version": "v1"
                    }
                ]
            },
            "bags_price": {
                "1": 113.4
            },
            "baglimit": {
                "hand_dimensions_sum": 118,
                "hand_height": 40,
                "hand_length": 55,
                "hand_weight": 8,
                "hand_width": 23,
                "hold_dimensions_sum": 158,
                "hold_height": 52,
                "hold_length": 78,
                "hold_weight": 23,
                "hold_width": 28,
                "personal_item_dimension_sum": 80,
                "personal_item_height": 30,
                "personal_item_length": 40,
                "personal_item_weight": 4,
                "personal_item_width": 10
            },
            "availability": {
                "seats": 4
            },
            "airlines": [
                "JU",
                "EW"
            ],
            "route": [
                {
                    "id": "0b7717884e330000d6a0a9cb_0",
                    "combination_id": "0b7717884e330000d6a0a9cb",
                    "flyFrom": "BUD",
                    "flyTo": "HAM",
                    "cityFrom": "Budapest",
                    "cityCodeFrom": "BUD",
                    "cityTo": "Hamburg",
                    "cityCodeTo": "HAM",
                    "local_departure": "2024-10-23T20:45:00.000Z",
                    "utc_departure": "2024-10-23T18:45:00.000Z",
                    "local_arrival": "2024-10-23T22:30:00.000Z",
                    "utc_arrival": "2024-10-23T20:30:00.000Z",
                    "airline": "EW",
                    "flight_no": 7783,
                    "operating_carrier": "EW",
                    "operating_flight_no": "7783",
                    "fare_basis": "",
                    "fare_category": "M",
                    "fare_classes": "",
                    "return": 0,
                    "bags_recheck_required": false,
                    "vi_connection": false,
                    "guarantee": false,
                    "equipment": null,
                    "vehicle_type": "aircraft"
                },
                {
                    "id": "17880b774e3500006b299cf2_0",
                    "combination_id": "17880b774e3500006b299cf2",
                    "flyFrom": "HAM",
                    "flyTo": "BEG",
                    "cityFrom": "Hamburg",
                    "cityCodeFrom": "HAM",
                    "cityTo": "Belgrade",
                    "cityCodeTo": "BEG",
                    "local_departure": "2024-10-25T09:30:00.000Z",
                    "utc_departure": "2024-10-25T07:30:00.000Z",
                    "local_arrival": "2024-10-25T11:35:00.000Z",
                    "utc_arrival": "2024-10-25T09:35:00.000Z",
                    "airline": "JU",
                    "flight_no": 291,
                    "operating_carrier": "JU",
                    "operating_flight_no": "291",
                    "fare_basis": "TNB14ODE",
                    "fare_category": "M",
                    "fare_classes": "T",
                    "return": 1,
                    "bags_recheck_required": false,
                    "vi_connection": false,
                    "guarantee": false,
                    "equipment": null,
                    "vehicle_type": "aircraft"
                },
                {
                    "id": "17880b774e3500006b299cf2_1",
                    "combination_id": "17880b774e3500006b299cf2",
                    "flyFrom": "BEG",
                    "flyTo": "BUD",
                    "cityFrom": "Belgrade",
                    "cityCodeFrom": "BEG",
                    "cityTo": "Budapest",
                    "cityCodeTo": "BUD",
                    "local_departure": "2024-10-25T13:30:00.000Z",
                    "utc_departure": "2024-10-25T11:30:00.000Z",
                    "local_arrival": "2024-10-25T14:40:00.000Z",
                    "utc_arrival": "2024-10-25T12:40:00.000Z",
                    "airline": "JU",
                    "flight_no": 142,
                    "operating_carrier": "JU",
                    "operating_flight_no": "142",
                    "fare_basis": "TNB14ODE",
                    "fare_category": "M",
                    "fare_classes": "T",
                    "return": 1,
                    "bags_recheck_required": false,
                    "vi_connection": false,
                    "guarantee": false,
                    "equipment": null,
                    "vehicle_type": "aircraft"
                }
            ],
            "booking_token": "H1hfSxm58MrD0uFikJE5rIjouOtMXri8DLzOPROGWQOQbyDb0-BZpa9jbdwHCTY85L79QafbTKD03qT_fbHyn2cl_w1skJmNa-pqwttrn5OeXzY7B9-iY6u7ReguXAiBhip4gQTwk-Q_8_vadjiyGZq5lk1NHAnGUgTudsW3iPgUAeF615Wibyt-_Qe_FKoqEeMMkgi14ySx-lvWoMJb5fH-jqnmb66QBtxcI0bpTtNLTKJxtPE86E8i1pZjmVEd7zn4iJYuzg0Grcoq1ghgYPfijMwe8D1_Fup6HegMJ4W-DbfZc0qEb8iLHi1IECWuzQ1aZgwVlvELLAfTLGa4ll1bqTBbF4-2CCCy3y6qsjI0rEOt0lXL6W9NheCmb-jXQGNaCfH02F4rlKnK50mflxqqAc8EBwGlWoffzGqPrcA53s5_-nANzkZxS3W3_podGmW3xOSuH_1LLAXbf-ajLOKvbWKJ0WgEzMaW7f1uuESMpMVmvLiDDOaMScgYicA7_39_KHpFcFxIK65uDmR6jdwu8qa_gmAEF5JbXefGaMw32ULaxCsiLAAU0IggFI6b9uicjsQ4txo-ZhkWJvTStLrQ5-SNUfhY09ekfK4eYMb_11I503Q6z8bQEZjctrR1DL3TVGiVkXKNfdO9rw6IEyBoIBIRw7F-Zv6fUixew3KDy36XRlfugqF-Iws38jeZUotdnufDogzb2-Q-KmOL_Gve9KrUAxBHaLS1Zx9mkOxeYNW03NfjRFCujRfZJJafAhcciCwVVsefm0ae_JOgQFg==",
            "deep_link": "https://www.kiwi.com/deep?affilid=mihalytest&currency=EUR&flightsId=0b7717884e330000d6a0a9cb_0%7C17880b774e3500006b299cf2_0%7C17880b774e3500006b299cf2_1&from=BUD&lang=en&passengers=1&to=HAM&booking_token=H1hfSxm58MrD0uFikJE5rIjouOtMXri8DLzOPROGWQOQbyDb0-BZpa9jbdwHCTY85L79QafbTKD03qT_fbHyn2cl_w1skJmNa-pqwttrn5OeXzY7B9-iY6u7ReguXAiBhip4gQTwk-Q_8_vadjiyGZq5lk1NHAnGUgTudsW3iPgUAeF615Wibyt-_Qe_FKoqEeMMkgi14ySx-lvWoMJb5fH-jqnmb66QBtxcI0bpTtNLTKJxtPE86E8i1pZjmVEd7zn4iJYuzg0Grcoq1ghgYPfijMwe8D1_Fup6HegMJ4W-DbfZc0qEb8iLHi1IECWuzQ1aZgwVlvELLAfTLGa4ll1bqTBbF4-2CCCy3y6qsjI0rEOt0lXL6W9NheCmb-jXQGNaCfH02F4rlKnK50mflxqqAc8EBwGlWoffzGqPrcA53s5_-nANzkZxS3W3_podGmW3xOSuH_1LLAXbf-ajLOKvbWKJ0WgEzMaW7f1uuESMpMVmvLiDDOaMScgYicA7_39_KHpFcFxIK65uDmR6jdwu8qa_gmAEF5JbXefGaMw32ULaxCsiLAAU0IggFI6b9uicjsQ4txo-ZhkWJvTStLrQ5-SNUfhY09ekfK4eYMb_11I503Q6z8bQEZjctrR1DL3TVGiVkXKNfdO9rw6IEyBoIBIRw7F-Zv6fUixew3KDy36XRlfugqF-Iws38jeZUotdnufDogzb2-Q-KmOL_Gve9KrUAxBHaLS1Zx9mkOxeYNW03NfjRFCujRfZJJafAhcciCwVVsefm0ae_JOgQFg==",
            "facilitated_booking_available": true,
            "pnr_count": 2,
            "has_airport_change": false,
            "technical_stops": 0,
            "throw_away_ticketing": false,
            "hidden_city_ticketing": false,
            "virtual_interlining": false
        },
        {
            "id": "0b7717884e2e0000d44ad82b_0|17880b774e3500006b299cf2_0|17880b774e3500006b299cf2_1",
            "flyFrom": "BUD",
            "flyTo": "HAM",
            "cityFrom": "Budapest",
            "cityCodeFrom": "BUD",
            "cityTo": "Hamburg",
            "cityCodeTo": "HAM",
            "countryFrom": {
                "code": "HU",
                "name": "Hungary"
            },
            "countryTo": {
                "code": "DE",
                "name": "Germany"
            },
            "local_departure": "2024-10-18T20:45:00.000Z",
            "utc_departure": "2024-10-18T18:45:00.000Z",
            "local_arrival": "2024-10-18T22:30:00.000Z",
            "utc_arrival": "2024-10-18T20:30:00.000Z",
            "nightsInDest": 7,
            "quality": 241.333135,
            "distance": 949.98,
            "duration": {
                "departure": 6300,
                "return": 18600,
                "total": 24900
            },
            "price": 162,
            "conversion": {
                "EUR": 162
            },
            "fare": {
                "adults": 162,
                "children": 162,
                "infants": 162
            },
            "fare_locks": {
                "EUR": [
                    {
                        "default": false,
                        "duration": "P1D",
                        "itinerary_price_limit": 362,
                        "itinerary_price_remaining": 162,
                        "fare_lock_kind": "fee",
                        "price": 8.1,
                        "rule_instance_id": 26749,
                        "version": "v1"
                    },
                    {
                        "default": true,
                        "duration": "P3D",
                        "itinerary_price_limit": 362,
                        "itinerary_price_remaining": 162,
                        "fare_lock_kind": "fee",
                        "price": 16.2,
                        "rule_instance_id": 26748,
                        "version": "v1"
                    },
                    {
                        "default": false,
                        "duration": "P7D",
                        "itinerary_price_limit": 362,
                        "itinerary_price_remaining": 162,
                        "fare_lock_kind": "fee",
                        "price": 40.5,
                        "rule_instance_id": 26750,
                        "version": "v1"
                    }
                ]
            },
            "bags_price": {
                "1": 113.4
            },
            "baglimit": {
                "hand_dimensions_sum": 118,
                "hand_height": 40,
                "hand_length": 55,
                "hand_weight": 8,
                "hand_width": 23,
                "hold_dimensions_sum": 158,
                "hold_height": 52,
                "hold_length": 78,
                "hold_weight": 23,
                "hold_width": 28,
                "personal_item_dimension_sum": 80,
                "personal_item_height": 30,
                "personal_item_length": 40,
                "personal_item_weight": 4,
                "personal_item_width": 10
            },
            "availability": {
                "seats": 4
            },
            "airlines": [
                "JU",
                "EW"
            ],
            "route": [
                {
                    "id": "0b7717884e2e0000d44ad82b_0",
                    "combination_id": "0b7717884e2e0000d44ad82b",
                    "flyFrom": "BUD",
                    "flyTo": "HAM",
                    "cityFrom": "Budapest",
                    "cityCodeFrom": "BUD",
                    "cityTo": "Hamburg",
                    "cityCodeTo": "HAM",
                    "local_departure": "2024-10-18T20:45:00.000Z",
                    "utc_departure": "2024-10-18T18:45:00.000Z",
                    "local_arrival": "2024-10-18T22:30:00.000Z",
                    "utc_arrival": "2024-10-18T20:30:00.000Z",
                    "airline": "EW",
                    "flight_no": 7783,
                    "operating_carrier": "EW",
                    "operating_flight_no": "7783",
                    "fare_basis": "",
                    "fare_category": "M",
                    "fare_classes": "",
                    "return": 0,
                    "bags_recheck_required": false,
                    "vi_connection": false,
                    "guarantee": false,
                    "equipment": null,
                    "vehicle_type": "aircraft"
                },
                {
                    "id": "17880b774e3500006b299cf2_0",
                    "combination_id": "17880b774e3500006b299cf2",
                    "flyFrom": "HAM",
                    "flyTo": "BEG",
                    "cityFrom": "Hamburg",
                    "cityCodeFrom": "HAM",
                    "cityTo": "Belgrade",
                    "cityCodeTo": "BEG",
                    "local_departure": "2024-10-25T09:30:00.000Z",
                    "utc_departure": "2024-10-25T07:30:00.000Z",
                    "local_arrival": "2024-10-25T11:35:00.000Z",
                    "utc_arrival": "2024-10-25T09:35:00.000Z",
                    "airline": "JU",
                    "flight_no": 291,
                    "operating_carrier": "JU",
                    "operating_flight_no": "291",
                    "fare_basis": "TNB14ODE",
                    "fare_category": "M",
                    "fare_classes": "T",
                    "return": 1,
                    "bags_recheck_required": false,
                    "vi_connection": false,
                    "guarantee": false,
                    "equipment": null,
                    "vehicle_type": "aircraft"
                },
                {
                    "id": "17880b774e3500006b299cf2_1",
                    "combination_id": "17880b774e3500006b299cf2",
                    "flyFrom": "BEG",
                    "flyTo": "BUD",
                    "cityFrom": "Belgrade",
                    "cityCodeFrom": "BEG",
                    "cityTo": "Budapest",
                    "cityCodeTo": "BUD",
                    "local_departure": "2024-10-25T13:30:00.000Z",
                    "utc_departure": "2024-10-25T11:30:00.000Z",
                    "local_arrival": "2024-10-25T14:40:00.000Z",
                    "utc_arrival": "2024-10-25T12:40:00.000Z",
                    "airline": "JU",
                    "flight_no": 142,
                    "operating_carrier": "JU",
                    "operating_flight_no": "142",
                    "fare_basis": "TNB14ODE",
                    "fare_category": "M",
                    "fare_classes": "T",
                    "return": 1,
                    "bags_recheck_required": false,
                    "vi_connection": false,
                    "guarantee": false,
                    "equipment": null,
                    "vehicle_type": "aircraft"
                }
            ],
            "booking_token": "H8CheoVPyhu3BoVbusniHz93-X8hXRvgHFC6u2d28UpHVsPlAqt84cqIAySYD_LteNFvOGjTOZdiWr8GAlf7_gX9fkCeSxbOgWlRb7iKvvLlIn-SDqrsNYG8MT4rJyuRPlEyW8EuhQR8fHnYCAIDcAtZWizyPDGwpPqR3yjG3W10xgOOH6bYWpdEMkxl9sc0OvgcMx4Wq3GaiMkpOgr_ZQMSvkjZy3rxAc-WiBZcOBFvyYEWggZNZ9kJNZ-J9vTR6OZq8YhQyftekSpY-pTnxj6PsFTW-3fNwYszoVwpeDrNzej97EAnsJc0cGxQPzrx725oYaVD4Umf1Q8BmJf6sN9oBb07CTXy8xF43HqitQV178iqW5Xj4wbeYjdF44hjViVpfpbBDMAo6HN_xKRff_QTtymdXj0qV3_Rd_kwjeHH6S50K6krzLJlsjD0nU7dBTEQK2K2jsXFFnzPPjISDbRKMjfEKYtpYNYOKMOvVbgkwq6vXNvRHVRWK67VbT3Mr1ItVYcg0--Oeujq3c9J2Joo6JdU5Tp4fur06NYPTDgvoS--ziKF4Ei5j7LPnyQlZp3pegP41_oTBfcgLsNf4v89E_yUhhT8kDzgTTsVoS8R4fYAXE8t7b2AOHHS6EwwJgPygoqWpgUfhck52HfKGAkZ11J5TjJc8c9tplXyKhkdqHA6hGqFQsKrP9UrmXiQ-gogZt2cjXKVpEcy_WNrbPBEP6Slx4ZYn236Y54QfgN6I-4Cxu97BEthmdx7YXIty",
            "deep_link": "https://www.kiwi.com/deep?affilid=mihalytest&currency=EUR&flightsId=0b7717884e2e0000d44ad82b_0%7C17880b774e3500006b299cf2_0%7C17880b774e3500006b299cf2_1&from=BUD&lang=en&passengers=1&to=HAM&booking_token=H8CheoVPyhu3BoVbusniHz93-X8hXRvgHFC6u2d28UpHVsPlAqt84cqIAySYD_LteNFvOGjTOZdiWr8GAlf7_gX9fkCeSxbOgWlRb7iKvvLlIn-SDqrsNYG8MT4rJyuRPlEyW8EuhQR8fHnYCAIDcAtZWizyPDGwpPqR3yjG3W10xgOOH6bYWpdEMkxl9sc0OvgcMx4Wq3GaiMkpOgr_ZQMSvkjZy3rxAc-WiBZcOBFvyYEWggZNZ9kJNZ-J9vTR6OZq8YhQyftekSpY-pTnxj6PsFTW-3fNwYszoVwpeDrNzej97EAnsJc0cGxQPzrx725oYaVD4Umf1Q8BmJf6sN9oBb07CTXy8xF43HqitQV178iqW5Xj4wbeYjdF44hjViVpfpbBDMAo6HN_xKRff_QTtymdXj0qV3_Rd_kwjeHH6S50K6krzLJlsjD0nU7dBTEQK2K2jsXFFnzPPjISDbRKMjfEKYtpYNYOKMOvVbgkwq6vXNvRHVRWK67VbT3Mr1ItVYcg0--Oeujq3c9J2Joo6JdU5Tp4fur06NYPTDgvoS--ziKF4Ei5j7LPnyQlZp3pegP41_oTBfcgLsNf4v89E_yUhhT8kDzgTTsVoS8R4fYAXE8t7b2AOHHS6EwwJgPygoqWpgUfhck52HfKGAkZ11J5TjJc8c9tplXyKhkdqHA6hGqFQsKrP9UrmXiQ-gogZt2cjXKVpEcy_WNrbPBEP6Slx4ZYn236Y54QfgN6I-4Cxu97BEthmdx7YXIty",
            "facilitated_booking_available": true,
            "pnr_count": 2,
            "has_airport_change": false,
            "technical_stops": 0,
            "throw_away_ticketing": false,
            "hidden_city_ticketing": false,
            "virtual_interlining": false
        },
        {
            "id": "0b7717884e3500006a4d0bbb_0|17880b774e3c0000f9f1daba_0|17880b774e3c0000f9f1daba_1",
            "flyFrom": "BUD",
            "flyTo": "HAM",
            "cityFrom": "Budapest",
            "cityCodeFrom": "BUD",
            "cityTo": "Hamburg",
            "cityCodeTo": "HAM",
            "countryFrom": {
                "code": "HU",
                "name": "Hungary"
            },
            "countryTo": {
                "code": "DE",
                "name": "Germany"
            },
            "local_departure": "2024-10-25T20:45:00.000Z",
            "utc_departure": "2024-10-25T18:45:00.000Z",
            "local_arrival": "2024-10-25T22:30:00.000Z",
            "utc_arrival": "2024-10-25T20:30:00.000Z",
            "nightsInDest": 7,
            "quality": 243.999795,
            "distance": 949.98,
            "duration": {
                "departure": 6300,
                "return": 19800,
                "total": 26100
            },
            "price": 162,
            "conversion": {
                "EUR": 162
            },
            "fare": {
                "adults": 162,
                "children": 162,
                "infants": 162
            },
            "fare_locks": {
                "EUR": [
                    {
                        "default": false,
                        "duration": "P1D",
                        "itinerary_price_limit": 362,
                        "itinerary_price_remaining": 162,
                        "fare_lock_kind": "fee",
                        "price": 8.1,
                        "rule_instance_id": 26749,
                        "version": "v1"
                    },
                    {
                        "default": true,
                        "duration": "P3D",
                        "itinerary_price_limit": 362,
                        "itinerary_price_remaining": 162,
                        "fare_lock_kind": "fee",
                        "price": 16.2,
                        "rule_instance_id": 26748,
                        "version": "v1"
                    },
                    {
                        "default": false,
                        "duration": "P7D",
                        "itinerary_price_limit": 362,
                        "itinerary_price_remaining": 162,
                        "fare_lock_kind": "fee",
                        "price": 40.5,
                        "rule_instance_id": 26750,
                        "version": "v1"
                    }
                ]
            },
            "bags_price": {
                "1": 113.4
            },
            "baglimit": {
                "hand_dimensions_sum": 118,
                "hand_height": 40,
                "hand_length": 55,
                "hand_weight": 8,
                "hand_width": 23,
                "hold_dimensions_sum": 158,
                "hold_height": 52,
                "hold_length": 78,
                "hold_weight": 23,
                "hold_width": 28,
                "personal_item_dimension_sum": 80,
                "personal_item_height": 30,
                "personal_item_length": 40,
                "personal_item_weight": 4,
                "personal_item_width": 10
            },
            "availability": {
                "seats": 4
            },
            "airlines": [
                "EW",
                "JU"
            ],
            "route": [
                {
                    "id": "0b7717884e3500006a4d0bbb_0",
                    "combination_id": "0b7717884e3500006a4d0bbb",
                    "flyFrom": "BUD",
                    "flyTo": "HAM",
                    "cityFrom": "Budapest",
                    "cityCodeFrom": "BUD",
                    "cityTo": "Hamburg",
                    "cityCodeTo": "HAM",
                    "local_departure": "2024-10-25T20:45:00.000Z",
                    "utc_departure": "2024-10-25T18:45:00.000Z",
                    "local_arrival": "2024-10-25T22:30:00.000Z",
                    "utc_arrival": "2024-10-25T20:30:00.000Z",
                    "airline": "EW",
                    "flight_no": 7783,
                    "operating_carrier": "EW",
                    "operating_flight_no": "7783",
                    "fare_basis": "",
                    "fare_category": "M",
                    "fare_classes": "",
                    "return": 0,
                    "bags_recheck_required": false,
                    "vi_connection": false,
                    "guarantee": false,
                    "equipment": null,
                    "vehicle_type": "aircraft"
                },
                {
                    "id": "17880b774e3c0000f9f1daba_0",
                    "combination_id": "17880b774e3c0000f9f1daba",
                    "flyFrom": "HAM",
                    "flyTo": "BEG",
                    "cityFrom": "Hamburg",
                    "cityCodeFrom": "HAM",
                    "cityTo": "Belgrade",
                    "cityCodeTo": "BEG",
                    "local_departure": "2024-11-01T09:15:00.000Z",
                    "utc_departure": "2024-11-01T08:15:00.000Z",
                    "local_arrival": "2024-11-01T11:15:00.000Z",
                    "utc_arrival": "2024-11-01T10:15:00.000Z",
                    "airline": "JU",
                    "flight_no": 291,
                    "operating_carrier": "JU",
                    "operating_flight_no": "291",
                    "fare_basis": "TNB14ODE",
                    "fare_category": "M",
                    "fare_classes": "T",
                    "return": 1,
                    "bags_recheck_required": false,
                    "vi_connection": false,
                    "guarantee": false,
                    "equipment": null,
                    "vehicle_type": "aircraft"
                },
                {
                    "id": "17880b774e3c0000f9f1daba_1",
                    "combination_id": "17880b774e3c0000f9f1daba",
                    "flyFrom": "BEG",
                    "flyTo": "BUD",
                    "cityFrom": "Belgrade",
                    "cityCodeFrom": "BEG",
                    "cityTo": "Budapest",
                    "cityCodeTo": "BUD",
                    "local_departure": "2024-11-01T13:30:00.000Z",
                    "utc_departure": "2024-11-01T12:30:00.000Z",
                    "local_arrival": "2024-11-01T14:45:00.000Z",
                    "utc_arrival": "2024-11-01T13:45:00.000Z",
                    "airline": "JU",
                    "flight_no": 142,
                    "operating_carrier": "JU",
                    "operating_flight_no": "142",
                    "fare_basis": "TNB14ODE",
                    "fare_category": "M",
                    "fare_classes": "T",
                    "return": 1,
                    "bags_recheck_required": false,
                    "vi_connection": false,
                    "guarantee": false,
                    "equipment": null,
                    "vehicle_type": "aircraft"
                }
            ],
            "booking_token": "Hbg4Qc7otbtQDCpE81I9R9ZOAoNqQ8lV_bjSCooHflV_E5cmA-_38LDcU3_lF9ypbB4dUIyEYEuNnUssgfzsS5TdVWCKMh65a4fN5KTFsf4cGwNT43Jt0PImiw4SB3236vU7Lq-WC2lXKbPDYH-qOyyHKXMRXBmo04L8rESl9i8ZJhFUeU3JVnFpNmUp1PCsHI2T6R_9Pw_vaEgxJEUW6iX-Rod6f_PWDeAmIrt18VTbH2naYUsSBlBJmzdnhEnCA5SVz7yAzGJgPSaHvEQ8CLBapbit9Q7bm4NKXBfdIz7QlmQgK5vlYh3gh41roz_pU25N5QGA5qiyunVV9oI1NKRy1csK-29TJCoTQujt9rEirol_RypZO8m6dxOG86LU0FjwkxGwNBCGsA_1VV-5s0f9wkQShTH1zkOqTiz_DwrtO7dlQTTqbdS-dkpUKmV1KgrkR5A_VMPGJAumXCzo3RmFni5mGbWflrqzjz5lnhvlG7M8PWi7ye6wQLXxLhObz1BNI17cV1sZGaI0VkVfOYqThroAI1mOn3PxlG8tx0o5Nit2gnGKBB8XOUBfwaXNRoF1H_txdoMtquIdmT5PqP1RfKmp8gpW4hbnDCre4BcIKcrwarw5jOhDmFPFlHS3nEnLcpuKyydiDLyyLtyo-oIcKIzFTBRP_FC3S7QGbRADuHIyKj1rYiG3MwHXW3_aA0_VvgwfadUqTFdYj7ibzZDkX-7UWDE-kj-OYrN3BKmwK4A7Rt_7hd_rqAI_3ChAQ",
            "deep_link": "https://www.kiwi.com/deep?affilid=mihalytest&currency=EUR&flightsId=0b7717884e3500006a4d0bbb_0%7C17880b774e3c0000f9f1daba_0%7C17880b774e3c0000f9f1daba_1&from=BUD&lang=en&passengers=1&to=HAM&booking_token=Hbg4Qc7otbtQDCpE81I9R9ZOAoNqQ8lV_bjSCooHflV_E5cmA-_38LDcU3_lF9ypbB4dUIyEYEuNnUssgfzsS5TdVWCKMh65a4fN5KTFsf4cGwNT43Jt0PImiw4SB3236vU7Lq-WC2lXKbPDYH-qOyyHKXMRXBmo04L8rESl9i8ZJhFUeU3JVnFpNmUp1PCsHI2T6R_9Pw_vaEgxJEUW6iX-Rod6f_PWDeAmIrt18VTbH2naYUsSBlBJmzdnhEnCA5SVz7yAzGJgPSaHvEQ8CLBapbit9Q7bm4NKXBfdIz7QlmQgK5vlYh3gh41roz_pU25N5QGA5qiyunVV9oI1NKRy1csK-29TJCoTQujt9rEirol_RypZO8m6dxOG86LU0FjwkxGwNBCGsA_1VV-5s0f9wkQShTH1zkOqTiz_DwrtO7dlQTTqbdS-dkpUKmV1KgrkR5A_VMPGJAumXCzo3RmFni5mGbWflrqzjz5lnhvlG7M8PWi7ye6wQLXxLhObz1BNI17cV1sZGaI0VkVfOYqThroAI1mOn3PxlG8tx0o5Nit2gnGKBB8XOUBfwaXNRoF1H_txdoMtquIdmT5PqP1RfKmp8gpW4hbnDCre4BcIKcrwarw5jOhDmFPFlHS3nEnLcpuKyydiDLyyLtyo-oIcKIzFTBRP_FC3S7QGbRADuHIyKj1rYiG3MwHXW3_aA0_VvgwfadUqTFdYj7ibzZDkX-7UWDE-kj-OYrN3BKmwK4A7Rt_7hd_rqAI_3ChAQ",
            "facilitated_booking_available": true,
            "pnr_count": 2,
            "has_airport_change": false,
            "technical_stops": 0,
            "throw_away_ticketing": false,
            "hidden_city_ticketing": false,
            "virtual_interlining": false
        },
        {
            "id": "0b77065b4e320000f106d14c_0|065b17884e320000fc9ef5b1_0|17880b774e330000097c835c_0",
            "flyFrom": "BUD",
            "flyTo": "HAM",
            "cityFrom": "Budapest",
            "cityCodeFrom": "BUD",
            "cityTo": "Hamburg",
            "cityCodeTo": "HAM",
            "countryFrom": {
                "code": "HU",
                "name": "Hungary"
            },
            "countryTo": {
                "code": "DE",
                "name": "Germany"
            },
            "local_departure": "2024-10-22T08:50:00.000Z",
            "utc_departure": "2024-10-22T06:50:00.000Z",
            "local_arrival": "2024-10-22T15:35:00.000Z",
            "utc_arrival": "2024-10-22T13:35:00.000Z",
            "nightsInDest": 1,
            "quality": 253.333105,
            "distance": 949.98,
            "duration": {
                "departure": 24300,
                "return": 6000,
                "total": 30300
            },
            "price": 162,
            "conversion": {
                "EUR": 162
            },
            "fare": {
                "adults": 162,
                "children": 162,
                "infants": 162
            },
            "fare_locks": {
                "EUR": [
                    {
                        "default": false,
                        "duration": "P1D",
                        "itinerary_price_limit": 362,
                        "itinerary_price_remaining": 162,
                        "fare_lock_kind": "fee",
                        "price": 8.1,
                        "rule_instance_id": 26749,
                        "version": "v1"
                    },
                    {
                        "default": true,
                        "duration": "P3D",
                        "itinerary_price_limit": 362,
                        "itinerary_price_remaining": 162,
                        "fare_lock_kind": "fee",
                        "price": 16.2,
                        "rule_instance_id": 26748,
                        "version": "v1"
                    },
                    {
                        "default": false,
                        "duration": "P7D",
                        "itinerary_price_limit": 362,
                        "itinerary_price_remaining": 162,
                        "fare_lock_kind": "fee",
                        "price": 40.5,
                        "rule_instance_id": 26750,
                        "version": "v1"
                    }
                ]
            },
            "bags_price": {
                "1": 176.456,
                "2": 421.512
            },
            "baglimit": {
                "hand_dimensions_sum": 118,
                "hand_height": 40,
                "hand_length": 55,
                "hand_weight": 8,
                "hand_width": 23,
                "hold_dimensions_sum": 158,
                "hold_height": 52,
                "hold_length": 78,
                "hold_weight": 20,
                "hold_width": 28,
                "personal_item_dimension_sum": 90,
                "personal_item_height": 30,
                "personal_item_length": 40,
                "personal_item_weight": 8,
                "personal_item_width": 20
            },
            "availability": {
                "seats": 4
            },
            "airlines": [
                "EW",
                "W6",
                "W4"
            ],
            "route": [
                {
                    "id": "0b77065b4e320000f106d14c_0",
                    "combination_id": "0b77065b4e320000f106d14c",
                    "flyFrom": "BUD",
                    "flyTo": "OTP",
                    "cityFrom": "Budapest",
                    "cityCodeFrom": "BUD",
                    "cityTo": "Bucharest",
                    "cityCodeTo": "BUH",
                    "local_departure": "2024-10-22T08:50:00.000Z",
                    "utc_departure": "2024-10-22T06:50:00.000Z",
                    "local_arrival": "2024-10-22T11:10:00.000Z",
                    "utc_arrival": "2024-10-22T08:10:00.000Z",
                    "airline": "W6",
                    "flight_no": 3292,
                    "operating_carrier": "",
                    "operating_flight_no": "",
                    "fare_basis": "",
                    "fare_category": "M",
                    "fare_classes": "",
                    "return": 0,
                    "bags_recheck_required": false,
                    "vi_connection": false,
                    "guarantee": false,
                    "equipment": null,
                    "vehicle_type": "aircraft"
                },
                {
                    "id": "065b17884e320000fc9ef5b1_0",
                    "combination_id": "065b17884e320000fc9ef5b1",
                    "flyFrom": "OTP",
                    "flyTo": "HAM",
                    "cityFrom": "Bucharest",
                    "cityCodeFrom": "BUH",
                    "cityTo": "Hamburg",
                    "cityCodeTo": "HAM",
                    "local_departure": "2024-10-22T13:55:00.000Z",
                    "utc_departure": "2024-10-22T10:55:00.000Z",
                    "local_arrival": "2024-10-22T15:35:00.000Z",
                    "utc_arrival": "2024-10-22T13:35:00.000Z",
                    "airline": "W4",
                    "flight_no": 3095,
                    "operating_carrier": "",
                    "operating_flight_no": "",
                    "fare_basis": "",
                    "fare_category": "M",
                    "fare_classes": "",
                    "return": 0,
                    "bags_recheck_required": true,
                    "vi_connection": true,
                    "guarantee": true,
                    "equipment": null,
                    "vehicle_type": "aircraft"
                },
                {
                    "id": "17880b774e330000097c835c_0",
                    "combination_id": "17880b774e330000097c835c",
                    "flyFrom": "HAM",
                    "flyTo": "BUD",
                    "cityFrom": "Hamburg",
                    "cityCodeFrom": "HAM",
                    "cityTo": "Budapest",
                    "cityCodeTo": "BUD",
                    "local_departure": "2024-10-23T18:25:00.000Z",
                    "utc_departure": "2024-10-23T16:25:00.000Z",
                    "local_arrival": "2024-10-23T20:05:00.000Z",
                    "utc_arrival": "2024-10-23T18:05:00.000Z",
                    "airline": "EW",
                    "flight_no": 7782,
                    "operating_carrier": "EW",
                    "operating_flight_no": "7782",
                    "fare_basis": "",
                    "fare_category": "M",
                    "fare_classes": "T",
                    "return": 1,
                    "bags_recheck_required": false,
                    "vi_connection": false,
                    "guarantee": false,
                    "equipment": null,
                    "vehicle_type": "aircraft"
                }
            ],
            "booking_token": "HwIOph5ko1EKK7qlQaXhWGP6dAy8fqaw0Z5nYoLv-XnMcdggxEsaWS5nCzAvP2Icrs72eNidUasapKs-MAigRfUZTzd3OY_PFupYoFVEck_5-tK67HnAeSYawa2BW10NOUmNRb-AcoRGSEfj1L3PUibLZsCvqTobbBqQ-qg28E8bCDC_Y9dQEK8m-sKammiLNAGSaLR9tiVrT0OFZ_S9lb0BS90sqONIJdeWAy9TZlcnKA3SEV6HGwZrJOaMSGf-jKizU2RC_2Dn27j0LDmK0K4r7tDtYMwjgp5r1rYh-vo9waeafmoSh1_D524_KHaadJCleZ8Qw1tWgp-lUkHQl7iHZu8xJVkJYvxQn10MXBGKtlAJjCgjYLbdX_PWaRvqUmtgMtWL6ogUKjBzGp9Z8efzQmHtZrIaw_iUL9ijYjhyHJ-OhGc4dFk9QQ9oyz19qHwm2h-6J1GX1uVIKuWJoTDOJm4GJiigdyfhrX88IPBJJ_n3cZAjyj6TL-o9ONBLovvPl2O0Lkl1TCkOFPVXikjcNK2-5_riYOKzKRz5H1ZKBs1dLjBceIu41XMV-Ylj4uzIaJbFqA9hOCF0F0olpFSmmKqWODBKKq2UzZcP8KnNj29M7tYavr6Z-EDaZh8a8Espz151zN_3l7Kbjd9pvsuOHqvqF1dWtE4uwyKBKSYBmwGeC7I_Ga48k7ukIQQrQ2M5B6rPTAFM_pWU4T9159dqnoQl6y8Wt3ugFo-6rsXLM5UcioUkAAOXUUe1d8YgnQXp67AjBt_so35T9mg8nUc2njPYzuOYsyrag3JUSKlHc9NvocEJ7UKQY5IBXe0wH",
            "deep_link": "https://www.kiwi.com/deep?affilid=mihalytest&currency=EUR&flightsId=0b77065b4e320000f106d14c_0%7C065b17884e320000fc9ef5b1_0%7C17880b774e330000097c835c_0&from=BUD&lang=en&passengers=1&to=HAM&booking_token=HwIOph5ko1EKK7qlQaXhWGP6dAy8fqaw0Z5nYoLv-XnMcdggxEsaWS5nCzAvP2Icrs72eNidUasapKs-MAigRfUZTzd3OY_PFupYoFVEck_5-tK67HnAeSYawa2BW10NOUmNRb-AcoRGSEfj1L3PUibLZsCvqTobbBqQ-qg28E8bCDC_Y9dQEK8m-sKammiLNAGSaLR9tiVrT0OFZ_S9lb0BS90sqONIJdeWAy9TZlcnKA3SEV6HGwZrJOaMSGf-jKizU2RC_2Dn27j0LDmK0K4r7tDtYMwjgp5r1rYh-vo9waeafmoSh1_D524_KHaadJCleZ8Qw1tWgp-lUkHQl7iHZu8xJVkJYvxQn10MXBGKtlAJjCgjYLbdX_PWaRvqUmtgMtWL6ogUKjBzGp9Z8efzQmHtZrIaw_iUL9ijYjhyHJ-OhGc4dFk9QQ9oyz19qHwm2h-6J1GX1uVIKuWJoTDOJm4GJiigdyfhrX88IPBJJ_n3cZAjyj6TL-o9ONBLovvPl2O0Lkl1TCkOFPVXikjcNK2-5_riYOKzKRz5H1ZKBs1dLjBceIu41XMV-Ylj4uzIaJbFqA9hOCF0F0olpFSmmKqWODBKKq2UzZcP8KnNj29M7tYavr6Z-EDaZh8a8Espz151zN_3l7Kbjd9pvsuOHqvqF1dWtE4uwyKBKSYBmwGeC7I_Ga48k7ukIQQrQ2M5B6rPTAFM_pWU4T9159dqnoQl6y8Wt3ugFo-6rsXLM5UcioUkAAOXUUe1d8YgnQXp67AjBt_so35T9mg8nUc2njPYzuOYsyrag3JUSKlHc9NvocEJ7UKQY5IBXe0wH",
            "facilitated_booking_available": false,
            "pnr_count": 3,
            "has_airport_change": false,
            "technical_stops": 0,
            "throw_away_ticketing": false,
            "hidden_city_ticketing": false,
            "virtual_interlining": true
        },
        {
            "id": "0b77065b4e320000f106d14c_0|065b17884e320000fc9ef5b1_0|17880b774e37000099e68148_0",
            "flyFrom": "BUD",
            "flyTo": "HAM",
            "cityFrom": "Budapest",
            "cityCodeFrom": "BUD",
            "cityTo": "Hamburg",
            "cityCodeTo": "HAM",
            "countryFrom": {
                "code": "HU",
                "name": "Hungary"
            },
            "countryTo": {
                "code": "DE",
                "name": "Germany"
            },
            "local_departure": "2024-10-22T08:50:00.000Z",
            "utc_departure": "2024-10-22T06:50:00.000Z",
            "local_arrival": "2024-10-22T15:35:00.000Z",
            "utc_arrival": "2024-10-22T13:35:00.000Z",
            "nightsInDest": 5,
            "quality": 253.99977,
            "distance": 949.98,
            "duration": {
                "departure": 24300,
                "return": 6300,
                "total": 30600
            },
            "price": 162,
            "conversion": {
                "EUR": 162
            },
            "fare": {
                "adults": 162,
                "children": 162,
                "infants": 162
            },
            "fare_locks": {
                "EUR": [
                    {
                        "default": false,
                        "duration": "P1D",
                        "itinerary_price_limit": 362,
                        "itinerary_price_remaining": 162,
                        "fare_lock_kind": "fee",
                        "price": 8.1,
                        "rule_instance_id": 26749,
                        "version": "v1"
                    },
                    {
                        "default": true,
                        "duration": "P3D",
                        "itinerary_price_limit": 362,
                        "itinerary_price_remaining": 162,
                        "fare_lock_kind": "fee",
                        "price": 16.2,
                        "rule_instance_id": 26748,
                        "version": "v1"
                    },
                    {
                        "default": false,
                        "duration": "P7D",
                        "itinerary_price_limit": 362,
                        "itinerary_price_remaining": 162,
                        "fare_lock_kind": "fee",
                        "price": 40.5,
                        "rule_instance_id": 26750,
                        "version": "v1"
                    }
                ]
            },
            "bags_price": {
                "1": 176.456,
                "2": 421.512
            },
            "baglimit": {
                "hand_dimensions_sum": 118,
                "hand_height": 40,
                "hand_length": 55,
                "hand_weight": 8,
                "hand_width": 23,
                "hold_dimensions_sum": 158,
                "hold_height": 52,
                "hold_length": 78,
                "hold_weight": 20,
                "hold_width": 28,
                "personal_item_dimension_sum": 90,
                "personal_item_height": 30,
                "personal_item_length": 40,
                "personal_item_weight": 8,
                "personal_item_width": 20
            },
            "availability": {
                "seats": 4
            },
            "airlines": [
                "W6",
                "W4",
                "EW"
            ],
            "route": [
                {
                    "id": "0b77065b4e320000f106d14c_0",
                    "combination_id": "0b77065b4e320000f106d14c",
                    "flyFrom": "BUD",
                    "flyTo": "OTP",
                    "cityFrom": "Budapest",
                    "cityCodeFrom": "BUD",
                    "cityTo": "Bucharest",
                    "cityCodeTo": "BUH",
                    "local_departure": "2024-10-22T08:50:00.000Z",
                    "utc_departure": "2024-10-22T06:50:00.000Z",
                    "local_arrival": "2024-10-22T11:10:00.000Z",
                    "utc_arrival": "2024-10-22T08:10:00.000Z",
                    "airline": "W6",
                    "flight_no": 3292,
                    "operating_carrier": "",
                    "operating_flight_no": "",
                    "fare_basis": "",
                    "fare_category": "M",
                    "fare_classes": "",
                    "return": 0,
                    "bags_recheck_required": false,
                    "vi_connection": false,
                    "guarantee": false,
                    "equipment": null,
                    "vehicle_type": "aircraft"
                },
                {
                    "id": "065b17884e320000fc9ef5b1_0",
                    "combination_id": "065b17884e320000fc9ef5b1",
                    "flyFrom": "OTP",
                    "flyTo": "HAM",
                    "cityFrom": "Bucharest",
                    "cityCodeFrom": "BUH",
                    "cityTo": "Hamburg",
                    "cityCodeTo": "HAM",
                    "local_departure": "2024-10-22T13:55:00.000Z",
                    "utc_departure": "2024-10-22T10:55:00.000Z",
                    "local_arrival": "2024-10-22T15:35:00.000Z",
                    "utc_arrival": "2024-10-22T13:35:00.000Z",
                    "airline": "W4",
                    "flight_no": 3095,
                    "operating_carrier": "",
                    "operating_flight_no": "",
                    "fare_basis": "",
                    "fare_category": "M",
                    "fare_classes": "",
                    "return": 0,
                    "bags_recheck_required": true,
                    "vi_connection": true,
                    "guarantee": true,
                    "equipment": null,
                    "vehicle_type": "aircraft"
                },
                {
                    "id": "17880b774e37000099e68148_0",
                    "combination_id": "17880b774e37000099e68148",
                    "flyFrom": "HAM",
                    "flyTo": "BUD",
                    "cityFrom": "Hamburg",
                    "cityCodeFrom": "HAM",
                    "cityTo": "Budapest",
                    "cityCodeTo": "BUD",
                    "local_departure": "2024-10-27T13:05:00.000Z",
                    "utc_departure": "2024-10-27T12:05:00.000Z",
                    "local_arrival": "2024-10-27T14:50:00.000Z",
                    "utc_arrival": "2024-10-27T13:50:00.000Z",
                    "airline": "EW",
                    "flight_no": 7780,
                    "operating_carrier": "EW",
                    "operating_flight_no": "7780",
                    "fare_basis": "",
                    "fare_category": "M",
                    "fare_classes": "",
                    "return": 1,
                    "bags_recheck_required": false,
                    "vi_connection": false,
                    "guarantee": false,
                    "equipment": null,
                    "vehicle_type": "aircraft"
                }
            ],
            "booking_token": "HrBEgGup3JjjlnviisXL4PM-25l-voPunMurz6rAotouw3b4alc4FQZowM2K4DwJrYGXqvGZJzTgIrLoZ_SrJBqLFmhPet4ScZbqv7kwIoQIeZfnvUdGj6vEwroDdHHwhdXAW_ZsN01EJOgco115MNzhNmpwBVoxqbbTOmy6Be061GxkIKRVCuWRx2xsnYApZdh3Bb7j94yU2O84DI-koDu3TMQY0FVcj8veni36n9GH91XVhuXPtWLgCplnqO8zY1L5rsokMQlV5NL8KAGsepFwOlZVcycmJfcyR_VOXOlETRPvZrOMB4t5X8hstLHIF_gBT2z-5V8Al4096skdutum8dRepyDYiFzriXPXsMVw5kGWPuIEQmeue_OXBvcF4H1SVwlAqOPgM8BBGs_R14_cVTNUD8d4edWLor0lUj4DvAc1kobRJv4IUKr3LeljyQ1fX4vBkDe0kGWE86Npb58ovsDi-EV3VWpkDye3CVvuJqLwJK2aqabTqcVN4i8pebc6EE9nrqC4oMs_kI22EI-ZMfaNIXoWRpQ8KfrZBEhp0giPBu3vuNrS6TBZSB26OrcAkObqv20jt4zIyjOQVjujEesTvT9E666VdWZo4fZD7TYF0TsLaSr8o20jaDRqLxLseoibIJ3XqvSPnqYXz3X_gKSa1HLU_fRcKZqwtUMHZUnMArXz_ATJfUDbZlJjMkCtFyVyb-0gNO9-smJWVBr3SG8Z7aUVt3f2kseG6s6C-AUJwrZGM533LHJlS9cVrGCKiK87F8lh7Es9MEc_5hneW0KTKsA5VpKsE-KoVvIFO0WGC_jCvEwH8ksQ14YaC",
            "deep_link": "https://www.kiwi.com/deep?affilid=mihalytest&currency=EUR&flightsId=0b77065b4e320000f106d14c_0%7C065b17884e320000fc9ef5b1_0%7C17880b774e37000099e68148_0&from=BUD&lang=en&passengers=1&to=HAM&booking_token=HrBEgGup3JjjlnviisXL4PM-25l-voPunMurz6rAotouw3b4alc4FQZowM2K4DwJrYGXqvGZJzTgIrLoZ_SrJBqLFmhPet4ScZbqv7kwIoQIeZfnvUdGj6vEwroDdHHwhdXAW_ZsN01EJOgco115MNzhNmpwBVoxqbbTOmy6Be061GxkIKRVCuWRx2xsnYApZdh3Bb7j94yU2O84DI-koDu3TMQY0FVcj8veni36n9GH91XVhuXPtWLgCplnqO8zY1L5rsokMQlV5NL8KAGsepFwOlZVcycmJfcyR_VOXOlETRPvZrOMB4t5X8hstLHIF_gBT2z-5V8Al4096skdutum8dRepyDYiFzriXPXsMVw5kGWPuIEQmeue_OXBvcF4H1SVwlAqOPgM8BBGs_R14_cVTNUD8d4edWLor0lUj4DvAc1kobRJv4IUKr3LeljyQ1fX4vBkDe0kGWE86Npb58ovsDi-EV3VWpkDye3CVvuJqLwJK2aqabTqcVN4i8pebc6EE9nrqC4oMs_kI22EI-ZMfaNIXoWRpQ8KfrZBEhp0giPBu3vuNrS6TBZSB26OrcAkObqv20jt4zIyjOQVjujEesTvT9E666VdWZo4fZD7TYF0TsLaSr8o20jaDRqLxLseoibIJ3XqvSPnqYXz3X_gKSa1HLU_fRcKZqwtUMHZUnMArXz_ATJfUDbZlJjMkCtFyVyb-0gNO9-smJWVBr3SG8Z7aUVt3f2kseG6s6C-AUJwrZGM533LHJlS9cVrGCKiK87F8lh7Es9MEc_5hneW0KTKsA5VpKsE-KoVvIFO0WGC_jCvEwH8ksQ14YaC",
            "facilitated_booking_available": false,
            "pnr_count": 3,
            "has_airport_change": false,
            "technical_stops": 0,
            "throw_away_ticketing": false,
            "hidden_city_ticketing": false,
            "virtual_interlining": true
        },
        {
            "id": "0b7717884e530000e369c663_0|17880b774e540000cae3837d_0",
            "flyFrom": "BUD",
            "flyTo": "HAM",
            "cityFrom": "Budapest",
            "cityCodeFrom": "BUD",
            "cityTo": "Hamburg",
            "cityCodeTo": "HAM",
            "countryFrom": {
                "code": "HU",
                "name": "Hungary"
            },
            "countryTo": {
                "code": "DE",
                "name": "Germany"
            },
            "local_departure": "2024-11-24T15:35:00.000Z",
            "utc_departure": "2024-11-24T14:35:00.000Z",
            "local_arrival": "2024-11-24T17:25:00.000Z",
            "utc_arrival": "2024-11-24T16:25:00.000Z",
            "nightsInDest": 1,
            "quality": 215.666535,
            "distance": 949.98,
            "duration": {
                "departure": 6600,
                "return": 6300,
                "total": 12900
            },
            "price": 163,
            "conversion": {
                "EUR": 163
            },
            "fare": {
                "adults": 163,
                "children": 163,
                "infants": 163
            },
            "fare_locks": {
                "EUR": [
                    {
                        "default": false,
                        "duration": "P1D",
                        "itinerary_price_limit": 363,
                        "itinerary_price_remaining": 163,
                        "fare_lock_kind": "fee",
                        "price": 8.15,
                        "rule_instance_id": 26749,
                        "version": "v1"
                    },
                    {
                        "default": true,
                        "duration": "P3D",
                        "itinerary_price_limit": 363,
                        "itinerary_price_remaining": 163,
                        "fare_lock_kind": "fee",
                        "price": 16.3,
                        "rule_instance_id": 26748,
                        "version": "v1"
                    },
                    {
                        "default": false,
                        "duration": "P7D",
                        "itinerary_price_limit": 363,
                        "itinerary_price_remaining": 163,
                        "fare_lock_kind": "fee",
                        "price": 40.75,
                        "rule_instance_id": 26750,
                        "version": "v1"
                    }
                ]
            },
            "bags_price": {
                "1": 72.8,
                "2": 282.8
            },
            "baglimit": {
                "hand_dimensions_sum": 118,
                "hand_height": 40,
                "hand_length": 55,
                "hand_weight": 8,
                "hand_width": 23,
                "hold_dimensions_sum": 158,
                "hold_height": 52,
                "hold_length": 78,
                "hold_weight": 23,
                "hold_width": 28,
                "personal_item_dimension_sum": 95,
                "personal_item_height": 30,
                "personal_item_length": 40,
                "personal_item_weight": 8,
                "personal_item_width": 25
            },
            "availability": {
                "seats": 9
            },
            "airlines": [
                "EW"
            ],
            "route": [
                {
                    "id": "0b7717884e530000e369c663_0",
                    "combination_id": "0b7717884e530000e369c663",
                    "flyFrom": "BUD",
                    "flyTo": "HAM",
                    "cityFrom": "Budapest",
                    "cityCodeFrom": "BUD",
                    "cityTo": "Hamburg",
                    "cityCodeTo": "HAM",
                    "local_departure": "2024-11-24T15:35:00.000Z",
                    "utc_departure": "2024-11-24T14:35:00.000Z",
                    "local_arrival": "2024-11-24T17:25:00.000Z",
                    "utc_arrival": "2024-11-24T16:25:00.000Z",
                    "airline": "EW",
                    "flight_no": 7781,
                    "operating_carrier": "EW",
                    "operating_flight_no": "7781",
                    "fare_basis": "",
                    "fare_category": "M",
                    "fare_classes": "L",
                    "return": 0,
                    "bags_recheck_required": false,
                    "vi_connection": false,
                    "guarantee": false,
                    "equipment": null,
                    "vehicle_type": "aircraft"
                },
                {
                    "id": "17880b774e540000cae3837d_0",
                    "combination_id": "17880b774e540000cae3837d",
                    "flyFrom": "HAM",
                    "flyTo": "BUD",
                    "cityFrom": "Hamburg",
                    "cityCodeFrom": "HAM",
                    "cityTo": "Budapest",
                    "cityCodeTo": "BUD",
                    "local_departure": "2024-11-25T06:45:00.000Z",
                    "utc_departure": "2024-11-25T05:45:00.000Z",
                    "local_arrival": "2024-11-25T08:30:00.000Z",
                    "utc_arrival": "2024-11-25T07:30:00.000Z",
                    "airline": "EW",
                    "flight_no": 7780,
                    "operating_carrier": "EW",
                    "operating_flight_no": "7780",
                    "fare_basis": "",
                    "fare_category": "M",
                    "fare_classes": "",
                    "return": 1,
                    "bags_recheck_required": false,
                    "vi_connection": false,
                    "guarantee": false,
                    "equipment": null,
                    "vehicle_type": "aircraft"
                }
            ],
            "booking_token": "HDPnMsy4_9SmFFh-fLcFxhdehl1HRWyulqgpumOY5UwBgJkFer1Ty2kFN5OsF7uizhgoXLVe0Y9UrvSZK-vqo0eysBQST4jTJrXo8wMFt8DYHTzyUexM6v5hII_t1Mm8IKEYTULa_mxsZ0qamIPH-44dMkayAt6cz1WVba5xwDu7X6S96r-3nexTSfoJxnxBcufvRk85EpF7W6BxKOvcXGHcKg2yJSLfeYqGDd_Lk8cdV-6CESN_n9VamfkCkUSo-aCFP448yi1HJrbayFEUFor0RTDMJbFx_xr1b0-92hbjQfPvtuIIVmZAY2OrlArvclqZpqIeXUlU0Umjlbfpi-PSsQAlFscXOQ9OQZRQbGCl_dQ6OQqbx8XHI_kwnsHV-ep1QOZRCeGYH6QZ9ykn5HrPdwCMsgjFgmZT_A9rLfWu_jEZVuyVMuegkNtz51Gr89d_ZRneoteVZNDMtm6ZXYDDip32cU094jnkxdeNtPbYjCcmBynz3nQ39FBU0em4CGiT8l_F7UoVPj5MsTvZEsgIpHudHx1aTosvSbHE-bYP-uAn71hQGfW4f5r01Khu-RatsR4rjVlpn63XIfhX6dqSfKL9anBHnkx90PUHGbNZrJEqR_ZNpM9Iw7mcP8BixTprgnCByY2L68vtV6_OPhhXrNXenokM6aJmbQFWUBm8=",
            "deep_link": "https://www.kiwi.com/deep?affilid=mihalytest&currency=EUR&flightsId=0b7717884e530000e369c663_0%7C17880b774e540000cae3837d_0&from=BUD&lang=en&passengers=1&to=HAM&booking_token=HDPnMsy4_9SmFFh-fLcFxhdehl1HRWyulqgpumOY5UwBgJkFer1Ty2kFN5OsF7uizhgoXLVe0Y9UrvSZK-vqo0eysBQST4jTJrXo8wMFt8DYHTzyUexM6v5hII_t1Mm8IKEYTULa_mxsZ0qamIPH-44dMkayAt6cz1WVba5xwDu7X6S96r-3nexTSfoJxnxBcufvRk85EpF7W6BxKOvcXGHcKg2yJSLfeYqGDd_Lk8cdV-6CESN_n9VamfkCkUSo-aCFP448yi1HJrbayFEUFor0RTDMJbFx_xr1b0-92hbjQfPvtuIIVmZAY2OrlArvclqZpqIeXUlU0Umjlbfpi-PSsQAlFscXOQ9OQZRQbGCl_dQ6OQqbx8XHI_kwnsHV-ep1QOZRCeGYH6QZ9ykn5HrPdwCMsgjFgmZT_A9rLfWu_jEZVuyVMuegkNtz51Gr89d_ZRneoteVZNDMtm6ZXYDDip32cU094jnkxdeNtPbYjCcmBynz3nQ39FBU0em4CGiT8l_F7UoVPj5MsTvZEsgIpHudHx1aTosvSbHE-bYP-uAn71hQGfW4f5r01Khu-RatsR4rjVlpn63XIfhX6dqSfKL9anBHnkx90PUHGbNZrJEqR_ZNpM9Iw7mcP8BixTprgnCByY2L68vtV6_OPhhXrNXenokM6aJmbQFWUBm8=",
            "facilitated_booking_available": true,
            "pnr_count": 2,
            "has_airport_change": false,
            "technical_stops": 0,
            "throw_away_ticketing": false,
            "hidden_city_ticketing": false,
            "virtual_interlining": false
        },
        {
            "id": "0b7717884e530000e369c663_0|17880b774e5a00005a05dc69_0",
            "flyFrom": "BUD",
            "flyTo": "HAM",
            "cityFrom": "Budapest",
            "cityCodeFrom": "BUD",
            "cityTo": "Hamburg",
            "cityCodeTo": "HAM",
            "countryFrom": {
                "code": "HU",
                "name": "Hungary"
            },
            "countryTo": {
                "code": "DE",
                "name": "Germany"
            },
            "local_departure": "2024-11-24T15:35:00.000Z",
            "utc_departure": "2024-11-24T14:35:00.000Z",
            "local_arrival": "2024-11-24T17:25:00.000Z",
            "utc_arrival": "2024-11-24T16:25:00.000Z",
            "nightsInDest": 7,
            "quality": 215.666535,
            "distance": 949.98,
            "duration": {
                "departure": 6600,
                "return": 6300,
                "total": 12900
            },
            "price": 163,
            "conversion": {
                "EUR": 163
            },
            "fare": {
                "adults": 163,
                "children": 163,
                "infants": 163
            },
            "fare_locks": {
                "EUR": [
                    {
                        "default": false,
                        "duration": "P1D",
                        "itinerary_price_limit": 363,
                        "itinerary_price_remaining": 163,
                        "fare_lock_kind": "fee",
                        "price": 8.15,
                        "rule_instance_id": 26749,
                        "version": "v1"
                    },
                    {
                        "default": true,
                        "duration": "P3D",
                        "itinerary_price_limit": 363,
                        "itinerary_price_remaining": 163,
                        "fare_lock_kind": "fee",
                        "price": 16.3,
                        "rule_instance_id": 26748,
                        "version": "v1"
                    },
                    {
                        "default": false,
                        "duration": "P7D",
                        "itinerary_price_limit": 363,
                        "itinerary_price_remaining": 163,
                        "fare_lock_kind": "fee",
                        "price": 40.75,
                        "rule_instance_id": 26750,
                        "version": "v1"
                    }
                ]
            },
            "bags_price": {
                "1": 72.8,
                "2": 282.8
            },
            "baglimit": {
                "hand_dimensions_sum": 118,
                "hand_height": 40,
                "hand_length": 55,
                "hand_weight": 8,
                "hand_width": 23,
                "hold_dimensions_sum": 158,
                "hold_height": 52,
                "hold_length": 78,
                "hold_weight": 23,
                "hold_width": 28,
                "personal_item_dimension_sum": 95,
                "personal_item_height": 30,
                "personal_item_length": 40,
                "personal_item_weight": 8,
                "personal_item_width": 25
            },
            "availability": {
                "seats": 9
            },
            "airlines": [
                "EW"
            ],
            "route": [
                {
                    "id": "0b7717884e530000e369c663_0",
                    "combination_id": "0b7717884e530000e369c663",
                    "flyFrom": "BUD",
                    "flyTo": "HAM",
                    "cityFrom": "Budapest",
                    "cityCodeFrom": "BUD",
                    "cityTo": "Hamburg",
                    "cityCodeTo": "HAM",
                    "local_departure": "2024-11-24T15:35:00.000Z",
                    "utc_departure": "2024-11-24T14:35:00.000Z",
                    "local_arrival": "2024-11-24T17:25:00.000Z",
                    "utc_arrival": "2024-11-24T16:25:00.000Z",
                    "airline": "EW",
                    "flight_no": 7781,
                    "operating_carrier": "EW",
                    "operating_flight_no": "7781",
                    "fare_basis": "",
                    "fare_category": "M",
                    "fare_classes": "L",
                    "return": 0,
                    "bags_recheck_required": false,
                    "vi_connection": false,
                    "guarantee": false,
                    "equipment": null,
                    "vehicle_type": "aircraft"
                },
                {
                    "id": "17880b774e5a00005a05dc69_0",
                    "combination_id": "17880b774e5a00005a05dc69",
                    "flyFrom": "HAM",
                    "flyTo": "BUD",
                    "cityFrom": "Hamburg",
                    "cityCodeFrom": "HAM",
                    "cityTo": "Budapest",
                    "cityCodeTo": "BUD",
                    "local_departure": "2024-12-01T13:05:00.000Z",
                    "utc_departure": "2024-12-01T12:05:00.000Z",
                    "local_arrival": "2024-12-01T14:50:00.000Z",
                    "utc_arrival": "2024-12-01T13:50:00.000Z",
                    "airline": "EW",
                    "flight_no": 7780,
                    "operating_carrier": "EW",
                    "operating_flight_no": "7780",
                    "fare_basis": "",
                    "fare_category": "M",
                    "fare_classes": "N",
                    "return": 1,
                    "bags_recheck_required": false,
                    "vi_connection": false,
                    "guarantee": false,
                    "equipment": null,
                    "vehicle_type": "aircraft"
                }
            ],
            "booking_token": "HwzB31PyYxOJKUofvuyWOORgj1Adyz86h3mLyQIUdHnycx1Jaeq0MjX5L2q-4Egyi_O2p_wKAqIAOucVOVXBMvwYQSy5EKaVFb6CQBi-rGKFBim5TvZe8n4rw5XB9tnSLOGLkcGFAj1VCEekBUmpsEwmbhEB74ccXkEptX2TpbOvbqas4OCow7GoB9QtMjyedo31q7IH_C2yJp6f0g-hOHF29PAitEMVI-ogJcgoJ3tZGvhUOGVjTljwgi_n5TWNUFpKuMRtt0x8oOBP0wCWyyIRzNXaSiPVDLYQKq7uBm1v0VA4n6NS_EGPVPHdWIXRGDkSSpUMFfPlcTaE2iAOriDloE-SpAqn0Ix6WwtcXF-U8VOO8CMaMNYTzX1_79M0dVQPrhBGs43FhYq3mlmANPyEU69dHG50wE3BFyzmTcnJrBVgsS03fxHFvU0q6PxJ4qMujOmgjFOpQ20q6G0Wi_9zW-7M_1oE_uzbCA_LKbZoXSdwDsAnb-DZWI5G_uwHew8gPtO_FR4nTMwftpjC52AyZJmrfH4Apxbw5eW7Q792gQCHu4GJfZKgkEUk0Zh05Qr9_R6CVSqI2FoCLzUwShbn57LuDeXuaqHfevDTaGmP0R9qAiBKXiOJaz9BMe3CiTDH3TUkY4f3xuxfIRJPsEwUfcf88fNLi8TpJmDhL1c9S_olXo7MlbZ765h-nyeSC",
            "deep_link": "https://www.kiwi.com/deep?affilid=mihalytest&currency=EUR&flightsId=0b7717884e530000e369c663_0%7C17880b774e5a00005a05dc69_0&from=BUD&lang=en&passengers=1&to=HAM&booking_token=HwzB31PyYxOJKUofvuyWOORgj1Adyz86h3mLyQIUdHnycx1Jaeq0MjX5L2q-4Egyi_O2p_wKAqIAOucVOVXBMvwYQSy5EKaVFb6CQBi-rGKFBim5TvZe8n4rw5XB9tnSLOGLkcGFAj1VCEekBUmpsEwmbhEB74ccXkEptX2TpbOvbqas4OCow7GoB9QtMjyedo31q7IH_C2yJp6f0g-hOHF29PAitEMVI-ogJcgoJ3tZGvhUOGVjTljwgi_n5TWNUFpKuMRtt0x8oOBP0wCWyyIRzNXaSiPVDLYQKq7uBm1v0VA4n6NS_EGPVPHdWIXRGDkSSpUMFfPlcTaE2iAOriDloE-SpAqn0Ix6WwtcXF-U8VOO8CMaMNYTzX1_79M0dVQPrhBGs43FhYq3mlmANPyEU69dHG50wE3BFyzmTcnJrBVgsS03fxHFvU0q6PxJ4qMujOmgjFOpQ20q6G0Wi_9zW-7M_1oE_uzbCA_LKbZoXSdwDsAnb-DZWI5G_uwHew8gPtO_FR4nTMwftpjC52AyZJmrfH4Apxbw5eW7Q792gQCHu4GJfZKgkEUk0Zh05Qr9_R6CVSqI2FoCLzUwShbn57LuDeXuaqHfevDTaGmP0R9qAiBKXiOJaz9BMe3CiTDH3TUkY4f3xuxfIRJPsEwUfcf88fNLi8TpJmDhL1c9S_olXo7MlbZ765h-nyeSC",
            "facilitated_booking_available": true,
            "pnr_count": 2,
            "has_airport_change": false,
            "technical_stops": 0,
            "throw_away_ticketing": false,
            "hidden_city_ticketing": false,
            "virtual_interlining": false
        },
        {
            "id": "0b7717884e540000153fa9ea_0|178823334e5600007f1c627a_0|23330b774e560000b24ea21a_0",
            "flyFrom": "BUD",
            "flyTo": "HAM",
            "cityFrom": "Budapest",
            "cityCodeFrom": "BUD",
            "cityTo": "Hamburg",
            "cityCodeTo": "HAM",
            "countryFrom": {
                "code": "HU",
                "name": "Hungary"
            },
            "countryTo": {
                "code": "DE",
                "name": "Germany"
            },
            "local_departure": "2024-11-25T09:15:00.000Z",
            "utc_departure": "2024-11-25T08:15:00.000Z",
            "local_arrival": "2024-11-25T11:05:00.000Z",
            "utc_arrival": "2024-11-25T10:05:00.000Z",
            "nightsInDest": 2,
            "quality": 256.999765,
            "distance": 949.98,
            "duration": {
                "departure": 6600,
                "return": 24900,
                "total": 31500
            },
            "price": 163,
            "conversion": {
                "EUR": 163
            },
            "fare": {
                "adults": 163,
                "children": 163,
                "infants": 163
            },
            "fare_locks": {
                "EUR": [
                    {
                        "default": false,
                        "duration": "P1D",
                        "itinerary_price_limit": 363,
                        "itinerary_price_remaining": 163,
                        "fare_lock_kind": "fee",
                        "price": 8.15,
                        "rule_instance_id": 26749,
                        "version": "v1"
                    },
                    {
                        "default": true,
                        "duration": "P3D",
                        "itinerary_price_limit": 363,
                        "itinerary_price_remaining": 163,
                        "fare_lock_kind": "fee",
                        "price": 16.3,
                        "rule_instance_id": 26748,
                        "version": "v1"
                    },
                    {
                        "default": false,
                        "duration": "P7D",
                        "itinerary_price_limit": 363,
                        "itinerary_price_remaining": 163,
                        "fare_lock_kind": "fee",
                        "price": 40.75,
                        "rule_instance_id": 26750,
                        "version": "v1"
                    }
                ]
            },
            "bags_price": {
                "1": 183.274,
                "2": 435.148
            },
            "baglimit": {
                "hand_dimensions_sum": 118,
                "hand_height": 40,
                "hand_length": 55,
                "hand_weight": 8,
                "hand_width": 23,
                "hold_dimensions_sum": 158,
                "hold_height": 52,
                "hold_length": 78,
                "hold_weight": 20,
                "hold_width": 28,
                "personal_item_dimension_sum": 90,
                "personal_item_height": 30,
                "personal_item_length": 40,
                "personal_item_weight": 8,
                "personal_item_width": 20
            },
            "availability": {
                "seats": 4
            },
            "airlines": [
                "EW",
                "W4",
                "W6"
            ],
            "route": [
                {
                    "id": "0b7717884e540000153fa9ea_0",
                    "combination_id": "0b7717884e540000153fa9ea",
                    "flyFrom": "BUD",
                    "flyTo": "HAM",
                    "cityFrom": "Budapest",
                    "cityCodeFrom": "BUD",
                    "cityTo": "Hamburg",
                    "cityCodeTo": "HAM",
                    "local_departure": "2024-11-25T09:15:00.000Z",
                    "utc_departure": "2024-11-25T08:15:00.000Z",
                    "local_arrival": "2024-11-25T11:05:00.000Z",
                    "utc_arrival": "2024-11-25T10:05:00.000Z",
                    "airline": "EW",
                    "flight_no": 7781,
                    "operating_carrier": "EW",
                    "operating_flight_no": "7781",
                    "fare_basis": "",
                    "fare_category": "M",
                    "fare_classes": "",
                    "return": 0,
                    "bags_recheck_required": false,
                    "vi_connection": false,
                    "guarantee": false,
                    "equipment": null,
                    "vehicle_type": "aircraft"
                },
                {
                    "id": "178823334e5600007f1c627a_0",
                    "combination_id": "178823334e5600007f1c627a",
                    "flyFrom": "HAM",
                    "flyTo": "TIA",
                    "cityFrom": "Hamburg",
                    "cityCodeFrom": "HAM",
                    "cityTo": "Tirana",
                    "cityCodeTo": "TIA",
                    "local_departure": "2024-11-27T16:15:00.000Z",
                    "utc_departure": "2024-11-27T15:15:00.000Z",
                    "local_arrival": "2024-11-27T18:45:00.000Z",
                    "utc_arrival": "2024-11-27T17:45:00.000Z",
                    "airline": "W4",
                    "flight_no": 5108,
                    "operating_carrier": "",
                    "operating_flight_no": "",
                    "fare_basis": "",
                    "fare_category": "M",
                    "fare_classes": "",
                    "return": 1,
                    "bags_recheck_required": false,
                    "vi_connection": false,
                    "guarantee": false,
                    "equipment": null,
                    "vehicle_type": "aircraft"
                },
                {
                    "id": "23330b774e560000b24ea21a_0",
                    "combination_id": "23330b774e560000b24ea21a",
                    "flyFrom": "TIA",
                    "flyTo": "BUD",
                    "cityFrom": "Tirana",
                    "cityCodeFrom": "TIA",
                    "cityTo": "Budapest",
                    "cityCodeTo": "BUD",
                    "local_departure": "2024-11-27T21:35:00.000Z",
                    "utc_departure": "2024-11-27T20:35:00.000Z",
                    "local_arrival": "2024-11-27T23:10:00.000Z",
                    "utc_arrival": "2024-11-27T22:10:00.000Z",
                    "airline": "W6",
                    "flight_no": 2234,
                    "operating_carrier": "",
                    "operating_flight_no": "",
                    "fare_basis": "",
                    "fare_category": "M",
                    "fare_classes": "",
                    "return": 1,
                    "bags_recheck_required": true,
                    "vi_connection": true,
                    "guarantee": true,
                    "equipment": null,
                    "vehicle_type": "aircraft"
                }
            ],
            "booking_token": "HRbFiwZGr9248HIM58u0CB0aiBK3kRUCrcO6HlriL7PTVtuUd6qGkNSh5gtBW98FmiTkHL-C3FqQNPbZih6IGdEedeWbrwahzkiZoY4UnH34QlLDray0HqCtppgpWMq_Xbir-WWoL9HHUYnQWpT6vf0pCmPaeNTjDfJq-mlpTPD7V_S5iLlXdcMNOgQ0VmwlHQBEMbM-GPLV259V95n_ITPkKEhOu2eUEXFMT1D2yToVw9JYmB9v4BKgBzj7qt6m5UeA-5szdZ8YxwqbPtbEoBExV_5B_ZjBRfsFPY6P-2BJpakVdQNfOfZyq4Rh4N8sLRsrqHIbF2CE58Iahs4fpOtDaTtshoFX-eEpdApZ7tALO4lCpgebI_uuzSbDx63xZ2gQavrVhvNm3KCeXVEuQtFghVZVEiERDJxCJ7Y9k-2ClraCWepsbSKOmga_zoDSJa_mkdbXCDJAcLKMea5ctw-SqbOYRJ2-YmjhUnR5b0fH8PxTpMqnFIZltQiQua6VuLauhlFSO2-C-jlxYZtA5hTD2-SY64Fk9rKk--_W3rZwxfy1UiNFbMp6pVP9fDit5NVHmp7NkcNOBhYcKWmPWEP4uKNckw4JQjbELpOv9hkmwAcWkrDsqS0vnbxBe1Vus4I170vaLKs_-t9vgPjhmtYjrr1xA-k257fJCU9nOXOWQ16d1wqrFY6NkMMU1C3ZGJHTqBVEW4JKp6u6gHEoGN4A6qMDz4aZ7SrcUGQE-5U9UjNhR2ndKQ_jsEJIYTXs88wG5d1sZYzGBMs0ylhUiuQ==",
            "deep_link": "https://www.kiwi.com/deep?affilid=mihalytest&currency=EUR&flightsId=0b7717884e540000153fa9ea_0%7C178823334e5600007f1c627a_0%7C23330b774e560000b24ea21a_0&from=BUD&lang=en&passengers=1&to=HAM&booking_token=HRbFiwZGr9248HIM58u0CB0aiBK3kRUCrcO6HlriL7PTVtuUd6qGkNSh5gtBW98FmiTkHL-C3FqQNPbZih6IGdEedeWbrwahzkiZoY4UnH34QlLDray0HqCtppgpWMq_Xbir-WWoL9HHUYnQWpT6vf0pCmPaeNTjDfJq-mlpTPD7V_S5iLlXdcMNOgQ0VmwlHQBEMbM-GPLV259V95n_ITPkKEhOu2eUEXFMT1D2yToVw9JYmB9v4BKgBzj7qt6m5UeA-5szdZ8YxwqbPtbEoBExV_5B_ZjBRfsFPY6P-2BJpakVdQNfOfZyq4Rh4N8sLRsrqHIbF2CE58Iahs4fpOtDaTtshoFX-eEpdApZ7tALO4lCpgebI_uuzSbDx63xZ2gQavrVhvNm3KCeXVEuQtFghVZVEiERDJxCJ7Y9k-2ClraCWepsbSKOmga_zoDSJa_mkdbXCDJAcLKMea5ctw-SqbOYRJ2-YmjhUnR5b0fH8PxTpMqnFIZltQiQua6VuLauhlFSO2-C-jlxYZtA5hTD2-SY64Fk9rKk--_W3rZwxfy1UiNFbMp6pVP9fDit5NVHmp7NkcNOBhYcKWmPWEP4uKNckw4JQjbELpOv9hkmwAcWkrDsqS0vnbxBe1Vus4I170vaLKs_-t9vgPjhmtYjrr1xA-k257fJCU9nOXOWQ16d1wqrFY6NkMMU1C3ZGJHTqBVEW4JKp6u6gHEoGN4A6qMDz4aZ7SrcUGQE-5U9UjNhR2ndKQ_jsEJIYTXs88wG5d1sZYzGBMs0ylhUiuQ==",
            "facilitated_booking_available": false,
            "pnr_count": 3,
            "has_airport_change": false,
            "technical_stops": 0,
            "throw_away_ticketing": false,
            "hidden_city_ticketing": false,
            "virtual_interlining": true
        },
        {
            "id": "0b7717884e540000153fa9ea_0|178823334e58000078296212_0|23330b774e580000b57ba272_0",
            "flyFrom": "BUD",
            "flyTo": "HAM",
            "cityFrom": "Budapest",
            "cityCodeFrom": "BUD",
            "cityTo": "Hamburg",
            "cityCodeTo": "HAM",
            "countryFrom": {
                "code": "HU",
                "name": "Hungary"
            },
            "countryTo": {
                "code": "DE",
                "name": "Germany"
            },
            "local_departure": "2024-11-25T09:15:00.000Z",
            "utc_departure": "2024-11-25T08:15:00.000Z",
            "local_arrival": "2024-11-25T11:05:00.000Z",
            "utc_arrival": "2024-11-25T10:05:00.000Z",
            "nightsInDest": 4,
            "quality": 256.999765,
            "distance": 949.98,
            "duration": {
                "departure": 6600,
                "return": 24900,
                "total": 31500
            },
            "price": 163,
            "conversion": {
                "EUR": 163
            },
            "fare": {
                "adults": 163,
                "children": 163,
                "infants": 163
            },
            "fare_locks": {
                "EUR": [
                    {
                        "default": false,
                        "duration": "P1D",
                        "itinerary_price_limit": 363,
                        "itinerary_price_remaining": 163,
                        "fare_lock_kind": "fee",
                        "price": 8.15,
                        "rule_instance_id": 26749,
                        "version": "v1"
                    },
                    {
                        "default": true,
                        "duration": "P3D",
                        "itinerary_price_limit": 363,
                        "itinerary_price_remaining": 163,
                        "fare_lock_kind": "fee",
                        "price": 16.3,
                        "rule_instance_id": 26748,
                        "version": "v1"
                    },
                    {
                        "default": false,
                        "duration": "P7D",
                        "itinerary_price_limit": 363,
                        "itinerary_price_remaining": 163,
                        "fare_lock_kind": "fee",
                        "price": 40.75,
                        "rule_instance_id": 26750,
                        "version": "v1"
                    }
                ]
            },
            "bags_price": {
                "1": 183.274,
                "2": 435.148
            },
            "baglimit": {
                "hand_dimensions_sum": 118,
                "hand_height": 40,
                "hand_length": 55,
                "hand_weight": 8,
                "hand_width": 23,
                "hold_dimensions_sum": 158,
                "hold_height": 52,
                "hold_length": 78,
                "hold_weight": 20,
                "hold_width": 28,
                "personal_item_dimension_sum": 90,
                "personal_item_height": 30,
                "personal_item_length": 40,
                "personal_item_weight": 8,
                "personal_item_width": 20
            },
            "availability": {
                "seats": 6
            },
            "airlines": [
                "EW",
                "W4",
                "W6"
            ],
            "route": [
                {
                    "id": "0b7717884e540000153fa9ea_0",
                    "combination_id": "0b7717884e540000153fa9ea",
                    "flyFrom": "BUD",
                    "flyTo": "HAM",
                    "cityFrom": "Budapest",
                    "cityCodeFrom": "BUD",
                    "cityTo": "Hamburg",
                    "cityCodeTo": "HAM",
                    "local_departure": "2024-11-25T09:15:00.000Z",
                    "utc_departure": "2024-11-25T08:15:00.000Z",
                    "local_arrival": "2024-11-25T11:05:00.000Z",
                    "utc_arrival": "2024-11-25T10:05:00.000Z",
                    "airline": "EW",
                    "flight_no": 7781,
                    "operating_carrier": "EW",
                    "operating_flight_no": "7781",
                    "fare_basis": "",
                    "fare_category": "M",
                    "fare_classes": "",
                    "return": 0,
                    "bags_recheck_required": false,
                    "vi_connection": false,
                    "guarantee": false,
                    "equipment": null,
                    "vehicle_type": "aircraft"
                },
                {
                    "id": "178823334e58000078296212_0",
                    "combination_id": "178823334e58000078296212",
                    "flyFrom": "HAM",
                    "flyTo": "TIA",
                    "cityFrom": "Hamburg",
                    "cityCodeFrom": "HAM",
                    "cityTo": "Tirana",
                    "cityCodeTo": "TIA",
                    "local_departure": "2024-11-29T16:15:00.000Z",
                    "utc_departure": "2024-11-29T15:15:00.000Z",
                    "local_arrival": "2024-11-29T18:45:00.000Z",
                    "utc_arrival": "2024-11-29T17:45:00.000Z",
                    "airline": "W4",
                    "flight_no": 5108,
                    "operating_carrier": "",
                    "operating_flight_no": "",
                    "fare_basis": "",
                    "fare_category": "M",
                    "fare_classes": "",
                    "return": 1,
                    "bags_recheck_required": false,
                    "vi_connection": false,
                    "guarantee": false,
                    "equipment": null,
                    "vehicle_type": "aircraft"
                },
                {
                    "id": "23330b774e580000b57ba272_0",
                    "combination_id": "23330b774e580000b57ba272",
                    "flyFrom": "TIA",
                    "flyTo": "BUD",
                    "cityFrom": "Tirana",
                    "cityCodeFrom": "TIA",
                    "cityTo": "Budapest",
                    "cityCodeTo": "BUD",
                    "local_departure": "2024-11-29T21:35:00.000Z",
                    "utc_departure": "2024-11-29T20:35:00.000Z",
                    "local_arrival": "2024-11-29T23:10:00.000Z",
                    "utc_arrival": "2024-11-29T22:10:00.000Z",
                    "airline": "W6",
                    "flight_no": 2234,
                    "operating_carrier": "",
                    "operating_flight_no": "",
                    "fare_basis": "",
                    "fare_category": "M",
                    "fare_classes": "",
                    "return": 1,
                    "bags_recheck_required": true,
                    "vi_connection": true,
                    "guarantee": true,
                    "equipment": null,
                    "vehicle_type": "aircraft"
                }
            ],
            "booking_token": "HZSJbck1PjKJn8NgocBQQ4vpt03IDaUPW5OwS5qF0a-5IDVXXJLpEkibUMiSUId4S2ONn89G0IA8zNg1ViWfR3UiAK-6l4mLNekGoVjj4E0zGf2RYhJu5N9BTGVgmqXzNowlz5_nOY7ZJ0mwMtHgzOsS-VODJNP-H_tByoCR5qu-LER6qV5tuw_YCimYDCegewEhGrk0h03hBfZI_HibGrimAWIXUM2jCUBrS0bdIIIPO1V3DivW_dj1hcxOqIYV5ed5Eyp6CtnaxXql8SfNLXnbckgS9dUjnMXxrNjaMjjv4XKwy8WHDZaHWgpOhfpX_7K9T0J9dADrAQgALgARVtr0GDHnUS8LV08swPvsoQ3w0tHRfpP0UWVtlaGti2zucCw9mlodfgTYBqRN7qGHgsFE_Fm7zTmlb16Ss5WMI18oY-73UKv1_h9yYLLwFP7sBPyFTT67FFZP-UQ3x4-NEKjTFL2kPvjTpoGg2ucOhza3a-godkDserbvR2db1kfiX-RxTBQbM-y0r-srO0SNFqbGk4qMwVDSf2RGsme-9nwKhXOjQuJ5GGQqTKwNG7b-O0mXt6RFMZp9jr0Avg1y2RMsRHE19lmNsdAWnf-xADAcOvbuVArfPGtjxxhsPytzXGCeQJNs71iZGCy7mYyNMlfZ3AOGbwc58NIVmwptjLtfahcaonZsmxnlC7DYzoHDaElBXdSmigOCAbgupbNLKsxsKh2pzQM7xwHVdkwJva8XNLN4IgowdarH6XsGl3F_euom1ViMrSFUptnE9K0VVOngiIwrEoz66FZMO_aS5cqQ=",
            "deep_link": "https://www.kiwi.com/deep?affilid=mihalytest&currency=EUR&flightsId=0b7717884e540000153fa9ea_0%7C178823334e58000078296212_0%7C23330b774e580000b57ba272_0&from=BUD&lang=en&passengers=1&to=HAM&booking_token=HZSJbck1PjKJn8NgocBQQ4vpt03IDaUPW5OwS5qF0a-5IDVXXJLpEkibUMiSUId4S2ONn89G0IA8zNg1ViWfR3UiAK-6l4mLNekGoVjj4E0zGf2RYhJu5N9BTGVgmqXzNowlz5_nOY7ZJ0mwMtHgzOsS-VODJNP-H_tByoCR5qu-LER6qV5tuw_YCimYDCegewEhGrk0h03hBfZI_HibGrimAWIXUM2jCUBrS0bdIIIPO1V3DivW_dj1hcxOqIYV5ed5Eyp6CtnaxXql8SfNLXnbckgS9dUjnMXxrNjaMjjv4XKwy8WHDZaHWgpOhfpX_7K9T0J9dADrAQgALgARVtr0GDHnUS8LV08swPvsoQ3w0tHRfpP0UWVtlaGti2zucCw9mlodfgTYBqRN7qGHgsFE_Fm7zTmlb16Ss5WMI18oY-73UKv1_h9yYLLwFP7sBPyFTT67FFZP-UQ3x4-NEKjTFL2kPvjTpoGg2ucOhza3a-godkDserbvR2db1kfiX-RxTBQbM-y0r-srO0SNFqbGk4qMwVDSf2RGsme-9nwKhXOjQuJ5GGQqTKwNG7b-O0mXt6RFMZp9jr0Avg1y2RMsRHE19lmNsdAWnf-xADAcOvbuVArfPGtjxxhsPytzXGCeQJNs71iZGCy7mYyNMlfZ3AOGbwc58NIVmwptjLtfahcaonZsmxnlC7DYzoHDaElBXdSmigOCAbgupbNLKsxsKh2pzQM7xwHVdkwJva8XNLN4IgowdarH6XsGl3F_euom1ViMrSFUptnE9K0VVOngiIwrEoz66FZMO_aS5cqQ=",
            "facilitated_booking_available": false,
            "pnr_count": 3,
            "has_airport_change": false,
            "technical_stops": 0,
            "throw_away_ticketing": false,
            "hidden_city_ticketing": false,
            "virtual_interlining": true
        },
        {
            "id": "0b7717884e540000153fa9ea_0|178823334e540000a790ffcd_0|23330b774e5400006ac23fad_0",
            "flyFrom": "BUD",
            "flyTo": "HAM",
            "cityFrom": "Budapest",
            "cityCodeFrom": "BUD",
            "cityTo": "Hamburg",
            "cityCodeTo": "HAM",
            "countryFrom": {
                "code": "HU",
                "name": "Hungary"
            },
            "countryTo": {
                "code": "DE",
                "name": "Germany"
            },
            "local_departure": "2024-11-25T09:15:00.000Z",
            "utc_departure": "2024-11-25T08:15:00.000Z",
            "local_arrival": "2024-11-25T11:05:00.000Z",
            "utc_arrival": "2024-11-25T10:05:00.000Z",
            "nightsInDest": 0,
            "quality": 256.999765,
            "distance": 949.98,
            "duration": {
                "departure": 6600,
                "return": 24900,
                "total": 31500
            },
            "price": 163,
            "conversion": {
                "EUR": 163
            },
            "fare": {
                "adults": 163,
                "children": 163,
                "infants": 163
            },
            "fare_locks": {
                "EUR": [
                    {
                        "default": false,
                        "duration": "P1D",
                        "itinerary_price_limit": 363,
                        "itinerary_price_remaining": 163,
                        "fare_lock_kind": "fee",
                        "price": 8.15,
                        "rule_instance_id": 26749,
                        "version": "v1"
                    },
                    {
                        "default": true,
                        "duration": "P3D",
                        "itinerary_price_limit": 363,
                        "itinerary_price_remaining": 163,
                        "fare_lock_kind": "fee",
                        "price": 16.3,
                        "rule_instance_id": 26748,
                        "version": "v1"
                    },
                    {
                        "default": false,
                        "duration": "P7D",
                        "itinerary_price_limit": 363,
                        "itinerary_price_remaining": 163,
                        "fare_lock_kind": "fee",
                        "price": 40.75,
                        "rule_instance_id": 26750,
                        "version": "v1"
                    }
                ]
            },
            "bags_price": {
                "1": 183.274,
                "2": 435.148
            },
            "baglimit": {
                "hand_dimensions_sum": 118,
                "hand_height": 40,
                "hand_length": 55,
                "hand_weight": 8,
                "hand_width": 23,
                "hold_dimensions_sum": 158,
                "hold_height": 52,
                "hold_length": 78,
                "hold_weight": 20,
                "hold_width": 28,
                "personal_item_dimension_sum": 90,
                "personal_item_height": 30,
                "personal_item_length": 40,
                "personal_item_weight": 8,
                "personal_item_width": 20
            },
            "availability": {
                "seats": 2
            },
            "airlines": [
                "EW",
                "W4",
                "W6"
            ],
            "route": [
                {
                    "id": "0b7717884e540000153fa9ea_0",
                    "combination_id": "0b7717884e540000153fa9ea",
                    "flyFrom": "BUD",
                    "flyTo": "HAM",
                    "cityFrom": "Budapest",
                    "cityCodeFrom": "BUD",
                    "cityTo": "Hamburg",
                    "cityCodeTo": "HAM",
                    "local_departure": "2024-11-25T09:15:00.000Z",
                    "utc_departure": "2024-11-25T08:15:00.000Z",
                    "local_arrival": "2024-11-25T11:05:00.000Z",
                    "utc_arrival": "2024-11-25T10:05:00.000Z",
                    "airline": "EW",
                    "flight_no": 7781,
                    "operating_carrier": "EW",
                    "operating_flight_no": "7781",
                    "fare_basis": "",
                    "fare_category": "M",
                    "fare_classes": "",
                    "return": 0,
                    "bags_recheck_required": false,
                    "vi_connection": false,
                    "guarantee": false,
                    "equipment": null,
                    "vehicle_type": "aircraft"
                },
                {
                    "id": "178823334e540000a790ffcd_0",
                    "combination_id": "178823334e540000a790ffcd",
                    "flyFrom": "HAM",
                    "flyTo": "TIA",
                    "cityFrom": "Hamburg",
                    "cityCodeFrom": "HAM",
                    "cityTo": "Tirana",
                    "cityCodeTo": "TIA",
                    "local_departure": "2024-11-25T16:15:00.000Z",
                    "utc_departure": "2024-11-25T15:15:00.000Z",
                    "local_arrival": "2024-11-25T18:45:00.000Z",
                    "utc_arrival": "2024-11-25T17:45:00.000Z",
                    "airline": "W4",
                    "flight_no": 5108,
                    "operating_carrier": "",
                    "operating_flight_no": "",
                    "fare_basis": "",
                    "fare_category": "M",
                    "fare_classes": "",
                    "return": 1,
                    "bags_recheck_required": false,
                    "vi_connection": false,
                    "guarantee": false,
                    "equipment": null,
                    "vehicle_type": "aircraft"
                },
                {
                    "id": "23330b774e5400006ac23fad_0",
                    "combination_id": "23330b774e5400006ac23fad",
                    "flyFrom": "TIA",
                    "flyTo": "BUD",
                    "cityFrom": "Tirana",
                    "cityCodeFrom": "TIA",
                    "cityTo": "Budapest",
                    "cityCodeTo": "BUD",
                    "local_departure": "2024-11-25T21:35:00.000Z",
                    "utc_departure": "2024-11-25T20:35:00.000Z",
                    "local_arrival": "2024-11-25T23:10:00.000Z",
                    "utc_arrival": "2024-11-25T22:10:00.000Z",
                    "airline": "W6",
                    "flight_no": 2234,
                    "operating_carrier": "",
                    "operating_flight_no": "",
                    "fare_basis": "",
                    "fare_category": "M",
                    "fare_classes": "",
                    "return": 1,
                    "bags_recheck_required": true,
                    "vi_connection": true,
                    "guarantee": true,
                    "equipment": null,
                    "vehicle_type": "aircraft"
                }
            ],
            "booking_token": "HORwfgl-blSCgGZr3H1HQ6Bt0FxRnWp2oOL_ZR1Gz02Dv93bnIHFVNRZGDaIT4ffhsTL2e_KrXSxy5FBQxCjiD69PQwubXr1sbrYF51agoE4jdJP25UedKlZHB4oKY3aP6pZ4lt92498FonAzbDW9W1je-6UxGgeJEcdZMx_tX72jXj2xwCPMBM4GsC9Sr41a5vmM93F3-yTaRhlqbxqYdbAGcHEhuYvD41LfcWADTU4t2xXq9COD5cbVHGOsTdnIySn0784Zx240ufwCHAJFN15FIcfE6d7C52k27i-Vx5re58Y_G1X-uwEmRqmUeKT5spwsSZuCkT5uQQKzGWfvbqpAeiu6Svz6YCz6gIyo38jqxVnJl8L6Ris6iDqmuoULdsX6oO18NyiexCUqyaGVuZhD11fNZsXuKgJGTvwPtVMSxf8_--2vtMyIw7GVPuOHug95MuSnVp95iSMHXZFkrNVTTQTYNvbnUc6uKXvKmEBGFVEO4ttx9TTcL0GTxNYwS98QovOj9z4Ewxlql2kjyRxg2vYQXPi3i0LCIlTt5uRmpgeH7kKQREnMMg9quf6q057BRM79DfwZUnW3wrjKiaon4Q6qe6GNVmEmjLSYJAHdvg84xa9ckegILmpbHvUoWYInHyrOwqIpI-CaCbOBOTIU9bsZ5ZDqQBMujEalL1KprxDMVP2mnNiWZhOZfEi7vR4LemqZb4zPdFq6CQWxmSOv6SYCDJo66HY4p0EBWcGr7RJ7imzWeaENvM-mEEa0tb7v52gu4-EOcR9faPVPUg==",
            "deep_link": "https://www.kiwi.com/deep?affilid=mihalytest&currency=EUR&flightsId=0b7717884e540000153fa9ea_0%7C178823334e540000a790ffcd_0%7C23330b774e5400006ac23fad_0&from=BUD&lang=en&passengers=1&to=HAM&booking_token=HORwfgl-blSCgGZr3H1HQ6Bt0FxRnWp2oOL_ZR1Gz02Dv93bnIHFVNRZGDaIT4ffhsTL2e_KrXSxy5FBQxCjiD69PQwubXr1sbrYF51agoE4jdJP25UedKlZHB4oKY3aP6pZ4lt92498FonAzbDW9W1je-6UxGgeJEcdZMx_tX72jXj2xwCPMBM4GsC9Sr41a5vmM93F3-yTaRhlqbxqYdbAGcHEhuYvD41LfcWADTU4t2xXq9COD5cbVHGOsTdnIySn0784Zx240ufwCHAJFN15FIcfE6d7C52k27i-Vx5re58Y_G1X-uwEmRqmUeKT5spwsSZuCkT5uQQKzGWfvbqpAeiu6Svz6YCz6gIyo38jqxVnJl8L6Ris6iDqmuoULdsX6oO18NyiexCUqyaGVuZhD11fNZsXuKgJGTvwPtVMSxf8_--2vtMyIw7GVPuOHug95MuSnVp95iSMHXZFkrNVTTQTYNvbnUc6uKXvKmEBGFVEO4ttx9TTcL0GTxNYwS98QovOj9z4Ewxlql2kjyRxg2vYQXPi3i0LCIlTt5uRmpgeH7kKQREnMMg9quf6q057BRM79DfwZUnW3wrjKiaon4Q6qe6GNVmEmjLSYJAHdvg84xa9ckegILmpbHvUoWYInHyrOwqIpI-CaCbOBOTIU9bsZ5ZDqQBMujEalL1KprxDMVP2mnNiWZhOZfEi7vR4LemqZb4zPdFq6CQWxmSOv6SYCDJo66HY4p0EBWcGr7RJ7imzWeaENvM-mEEa0tb7v52gu4-EOcR9faPVPUg==",
            "facilitated_booking_available": false,
            "pnr_count": 3,
            "has_airport_change": false,
            "technical_stops": 0,
            "throw_away_ticketing": false,
            "hidden_city_ticketing": false,
            "virtual_interlining": true
        },
        {
            "id": "0b7717884e3f00007d2021d6_0|178823334e410000f3c03316_0|23330b774e4100003e92f376_0",
            "flyFrom": "BUD",
            "flyTo": "HAM",
            "cityFrom": "Budapest",
            "cityCodeFrom": "BUD",
            "cityTo": "Hamburg",
            "cityCodeTo": "HAM",
            "countryFrom": {
                "code": "HU",
                "name": "Hungary"
            },
            "countryTo": {
                "code": "DE",
                "name": "Germany"
            },
            "local_departure": "2024-11-04T09:15:00.000Z",
            "utc_departure": "2024-11-04T08:15:00.000Z",
            "local_arrival": "2024-11-04T11:05:00.000Z",
            "utc_arrival": "2024-11-04T10:05:00.000Z",
            "nightsInDest": 2,
            "quality": 256.999765,
            "distance": 949.98,
            "duration": {
                "departure": 6600,
                "return": 24900,
                "total": 31500
            },
            "price": 163,
            "conversion": {
                "EUR": 163
            },
            "fare": {
                "adults": 163,
                "children": 163,
                "infants": 163
            },
            "fare_locks": {
                "EUR": [
                    {
                        "default": false,
                        "duration": "P1D",
                        "itinerary_price_limit": 363,
                        "itinerary_price_remaining": 163,
                        "fare_lock_kind": "fee",
                        "price": 8.15,
                        "rule_instance_id": 26749,
                        "version": "v1"
                    },
                    {
                        "default": true,
                        "duration": "P3D",
                        "itinerary_price_limit": 363,
                        "itinerary_price_remaining": 163,
                        "fare_lock_kind": "fee",
                        "price": 16.3,
                        "rule_instance_id": 26748,
                        "version": "v1"
                    },
                    {
                        "default": false,
                        "duration": "P7D",
                        "itinerary_price_limit": 363,
                        "itinerary_price_remaining": 163,
                        "fare_lock_kind": "fee",
                        "price": 40.75,
                        "rule_instance_id": 26750,
                        "version": "v1"
                    }
                ]
            },
            "bags_price": {
                "1": 183.274,
                "2": 435.148
            },
            "baglimit": {
                "hand_dimensions_sum": 118,
                "hand_height": 40,
                "hand_length": 55,
                "hand_weight": 8,
                "hand_width": 23,
                "hold_dimensions_sum": 158,
                "hold_height": 52,
                "hold_length": 78,
                "hold_weight": 20,
                "hold_width": 28,
                "personal_item_dimension_sum": 90,
                "personal_item_height": 30,
                "personal_item_length": 40,
                "personal_item_weight": 8,
                "personal_item_width": 20
            },
            "availability": {
                "seats": 2
            },
            "airlines": [
                "EW",
                "W4",
                "W6"
            ],
            "route": [
                {
                    "id": "0b7717884e3f00007d2021d6_0",
                    "combination_id": "0b7717884e3f00007d2021d6",
                    "flyFrom": "BUD",
                    "flyTo": "HAM",
                    "cityFrom": "Budapest",
                    "cityCodeFrom": "BUD",
                    "cityTo": "Hamburg",
                    "cityCodeTo": "HAM",
                    "local_departure": "2024-11-04T09:15:00.000Z",
                    "utc_departure": "2024-11-04T08:15:00.000Z",
                    "local_arrival": "2024-11-04T11:05:00.000Z",
                    "utc_arrival": "2024-11-04T10:05:00.000Z",
                    "airline": "EW",
                    "flight_no": 7781,
                    "operating_carrier": "EW",
                    "operating_flight_no": "7781",
                    "fare_basis": "",
                    "fare_category": "M",
                    "fare_classes": "",
                    "return": 0,
                    "bags_recheck_required": false,
                    "vi_connection": false,
                    "guarantee": false,
                    "equipment": null,
                    "vehicle_type": "aircraft"
                },
                {
                    "id": "178823334e410000f3c03316_0",
                    "combination_id": "178823334e410000f3c03316",
                    "flyFrom": "HAM",
                    "flyTo": "TIA",
                    "cityFrom": "Hamburg",
                    "cityCodeFrom": "HAM",
                    "cityTo": "Tirana",
                    "cityCodeTo": "TIA",
                    "local_departure": "2024-11-06T16:15:00.000Z",
                    "utc_departure": "2024-11-06T15:15:00.000Z",
                    "local_arrival": "2024-11-06T18:45:00.000Z",
                    "utc_arrival": "2024-11-06T17:45:00.000Z",
                    "airline": "W4",
                    "flight_no": 5108,
                    "operating_carrier": "",
                    "operating_flight_no": "",
                    "fare_basis": "",
                    "fare_category": "M",
                    "fare_classes": "",
                    "return": 1,
                    "bags_recheck_required": false,
                    "vi_connection": false,
                    "guarantee": false,
                    "equipment": null,
                    "vehicle_type": "aircraft"
                },
                {
                    "id": "23330b774e4100003e92f376_0",
                    "combination_id": "23330b774e4100003e92f376",
                    "flyFrom": "TIA",
                    "flyTo": "BUD",
                    "cityFrom": "Tirana",
                    "cityCodeFrom": "TIA",
                    "cityTo": "Budapest",
                    "cityCodeTo": "BUD",
                    "local_departure": "2024-11-06T21:35:00.000Z",
                    "utc_departure": "2024-11-06T20:35:00.000Z",
                    "local_arrival": "2024-11-06T23:10:00.000Z",
                    "utc_arrival": "2024-11-06T22:10:00.000Z",
                    "airline": "W6",
                    "flight_no": 2234,
                    "operating_carrier": "",
                    "operating_flight_no": "",
                    "fare_basis": "",
                    "fare_category": "M",
                    "fare_classes": "",
                    "return": 1,
                    "bags_recheck_required": true,
                    "vi_connection": true,
                    "guarantee": true,
                    "equipment": null,
                    "vehicle_type": "aircraft"
                }
            ],
            "booking_token": "HHE7JtGAW4VZDZnpHz68FI6m3zHJLtjpaSxHmdC3ecOxhGs41dhc7E4K28bI3CuqkGS_5395hJmJ6JLX9FXdh4GksAivfpVUPbGry4vWFIXZAPXENNwV3dKIvVT6VNCVDmT6kIz0UyBdsaYx8gj629_qmzeGVdiwSbqHEv9CMORPd3YsyC9vdnSX6g6h0WLhpKX6puybyPAWhD-EFemMgrstRzj73AG4Pm_guPbIpOToL6MmwXodNalZ9FaM0iFBjkW2DWot-_5ZcsZHlEHKPZv72fnL5pRH-7-2vxdsmwHj6TMVeMrWoaKgkwHuiFkPH6MX4tm_TwXqJRvsyILOYhPWljlJV6-w1YLGVIxhCHQS0Gew36YmPWthRwq6oFTQQt84mly-eSdvXBMuSq8bYu0Nlz2pnsMvWLPwwLwcAZwntaGpEKhPSYlN1rAbdNf-eeM0TOU0vwdbP2-G8og0Sb_tyImGKn30R4lB1n3JS7b4ihqrjZf-IvATzcInokKB89FXbevmv3hiRXqSiIICreYECAFdwM71ijTr19yT_xyTv2hehUSIrCUGDXRPPrjCXJvJ8u6eQrEwW4wSAd6V4oBgCF4JqdBK5gyZdN3nfgfGp-Uzoqtza3IUg48WkSv563uX2ayVYTFDDBP4_z_-xmqc1PX3sVb925YUCnk7TAsbUr_Dv6Ic17s8wwEkIQwuRB8e3v7kBMbovQ8IEb4UQmj0UWjKEVDMuMOFeLKZRxoyLabbcL99UzO_xuO37S0gA",
            "deep_link": "https://www.kiwi.com/deep?affilid=mihalytest&currency=EUR&flightsId=0b7717884e3f00007d2021d6_0%7C178823334e410000f3c03316_0%7C23330b774e4100003e92f376_0&from=BUD&lang=en&passengers=1&to=HAM&booking_token=HHE7JtGAW4VZDZnpHz68FI6m3zHJLtjpaSxHmdC3ecOxhGs41dhc7E4K28bI3CuqkGS_5395hJmJ6JLX9FXdh4GksAivfpVUPbGry4vWFIXZAPXENNwV3dKIvVT6VNCVDmT6kIz0UyBdsaYx8gj629_qmzeGVdiwSbqHEv9CMORPd3YsyC9vdnSX6g6h0WLhpKX6puybyPAWhD-EFemMgrstRzj73AG4Pm_guPbIpOToL6MmwXodNalZ9FaM0iFBjkW2DWot-_5ZcsZHlEHKPZv72fnL5pRH-7-2vxdsmwHj6TMVeMrWoaKgkwHuiFkPH6MX4tm_TwXqJRvsyILOYhPWljlJV6-w1YLGVIxhCHQS0Gew36YmPWthRwq6oFTQQt84mly-eSdvXBMuSq8bYu0Nlz2pnsMvWLPwwLwcAZwntaGpEKhPSYlN1rAbdNf-eeM0TOU0vwdbP2-G8og0Sb_tyImGKn30R4lB1n3JS7b4ihqrjZf-IvATzcInokKB89FXbevmv3hiRXqSiIICreYECAFdwM71ijTr19yT_xyTv2hehUSIrCUGDXRPPrjCXJvJ8u6eQrEwW4wSAd6V4oBgCF4JqdBK5gyZdN3nfgfGp-Uzoqtza3IUg48WkSv563uX2ayVYTFDDBP4_z_-xmqc1PX3sVb925YUCnk7TAsbUr_Dv6Ic17s8wwEkIQwuRB8e3v7kBMbovQ8IEb4UQmj0UWjKEVDMuMOFeLKZRxoyLabbcL99UzO_xuO37S0gA",
            "facilitated_booking_available": false,
            "pnr_count": 3,
            "has_airport_change": false,
            "technical_stops": 0,
            "throw_away_ticketing": false,
            "hidden_city_ticketing": false,
            "virtual_interlining": true
        },
        {
            "id": "0b7717884e1f000064b66dd1_0|17880f0c4e2500008f8ddb91_0|0f0c0b774e250000ed7b3825_0",
            "flyFrom": "BUD",
            "flyTo": "HAM",
            "cityFrom": "Budapest",
            "cityCodeFrom": "BUD",
            "cityTo": "Hamburg",
            "cityCodeTo": "HAM",
            "countryFrom": {
                "code": "HU",
                "name": "Hungary"
            },
            "countryTo": {
                "code": "DE",
                "name": "Germany"
            },
            "local_departure": "2024-10-03T20:45:00.000Z",
            "utc_departure": "2024-10-03T18:45:00.000Z",
            "local_arrival": "2024-10-03T22:30:00.000Z",
            "utc_arrival": "2024-10-03T20:30:00.000Z",
            "nightsInDest": 6,
            "quality": 257.66643,
            "distance": 949.98,
            "duration": {
                "departure": 6300,
                "return": 25500,
                "total": 31800
            },
            "price": 163,
            "conversion": {
                "EUR": 163
            },
            "fare": {
                "adults": 163,
                "children": 163,
                "infants": 163
            },
            "fare_locks": {
                "EUR": [
                    {
                        "default": false,
                        "duration": "P1D",
                        "itinerary_price_limit": 363,
                        "itinerary_price_remaining": 163,
                        "fare_lock_kind": "fee",
                        "price": 8.15,
                        "rule_instance_id": 26749,
                        "version": "v1"
                    },
                    {
                        "default": true,
                        "duration": "P3D",
                        "itinerary_price_limit": 363,
                        "itinerary_price_remaining": 163,
                        "fare_lock_kind": "fee",
                        "price": 16.3,
                        "rule_instance_id": 26748,
                        "version": "v1"
                    },
                    {
                        "default": false,
                        "duration": "P7D",
                        "itinerary_price_limit": 363,
                        "itinerary_price_remaining": 163,
                        "fare_lock_kind": "fee",
                        "price": 40.75,
                        "rule_instance_id": 26750,
                        "version": "v1"
                    }
                ]
            },
            "bags_price": {
                "1": 177.24,
                "2": 423.08000000000004
            },
            "baglimit": {
                "hand_dimensions_sum": 118,
                "hand_height": 40,
                "hand_length": 55,
                "hand_weight": 8,
                "hand_width": 23,
                "hold_dimensions_sum": 158,
                "hold_height": 52,
                "hold_length": 78,
                "hold_weight": 20,
                "hold_width": 28,
                "personal_item_dimension_sum": 90,
                "personal_item_height": 30,
                "personal_item_length": 40,
                "personal_item_weight": 8,
                "personal_item_width": 20
            },
            "availability": {
                "seats": 2
            },
            "airlines": [
                "EW",
                "W4",
                "W6"
            ],
            "route": [
                {
                    "id": "0b7717884e1f000064b66dd1_0",
                    "combination_id": "0b7717884e1f000064b66dd1",
                    "flyFrom": "BUD",
                    "flyTo": "HAM",
                    "cityFrom": "Budapest",
                    "cityCodeFrom": "BUD",
                    "cityTo": "Hamburg",
                    "cityCodeTo": "HAM",
                    "local_departure": "2024-10-03T20:45:00.000Z",
                    "utc_departure": "2024-10-03T18:45:00.000Z",
                    "local_arrival": "2024-10-03T22:30:00.000Z",
                    "utc_arrival": "2024-10-03T20:30:00.000Z",
                    "airline": "EW",
                    "flight_no": 7783,
                    "operating_carrier": "EW",
                    "operating_flight_no": "7783",
                    "fare_basis": "",
                    "fare_category": "M",
                    "fare_classes": "",
                    "return": 0,
                    "bags_recheck_required": false,
                    "vi_connection": false,
                    "guarantee": false,
                    "equipment": null,
                    "vehicle_type": "aircraft"
                },
                {
                    "id": "17880f0c4e2500008f8ddb91_0",
                    "combination_id": "17880f0c4e2500008f8ddb91",
                    "flyFrom": "HAM",
                    "flyTo": "FCO",
                    "cityFrom": "Hamburg",
                    "cityCodeFrom": "HAM",
                    "cityTo": "Rome",
                    "cityCodeTo": "ROM",
                    "local_departure": "2024-10-09T16:05:00.000Z",
                    "utc_departure": "2024-10-09T14:05:00.000Z",
                    "local_arrival": "2024-10-09T18:25:00.000Z",
                    "utc_arrival": "2024-10-09T16:25:00.000Z",
                    "airline": "W4",
                    "flight_no": 6206,
                    "operating_carrier": "",
                    "operating_flight_no": "",
                    "fare_basis": "",
                    "fare_category": "M",
                    "fare_classes": "",
                    "return": 1,
                    "bags_recheck_required": false,
                    "vi_connection": false,
                    "guarantee": false,
                    "equipment": null,
                    "vehicle_type": "aircraft"
                },
                {
                    "id": "0f0c0b774e250000ed7b3825_0",
                    "combination_id": "0f0c0b774e250000ed7b3825",
                    "flyFrom": "FCO",
                    "flyTo": "BUD",
                    "cityFrom": "Rome",
                    "cityCodeFrom": "ROM",
                    "cityTo": "Budapest",
                    "cityCodeTo": "BUD",
                    "local_departure": "2024-10-09T21:25:00.000Z",
                    "utc_departure": "2024-10-09T19:25:00.000Z",
                    "local_arrival": "2024-10-09T23:10:00.000Z",
                    "utc_arrival": "2024-10-09T21:10:00.000Z",
                    "airline": "W6",
                    "flight_no": 2342,
                    "operating_carrier": "",
                    "operating_flight_no": "",
                    "fare_basis": "",
                    "fare_category": "M",
                    "fare_classes": "",
                    "return": 1,
                    "bags_recheck_required": true,
                    "vi_connection": true,
                    "guarantee": true,
                    "equipment": null,
                    "vehicle_type": "aircraft"
                }
            ],
            "booking_token": "HZnE1Hj9069PrG5HCZUSkuYlD8Zr8n5fT9qo73ywkHzHkXYUJAJ3NIO2H0ve6zj0vDFI9fE8hfb4DnAm1KQJje1O28Kk4Fv_aZ8PLYf-gyFWDMpH9o9rFvNKGzrR3knWK4N1pdFJhXjxQR5GTKc7fBUGczeI8A3DCq3LLXZEFkJrIFxF8heyVChKlZn5RJw89gsN5DmK-MJ_8-sYjKZux6_FYePcGZrjaIwztD-7mA8cq_OsbNsJ7a682B0WwlhwK7zRGdSBMGiK6fngQwmyyUjoSa6qE2alnjuHL8tsPAoCWW_v83qPiVFxLwEs5nVXByphyflNDxyxnQealvbnYY2JVH-6t9YYpAkY2yydvfL4J9RoQD3YNro3VZg4m7mjf1k-KERNBOrD9bj3EwddIL4FPfghaxNiRzCJjDVVlHYKLrhgs7KY1oxkY4ieho-ntfp9E28fyvr61vjw0qAADqR9IWrzroi4DXAdjBZGmM7fkf2nABACEZvrGjOkQtlN6kUcShartwGrHeUSzypqAvFw_G2oqyiffIDCuv5mIhilTER4uMPKkzxo_No5_zpBeC5k4qQwD-Ivb6RREALNZFkvokLW8A-x4aFksYlnF4FMwj7ryEKg4N0aQ4N7o46IwskcevPHAieoDp79wBiN9iHL47-F1LpZF9mt2E6FsX0QLVoVO4SdcqYmuk-4WjTI4ffOqCABa4LaTv0S1F6L3el_S3RV_pZbgCXhvKj5orA89VtA456RDEywVkpJQ2oBH3EuKc4F6mIhSBJCFh9KofcFxibAZDiI-qRuPbByLWX0=",
            "deep_link": "https://www.kiwi.com/deep?affilid=mihalytest&currency=EUR&flightsId=0b7717884e1f000064b66dd1_0%7C17880f0c4e2500008f8ddb91_0%7C0f0c0b774e250000ed7b3825_0&from=BUD&lang=en&passengers=1&to=HAM&booking_token=HZnE1Hj9069PrG5HCZUSkuYlD8Zr8n5fT9qo73ywkHzHkXYUJAJ3NIO2H0ve6zj0vDFI9fE8hfb4DnAm1KQJje1O28Kk4Fv_aZ8PLYf-gyFWDMpH9o9rFvNKGzrR3knWK4N1pdFJhXjxQR5GTKc7fBUGczeI8A3DCq3LLXZEFkJrIFxF8heyVChKlZn5RJw89gsN5DmK-MJ_8-sYjKZux6_FYePcGZrjaIwztD-7mA8cq_OsbNsJ7a682B0WwlhwK7zRGdSBMGiK6fngQwmyyUjoSa6qE2alnjuHL8tsPAoCWW_v83qPiVFxLwEs5nVXByphyflNDxyxnQealvbnYY2JVH-6t9YYpAkY2yydvfL4J9RoQD3YNro3VZg4m7mjf1k-KERNBOrD9bj3EwddIL4FPfghaxNiRzCJjDVVlHYKLrhgs7KY1oxkY4ieho-ntfp9E28fyvr61vjw0qAADqR9IWrzroi4DXAdjBZGmM7fkf2nABACEZvrGjOkQtlN6kUcShartwGrHeUSzypqAvFw_G2oqyiffIDCuv5mIhilTER4uMPKkzxo_No5_zpBeC5k4qQwD-Ivb6RREALNZFkvokLW8A-x4aFksYlnF4FMwj7ryEKg4N0aQ4N7o46IwskcevPHAieoDp79wBiN9iHL47-F1LpZF9mt2E6FsX0QLVoVO4SdcqYmuk-4WjTI4ffOqCABa4LaTv0S1F6L3el_S3RV_pZbgCXhvKj5orA89VtA456RDEywVkpJQ2oBH3EuKc4F6mIhSBJCFh9KofcFxibAZDiI-qRuPbByLWX0=",
            "facilitated_booking_available": false,
            "pnr_count": 3,
            "has_airport_change": false,
            "technical_stops": 0,
            "throw_away_ticketing": false,
            "hidden_city_ticketing": false,
            "virtual_interlining": true
        },
        {
            "id": "0b7717884e180000fe04d284_0|17880b774e1c0000ee5edc7b_0",
            "flyFrom": "BUD",
            "flyTo": "HAM",
            "cityFrom": "Budapest",
            "cityCodeFrom": "BUD",
            "cityTo": "Hamburg",
            "cityCodeTo": "HAM",
            "countryFrom": {
                "code": "HU",
                "name": "Hungary"
            },
            "countryTo": {
                "code": "DE",
                "name": "Germany"
            },
            "local_departure": "2024-09-26T20:45:00.000Z",
            "utc_departure": "2024-09-26T18:45:00.000Z",
            "local_arrival": "2024-09-26T22:30:00.000Z",
            "utc_arrival": "2024-09-26T20:30:00.000Z",
            "nightsInDest": 4,
            "quality": 215.333205,
            "distance": 949.98,
            "duration": {
                "departure": 6300,
                "return": 6000,
                "total": 12300
            },
            "price": 164,
            "conversion": {
                "EUR": 164
            },
            "fare": {
                "adults": 164,
                "children": 164,
                "infants": 164
            },
            "fare_locks": {
                "EUR": [
                    {
                        "default": false,
                        "duration": "P1D",
                        "itinerary_price_limit": 364,
                        "itinerary_price_remaining": 164,
                        "fare_lock_kind": "fee",
                        "price": 8.2,
                        "rule_instance_id": 26749,
                        "version": "v1"
                    },
                    {
                        "default": true,
                        "duration": "P3D",
                        "itinerary_price_limit": 364,
                        "itinerary_price_remaining": 164,
                        "fare_lock_kind": "fee",
                        "price": 16.4,
                        "rule_instance_id": 26748,
                        "version": "v1"
                    },
                    {
                        "default": false,
                        "duration": "P7D",
                        "itinerary_price_limit": 364,
                        "itinerary_price_remaining": 164,
                        "fare_lock_kind": "fee",
                        "price": 41,
                        "rule_instance_id": 26750,
                        "version": "v1"
                    }
                ]
            },
            "bags_price": {
                "1": 72.8,
                "2": 282.8
            },
            "baglimit": {
                "hand_dimensions_sum": 118,
                "hand_height": 40,
                "hand_length": 55,
                "hand_weight": 8,
                "hand_width": 23,
                "hold_dimensions_sum": 158,
                "hold_height": 52,
                "hold_length": 78,
                "hold_weight": 23,
                "hold_width": 28,
                "personal_item_dimension_sum": 95,
                "personal_item_height": 30,
                "personal_item_length": 40,
                "personal_item_weight": 8,
                "personal_item_width": 25
            },
            "availability": {
                "seats": 1
            },
            "airlines": [
                "EW"
            ],
            "route": [
                {
                    "id": "0b7717884e180000fe04d284_0",
                    "combination_id": "0b7717884e180000fe04d284",
                    "flyFrom": "BUD",
                    "flyTo": "HAM",
                    "cityFrom": "Budapest",
                    "cityCodeFrom": "BUD",
                    "cityTo": "Hamburg",
                    "cityCodeTo": "HAM",
                    "local_departure": "2024-09-26T20:45:00.000Z",
                    "utc_departure": "2024-09-26T18:45:00.000Z",
                    "local_arrival": "2024-09-26T22:30:00.000Z",
                    "utc_arrival": "2024-09-26T20:30:00.000Z",
                    "airline": "EW",
                    "flight_no": 7783,
                    "operating_carrier": "EW",
                    "operating_flight_no": "7783",
                    "fare_basis": "",
                    "fare_category": "M",
                    "fare_classes": "",
                    "return": 0,
                    "bags_recheck_required": false,
                    "vi_connection": false,
                    "guarantee": false,
                    "equipment": null,
                    "vehicle_type": "aircraft"
                },
                {
                    "id": "17880b774e1c0000ee5edc7b_0",
                    "combination_id": "17880b774e1c0000ee5edc7b",
                    "flyFrom": "HAM",
                    "flyTo": "BUD",
                    "cityFrom": "Hamburg",
                    "cityCodeFrom": "HAM",
                    "cityTo": "Budapest",
                    "cityCodeTo": "BUD",
                    "local_departure": "2024-09-30T11:30:00.000Z",
                    "utc_departure": "2024-09-30T09:30:00.000Z",
                    "local_arrival": "2024-09-30T13:10:00.000Z",
                    "utc_arrival": "2024-09-30T11:10:00.000Z",
                    "airline": "EW",
                    "flight_no": 7784,
                    "operating_carrier": "EW",
                    "operating_flight_no": "7784",
                    "fare_basis": "",
                    "fare_category": "M",
                    "fare_classes": "",
                    "return": 1,
                    "bags_recheck_required": false,
                    "vi_connection": false,
                    "guarantee": false,
                    "equipment": null,
                    "vehicle_type": "aircraft"
                }
            ],
            "booking_token": "HUHCO1CNNi-y9nYnvqkoP_8D94qxcwZqcnMm5XIwLFBpA6Bkcxs4CLQ3XqxmQDJ5wsYRnQeSDF2lfn_6uPK-JXtdTq4959xyw4UCFmAjpGXwc4u55XK4sDSLVfbvPjbgcYFysFLzvKtFJ3DDobs2ICB5XItewLdG3jQKBxKJHC--2VOFJOY2kRZEvbNJA-zaIk76bMR4la535-GOqX7aN7lELofKGpbfoUiOa4phaRooLnRbafL0kNQ7BzWJ6YmdOzPIMRRL6FG6GMFXzXbejMmon_uOdE5amxuEsPexSpPUlRBTFgX1jrqv7yjeTBrxAjjVkKDOHx95HLlYY0fbcoDH3kpTj4SieeyrxriLlx_VEtNJlTl-GYRtjvQMenyQ-hdNBfwvJrxfAJL32sMwPHdMBuS37h2zaK-J5J1Xc1rYndh7qkC5RXhVzI1yaP_TXejoo05ADEXL94PSc5HdFtQhq0mDH6wNNlzkd7_v7B_m-qlQhxDxXnA5yHLID2YDm43Voxp10Q6-tdnJjd7WeX1tLNkBdLwB3lDE6Q9YNasLEDa22J1UlnHX1ULvmNqSNGxEuaG8wqu_cCtXDcmXPrbtMVeTOkl12-H6wuHEyHpyHFeCuKhLH5j0X_etmcTcNDBPge8peR89DK9AEmanCp2QqjCPrdw6MJgiCXTEU0Kq_NiP94FAgi5v5OunQqxCgu4oLRQYStHftbUwcCiUGAQ==",
            "deep_link": "https://www.kiwi.com/deep?affilid=mihalytest&currency=EUR&flightsId=0b7717884e180000fe04d284_0%7C17880b774e1c0000ee5edc7b_0&from=BUD&lang=en&passengers=1&to=HAM&booking_token=HUHCO1CNNi-y9nYnvqkoP_8D94qxcwZqcnMm5XIwLFBpA6Bkcxs4CLQ3XqxmQDJ5wsYRnQeSDF2lfn_6uPK-JXtdTq4959xyw4UCFmAjpGXwc4u55XK4sDSLVfbvPjbgcYFysFLzvKtFJ3DDobs2ICB5XItewLdG3jQKBxKJHC--2VOFJOY2kRZEvbNJA-zaIk76bMR4la535-GOqX7aN7lELofKGpbfoUiOa4phaRooLnRbafL0kNQ7BzWJ6YmdOzPIMRRL6FG6GMFXzXbejMmon_uOdE5amxuEsPexSpPUlRBTFgX1jrqv7yjeTBrxAjjVkKDOHx95HLlYY0fbcoDH3kpTj4SieeyrxriLlx_VEtNJlTl-GYRtjvQMenyQ-hdNBfwvJrxfAJL32sMwPHdMBuS37h2zaK-J5J1Xc1rYndh7qkC5RXhVzI1yaP_TXejoo05ADEXL94PSc5HdFtQhq0mDH6wNNlzkd7_v7B_m-qlQhxDxXnA5yHLID2YDm43Voxp10Q6-tdnJjd7WeX1tLNkBdLwB3lDE6Q9YNasLEDa22J1UlnHX1ULvmNqSNGxEuaG8wqu_cCtXDcmXPrbtMVeTOkl12-H6wuHEyHpyHFeCuKhLH5j0X_etmcTcNDBPge8peR89DK9AEmanCp2QqjCPrdw6MJgiCXTEU0Kq_NiP94FAgi5v5OunQqxCgu4oLRQYStHftbUwcCiUGAQ==",
            "facilitated_booking_available": true,
            "pnr_count": 2,
            "has_airport_change": false,
            "technical_stops": 0,
            "throw_away_ticketing": false,
            "hidden_city_ticketing": false,
            "virtual_interlining": false
        },
        {
            "id": "0b7717884e5f0000fddf66be_0|17880b774e6600004f38cfe8_0|17880b774e6600004f38cfe8_1",
            "flyFrom": "BUD",
            "flyTo": "HAM",
            "cityFrom": "Budapest",
            "cityCodeFrom": "BUD",
            "cityTo": "Hamburg",
            "cityCodeTo": "HAM",
            "countryFrom": {
                "code": "HU",
                "name": "Hungary"
            },
            "countryTo": {
                "code": "DE",
                "name": "Germany"
            },
            "local_departure": "2024-12-06T20:35:00.000Z",
            "utc_departure": "2024-12-06T19:35:00.000Z",
            "local_arrival": "2024-12-06T22:25:00.000Z",
            "utc_arrival": "2024-12-06T21:25:00.000Z",
            "nightsInDest": 7,
            "quality": 246.66646,
            "distance": 949.98,
            "duration": {
                "departure": 6600,
                "return": 19800,
                "total": 26400
            },
            "price": 164,
            "conversion": {
                "EUR": 164
            },
            "fare": {
                "adults": 164,
                "children": 164,
                "infants": 164
            },
            "fare_locks": {
                "EUR": [
                    {
                        "default": false,
                        "duration": "P1D",
                        "itinerary_price_limit": 364,
                        "itinerary_price_remaining": 164,
                        "fare_lock_kind": "fee",
                        "price": 8.2,
                        "rule_instance_id": 26749,
                        "version": "v1"
                    },
                    {
                        "default": true,
                        "duration": "P3D",
                        "itinerary_price_limit": 364,
                        "itinerary_price_remaining": 164,
                        "fare_lock_kind": "fee",
                        "price": 16.4,
                        "rule_instance_id": 26748,
                        "version": "v1"
                    },
                    {
                        "default": false,
                        "duration": "P7D",
                        "itinerary_price_limit": 364,
                        "itinerary_price_remaining": 164,
                        "fare_lock_kind": "fee",
                        "price": 41,
                        "rule_instance_id": 26750,
                        "version": "v1"
                    }
                ]
            },
            "bags_price": {
                "1": 113.4
            },
            "baglimit": {
                "hand_dimensions_sum": 118,
                "hand_height": 40,
                "hand_length": 55,
                "hand_weight": 8,
                "hand_width": 23,
                "hold_dimensions_sum": 158,
                "hold_height": 52,
                "hold_length": 78,
                "hold_weight": 23,
                "hold_width": 28,
                "personal_item_dimension_sum": 80,
                "personal_item_height": 30,
                "personal_item_length": 40,
                "personal_item_weight": 4,
                "personal_item_width": 10
            },
            "availability": {
                "seats": 4
            },
            "airlines": [
                "EW",
                "JU"
            ],
            "route": [
                {
                    "id": "0b7717884e5f0000fddf66be_0",
                    "combination_id": "0b7717884e5f0000fddf66be",
                    "flyFrom": "BUD",
                    "flyTo": "HAM",
                    "cityFrom": "Budapest",
                    "cityCodeFrom": "BUD",
                    "cityTo": "Hamburg",
                    "cityCodeTo": "HAM",
                    "local_departure": "2024-12-06T20:35:00.000Z",
                    "utc_departure": "2024-12-06T19:35:00.000Z",
                    "local_arrival": "2024-12-06T22:25:00.000Z",
                    "utc_arrival": "2024-12-06T21:25:00.000Z",
                    "airline": "EW",
                    "flight_no": 7781,
                    "operating_carrier": "EW",
                    "operating_flight_no": "7781",
                    "fare_basis": "",
                    "fare_category": "M",
                    "fare_classes": "T",
                    "return": 0,
                    "bags_recheck_required": false,
                    "vi_connection": false,
                    "guarantee": false,
                    "equipment": null,
                    "vehicle_type": "aircraft"
                },
                {
                    "id": "17880b774e6600004f38cfe8_0",
                    "combination_id": "17880b774e6600004f38cfe8",
                    "flyFrom": "HAM",
                    "flyTo": "BEG",
                    "cityFrom": "Hamburg",
                    "cityCodeFrom": "HAM",
                    "cityTo": "Belgrade",
                    "cityCodeTo": "BEG",
                    "local_departure": "2024-12-13T09:15:00.000Z",
                    "utc_departure": "2024-12-13T08:15:00.000Z",
                    "local_arrival": "2024-12-13T11:15:00.000Z",
                    "utc_arrival": "2024-12-13T10:15:00.000Z",
                    "airline": "JU",
                    "flight_no": 291,
                    "operating_carrier": "JU",
                    "operating_flight_no": "291",
                    "fare_basis": "TNB14ODE",
                    "fare_category": "M",
                    "fare_classes": "T",
                    "return": 1,
                    "bags_recheck_required": false,
                    "vi_connection": false,
                    "guarantee": false,
                    "equipment": null,
                    "vehicle_type": "aircraft"
                },
                {
                    "id": "17880b774e6600004f38cfe8_1",
                    "combination_id": "17880b774e6600004f38cfe8",
                    "flyFrom": "BEG",
                    "flyTo": "BUD",
                    "cityFrom": "Belgrade",
                    "cityCodeFrom": "BEG",
                    "cityTo": "Budapest",
                    "cityCodeTo": "BUD",
                    "local_departure": "2024-12-13T13:30:00.000Z",
                    "utc_departure": "2024-12-13T12:30:00.000Z",
                    "local_arrival": "2024-12-13T14:45:00.000Z",
                    "utc_arrival": "2024-12-13T13:45:00.000Z",
                    "airline": "JU",
                    "flight_no": 142,
                    "operating_carrier": "JU",
                    "operating_flight_no": "142",
                    "fare_basis": "TNB14ODE",
                    "fare_category": "M",
                    "fare_classes": "T",
                    "return": 1,
                    "bags_recheck_required": false,
                    "vi_connection": false,
                    "guarantee": false,
                    "equipment": null,
                    "vehicle_type": "aircraft"
                }
            ],
            "booking_token": "HLphrOHvhVErArdEB0joMrUvYoRE5Vw_KyrPQzUQ-3WEb-5Bn10DcA0toO4cGm_Isw195jorRZ6LoywfNCM9byS7hTeb6g_4HteeN-mqbvMjObnUVHJ0gm03S3WdA5Y-joJl8q11_0dBfbznd1E6wBQ3ik0M3fNJe1_yajuHwcOx6IyRycFQfByDH0EBIuIukQbc5KuvYVRH8_dOqzTCQ5yYxxsucxPJmiPA7wvmLyI9tUpQS7AMBTIYwqOsYdY-5McGcriud9yU1WuG8SuBoUjPZYiMZwYKIcQsqDReB66WClHvwUfKudrdVqjThKCjq40evFVL-cO82pBSWJxMJCijfQaHZoSji_HaVY4zIolsvizWmrTGxs0cZlWSUaXmP-cIteBVVx8IS3QjgKWQKjjxAsa6W0FhtHWyhy8EhyAUTedeRHunQBxgkjvJE9CrXwBQ1W-T7zQI0HJqnSPtKGsSVV9HQYcy0tRCzJ6rp5v9Dt_OQir6_-iSANcJev6zOjqTLU_dbYkDhY9fG-oBd6G1OPCky44_2BQEIXesctZEHbHriV3ASkA87iFBd7o1dqimns953-3Sen7_sm32AKTVnHBQmOe8p8DETuc9EfSiFIQR1AtsmoYyXYmxn6W3cRzkxwBljqbQtduMGAKyx-ijURycvZE5VmD6z9v_fH0qoZQ1rGKy60MRl-A5RE1y9icNaJ_cTTG7ImDyeSiDSWWg9osYeIPkilTzaZfzjkKn7MFOFYsQgYpgSWwpzbeQD1sIbaVUqSayhD5lfgWX6Rw==",
            "deep_link": "https://www.kiwi.com/deep?affilid=mihalytest&currency=EUR&flightsId=0b7717884e5f0000fddf66be_0%7C17880b774e6600004f38cfe8_0%7C17880b774e6600004f38cfe8_1&from=BUD&lang=en&passengers=1&to=HAM&booking_token=HLphrOHvhVErArdEB0joMrUvYoRE5Vw_KyrPQzUQ-3WEb-5Bn10DcA0toO4cGm_Isw195jorRZ6LoywfNCM9byS7hTeb6g_4HteeN-mqbvMjObnUVHJ0gm03S3WdA5Y-joJl8q11_0dBfbznd1E6wBQ3ik0M3fNJe1_yajuHwcOx6IyRycFQfByDH0EBIuIukQbc5KuvYVRH8_dOqzTCQ5yYxxsucxPJmiPA7wvmLyI9tUpQS7AMBTIYwqOsYdY-5McGcriud9yU1WuG8SuBoUjPZYiMZwYKIcQsqDReB66WClHvwUfKudrdVqjThKCjq40evFVL-cO82pBSWJxMJCijfQaHZoSji_HaVY4zIolsvizWmrTGxs0cZlWSUaXmP-cIteBVVx8IS3QjgKWQKjjxAsa6W0FhtHWyhy8EhyAUTedeRHunQBxgkjvJE9CrXwBQ1W-T7zQI0HJqnSPtKGsSVV9HQYcy0tRCzJ6rp5v9Dt_OQir6_-iSANcJev6zOjqTLU_dbYkDhY9fG-oBd6G1OPCky44_2BQEIXesctZEHbHriV3ASkA87iFBd7o1dqimns953-3Sen7_sm32AKTVnHBQmOe8p8DETuc9EfSiFIQR1AtsmoYyXYmxn6W3cRzkxwBljqbQtduMGAKyx-ijURycvZE5VmD6z9v_fH0qoZQ1rGKy60MRl-A5RE1y9icNaJ_cTTG7ImDyeSiDSWWg9osYeIPkilTzaZfzjkKn7MFOFYsQgYpgSWwpzbeQD1sIbaVUqSayhD5lfgWX6Rw==",
            "facilitated_booking_available": true,
            "pnr_count": 2,
            "has_airport_change": false,
            "technical_stops": 0,
            "throw_away_ticketing": false,
            "hidden_city_ticketing": false,
            "virtual_interlining": false
        },
        {
            "id": "0b7717884e4300008a679150_0|17880b774e4a000027dd2264_0|17880b774e4a000027dd2264_1",
            "flyFrom": "BUD",
            "flyTo": "HAM",
            "cityFrom": "Budapest",
            "cityCodeFrom": "BUD",
            "cityTo": "Hamburg",
            "cityCodeTo": "HAM",
            "countryFrom": {
                "code": "HU",
                "name": "Hungary"
            },
            "countryTo": {
                "code": "DE",
                "name": "Germany"
            },
            "local_departure": "2024-11-08T20:35:00.000Z",
            "utc_departure": "2024-11-08T19:35:00.000Z",
            "local_arrival": "2024-11-08T22:25:00.000Z",
            "utc_arrival": "2024-11-08T21:25:00.000Z",
            "nightsInDest": 7,
            "quality": 246.66646,
            "distance": 949.98,
            "duration": {
                "departure": 6600,
                "return": 19800,
                "total": 26400
            },
            "price": 164,
            "conversion": {
                "EUR": 164
            },
            "fare": {
                "adults": 164,
                "children": 164,
                "infants": 164
            },
            "fare_locks": {
                "EUR": [
                    {
                        "default": false,
                        "duration": "P1D",
                        "itinerary_price_limit": 364,
                        "itinerary_price_remaining": 164,
                        "fare_lock_kind": "fee",
                        "price": 8.2,
                        "rule_instance_id": 26749,
                        "version": "v1"
                    },
                    {
                        "default": true,
                        "duration": "P3D",
                        "itinerary_price_limit": 364,
                        "itinerary_price_remaining": 164,
                        "fare_lock_kind": "fee",
                        "price": 16.4,
                        "rule_instance_id": 26748,
                        "version": "v1"
                    },
                    {
                        "default": false,
                        "duration": "P7D",
                        "itinerary_price_limit": 364,
                        "itinerary_price_remaining": 164,
                        "fare_lock_kind": "fee",
                        "price": 41,
                        "rule_instance_id": 26750,
                        "version": "v1"
                    }
                ]
            },
            "bags_price": {
                "1": 113.4
            },
            "baglimit": {
                "hand_dimensions_sum": 118,
                "hand_height": 40,
                "hand_length": 55,
                "hand_weight": 8,
                "hand_width": 23,
                "hold_dimensions_sum": 158,
                "hold_height": 52,
                "hold_length": 78,
                "hold_weight": 23,
                "hold_width": 28,
                "personal_item_dimension_sum": 80,
                "personal_item_height": 30,
                "personal_item_length": 40,
                "personal_item_weight": 4,
                "personal_item_width": 10
            },
            "availability": {
                "seats": 4
            },
            "airlines": [
                "JU",
                "EW"
            ],
            "route": [
                {
                    "id": "0b7717884e4300008a679150_0",
                    "combination_id": "0b7717884e4300008a679150",
                    "flyFrom": "BUD",
                    "flyTo": "HAM",
                    "cityFrom": "Budapest",
                    "cityCodeFrom": "BUD",
                    "cityTo": "Hamburg",
                    "cityCodeTo": "HAM",
                    "local_departure": "2024-11-08T20:35:00.000Z",
                    "utc_departure": "2024-11-08T19:35:00.000Z",
                    "local_arrival": "2024-11-08T22:25:00.000Z",
                    "utc_arrival": "2024-11-08T21:25:00.000Z",
                    "airline": "EW",
                    "flight_no": 7781,
                    "operating_carrier": "EW",
                    "operating_flight_no": "7781",
                    "fare_basis": "",
                    "fare_category": "M",
                    "fare_classes": "",
                    "return": 0,
                    "bags_recheck_required": false,
                    "vi_connection": false,
                    "guarantee": false,
                    "equipment": null,
                    "vehicle_type": "aircraft"
                },
                {
                    "id": "17880b774e4a000027dd2264_0",
                    "combination_id": "17880b774e4a000027dd2264",
                    "flyFrom": "HAM",
                    "flyTo": "BEG",
                    "cityFrom": "Hamburg",
                    "cityCodeFrom": "HAM",
                    "cityTo": "Belgrade",
                    "cityCodeTo": "BEG",
                    "local_departure": "2024-11-15T09:15:00.000Z",
                    "utc_departure": "2024-11-15T08:15:00.000Z",
                    "local_arrival": "2024-11-15T11:15:00.000Z",
                    "utc_arrival": "2024-11-15T10:15:00.000Z",
                    "airline": "JU",
                    "flight_no": 291,
                    "operating_carrier": "JU",
                    "operating_flight_no": "291",
                    "fare_basis": "TNB14ODE",
                    "fare_category": "M",
                    "fare_classes": "T",
                    "return": 1,
                    "bags_recheck_required": false,
                    "vi_connection": false,
                    "guarantee": false,
                    "equipment": null,
                    "vehicle_type": "aircraft"
                },
                {
                    "id": "17880b774e4a000027dd2264_1",
                    "combination_id": "17880b774e4a000027dd2264",
                    "flyFrom": "BEG",
                    "flyTo": "BUD",
                    "cityFrom": "Belgrade",
                    "cityCodeFrom": "BEG",
                    "cityTo": "Budapest",
                    "cityCodeTo": "BUD",
                    "local_departure": "2024-11-15T13:30:00.000Z",
                    "utc_departure": "2024-11-15T12:30:00.000Z",
                    "local_arrival": "2024-11-15T14:45:00.000Z",
                    "utc_arrival": "2024-11-15T13:45:00.000Z",
                    "airline": "JU",
                    "flight_no": 142,
                    "operating_carrier": "JU",
                    "operating_flight_no": "142",
                    "fare_basis": "TNB14ODE",
                    "fare_category": "M",
                    "fare_classes": "T",
                    "return": 1,
                    "bags_recheck_required": false,
                    "vi_connection": false,
                    "guarantee": false,
                    "equipment": null,
                    "vehicle_type": "aircraft"
                }
            ],
            "booking_token": "Hvx-w3dTMCn8bTfU8JRp29Bwulq86_Dioi2V-4logBfSa4GKmfanMNqk12haRAP5QeNDgnYtnysSOJBNu8l0Vufeh-BRvR54sdLJQGncOORTSWkJlb88mZ_UIJWkwoquRqfSp9VIunct0bfOmDVCpUPnmA_hKXOqdWPMhWXuX-bY9j2kA5nZJAjiSYBMpTQ8aNdbxUbRO3aN_sfKO2onPip4WQ-LYAhYhk0H4AHwvTDY9ybOXaJk18X-FoWZcuK_Dnhdh25_IfeUCNdF3yQr_UlRHb8XuejseDlTY8IOijDMRbtPjFXIxwxvJPNc1vw2O4bktxjvMHo2Wx4vFNiq-P6VTqH1GntOYY29q0hByxvAkhmOU5l9uBJk9kbLGofz6pkDOuCaL_KlHr-dMi_zKFyZ6ATSpeQ8LFq2Z1C0Y8aW-B7-laqCpGMwQpSrfoIrLlEYI0yChl38jSmvOhIGCmEcSctIeCXc55ZZ9eY2itfWVXGPMvLnnbpzu2ways58La-iS-6CxMZ5g3_oLsAe2Yz_cZF9QZotiZ9y9mrqQ1MA1CPMNBOm33Yad5Irk6s-oTHtQUVIeGwm49hagTKXbXoxxssdEKBBOiLlTefdSxjwjcdVDxugUXgSEOeOpXknrAkmsfObVH2mwmvbhaZVdhEeB8_FIXAU7zR81xhMaElaDXcPdTZ2CR9m3WpGo8gWCyv0vvuV9-VI-zGjBciMHE1MqnK2awHBdHt-j8Alb_GIqOZxNLHiJ3sOvBNVTGLx3jKrzZepmoEU9JYmTcTpUhA==",
            "deep_link": "https://www.kiwi.com/deep?affilid=mihalytest&currency=EUR&flightsId=0b7717884e4300008a679150_0%7C17880b774e4a000027dd2264_0%7C17880b774e4a000027dd2264_1&from=BUD&lang=en&passengers=1&to=HAM&booking_token=Hvx-w3dTMCn8bTfU8JRp29Bwulq86_Dioi2V-4logBfSa4GKmfanMNqk12haRAP5QeNDgnYtnysSOJBNu8l0Vufeh-BRvR54sdLJQGncOORTSWkJlb88mZ_UIJWkwoquRqfSp9VIunct0bfOmDVCpUPnmA_hKXOqdWPMhWXuX-bY9j2kA5nZJAjiSYBMpTQ8aNdbxUbRO3aN_sfKO2onPip4WQ-LYAhYhk0H4AHwvTDY9ybOXaJk18X-FoWZcuK_Dnhdh25_IfeUCNdF3yQr_UlRHb8XuejseDlTY8IOijDMRbtPjFXIxwxvJPNc1vw2O4bktxjvMHo2Wx4vFNiq-P6VTqH1GntOYY29q0hByxvAkhmOU5l9uBJk9kbLGofz6pkDOuCaL_KlHr-dMi_zKFyZ6ATSpeQ8LFq2Z1C0Y8aW-B7-laqCpGMwQpSrfoIrLlEYI0yChl38jSmvOhIGCmEcSctIeCXc55ZZ9eY2itfWVXGPMvLnnbpzu2ways58La-iS-6CxMZ5g3_oLsAe2Yz_cZF9QZotiZ9y9mrqQ1MA1CPMNBOm33Yad5Irk6s-oTHtQUVIeGwm49hagTKXbXoxxssdEKBBOiLlTefdSxjwjcdVDxugUXgSEOeOpXknrAkmsfObVH2mwmvbhaZVdhEeB8_FIXAU7zR81xhMaElaDXcPdTZ2CR9m3WpGo8gWCyv0vvuV9-VI-zGjBciMHE1MqnK2awHBdHt-j8Alb_GIqOZxNLHiJ3sOvBNVTGLx3jKrzZepmoEU9JYmTcTpUhA==",
            "facilitated_booking_available": true,
            "pnr_count": 2,
            "has_airport_change": false,
            "technical_stops": 0,
            "throw_away_ticketing": false,
            "hidden_city_ticketing": false,
            "virtual_interlining": false
        },
        {
            "id": "0b7717884e4d0000c1b213c8_0|178823334e4d0000731d45ef_0|23330b774e4d0000be4f858f_0",
            "flyFrom": "BUD",
            "flyTo": "HAM",
            "cityFrom": "Budapest",
            "cityCodeFrom": "BUD",
            "cityTo": "Hamburg",
            "cityCodeTo": "HAM",
            "countryFrom": {
                "code": "HU",
                "name": "Hungary"
            },
            "countryTo": {
                "code": "DE",
                "name": "Germany"
            },
            "local_departure": "2024-11-18T09:15:00.000Z",
            "utc_departure": "2024-11-18T08:15:00.000Z",
            "local_arrival": "2024-11-18T11:05:00.000Z",
            "utc_arrival": "2024-11-18T10:05:00.000Z",
            "nightsInDest": 0,
            "quality": 257.999765,
            "distance": 949.98,
            "duration": {
                "departure": 6600,
                "return": 24900,
                "total": 31500
            },
            "price": 164,
            "conversion": {
                "EUR": 164
            },
            "fare": {
                "adults": 164,
                "children": 164,
                "infants": 164
            },
            "fare_locks": {
                "EUR": [
                    {
                        "default": false,
                        "duration": "P1D",
                        "itinerary_price_limit": 364,
                        "itinerary_price_remaining": 164,
                        "fare_lock_kind": "fee",
                        "price": 8.2,
                        "rule_instance_id": 26749,
                        "version": "v1"
                    },
                    {
                        "default": true,
                        "duration": "P3D",
                        "itinerary_price_limit": 364,
                        "itinerary_price_remaining": 164,
                        "fare_lock_kind": "fee",
                        "price": 16.4,
                        "rule_instance_id": 26748,
                        "version": "v1"
                    },
                    {
                        "default": false,
                        "duration": "P7D",
                        "itinerary_price_limit": 364,
                        "itinerary_price_remaining": 164,
                        "fare_lock_kind": "fee",
                        "price": 41,
                        "rule_instance_id": 26750,
                        "version": "v1"
                    }
                ]
            },
            "bags_price": {
                "1": 176.568,
                "2": 421.736
            },
            "baglimit": {
                "hand_dimensions_sum": 118,
                "hand_height": 40,
                "hand_length": 55,
                "hand_weight": 8,
                "hand_width": 23,
                "hold_dimensions_sum": 158,
                "hold_height": 52,
                "hold_length": 78,
                "hold_weight": 20,
                "hold_width": 28,
                "personal_item_dimension_sum": 90,
                "personal_item_height": 30,
                "personal_item_length": 40,
                "personal_item_weight": 8,
                "personal_item_width": 20
            },
            "availability": {
                "seats": 1
            },
            "airlines": [
                "EW",
                "W4",
                "W6"
            ],
            "route": [
                {
                    "id": "0b7717884e4d0000c1b213c8_0",
                    "combination_id": "0b7717884e4d0000c1b213c8",
                    "flyFrom": "BUD",
                    "flyTo": "HAM",
                    "cityFrom": "Budapest",
                    "cityCodeFrom": "BUD",
                    "cityTo": "Hamburg",
                    "cityCodeTo": "HAM",
                    "local_departure": "2024-11-18T09:15:00.000Z",
                    "utc_departure": "2024-11-18T08:15:00.000Z",
                    "local_arrival": "2024-11-18T11:05:00.000Z",
                    "utc_arrival": "2024-11-18T10:05:00.000Z",
                    "airline": "EW",
                    "flight_no": 7781,
                    "operating_carrier": "EW",
                    "operating_flight_no": "7781",
                    "fare_basis": "",
                    "fare_category": "M",
                    "fare_classes": "",
                    "return": 0,
                    "bags_recheck_required": false,
                    "vi_connection": false,
                    "guarantee": false,
                    "equipment": null,
                    "vehicle_type": "aircraft"
                },
                {
                    "id": "178823334e4d0000731d45ef_0",
                    "combination_id": "178823334e4d0000731d45ef",
                    "flyFrom": "HAM",
                    "flyTo": "TIA",
                    "cityFrom": "Hamburg",
                    "cityCodeFrom": "HAM",
                    "cityTo": "Tirana",
                    "cityCodeTo": "TIA",
                    "local_departure": "2024-11-18T16:15:00.000Z",
                    "utc_departure": "2024-11-18T15:15:00.000Z",
                    "local_arrival": "2024-11-18T18:45:00.000Z",
                    "utc_arrival": "2024-11-18T17:45:00.000Z",
                    "airline": "W4",
                    "flight_no": 5108,
                    "operating_carrier": "",
                    "operating_flight_no": "",
                    "fare_basis": "",
                    "fare_category": "M",
                    "fare_classes": "",
                    "return": 1,
                    "bags_recheck_required": false,
                    "vi_connection": false,
                    "guarantee": false,
                    "equipment": null,
                    "vehicle_type": "aircraft"
                },
                {
                    "id": "23330b774e4d0000be4f858f_0",
                    "combination_id": "23330b774e4d0000be4f858f",
                    "flyFrom": "TIA",
                    "flyTo": "BUD",
                    "cityFrom": "Tirana",
                    "cityCodeFrom": "TIA",
                    "cityTo": "Budapest",
                    "cityCodeTo": "BUD",
                    "local_departure": "2024-11-18T21:35:00.000Z",
                    "utc_departure": "2024-11-18T20:35:00.000Z",
                    "local_arrival": "2024-11-18T23:10:00.000Z",
                    "utc_arrival": "2024-11-18T22:10:00.000Z",
                    "airline": "W6",
                    "flight_no": 2234,
                    "operating_carrier": "",
                    "operating_flight_no": "",
                    "fare_basis": "",
                    "fare_category": "M",
                    "fare_classes": "",
                    "return": 1,
                    "bags_recheck_required": true,
                    "vi_connection": true,
                    "guarantee": true,
                    "equipment": null,
                    "vehicle_type": "aircraft"
                }
            ],
            "booking_token": "Hmg8gM3FBA6ruS6RmWMHw1IeSQApMUgXTSGP8Fby-loyGOUvA0EnR67yufzDx6b0busQ-NHktXwMDuxXivTYIyzwv52QJCTDrZrl3KknQLUTphNivF8etHa-9pRU4DZz90134nXqmFkBPhTNagvTZ3XsgElAeqc-BVbI6cKKL9dTNt1DD0bpb8WHdztd8NEIFRyOL1Oqx-BN17kUm23keZ0gQsYQl4s25BLk7-7OKqw3_BvZjaO61gZ9m4RvT5jqkU8enSaZBc8gXsi-FjvR1AncJCfVQUIFytLdpx0DYJgmFmdcEr7dfKEQwUo2JY9uA3gjh-FcutB8diDUkObbdvhe1ltWmzng8HwLP-YMRL3DI_ryh1_Bp94-1bc_tqV7YWUhlOpWYj4hhK3vxDOu69G2F2jaw2ajvgBJhd6CSITNjVzZqYgD8oC40T2YmInRVYzrjsliPVG11bD_w-vrCIdZDfK4Fc3X43Ba_XzWX69GzELp23LFz3mwgB791e2t6JKid4Vn4b6hcrMZRVoDabpk-Pa3DWaeRix962_ai31e0-iNT-obbffyf6qaXQxIDSqFgGTDxmmWYtYNU6ZjtZM30x3FpOc6qBFwF1YHELWgzCZjN3pNio0BggR4WQ2tCap55M62Vkd20CrWZkTRClvEzAY9ugjWe_M6HuuosLDWxl-_Omu27voy7BjgaZGTlZdua3rZUlW1W2OovylrHPRF2U4qDtSqDdLHRbMJbtzQvjZUNSd7IPa9QBvEIBwUsolWQ2O1h-U2C3DFr5wnenEytF-cB0002flnDXaxWguw=",
            "deep_link": "https://www.kiwi.com/deep?affilid=mihalytest&currency=EUR&flightsId=0b7717884e4d0000c1b213c8_0%7C178823334e4d0000731d45ef_0%7C23330b774e4d0000be4f858f_0&from=BUD&lang=en&passengers=1&to=HAM&booking_token=Hmg8gM3FBA6ruS6RmWMHw1IeSQApMUgXTSGP8Fby-loyGOUvA0EnR67yufzDx6b0busQ-NHktXwMDuxXivTYIyzwv52QJCTDrZrl3KknQLUTphNivF8etHa-9pRU4DZz90134nXqmFkBPhTNagvTZ3XsgElAeqc-BVbI6cKKL9dTNt1DD0bpb8WHdztd8NEIFRyOL1Oqx-BN17kUm23keZ0gQsYQl4s25BLk7-7OKqw3_BvZjaO61gZ9m4RvT5jqkU8enSaZBc8gXsi-FjvR1AncJCfVQUIFytLdpx0DYJgmFmdcEr7dfKEQwUo2JY9uA3gjh-FcutB8diDUkObbdvhe1ltWmzng8HwLP-YMRL3DI_ryh1_Bp94-1bc_tqV7YWUhlOpWYj4hhK3vxDOu69G2F2jaw2ajvgBJhd6CSITNjVzZqYgD8oC40T2YmInRVYzrjsliPVG11bD_w-vrCIdZDfK4Fc3X43Ba_XzWX69GzELp23LFz3mwgB791e2t6JKid4Vn4b6hcrMZRVoDabpk-Pa3DWaeRix962_ai31e0-iNT-obbffyf6qaXQxIDSqFgGTDxmmWYtYNU6ZjtZM30x3FpOc6qBFwF1YHELWgzCZjN3pNio0BggR4WQ2tCap55M62Vkd20CrWZkTRClvEzAY9ugjWe_M6HuuosLDWxl-_Omu27voy7BjgaZGTlZdua3rZUlW1W2OovylrHPRF2U4qDtSqDdLHRbMJbtzQvjZUNSd7IPa9QBvEIBwUsolWQ2O1h-U2C3DFr5wnenEytF-cB0002flnDXaxWguw=",
            "facilitated_booking_available": false,
            "pnr_count": 3,
            "has_airport_change": false,
            "technical_stops": 0,
            "throw_away_ticketing": false,
            "hidden_city_ticketing": false,
            "virtual_interlining": true
        },
        {
            "id": "0b7717884e3f00007d2021d6_0|178823334e43000038c8c777_0|23330b774e430000f59a0717_0",
            "flyFrom": "BUD",
            "flyTo": "HAM",
            "cityFrom": "Budapest",
            "cityCodeFrom": "BUD",
            "cityTo": "Hamburg",
            "cityCodeTo": "HAM",
            "countryFrom": {
                "code": "HU",
                "name": "Hungary"
            },
            "countryTo": {
                "code": "DE",
                "name": "Germany"
            },
            "local_departure": "2024-11-04T09:15:00.000Z",
            "utc_departure": "2024-11-04T08:15:00.000Z",
            "local_arrival": "2024-11-04T11:05:00.000Z",
            "utc_arrival": "2024-11-04T10:05:00.000Z",
            "nightsInDest": 4,
            "quality": 257.999765,
            "distance": 949.98,
            "duration": {
                "departure": 6600,
                "return": 24900,
                "total": 31500
            },
            "price": 164,
            "conversion": {
                "EUR": 164
            },
            "fare": {
                "adults": 164,
                "children": 164,
                "infants": 164
            },
            "fare_locks": {
                "EUR": [
                    {
                        "default": false,
                        "duration": "P1D",
                        "itinerary_price_limit": 364,
                        "itinerary_price_remaining": 164,
                        "fare_lock_kind": "fee",
                        "price": 8.2,
                        "rule_instance_id": 26749,
                        "version": "v1"
                    },
                    {
                        "default": true,
                        "duration": "P3D",
                        "itinerary_price_limit": 364,
                        "itinerary_price_remaining": 164,
                        "fare_lock_kind": "fee",
                        "price": 16.4,
                        "rule_instance_id": 26748,
                        "version": "v1"
                    },
                    {
                        "default": false,
                        "duration": "P7D",
                        "itinerary_price_limit": 364,
                        "itinerary_price_remaining": 164,
                        "fare_lock_kind": "fee",
                        "price": 41,
                        "rule_instance_id": 26750,
                        "version": "v1"
                    }
                ]
            },
            "bags_price": {
                "1": 183.274,
                "2": 435.148
            },
            "baglimit": {
                "hand_dimensions_sum": 118,
                "hand_height": 40,
                "hand_length": 55,
                "hand_weight": 8,
                "hand_width": 23,
                "hold_dimensions_sum": 158,
                "hold_height": 52,
                "hold_length": 78,
                "hold_weight": 20,
                "hold_width": 28,
                "personal_item_dimension_sum": 90,
                "personal_item_height": 30,
                "personal_item_length": 40,
                "personal_item_weight": 8,
                "personal_item_width": 20
            },
            "availability": {
                "seats": 2
            },
            "airlines": [
                "W4",
                "W6",
                "EW"
            ],
            "route": [
                {
                    "id": "0b7717884e3f00007d2021d6_0",
                    "combination_id": "0b7717884e3f00007d2021d6",
                    "flyFrom": "BUD",
                    "flyTo": "HAM",
                    "cityFrom": "Budapest",
                    "cityCodeFrom": "BUD",
                    "cityTo": "Hamburg",
                    "cityCodeTo": "HAM",
                    "local_departure": "2024-11-04T09:15:00.000Z",
                    "utc_departure": "2024-11-04T08:15:00.000Z",
                    "local_arrival": "2024-11-04T11:05:00.000Z",
                    "utc_arrival": "2024-11-04T10:05:00.000Z",
                    "airline": "EW",
                    "flight_no": 7781,
                    "operating_carrier": "EW",
                    "operating_flight_no": "7781",
                    "fare_basis": "",
                    "fare_category": "M",
                    "fare_classes": "",
                    "return": 0,
                    "bags_recheck_required": false,
                    "vi_connection": false,
                    "guarantee": false,
                    "equipment": null,
                    "vehicle_type": "aircraft"
                },
                {
                    "id": "178823334e43000038c8c777_0",
                    "combination_id": "178823334e43000038c8c777",
                    "flyFrom": "HAM",
                    "flyTo": "TIA",
                    "cityFrom": "Hamburg",
                    "cityCodeFrom": "HAM",
                    "cityTo": "Tirana",
                    "cityCodeTo": "TIA",
                    "local_departure": "2024-11-08T16:15:00.000Z",
                    "utc_departure": "2024-11-08T15:15:00.000Z",
                    "local_arrival": "2024-11-08T18:45:00.000Z",
                    "utc_arrival": "2024-11-08T17:45:00.000Z",
                    "airline": "W4",
                    "flight_no": 5108,
                    "operating_carrier": "",
                    "operating_flight_no": "",
                    "fare_basis": "",
                    "fare_category": "M",
                    "fare_classes": "",
                    "return": 1,
                    "bags_recheck_required": false,
                    "vi_connection": false,
                    "guarantee": false,
                    "equipment": null,
                    "vehicle_type": "aircraft"
                },
                {
                    "id": "23330b774e430000f59a0717_0",
                    "combination_id": "23330b774e430000f59a0717",
                    "flyFrom": "TIA",
                    "flyTo": "BUD",
                    "cityFrom": "Tirana",
                    "cityCodeFrom": "TIA",
                    "cityTo": "Budapest",
                    "cityCodeTo": "BUD",
                    "local_departure": "2024-11-08T21:35:00.000Z",
                    "utc_departure": "2024-11-08T20:35:00.000Z",
                    "local_arrival": "2024-11-08T23:10:00.000Z",
                    "utc_arrival": "2024-11-08T22:10:00.000Z",
                    "airline": "W6",
                    "flight_no": 2234,
                    "operating_carrier": "",
                    "operating_flight_no": "",
                    "fare_basis": "",
                    "fare_category": "M",
                    "fare_classes": "",
                    "return": 1,
                    "bags_recheck_required": true,
                    "vi_connection": true,
                    "guarantee": true,
                    "equipment": null,
                    "vehicle_type": "aircraft"
                }
            ],
            "booking_token": "H6hf3fX2rFaFudHbQmUD2Y_AKGHR2lSNyK124r9cQw9B88eqg5kaco_atsDk8VxAbS3GMXsbcPAwq6a20qMaj9Rksz4UTAq2ERDoIUPXvlodVtTz00Oj2oxNgfdll9kwg5-DW5BuwMqXID7ViMPVJjXzKFbocDYIWCyojfkMRAdhitsulMm8FAdEAaWtuUdLiVBfHzt14PCO2Y3WoEWp91bsZ43MFDdCVAw5xdjHmytw_FG_cvNMR-2Ej7sjupmpdy7EV5n74cFvmAeKZSdtlMmlPWMmaygE10-zlaiqJNjGpLWtBp7Kn7TkdG9ijlVKDbUSn7EN2PgYUpYeEvUNLVsD2QUy4myBFXsjE1bCjCxNSNa1O_o_4rocSxD4kWUOBL6sPmQF1fcYXAK2k64Eph_Cb6n35ZrfuaVZ0lMQuISDnxu3DRaoc88Ehfn4pvES1HIYcISUTzMKuz4LXc_vWr2Lj--PPZWjTDbUC9uILjseum49pVko874Rgxv-Tg6DZxzpdpJXlYnO1-4mwEVrF18zBJ59OmXmlOifPX8anae4-mOc93AcpI_sy3fAl-8Q6NaR6RFS-5q8PUCIG5GQPHu97J2SRXVSHdd8X7hQOPZGGFuRFRpEmVeQO7M6SmutJucKyqN24O7S46kPKvooaPROSDsd-wSwJM58um7cRGraSimcFJyLfCx4DvMaPpjHWX5NOcdwE9kGSP-nbUAP7dM6fWMPN-CK8i40Q2d6To02cL81K0Mzi9HU7moSH10MM2ibKmf9hJIabcPtudFFwAA==",
            "deep_link": "https://www.kiwi.com/deep?affilid=mihalytest&currency=EUR&flightsId=0b7717884e3f00007d2021d6_0%7C178823334e43000038c8c777_0%7C23330b774e430000f59a0717_0&from=BUD&lang=en&passengers=1&to=HAM&booking_token=H6hf3fX2rFaFudHbQmUD2Y_AKGHR2lSNyK124r9cQw9B88eqg5kaco_atsDk8VxAbS3GMXsbcPAwq6a20qMaj9Rksz4UTAq2ERDoIUPXvlodVtTz00Oj2oxNgfdll9kwg5-DW5BuwMqXID7ViMPVJjXzKFbocDYIWCyojfkMRAdhitsulMm8FAdEAaWtuUdLiVBfHzt14PCO2Y3WoEWp91bsZ43MFDdCVAw5xdjHmytw_FG_cvNMR-2Ej7sjupmpdy7EV5n74cFvmAeKZSdtlMmlPWMmaygE10-zlaiqJNjGpLWtBp7Kn7TkdG9ijlVKDbUSn7EN2PgYUpYeEvUNLVsD2QUy4myBFXsjE1bCjCxNSNa1O_o_4rocSxD4kWUOBL6sPmQF1fcYXAK2k64Eph_Cb6n35ZrfuaVZ0lMQuISDnxu3DRaoc88Ehfn4pvES1HIYcISUTzMKuz4LXc_vWr2Lj--PPZWjTDbUC9uILjseum49pVko874Rgxv-Tg6DZxzpdpJXlYnO1-4mwEVrF18zBJ59OmXmlOifPX8anae4-mOc93AcpI_sy3fAl-8Q6NaR6RFS-5q8PUCIG5GQPHu97J2SRXVSHdd8X7hQOPZGGFuRFRpEmVeQO7M6SmutJucKyqN24O7S46kPKvooaPROSDsd-wSwJM58um7cRGraSimcFJyLfCx4DvMaPpjHWX5NOcdwE9kGSP-nbUAP7dM6fWMPN-CK8i40Q2d6To02cL81K0Mzi9HU7moSH10MM2ibKmf9hJIabcPtudFFwAA==",
            "facilitated_booking_available": false,
            "pnr_count": 3,
            "has_airport_change": false,
            "technical_stops": 0,
            "throw_away_ticketing": false,
            "hidden_city_ticketing": false,
            "virtual_interlining": true
        },
        {
            "id": "0b7717884e660000f9ee6513_0|178823334e6b00005a7c0220_0|23330b774e6b0000972ec240_0",
            "flyFrom": "BUD",
            "flyTo": "HAM",
            "cityFrom": "Budapest",
            "cityCodeFrom": "BUD",
            "cityTo": "Hamburg",
            "cityCodeTo": "HAM",
            "countryFrom": {
                "code": "HU",
                "name": "Hungary"
            },
            "countryTo": {
                "code": "DE",
                "name": "Germany"
            },
            "local_departure": "2024-12-13T20:35:00.000Z",
            "utc_departure": "2024-12-13T19:35:00.000Z",
            "local_arrival": "2024-12-13T22:25:00.000Z",
            "utc_arrival": "2024-12-13T21:25:00.000Z",
            "nightsInDest": 5,
            "quality": 257.999765,
            "distance": 949.98,
            "duration": {
                "departure": 6600,
                "return": 24900,
                "total": 31500
            },
            "price": 164,
            "conversion": {
                "EUR": 164
            },
            "fare": {
                "adults": 164,
                "children": 164,
                "infants": 164
            },
            "fare_locks": {
                "EUR": [
                    {
                        "default": false,
                        "duration": "P1D",
                        "itinerary_price_limit": 364,
                        "itinerary_price_remaining": 164,
                        "fare_lock_kind": "fee",
                        "price": 8.2,
                        "rule_instance_id": 26749,
                        "version": "v1"
                    },
                    {
                        "default": true,
                        "duration": "P3D",
                        "itinerary_price_limit": 364,
                        "itinerary_price_remaining": 164,
                        "fare_lock_kind": "fee",
                        "price": 16.4,
                        "rule_instance_id": 26748,
                        "version": "v1"
                    },
                    {
                        "default": false,
                        "duration": "P7D",
                        "itinerary_price_limit": 364,
                        "itinerary_price_remaining": 164,
                        "fare_lock_kind": "fee",
                        "price": 41,
                        "rule_instance_id": 26750,
                        "version": "v1"
                    }
                ]
            },
            "bags_price": {
                "1": 205.674,
                "2": 479.948
            },
            "baglimit": {
                "hand_dimensions_sum": 118,
                "hand_height": 40,
                "hand_length": 55,
                "hand_weight": 8,
                "hand_width": 23,
                "hold_dimensions_sum": 158,
                "hold_height": 52,
                "hold_length": 78,
                "hold_weight": 20,
                "hold_width": 28,
                "personal_item_dimension_sum": 90,
                "personal_item_height": 30,
                "personal_item_length": 40,
                "personal_item_weight": 8,
                "personal_item_width": 20
            },
            "availability": {
                "seats": 2
            },
            "airlines": [
                "W4",
                "W6",
                "EW"
            ],
            "route": [
                {
                    "id": "0b7717884e660000f9ee6513_0",
                    "combination_id": "0b7717884e660000f9ee6513",
                    "flyFrom": "BUD",
                    "flyTo": "HAM",
                    "cityFrom": "Budapest",
                    "cityCodeFrom": "BUD",
                    "cityTo": "Hamburg",
                    "cityCodeTo": "HAM",
                    "local_departure": "2024-12-13T20:35:00.000Z",
                    "utc_departure": "2024-12-13T19:35:00.000Z",
                    "local_arrival": "2024-12-13T22:25:00.000Z",
                    "utc_arrival": "2024-12-13T21:25:00.000Z",
                    "airline": "EW",
                    "flight_no": 7781,
                    "operating_carrier": "EW",
                    "operating_flight_no": "7781",
                    "fare_basis": "",
                    "fare_category": "M",
                    "fare_classes": "",
                    "return": 0,
                    "bags_recheck_required": false,
                    "vi_connection": false,
                    "guarantee": false,
                    "equipment": null,
                    "vehicle_type": "aircraft"
                },
                {
                    "id": "178823334e6b00005a7c0220_0",
                    "combination_id": "178823334e6b00005a7c0220",
                    "flyFrom": "HAM",
                    "flyTo": "TIA",
                    "cityFrom": "Hamburg",
                    "cityCodeFrom": "HAM",
                    "cityTo": "Tirana",
                    "cityCodeTo": "TIA",
                    "local_departure": "2024-12-18T16:15:00.000Z",
                    "utc_departure": "2024-12-18T15:15:00.000Z",
                    "local_arrival": "2024-12-18T18:45:00.000Z",
                    "utc_arrival": "2024-12-18T17:45:00.000Z",
                    "airline": "W4",
                    "flight_no": 5108,
                    "operating_carrier": "",
                    "operating_flight_no": "",
                    "fare_basis": "",
                    "fare_category": "M",
                    "fare_classes": "",
                    "return": 1,
                    "bags_recheck_required": false,
                    "vi_connection": false,
                    "guarantee": false,
                    "equipment": null,
                    "vehicle_type": "aircraft"
                },
                {
                    "id": "23330b774e6b0000972ec240_0",
                    "combination_id": "23330b774e6b0000972ec240",
                    "flyFrom": "TIA",
                    "flyTo": "BUD",
                    "cityFrom": "Tirana",
                    "cityCodeFrom": "TIA",
                    "cityTo": "Budapest",
                    "cityCodeTo": "BUD",
                    "local_departure": "2024-12-18T21:35:00.000Z",
                    "utc_departure": "2024-12-18T20:35:00.000Z",
                    "local_arrival": "2024-12-18T23:10:00.000Z",
                    "utc_arrival": "2024-12-18T22:10:00.000Z",
                    "airline": "W6",
                    "flight_no": 2234,
                    "operating_carrier": "",
                    "operating_flight_no": "",
                    "fare_basis": "",
                    "fare_category": "M",
                    "fare_classes": "",
                    "return": 1,
                    "bags_recheck_required": true,
                    "vi_connection": true,
                    "guarantee": true,
                    "equipment": null,
                    "vehicle_type": "aircraft"
                }
            ],
            "booking_token": "HekbdgxuZtWyZzfxqe25udIwMx1B4Qx4bQoaIcbFM2v_mVgOH1-h1C6RU_bUgLa97StEZeVAk_0b1D220YwZ7n_VwCicODbKgMdYtBoDJbk9dcCXff9ZFRyX3b90dcrGw_6ThMSI6i0evHVbmfXqyeOjfIdy49mmZ_4M6am-1vpYvo8seqUKPBD9iGuagNdXGnQHgBfNt-lkEu7PkP-awHt1DrOADLpXjsKCt1ses-n0hcl108KGbYQRzaJUYGGw4IlHNliEB9k7458zupGLpdV_rO8J1CO6TNaOmkUU0aJPOGQUawBZk6WBBJGt-MmBeOggi8l7tlllZ-9wZjVqPiRg4iG9sPxKZTt25VDVLB9rgJ9HA2CtIavlkpFbnSrOrAO0ypS5Gv68zqF9jzMLC4DFZ2uPQmwXehQ_ACPzflg_VXiXrJqMU9NdPltmCdhle4y7uM2lwN_MUT-3-KPEZ3mLaAufepwMqypIiuu0mBVctuRyTtMEKJw2dd0bf0ULAIN9WugCy9PJwdVHG9EQ94Y__RF9NYdwDJ_LZf2J0G_laDcBh7pzPn7AQAbHOS9AsSWyiP2I79AXnf5h9bsczThe0QasdmfLPdnrZAih_JPGUrHj_2x6mzDfugNgkRnbg1Qq07Mx2t_V74MLEP7ICPY293R9hYc7Jq67q_8aXN-PLTiDZNDigQpJtPBWJYNpp8FB6CZTPf5zQBmYYUXt8RgHX5wsoartG08tpOPo2ZwboIwrQEhyqn6NjYS2Jt9pw",
            "deep_link": "https://www.kiwi.com/deep?affilid=mihalytest&currency=EUR&flightsId=0b7717884e660000f9ee6513_0%7C178823334e6b00005a7c0220_0%7C23330b774e6b0000972ec240_0&from=BUD&lang=en&passengers=1&to=HAM&booking_token=HekbdgxuZtWyZzfxqe25udIwMx1B4Qx4bQoaIcbFM2v_mVgOH1-h1C6RU_bUgLa97StEZeVAk_0b1D220YwZ7n_VwCicODbKgMdYtBoDJbk9dcCXff9ZFRyX3b90dcrGw_6ThMSI6i0evHVbmfXqyeOjfIdy49mmZ_4M6am-1vpYvo8seqUKPBD9iGuagNdXGnQHgBfNt-lkEu7PkP-awHt1DrOADLpXjsKCt1ses-n0hcl108KGbYQRzaJUYGGw4IlHNliEB9k7458zupGLpdV_rO8J1CO6TNaOmkUU0aJPOGQUawBZk6WBBJGt-MmBeOggi8l7tlllZ-9wZjVqPiRg4iG9sPxKZTt25VDVLB9rgJ9HA2CtIavlkpFbnSrOrAO0ypS5Gv68zqF9jzMLC4DFZ2uPQmwXehQ_ACPzflg_VXiXrJqMU9NdPltmCdhle4y7uM2lwN_MUT-3-KPEZ3mLaAufepwMqypIiuu0mBVctuRyTtMEKJw2dd0bf0ULAIN9WugCy9PJwdVHG9EQ94Y__RF9NYdwDJ_LZf2J0G_laDcBh7pzPn7AQAbHOS9AsSWyiP2I79AXnf5h9bsczThe0QasdmfLPdnrZAih_JPGUrHj_2x6mzDfugNgkRnbg1Qq07Mx2t_V74MLEP7ICPY293R9hYc7Jq67q_8aXN-PLTiDZNDigQpJtPBWJYNpp8FB6CZTPf5zQBmYYUXt8RgHX5wsoartG08tpOPo2ZwboIwrQEhyqn6NjYS2Jt9pw",
            "facilitated_booking_available": false,
            "pnr_count": 3,
            "has_airport_change": false,
            "technical_stops": 0,
            "throw_away_ticketing": false,
            "hidden_city_ticketing": false,
            "virtual_interlining": true
        },
        {
            "id": "0b7717884e4500004e1a8654_0|178823334e4a0000e5ace595_0|23330b774e4a000028fe25f5_0",
            "flyFrom": "BUD",
            "flyTo": "HAM",
            "cityFrom": "Budapest",
            "cityCodeFrom": "BUD",
            "cityTo": "Hamburg",
            "cityCodeTo": "HAM",
            "countryFrom": {
                "code": "HU",
                "name": "Hungary"
            },
            "countryTo": {
                "code": "DE",
                "name": "Germany"
            },
            "local_departure": "2024-11-10T15:35:00.000Z",
            "utc_departure": "2024-11-10T14:35:00.000Z",
            "local_arrival": "2024-11-10T17:25:00.000Z",
            "utc_arrival": "2024-11-10T16:25:00.000Z",
            "nightsInDest": 5,
            "quality": 257.999765,
            "distance": 949.98,
            "duration": {
                "departure": 6600,
                "return": 24900,
                "total": 31500
            },
            "price": 164,
            "conversion": {
                "EUR": 164
            },
            "fare": {
                "adults": 164,
                "children": 164,
                "infants": 164
            },
            "fare_locks": {
                "EUR": [
                    {
                        "default": false,
                        "duration": "P1D",
                        "itinerary_price_limit": 364,
                        "itinerary_price_remaining": 164,
                        "fare_lock_kind": "fee",
                        "price": 8.2,
                        "rule_instance_id": 26749,
                        "version": "v1"
                    },
                    {
                        "default": true,
                        "duration": "P3D",
                        "itinerary_price_limit": 364,
                        "itinerary_price_remaining": 164,
                        "fare_lock_kind": "fee",
                        "price": 16.4,
                        "rule_instance_id": 26748,
                        "version": "v1"
                    },
                    {
                        "default": false,
                        "duration": "P7D",
                        "itinerary_price_limit": 364,
                        "itinerary_price_remaining": 164,
                        "fare_lock_kind": "fee",
                        "price": 41,
                        "rule_instance_id": 26750,
                        "version": "v1"
                    }
                ]
            },
            "bags_price": {
                "1": 176.568,
                "2": 421.736
            },
            "baglimit": {
                "hand_dimensions_sum": 118,
                "hand_height": 40,
                "hand_length": 55,
                "hand_weight": 8,
                "hand_width": 23,
                "hold_dimensions_sum": 158,
                "hold_height": 52,
                "hold_length": 78,
                "hold_weight": 20,
                "hold_width": 28,
                "personal_item_dimension_sum": 90,
                "personal_item_height": 30,
                "personal_item_length": 40,
                "personal_item_weight": 8,
                "personal_item_width": 20
            },
            "availability": {
                "seats": 3
            },
            "airlines": [
                "W4",
                "W6",
                "EW"
            ],
            "route": [
                {
                    "id": "0b7717884e4500004e1a8654_0",
                    "combination_id": "0b7717884e4500004e1a8654",
                    "flyFrom": "BUD",
                    "flyTo": "HAM",
                    "cityFrom": "Budapest",
                    "cityCodeFrom": "BUD",
                    "cityTo": "Hamburg",
                    "cityCodeTo": "HAM",
                    "local_departure": "2024-11-10T15:35:00.000Z",
                    "utc_departure": "2024-11-10T14:35:00.000Z",
                    "local_arrival": "2024-11-10T17:25:00.000Z",
                    "utc_arrival": "2024-11-10T16:25:00.000Z",
                    "airline": "EW",
                    "flight_no": 7781,
                    "operating_carrier": "EW",
                    "operating_flight_no": "7781",
                    "fare_basis": "",
                    "fare_category": "M",
                    "fare_classes": "",
                    "return": 0,
                    "bags_recheck_required": false,
                    "vi_connection": false,
                    "guarantee": false,
                    "equipment": null,
                    "vehicle_type": "aircraft"
                },
                {
                    "id": "178823334e4a0000e5ace595_0",
                    "combination_id": "178823334e4a0000e5ace595",
                    "flyFrom": "HAM",
                    "flyTo": "TIA",
                    "cityFrom": "Hamburg",
                    "cityCodeFrom": "HAM",
                    "cityTo": "Tirana",
                    "cityCodeTo": "TIA",
                    "local_departure": "2024-11-15T16:15:00.000Z",
                    "utc_departure": "2024-11-15T15:15:00.000Z",
                    "local_arrival": "2024-11-15T18:45:00.000Z",
                    "utc_arrival": "2024-11-15T17:45:00.000Z",
                    "airline": "W4",
                    "flight_no": 5108,
                    "operating_carrier": "",
                    "operating_flight_no": "",
                    "fare_basis": "",
                    "fare_category": "M",
                    "fare_classes": "",
                    "return": 1,
                    "bags_recheck_required": false,
                    "vi_connection": false,
                    "guarantee": false,
                    "equipment": null,
                    "vehicle_type": "aircraft"
                },
                {
                    "id": "23330b774e4a000028fe25f5_0",
                    "combination_id": "23330b774e4a000028fe25f5",
                    "flyFrom": "TIA",
                    "flyTo": "BUD",
                    "cityFrom": "Tirana",
                    "cityCodeFrom": "TIA",
                    "cityTo": "Budapest",
                    "cityCodeTo": "BUD",
                    "local_departure": "2024-11-15T21:35:00.000Z",
                    "utc_departure": "2024-11-15T20:35:00.000Z",
                    "local_arrival": "2024-11-15T23:10:00.000Z",
                    "utc_arrival": "2024-11-15T22:10:00.000Z",
                    "airline": "W6",
                    "flight_no": 2234,
                    "operating_carrier": "",
                    "operating_flight_no": "",
                    "fare_basis": "",
                    "fare_category": "M",
                    "fare_classes": "",
                    "return": 1,
                    "bags_recheck_required": true,
                    "vi_connection": true,
                    "guarantee": true,
                    "equipment": null,
                    "vehicle_type": "aircraft"
                }
            ],
            "booking_token": "HIYOnNo1znXtqbTURga8P28tTWOSJHBZKUzCNMaV3w6qCofrGyKMpw2nyCdPYG2l-5_AHoJrFQIxqmaJjBiuO6gux-nIoNK7S1wrs15nrSHnUvvu50XZY-wvqhjlJ5S8jI6RdWbMTER98Zpmk3nf1JWGdZ1pFshvpf9iatsM-Ro0jvkBVWZ6G2U1EkaAkGhoJp3EHsVjs-U1wLf_hnL19uJW5-z1WZzZedBWao8VELhq3pGtH48RVur40aYyNttULEYPP0PXvRuBZI4RE2IhUlLEVXF11z3_YDQ1eDwIGaCDt8iqAYJDP7oB_VJLBHpTZtKFa6-wEj1PIPy2jieNSJ2aW82DfbHcIIMASp3i3dhkKtWTo62PjJuGyBLN5bqJSfN4iGwVx3llZ7T-IEhvV5Gl7jliZcbwFPgQmX-hUAkWKAr0PUcH2NFuFqLj5waBM-MC8bnazE_wEEtEO_GWat_Sih2tBwvzYS7Wnzei3AcliFEp36c-u-zeoJ0LHYyGGZZi0iht_seJfaLdeHbXXpEP0ILhUsQ33YZlSH2MkL3BVQsqajWiALpF-qJFJOrTKGX2Ts6AQnq97vKaw8YMx-POvLzGBAHnl-OlcZsKxr2TEUr_rcK_cjOrpAkHa2DssKCpdJtuBpLVXSn1GAF-VuqBVnrbOEsWG492OQ6ijtC9VwGE1DTC9abdQKCFXbSMVjIfyZfxsw70qLLkm137yje6dI0PHhWDQtetVg5nWrvxpj10H536Aesy9fkg3bjVYsECwyEzNgweCBVzRZHVb5g==",
            "deep_link": "https://www.kiwi.com/deep?affilid=mihalytest&currency=EUR&flightsId=0b7717884e4500004e1a8654_0%7C178823334e4a0000e5ace595_0%7C23330b774e4a000028fe25f5_0&from=BUD&lang=en&passengers=1&to=HAM&booking_token=HIYOnNo1znXtqbTURga8P28tTWOSJHBZKUzCNMaV3w6qCofrGyKMpw2nyCdPYG2l-5_AHoJrFQIxqmaJjBiuO6gux-nIoNK7S1wrs15nrSHnUvvu50XZY-wvqhjlJ5S8jI6RdWbMTER98Zpmk3nf1JWGdZ1pFshvpf9iatsM-Ro0jvkBVWZ6G2U1EkaAkGhoJp3EHsVjs-U1wLf_hnL19uJW5-z1WZzZedBWao8VELhq3pGtH48RVur40aYyNttULEYPP0PXvRuBZI4RE2IhUlLEVXF11z3_YDQ1eDwIGaCDt8iqAYJDP7oB_VJLBHpTZtKFa6-wEj1PIPy2jieNSJ2aW82DfbHcIIMASp3i3dhkKtWTo62PjJuGyBLN5bqJSfN4iGwVx3llZ7T-IEhvV5Gl7jliZcbwFPgQmX-hUAkWKAr0PUcH2NFuFqLj5waBM-MC8bnazE_wEEtEO_GWat_Sih2tBwvzYS7Wnzei3AcliFEp36c-u-zeoJ0LHYyGGZZi0iht_seJfaLdeHbXXpEP0ILhUsQ33YZlSH2MkL3BVQsqajWiALpF-qJFJOrTKGX2Ts6AQnq97vKaw8YMx-POvLzGBAHnl-OlcZsKxr2TEUr_rcK_cjOrpAkHa2DssKCpdJtuBpLVXSn1GAF-VuqBVnrbOEsWG492OQ6ijtC9VwGE1DTC9abdQKCFXbSMVjIfyZfxsw70qLLkm137yje6dI0PHhWDQtetVg5nWrvxpj10H536Aesy9fkg3bjVYsECwyEzNgweCBVzRZHVb5g==",
            "facilitated_booking_available": false,
            "pnr_count": 3,
            "has_airport_change": false,
            "technical_stops": 0,
            "throw_away_ticketing": false,
            "hidden_city_ticketing": false,
            "virtual_interlining": true
        },
        {
            "id": "0b7717884e5b0000615ec17a_0|178823334e5f00004f703099_0|23330b774e5f00008222f0f9_0",
            "flyFrom": "BUD",
            "flyTo": "HAM",
            "cityFrom": "Budapest",
            "cityCodeFrom": "BUD",
            "cityTo": "Hamburg",
            "cityCodeTo": "HAM",
            "countryFrom": {
                "code": "HU",
                "name": "Hungary"
            },
            "countryTo": {
                "code": "DE",
                "name": "Germany"
            },
            "local_departure": "2024-12-02T09:15:00.000Z",
            "utc_departure": "2024-12-02T08:15:00.000Z",
            "local_arrival": "2024-12-02T11:05:00.000Z",
            "utc_arrival": "2024-12-02T10:05:00.000Z",
            "nightsInDest": 4,
            "quality": 257.999765,
            "distance": 949.98,
            "duration": {
                "departure": 6600,
                "return": 24900,
                "total": 31500
            },
            "price": 164,
            "conversion": {
                "EUR": 164
            },
            "fare": {
                "adults": 164,
                "children": 164,
                "infants": 164
            },
            "fare_locks": {
                "EUR": [
                    {
                        "default": false,
                        "duration": "P1D",
                        "itinerary_price_limit": 364,
                        "itinerary_price_remaining": 164,
                        "fare_lock_kind": "fee",
                        "price": 8.2,
                        "rule_instance_id": 26749,
                        "version": "v1"
                    },
                    {
                        "default": true,
                        "duration": "P3D",
                        "itinerary_price_limit": 364,
                        "itinerary_price_remaining": 164,
                        "fare_lock_kind": "fee",
                        "price": 16.4,
                        "rule_instance_id": 26748,
                        "version": "v1"
                    },
                    {
                        "default": false,
                        "duration": "P7D",
                        "itinerary_price_limit": 364,
                        "itinerary_price_remaining": 164,
                        "fare_lock_kind": "fee",
                        "price": 41,
                        "rule_instance_id": 26750,
                        "version": "v1"
                    }
                ]
            },
            "bags_price": {
                "1": 183.274,
                "2": 435.148
            },
            "baglimit": {
                "hand_dimensions_sum": 118,
                "hand_height": 40,
                "hand_length": 55,
                "hand_weight": 8,
                "hand_width": 23,
                "hold_dimensions_sum": 158,
                "hold_height": 52,
                "hold_length": 78,
                "hold_weight": 20,
                "hold_width": 28,
                "personal_item_dimension_sum": 90,
                "personal_item_height": 30,
                "personal_item_length": 40,
                "personal_item_weight": 8,
                "personal_item_width": 20
            },
            "availability": {
                "seats": 7
            },
            "airlines": [
                "W6",
                "EW",
                "W4"
            ],
            "route": [
                {
                    "id": "0b7717884e5b0000615ec17a_0",
                    "combination_id": "0b7717884e5b0000615ec17a",
                    "flyFrom": "BUD",
                    "flyTo": "HAM",
                    "cityFrom": "Budapest",
                    "cityCodeFrom": "BUD",
                    "cityTo": "Hamburg",
                    "cityCodeTo": "HAM",
                    "local_departure": "2024-12-02T09:15:00.000Z",
                    "utc_departure": "2024-12-02T08:15:00.000Z",
                    "local_arrival": "2024-12-02T11:05:00.000Z",
                    "utc_arrival": "2024-12-02T10:05:00.000Z",
                    "airline": "EW",
                    "flight_no": 7781,
                    "operating_carrier": "EW",
                    "operating_flight_no": "7781",
                    "fare_basis": "",
                    "fare_category": "M",
                    "fare_classes": "",
                    "return": 0,
                    "bags_recheck_required": false,
                    "vi_connection": false,
                    "guarantee": false,
                    "equipment": null,
                    "vehicle_type": "aircraft"
                },
                {
                    "id": "178823334e5f00004f703099_0",
                    "combination_id": "178823334e5f00004f703099",
                    "flyFrom": "HAM",
                    "flyTo": "TIA",
                    "cityFrom": "Hamburg",
                    "cityCodeFrom": "HAM",
                    "cityTo": "Tirana",
                    "cityCodeTo": "TIA",
                    "local_departure": "2024-12-06T16:15:00.000Z",
                    "utc_departure": "2024-12-06T15:15:00.000Z",
                    "local_arrival": "2024-12-06T18:45:00.000Z",
                    "utc_arrival": "2024-12-06T17:45:00.000Z",
                    "airline": "W4",
                    "flight_no": 5108,
                    "operating_carrier": "",
                    "operating_flight_no": "",
                    "fare_basis": "",
                    "fare_category": "M",
                    "fare_classes": "",
                    "return": 1,
                    "bags_recheck_required": false,
                    "vi_connection": false,
                    "guarantee": false,
                    "equipment": null,
                    "vehicle_type": "aircraft"
                },
                {
                    "id": "23330b774e5f00008222f0f9_0",
                    "combination_id": "23330b774e5f00008222f0f9",
                    "flyFrom": "TIA",
                    "flyTo": "BUD",
                    "cityFrom": "Tirana",
                    "cityCodeFrom": "TIA",
                    "cityTo": "Budapest",
                    "cityCodeTo": "BUD",
                    "local_departure": "2024-12-06T21:35:00.000Z",
                    "utc_departure": "2024-12-06T20:35:00.000Z",
                    "local_arrival": "2024-12-06T23:10:00.000Z",
                    "utc_arrival": "2024-12-06T22:10:00.000Z",
                    "airline": "W6",
                    "flight_no": 2234,
                    "operating_carrier": "",
                    "operating_flight_no": "",
                    "fare_basis": "",
                    "fare_category": "M",
                    "fare_classes": "",
                    "return": 1,
                    "bags_recheck_required": true,
                    "vi_connection": true,
                    "guarantee": true,
                    "equipment": null,
                    "vehicle_type": "aircraft"
                }
            ],
            "booking_token": "HnxVq90hV6p8meodH52qiSpR6bzJ25pmdeY3OdmksNXC4wBdbHpDWH4eh5VB4PooXzC_ft-0LP-Pl4DYz-ANr2gIANgjL3Q11BCKfpe1Jq4i4hZixzqH79CMY2BY7lL1KNdBsyFlhdSRr0Cl2L9LIKBV39FOoWzAQr-t0zhClsXhnrUH2abBUErKf2uG6FwwJzyWfXD4zg8qFS8WXHT55pJYuapXq8JZlWd6Fk4627eUmW4_xx4_Zy-cqH4Ezap0jvf-kgK1D5HzqwB3XpGEij_IM-HZalvf7J7YPEptZJ5-xE9FdtZeCo3rRp4-7qu5PRqiEF11NAkDxtWrMm5LjG2KWfgPFQV7w1MeNBa_0Zc3NF8VlvVYn5ZTFz6YaBdor0qYD35kAMDO9e0Ygqw6RrCD_z11ZtQdNi0lLEFWg58UYL37p9OwJMZDcnSKapZK7qcW-E-q9WZxiYti-jEGGOnGwe67OACq0M1K0FZuXXMG2EXJfmX6o-sEQt2WUt18PVG9ZqsyqdNUbcLiD1SvigJCOk2BMBFmC9QnA2Yof8Ge97OhH_e7F7dPswAKYxIUOnqGujd0iTOShxYGgXAQXGXj3SKXr70Yf3kUINN-axwVcTRarE7oAMMNRKpxjVJ8WqOX3bO11Ou6llkilFROoUiGdk9SW3C5e57QKcO5rgSMIrF-Utrpi3XyNLEUIHz7kgWrnYpoFotdYedliyh24xA2LlWQSran7Y0tUEry-CBH_g6oTqQY5PqjDTEYJtWTGvYpjcoprFcQ1X-BjSkSV0g==",
            "deep_link": "https://www.kiwi.com/deep?affilid=mihalytest&currency=EUR&flightsId=0b7717884e5b0000615ec17a_0%7C178823334e5f00004f703099_0%7C23330b774e5f00008222f0f9_0&from=BUD&lang=en&passengers=1&to=HAM&booking_token=HnxVq90hV6p8meodH52qiSpR6bzJ25pmdeY3OdmksNXC4wBdbHpDWH4eh5VB4PooXzC_ft-0LP-Pl4DYz-ANr2gIANgjL3Q11BCKfpe1Jq4i4hZixzqH79CMY2BY7lL1KNdBsyFlhdSRr0Cl2L9LIKBV39FOoWzAQr-t0zhClsXhnrUH2abBUErKf2uG6FwwJzyWfXD4zg8qFS8WXHT55pJYuapXq8JZlWd6Fk4627eUmW4_xx4_Zy-cqH4Ezap0jvf-kgK1D5HzqwB3XpGEij_IM-HZalvf7J7YPEptZJ5-xE9FdtZeCo3rRp4-7qu5PRqiEF11NAkDxtWrMm5LjG2KWfgPFQV7w1MeNBa_0Zc3NF8VlvVYn5ZTFz6YaBdor0qYD35kAMDO9e0Ygqw6RrCD_z11ZtQdNi0lLEFWg58UYL37p9OwJMZDcnSKapZK7qcW-E-q9WZxiYti-jEGGOnGwe67OACq0M1K0FZuXXMG2EXJfmX6o-sEQt2WUt18PVG9ZqsyqdNUbcLiD1SvigJCOk2BMBFmC9QnA2Yof8Ge97OhH_e7F7dPswAKYxIUOnqGujd0iTOShxYGgXAQXGXj3SKXr70Yf3kUINN-axwVcTRarE7oAMMNRKpxjVJ8WqOX3bO11Ou6llkilFROoUiGdk9SW3C5e57QKcO5rgSMIrF-Utrpi3XyNLEUIHz7kgWrnYpoFotdYedliyh24xA2LlWQSran7Y0tUEry-CBH_g6oTqQY5PqjDTEYJtWTGvYpjcoprFcQ1X-BjSkSV0g==",
            "facilitated_booking_available": false,
            "pnr_count": 3,
            "has_airport_change": false,
            "technical_stops": 0,
            "throw_away_ticketing": false,
            "hidden_city_ticketing": false,
            "virtual_interlining": true
        },
        {
            "id": "0b7717884e5a000085d9f6fe_0|178823334e5f00004f703099_0|23330b774e5f00008222f0f9_0",
            "flyFrom": "BUD",
            "flyTo": "HAM",
            "cityFrom": "Budapest",
            "cityCodeFrom": "BUD",
            "cityTo": "Hamburg",
            "cityCodeTo": "HAM",
            "countryFrom": {
                "code": "HU",
                "name": "Hungary"
            },
            "countryTo": {
                "code": "DE",
                "name": "Germany"
            },
            "local_departure": "2024-12-01T15:35:00.000Z",
            "utc_departure": "2024-12-01T14:35:00.000Z",
            "local_arrival": "2024-12-01T17:25:00.000Z",
            "utc_arrival": "2024-12-01T16:25:00.000Z",
            "nightsInDest": 5,
            "quality": 257.999765,
            "distance": 949.98,
            "duration": {
                "departure": 6600,
                "return": 24900,
                "total": 31500
            },
            "price": 164,
            "conversion": {
                "EUR": 164
            },
            "fare": {
                "adults": 164,
                "children": 164,
                "infants": 164
            },
            "fare_locks": {
                "EUR": [
                    {
                        "default": false,
                        "duration": "P1D",
                        "itinerary_price_limit": 364,
                        "itinerary_price_remaining": 164,
                        "fare_lock_kind": "fee",
                        "price": 8.2,
                        "rule_instance_id": 26749,
                        "version": "v1"
                    },
                    {
                        "default": true,
                        "duration": "P3D",
                        "itinerary_price_limit": 364,
                        "itinerary_price_remaining": 164,
                        "fare_lock_kind": "fee",
                        "price": 16.4,
                        "rule_instance_id": 26748,
                        "version": "v1"
                    },
                    {
                        "default": false,
                        "duration": "P7D",
                        "itinerary_price_limit": 364,
                        "itinerary_price_remaining": 164,
                        "fare_lock_kind": "fee",
                        "price": 41,
                        "rule_instance_id": 26750,
                        "version": "v1"
                    }
                ]
            },
            "bags_price": {
                "1": 183.274,
                "2": 435.148
            },
            "baglimit": {
                "hand_dimensions_sum": 118,
                "hand_height": 40,
                "hand_length": 55,
                "hand_weight": 8,
                "hand_width": 23,
                "hold_dimensions_sum": 158,
                "hold_height": 52,
                "hold_length": 78,
                "hold_weight": 20,
                "hold_width": 28,
                "personal_item_dimension_sum": 90,
                "personal_item_height": 30,
                "personal_item_length": 40,
                "personal_item_weight": 8,
                "personal_item_width": 20
            },
            "availability": {
                "seats": 7
            },
            "airlines": [
                "EW",
                "W4",
                "W6"
            ],
            "route": [
                {
                    "id": "0b7717884e5a000085d9f6fe_0",
                    "combination_id": "0b7717884e5a000085d9f6fe",
                    "flyFrom": "BUD",
                    "flyTo": "HAM",
                    "cityFrom": "Budapest",
                    "cityCodeFrom": "BUD",
                    "cityTo": "Hamburg",
                    "cityCodeTo": "HAM",
                    "local_departure": "2024-12-01T15:35:00.000Z",
                    "utc_departure": "2024-12-01T14:35:00.000Z",
                    "local_arrival": "2024-12-01T17:25:00.000Z",
                    "utc_arrival": "2024-12-01T16:25:00.000Z",
                    "airline": "EW",
                    "flight_no": 7781,
                    "operating_carrier": "EW",
                    "operating_flight_no": "7781",
                    "fare_basis": "",
                    "fare_category": "M",
                    "fare_classes": "",
                    "return": 0,
                    "bags_recheck_required": false,
                    "vi_connection": false,
                    "guarantee": false,
                    "equipment": null,
                    "vehicle_type": "aircraft"
                },
                {
                    "id": "178823334e5f00004f703099_0",
                    "combination_id": "178823334e5f00004f703099",
                    "flyFrom": "HAM",
                    "flyTo": "TIA",
                    "cityFrom": "Hamburg",
                    "cityCodeFrom": "HAM",
                    "cityTo": "Tirana",
                    "cityCodeTo": "TIA",
                    "local_departure": "2024-12-06T16:15:00.000Z",
                    "utc_departure": "2024-12-06T15:15:00.000Z",
                    "local_arrival": "2024-12-06T18:45:00.000Z",
                    "utc_arrival": "2024-12-06T17:45:00.000Z",
                    "airline": "W4",
                    "flight_no": 5108,
                    "operating_carrier": "",
                    "operating_flight_no": "",
                    "fare_basis": "",
                    "fare_category": "M",
                    "fare_classes": "",
                    "return": 1,
                    "bags_recheck_required": false,
                    "vi_connection": false,
                    "guarantee": false,
                    "equipment": null,
                    "vehicle_type": "aircraft"
                },
                {
                    "id": "23330b774e5f00008222f0f9_0",
                    "combination_id": "23330b774e5f00008222f0f9",
                    "flyFrom": "TIA",
                    "flyTo": "BUD",
                    "cityFrom": "Tirana",
                    "cityCodeFrom": "TIA",
                    "cityTo": "Budapest",
                    "cityCodeTo": "BUD",
                    "local_departure": "2024-12-06T21:35:00.000Z",
                    "utc_departure": "2024-12-06T20:35:00.000Z",
                    "local_arrival": "2024-12-06T23:10:00.000Z",
                    "utc_arrival": "2024-12-06T22:10:00.000Z",
                    "airline": "W6",
                    "flight_no": 2234,
                    "operating_carrier": "",
                    "operating_flight_no": "",
                    "fare_basis": "",
                    "fare_category": "M",
                    "fare_classes": "",
                    "return": 1,
                    "bags_recheck_required": true,
                    "vi_connection": true,
                    "guarantee": true,
                    "equipment": null,
                    "vehicle_type": "aircraft"
                }
            ],
            "booking_token": "HhOuQ7iaaIF21t5J7Ypj6sN60znPdxMvdA-yWB3u5Owji1bHVufxq1cUBL7xV4HgC3C4Xm7UlG-aINFC7t2S7XHVJgbPJSxPYgtkwQylPZSx9nGjHVXRjcFqy5qzFQta-89o_UGQefmiRlWXVwtzSkdygRGmNqwv_zSi-OenxMa4rSaAarXDSghmzbjDJ8U22ICJMcfERh5waC2ixdUNknHnr3J5qS0Oiq8f73v2o9L7l3dLr3vnOLjBqvpfPLYROzDTECmo5R5c5fNFOGdsGDf6v4zoV701l9dAObDVMlBNSJI4JNXqhuefHqlajM7DiAXcXJ6U7lW8Vo7chQ4EEmszdXMNE6X1ihm3SdxK9qi9jyvDdKyIXBN9SoPnKX7yR-nH4t7hYkf4h6sA407UHp9gF5a9rI9Vz2-dc2AoldaLY4s9assHX3FNZhp1cxm6GtKT-n2k7UcELDd-mdDVKvC7Q6k5bZIry2WAC4yMk9LM8U6VwBQg6wGOP-p7PNrR7nfLLzErjwFBMKj2_6PvyTXRUUyH-FOB5-VpcSO3SwnbsU_0rh5mtOPcAjidzLyIa5lWZrok6B717UyUq-f5SZX2O8pieYKRhZ4k8vYXb8lWdVvRDQJA4YNfE4EXEX-Up3qINA0n0fQAXH5TYoAlB3YZKYZm1fFpsOzwyUE9peqEpr2wN4BUw3DqvrlbVfjDg9sORc-msiLES7I7OfS0wsWg5mzwrw2Bg6o7Ly921oiO4F0bpmGexpd7kInZp3VrIQypXUDNuuB0JmrYBA5B5mA==",
            "deep_link": "https://www.kiwi.com/deep?affilid=mihalytest&currency=EUR&flightsId=0b7717884e5a000085d9f6fe_0%7C178823334e5f00004f703099_0%7C23330b774e5f00008222f0f9_0&from=BUD&lang=en&passengers=1&to=HAM&booking_token=HhOuQ7iaaIF21t5J7Ypj6sN60znPdxMvdA-yWB3u5Owji1bHVufxq1cUBL7xV4HgC3C4Xm7UlG-aINFC7t2S7XHVJgbPJSxPYgtkwQylPZSx9nGjHVXRjcFqy5qzFQta-89o_UGQefmiRlWXVwtzSkdygRGmNqwv_zSi-OenxMa4rSaAarXDSghmzbjDJ8U22ICJMcfERh5waC2ixdUNknHnr3J5qS0Oiq8f73v2o9L7l3dLr3vnOLjBqvpfPLYROzDTECmo5R5c5fNFOGdsGDf6v4zoV701l9dAObDVMlBNSJI4JNXqhuefHqlajM7DiAXcXJ6U7lW8Vo7chQ4EEmszdXMNE6X1ihm3SdxK9qi9jyvDdKyIXBN9SoPnKX7yR-nH4t7hYkf4h6sA407UHp9gF5a9rI9Vz2-dc2AoldaLY4s9assHX3FNZhp1cxm6GtKT-n2k7UcELDd-mdDVKvC7Q6k5bZIry2WAC4yMk9LM8U6VwBQg6wGOP-p7PNrR7nfLLzErjwFBMKj2_6PvyTXRUUyH-FOB5-VpcSO3SwnbsU_0rh5mtOPcAjidzLyIa5lWZrok6B717UyUq-f5SZX2O8pieYKRhZ4k8vYXb8lWdVvRDQJA4YNfE4EXEX-Up3qINA0n0fQAXH5TYoAlB3YZKYZm1fFpsOzwyUE9peqEpr2wN4BUw3DqvrlbVfjDg9sORc-msiLES7I7OfS0wsWg5mzwrw2Bg6o7Ly921oiO4F0bpmGexpd7kInZp3VrIQypXUDNuuB0JmrYBA5B5mA==",
            "facilitated_booking_available": false,
            "pnr_count": 3,
            "has_airport_change": false,
            "technical_stops": 0,
            "throw_away_ticketing": false,
            "hidden_city_ticketing": false,
            "virtual_interlining": true
        },
        {
            "id": "0b7717884e3f00007d2021d6_0|178823334e3f0000cf8f77f1_0|23330b774e3f000002ddb791_0",
            "flyFrom": "BUD",
            "flyTo": "HAM",
            "cityFrom": "Budapest",
            "cityCodeFrom": "BUD",
            "cityTo": "Hamburg",
            "cityCodeTo": "HAM",
            "countryFrom": {
                "code": "HU",
                "name": "Hungary"
            },
            "countryTo": {
                "code": "DE",
                "name": "Germany"
            },
            "local_departure": "2024-11-04T09:15:00.000Z",
            "utc_departure": "2024-11-04T08:15:00.000Z",
            "local_arrival": "2024-11-04T11:05:00.000Z",
            "utc_arrival": "2024-11-04T10:05:00.000Z",
            "nightsInDest": 0,
            "quality": 257.999765,
            "distance": 949.98,
            "duration": {
                "departure": 6600,
                "return": 24900,
                "total": 31500
            },
            "price": 164,
            "conversion": {
                "EUR": 164
            },
            "fare": {
                "adults": 164,
                "children": 164,
                "infants": 164
            },
            "fare_locks": {
                "EUR": [
                    {
                        "default": false,
                        "duration": "P1D",
                        "itinerary_price_limit": 364,
                        "itinerary_price_remaining": 164,
                        "fare_lock_kind": "fee",
                        "price": 8.2,
                        "rule_instance_id": 26749,
                        "version": "v1"
                    },
                    {
                        "default": true,
                        "duration": "P3D",
                        "itinerary_price_limit": 364,
                        "itinerary_price_remaining": 164,
                        "fare_lock_kind": "fee",
                        "price": 16.4,
                        "rule_instance_id": 26748,
                        "version": "v1"
                    },
                    {
                        "default": false,
                        "duration": "P7D",
                        "itinerary_price_limit": 364,
                        "itinerary_price_remaining": 164,
                        "fare_lock_kind": "fee",
                        "price": 41,
                        "rule_instance_id": 26750,
                        "version": "v1"
                    }
                ]
            },
            "bags_price": {
                "1": 183.274,
                "2": 435.148
            },
            "baglimit": {
                "hand_dimensions_sum": 118,
                "hand_height": 40,
                "hand_length": 55,
                "hand_weight": 8,
                "hand_width": 23,
                "hold_dimensions_sum": 158,
                "hold_height": 52,
                "hold_length": 78,
                "hold_weight": 20,
                "hold_width": 28,
                "personal_item_dimension_sum": 90,
                "personal_item_height": 30,
                "personal_item_length": 40,
                "personal_item_weight": 8,
                "personal_item_width": 20
            },
            "availability": {
                "seats": 1
            },
            "airlines": [
                "EW",
                "W4",
                "W6"
            ],
            "route": [
                {
                    "id": "0b7717884e3f00007d2021d6_0",
                    "combination_id": "0b7717884e3f00007d2021d6",
                    "flyFrom": "BUD",
                    "flyTo": "HAM",
                    "cityFrom": "Budapest",
                    "cityCodeFrom": "BUD",
                    "cityTo": "Hamburg",
                    "cityCodeTo": "HAM",
                    "local_departure": "2024-11-04T09:15:00.000Z",
                    "utc_departure": "2024-11-04T08:15:00.000Z",
                    "local_arrival": "2024-11-04T11:05:00.000Z",
                    "utc_arrival": "2024-11-04T10:05:00.000Z",
                    "airline": "EW",
                    "flight_no": 7781,
                    "operating_carrier": "EW",
                    "operating_flight_no": "7781",
                    "fare_basis": "",
                    "fare_category": "M",
                    "fare_classes": "",
                    "return": 0,
                    "bags_recheck_required": false,
                    "vi_connection": false,
                    "guarantee": false,
                    "equipment": null,
                    "vehicle_type": "aircraft"
                },
                {
                    "id": "178823334e3f0000cf8f77f1_0",
                    "combination_id": "178823334e3f0000cf8f77f1",
                    "flyFrom": "HAM",
                    "flyTo": "TIA",
                    "cityFrom": "Hamburg",
                    "cityCodeFrom": "HAM",
                    "cityTo": "Tirana",
                    "cityCodeTo": "TIA",
                    "local_departure": "2024-11-04T16:15:00.000Z",
                    "utc_departure": "2024-11-04T15:15:00.000Z",
                    "local_arrival": "2024-11-04T18:45:00.000Z",
                    "utc_arrival": "2024-11-04T17:45:00.000Z",
                    "airline": "W4",
                    "flight_no": 5108,
                    "operating_carrier": "",
                    "operating_flight_no": "",
                    "fare_basis": "",
                    "fare_category": "M",
                    "fare_classes": "",
                    "return": 1,
                    "bags_recheck_required": false,
                    "vi_connection": false,
                    "guarantee": false,
                    "equipment": null,
                    "vehicle_type": "aircraft"
                },
                {
                    "id": "23330b774e3f000002ddb791_0",
                    "combination_id": "23330b774e3f000002ddb791",
                    "flyFrom": "TIA",
                    "flyTo": "BUD",
                    "cityFrom": "Tirana",
                    "cityCodeFrom": "TIA",
                    "cityTo": "Budapest",
                    "cityCodeTo": "BUD",
                    "local_departure": "2024-11-04T21:35:00.000Z",
                    "utc_departure": "2024-11-04T20:35:00.000Z",
                    "local_arrival": "2024-11-04T23:10:00.000Z",
                    "utc_arrival": "2024-11-04T22:10:00.000Z",
                    "airline": "W6",
                    "flight_no": 2234,
                    "operating_carrier": "",
                    "operating_flight_no": "",
                    "fare_basis": "",
                    "fare_category": "M",
                    "fare_classes": "",
                    "return": 1,
                    "bags_recheck_required": true,
                    "vi_connection": true,
                    "guarantee": true,
                    "equipment": null,
                    "vehicle_type": "aircraft"
                }
            ],
            "booking_token": "HaKSFZn1J-lJOomKZmytU4RM9IPMVg8T-XtoDIksFyrldAZu9lL15W3qVAbPJ5VwldvsX5KRdGL0OtQCvdYL0nRNfVgIkk5pjmnaadA_8UVLE1EHE2xXZQQoq0jCgnanzPLE3vhuxcH_WAEZaRE8V9KqRVGCqTDtqu2qSmtOLGmIZtYUZ5MKKtCiBStdXM9McftMJlLpGvClrzoKw2jBpjmi3evsM2OJFhY0nsl4lJZcMW_Nz3rEALcVGXK8KGjrjPRkMS8geKxPgUa_GE_5As7lguoFffYU1BCA1v3Ei1vHOrgSSm3OXUMbk8PGCUCYtGg7uz4JOWSWAF_-IqjDaVMGDwJFyMIe1xxdt0fO4O-_sLLNkN_G1nQLp6dVgpggPyxgQ_d13ETt7ZhGhONWUah-ckkogHJV5gPLiVqjo10NDJFIkhjIL6nVYtxJVBQrDzos7ivSXFq-CyXE06ak68P1TPZwgqvkYMt9J-6o3PAZ0_Cg5W8KcLOiZp6rEAbC9MWOGQzUZnFqAYc60FYj9efl1Mtcpf816fy9_CpsBzQM6mdXhAfjBq9lgFK9Q4JsDhkec7XDlqRekk1ujN96KbuFHaUwjqcuREf4KJKp9xbhwjKhEj0-9WlMvGHA23fVNJVQweXlm1AjEc6aiB9hKDDJBsCunz0jnmMbjgxNpUfW7z9R0qTwT8r8Xk5CAHnUILn6CJcwKy3J54-c_cVfwsOqDMR7g3nMGQR01CiHVZTI0pFPre1vRBKiwAtd5R7-V",
            "deep_link": "https://www.kiwi.com/deep?affilid=mihalytest&currency=EUR&flightsId=0b7717884e3f00007d2021d6_0%7C178823334e3f0000cf8f77f1_0%7C23330b774e3f000002ddb791_0&from=BUD&lang=en&passengers=1&to=HAM&booking_token=HaKSFZn1J-lJOomKZmytU4RM9IPMVg8T-XtoDIksFyrldAZu9lL15W3qVAbPJ5VwldvsX5KRdGL0OtQCvdYL0nRNfVgIkk5pjmnaadA_8UVLE1EHE2xXZQQoq0jCgnanzPLE3vhuxcH_WAEZaRE8V9KqRVGCqTDtqu2qSmtOLGmIZtYUZ5MKKtCiBStdXM9McftMJlLpGvClrzoKw2jBpjmi3evsM2OJFhY0nsl4lJZcMW_Nz3rEALcVGXK8KGjrjPRkMS8geKxPgUa_GE_5As7lguoFffYU1BCA1v3Ei1vHOrgSSm3OXUMbk8PGCUCYtGg7uz4JOWSWAF_-IqjDaVMGDwJFyMIe1xxdt0fO4O-_sLLNkN_G1nQLp6dVgpggPyxgQ_d13ETt7ZhGhONWUah-ckkogHJV5gPLiVqjo10NDJFIkhjIL6nVYtxJVBQrDzos7ivSXFq-CyXE06ak68P1TPZwgqvkYMt9J-6o3PAZ0_Cg5W8KcLOiZp6rEAbC9MWOGQzUZnFqAYc60FYj9efl1Mtcpf816fy9_CpsBzQM6mdXhAfjBq9lgFK9Q4JsDhkec7XDlqRekk1ujN96KbuFHaUwjqcuREf4KJKp9xbhwjKhEj0-9WlMvGHA23fVNJVQweXlm1AjEc6aiB9hKDDJBsCunz0jnmMbjgxNpUfW7z9R0qTwT8r8Xk5CAHnUILn6CJcwKy3J54-c_cVfwsOqDMR7g3nMGQR01CiHVZTI0pFPre1vRBKiwAtd5R7-V",
            "facilitated_booking_available": false,
            "pnr_count": 3,
            "has_airport_change": false,
            "technical_stops": 0,
            "throw_away_ticketing": false,
            "hidden_city_ticketing": false,
            "virtual_interlining": true
        },
        {
            "id": "0b7717884e620000bcc2bd01_0|178823334e640000dd4760d7_0|23330b774e6400001015a0b7_0",
            "flyFrom": "BUD",
            "flyTo": "HAM",
            "cityFrom": "Budapest",
            "cityCodeFrom": "BUD",
            "cityTo": "Hamburg",
            "cityCodeTo": "HAM",
            "countryFrom": {
                "code": "HU",
                "name": "Hungary"
            },
            "countryTo": {
                "code": "DE",
                "name": "Germany"
            },
            "local_departure": "2024-12-09T09:15:00.000Z",
            "utc_departure": "2024-12-09T08:15:00.000Z",
            "local_arrival": "2024-12-09T11:05:00.000Z",
            "utc_arrival": "2024-12-09T10:05:00.000Z",
            "nightsInDest": 2,
            "quality": 257.999765,
            "distance": 949.98,
            "duration": {
                "departure": 6600,
                "return": 24900,
                "total": 31500
            },
            "price": 164,
            "conversion": {
                "EUR": 164
            },
            "fare": {
                "adults": 164,
                "children": 164,
                "infants": 164
            },
            "fare_locks": {
                "EUR": [
                    {
                        "default": false,
                        "duration": "P1D",
                        "itinerary_price_limit": 364,
                        "itinerary_price_remaining": 164,
                        "fare_lock_kind": "fee",
                        "price": 8.2,
                        "rule_instance_id": 26749,
                        "version": "v1"
                    },
                    {
                        "default": true,
                        "duration": "P3D",
                        "itinerary_price_limit": 364,
                        "itinerary_price_remaining": 164,
                        "fare_lock_kind": "fee",
                        "price": 16.4,
                        "rule_instance_id": 26748,
                        "version": "v1"
                    },
                    {
                        "default": false,
                        "duration": "P7D",
                        "itinerary_price_limit": 364,
                        "itinerary_price_remaining": 164,
                        "fare_lock_kind": "fee",
                        "price": 41,
                        "rule_instance_id": 26750,
                        "version": "v1"
                    }
                ]
            },
            "bags_price": {
                "1": 205.674,
                "2": 479.948
            },
            "baglimit": {
                "hand_dimensions_sum": 118,
                "hand_height": 40,
                "hand_length": 55,
                "hand_weight": 8,
                "hand_width": 23,
                "hold_dimensions_sum": 158,
                "hold_height": 52,
                "hold_length": 78,
                "hold_weight": 20,
                "hold_width": 28,
                "personal_item_dimension_sum": 90,
                "personal_item_height": 30,
                "personal_item_length": 40,
                "personal_item_weight": 8,
                "personal_item_width": 20
            },
            "availability": {
                "seats": 6
            },
            "airlines": [
                "EW",
                "W4",
                "W6"
            ],
            "route": [
                {
                    "id": "0b7717884e620000bcc2bd01_0",
                    "combination_id": "0b7717884e620000bcc2bd01",
                    "flyFrom": "BUD",
                    "flyTo": "HAM",
                    "cityFrom": "Budapest",
                    "cityCodeFrom": "BUD",
                    "cityTo": "Hamburg",
                    "cityCodeTo": "HAM",
                    "local_departure": "2024-12-09T09:15:00.000Z",
                    "utc_departure": "2024-12-09T08:15:00.000Z",
                    "local_arrival": "2024-12-09T11:05:00.000Z",
                    "utc_arrival": "2024-12-09T10:05:00.000Z",
                    "airline": "EW",
                    "flight_no": 7781,
                    "operating_carrier": "EW",
                    "operating_flight_no": "7781",
                    "fare_basis": "",
                    "fare_category": "M",
                    "fare_classes": "",
                    "return": 0,
                    "bags_recheck_required": false,
                    "vi_connection": false,
                    "guarantee": false,
                    "equipment": null,
                    "vehicle_type": "aircraft"
                },
                {
                    "id": "178823334e640000dd4760d7_0",
                    "combination_id": "178823334e640000dd4760d7",
                    "flyFrom": "HAM",
                    "flyTo": "TIA",
                    "cityFrom": "Hamburg",
                    "cityCodeFrom": "HAM",
                    "cityTo": "Tirana",
                    "cityCodeTo": "TIA",
                    "local_departure": "2024-12-11T16:15:00.000Z",
                    "utc_departure": "2024-12-11T15:15:00.000Z",
                    "local_arrival": "2024-12-11T18:45:00.000Z",
                    "utc_arrival": "2024-12-11T17:45:00.000Z",
                    "airline": "W4",
                    "flight_no": 5108,
                    "operating_carrier": "",
                    "operating_flight_no": "",
                    "fare_basis": "",
                    "fare_category": "M",
                    "fare_classes": "",
                    "return": 1,
                    "bags_recheck_required": false,
                    "vi_connection": false,
                    "guarantee": false,
                    "equipment": null,
                    "vehicle_type": "aircraft"
                },
                {
                    "id": "23330b774e6400001015a0b7_0",
                    "combination_id": "23330b774e6400001015a0b7",
                    "flyFrom": "TIA",
                    "flyTo": "BUD",
                    "cityFrom": "Tirana",
                    "cityCodeFrom": "TIA",
                    "cityTo": "Budapest",
                    "cityCodeTo": "BUD",
                    "local_departure": "2024-12-11T21:35:00.000Z",
                    "utc_departure": "2024-12-11T20:35:00.000Z",
                    "local_arrival": "2024-12-11T23:10:00.000Z",
                    "utc_arrival": "2024-12-11T22:10:00.000Z",
                    "airline": "W6",
                    "flight_no": 2234,
                    "operating_carrier": "",
                    "operating_flight_no": "",
                    "fare_basis": "",
                    "fare_category": "M",
                    "fare_classes": "",
                    "return": 1,
                    "bags_recheck_required": true,
                    "vi_connection": true,
                    "guarantee": true,
                    "equipment": null,
                    "vehicle_type": "aircraft"
                }
            ],
            "booking_token": "HEwKtYGV_f53t5AYZoWY5fpTyvrBnIbKZTAA94zC0OkgYIyyN4WR-ZShmcI8T5OWh14QihWVxWDFiKSEZy_p7dJis6oKzDoOeRX4mIR-eNAM1arh-5Mhz_5lHpN7_NDU446HfkCHQjuE4F5PIx24G5OeE9wOxREVTZHzZLnSpyZZA-QPCY7cSEVa0re19Fkcy1U2AIwsMnzABfcUOd2Wc0bTjRBA1IOXbHdcGtCk_pUTtSAj3sNt7hFmOCpu-QXNnTkM8IBIiMfpsG4_O5JTnkg-pWz9m10IdEAzLt9GFEg4aWadx6cFbBJMznqXgYNFVgcKItZch0xeWAXV6U-oxnLH9nuFpT7ZO-l8hJ_hFnzqbMGDeitAQaWAcHhvM7CnpSoJhrnet-_HhqHhQlj4MI24BCpIFMqbwuJ7TJXXDSrbgMyXjUjH0chyz5VDr_Ed5VLNPB43zmASj_dHkZ6F93lRJ9oqLlRJxLvR82x9Y7x-G1ReRWoB9NR0OfVcL18FLHabNL9pBILLVGBbEt4VAO1uusQXGJztnzClIt4lZrXn_PMWcfjy_5ylBfyfzRNc1vK2iiK8O8qypnxQzKP9Wm4VLNebmgEjZPXt5jh7nJiN_fLOHpO-qS5M50pVZI2J8F7O6ex1tJgkkY07KxbkbNzbtsVZvojbqqo_s8P3QNdHn8pdnMqOHPqCEwN9SEeL-k2FI00XqrjINXM7y45qkoD4nEHvaxzW0qzrN7Zx2QXrAnxWu0du0UwQHAsxvux_3",
            "deep_link": "https://www.kiwi.com/deep?affilid=mihalytest&currency=EUR&flightsId=0b7717884e620000bcc2bd01_0%7C178823334e640000dd4760d7_0%7C23330b774e6400001015a0b7_0&from=BUD&lang=en&passengers=1&to=HAM&booking_token=HEwKtYGV_f53t5AYZoWY5fpTyvrBnIbKZTAA94zC0OkgYIyyN4WR-ZShmcI8T5OWh14QihWVxWDFiKSEZy_p7dJis6oKzDoOeRX4mIR-eNAM1arh-5Mhz_5lHpN7_NDU446HfkCHQjuE4F5PIx24G5OeE9wOxREVTZHzZLnSpyZZA-QPCY7cSEVa0re19Fkcy1U2AIwsMnzABfcUOd2Wc0bTjRBA1IOXbHdcGtCk_pUTtSAj3sNt7hFmOCpu-QXNnTkM8IBIiMfpsG4_O5JTnkg-pWz9m10IdEAzLt9GFEg4aWadx6cFbBJMznqXgYNFVgcKItZch0xeWAXV6U-oxnLH9nuFpT7ZO-l8hJ_hFnzqbMGDeitAQaWAcHhvM7CnpSoJhrnet-_HhqHhQlj4MI24BCpIFMqbwuJ7TJXXDSrbgMyXjUjH0chyz5VDr_Ed5VLNPB43zmASj_dHkZ6F93lRJ9oqLlRJxLvR82x9Y7x-G1ReRWoB9NR0OfVcL18FLHabNL9pBILLVGBbEt4VAO1uusQXGJztnzClIt4lZrXn_PMWcfjy_5ylBfyfzRNc1vK2iiK8O8qypnxQzKP9Wm4VLNebmgEjZPXt5jh7nJiN_fLOHpO-qS5M50pVZI2J8F7O6ex1tJgkkY07KxbkbNzbtsVZvojbqqo_s8P3QNdHn8pdnMqOHPqCEwN9SEeL-k2FI00XqrjINXM7y45qkoD4nEHvaxzW0qzrN7Zx2QXrAnxWu0du0UwQHAsxvux_3",
            "facilitated_booking_available": false,
            "pnr_count": 3,
            "has_airport_change": false,
            "technical_stops": 0,
            "throw_away_ticketing": false,
            "hidden_city_ticketing": false,
            "virtual_interlining": true
        },
        {
            "id": "0b7717884e2500000857725e_0|178807f04e2a00004c513cc4_0|07f00b774e2a0000c697bcd4_0",
            "flyFrom": "BUD",
            "flyTo": "HAM",
            "cityFrom": "Budapest",
            "cityCodeFrom": "BUD",
            "cityTo": "Hamburg",
            "cityCodeTo": "HAM",
            "countryFrom": {
                "code": "HU",
                "name": "Hungary"
            },
            "countryTo": {
                "code": "DE",
                "name": "Germany"
            },
            "local_departure": "2024-10-09T20:45:00.000Z",
            "utc_departure": "2024-10-09T18:45:00.000Z",
            "local_arrival": "2024-10-09T22:30:00.000Z",
            "utc_arrival": "2024-10-09T20:30:00.000Z",
            "nightsInDest": 5,
            "quality": 245.666465,
            "distance": 949.98,
            "duration": {
                "departure": 6300,
                "return": 19200,
                "total": 25500
            },
            "price": 165,
            "conversion": {
                "EUR": 165
            },
            "fare": {
                "adults": 165,
                "children": 165,
                "infants": 165
            },
            "fare_locks": {
                "EUR": [
                    {
                        "default": false,
                        "duration": "P1D",
                        "itinerary_price_limit": 365,
                        "itinerary_price_remaining": 165,
                        "fare_lock_kind": "fee",
                        "price": 8.25,
                        "rule_instance_id": 26749,
                        "version": "v1"
                    },
                    {
                        "default": true,
                        "duration": "P3D",
                        "itinerary_price_limit": 365,
                        "itinerary_price_remaining": 165,
                        "fare_lock_kind": "fee",
                        "price": 16.5,
                        "rule_instance_id": 26748,
                        "version": "v1"
                    },
                    {
                        "default": false,
                        "duration": "P7D",
                        "itinerary_price_limit": 365,
                        "itinerary_price_remaining": 165,
                        "fare_lock_kind": "fee",
                        "price": 41.25,
                        "rule_instance_id": 26750,
                        "version": "v1"
                    }
                ]
            },
            "bags_price": {
                "1": 129.92,
                "2": 397.03999999999996
            },
            "baglimit": {
                "hand_dimensions_sum": 118,
                "hand_height": 40,
                "hand_length": 55,
                "hand_weight": 8,
                "hand_width": 23,
                "hold_dimensions_sum": 158,
                "hold_height": 52,
                "hold_length": 78,
                "hold_weight": 20,
                "hold_width": 28,
                "personal_item_dimension_sum": 90,
                "personal_item_height": 30,
                "personal_item_length": 40,
                "personal_item_weight": 8,
                "personal_item_width": 20
            },
            "availability": {
                "seats": 4
            },
            "airlines": [
                "EW",
                "W6"
            ],
            "route": [
                {
                    "id": "0b7717884e2500000857725e_0",
                    "combination_id": "0b7717884e2500000857725e",
                    "flyFrom": "BUD",
                    "flyTo": "HAM",
                    "cityFrom": "Budapest",
                    "cityCodeFrom": "BUD",
                    "cityTo": "Hamburg",
                    "cityCodeTo": "HAM",
                    "local_departure": "2024-10-09T20:45:00.000Z",
                    "utc_departure": "2024-10-09T18:45:00.000Z",
                    "local_arrival": "2024-10-09T22:30:00.000Z",
                    "utc_arrival": "2024-10-09T20:30:00.000Z",
                    "airline": "EW",
                    "flight_no": 7783,
                    "operating_carrier": "EW",
                    "operating_flight_no": "7783",
                    "fare_basis": "",
                    "fare_category": "M",
                    "fare_classes": "",
                    "return": 0,
                    "bags_recheck_required": false,
                    "vi_connection": false,
                    "guarantee": false,
                    "equipment": null,
                    "vehicle_type": "aircraft"
                },
                {
                    "id": "178807f04e2a00004c513cc4_0",
                    "combination_id": "178807f04e2a00004c513cc4",
                    "flyFrom": "HAM",
                    "flyTo": "MXP",
                    "cityFrom": "Hamburg",
                    "cityCodeFrom": "HAM",
                    "cityTo": "Milan",
                    "cityCodeTo": "MIL",
                    "local_departure": "2024-10-14T18:05:00.000Z",
                    "utc_departure": "2024-10-14T16:05:00.000Z",
                    "local_arrival": "2024-10-14T19:50:00.000Z",
                    "utc_arrival": "2024-10-14T17:50:00.000Z",
                    "airline": "EW",
                    "flight_no": 7826,
                    "operating_carrier": "EW",
                    "operating_flight_no": "7826",
                    "fare_basis": "",
                    "fare_category": "M",
                    "fare_classes": "",
                    "return": 1,
                    "bags_recheck_required": false,
                    "vi_connection": false,
                    "guarantee": false,
                    "equipment": null,
                    "vehicle_type": "aircraft"
                },
                {
                    "id": "07f00b774e2a0000c697bcd4_0",
                    "combination_id": "07f00b774e2a0000c697bcd4",
                    "flyFrom": "MXP",
                    "flyTo": "BUD",
                    "cityFrom": "Milan",
                    "cityCodeFrom": "MIL",
                    "cityTo": "Budapest",
                    "cityCodeTo": "BUD",
                    "local_departure": "2024-10-14T21:45:00.000Z",
                    "utc_departure": "2024-10-14T19:45:00.000Z",
                    "local_arrival": "2024-10-14T23:25:00.000Z",
                    "utc_arrival": "2024-10-14T21:25:00.000Z",
                    "airline": "W6",
                    "flight_no": 2336,
                    "operating_carrier": "",
                    "operating_flight_no": "",
                    "fare_basis": "",
                    "fare_category": "M",
                    "fare_classes": "",
                    "return": 1,
                    "bags_recheck_required": true,
                    "vi_connection": true,
                    "guarantee": true,
                    "equipment": null,
                    "vehicle_type": "aircraft"
                }
            ],
            "booking_token": "H0Vdj3Hf_y5IuijB9ewmoia_PUL0YlmHSGSRxPK-e65EXXLLjOfBfvxm_CJhd_Gt9-UEVNMSULWBWppKQ_nAN0cYabxPJ2tiGIU1zqvDLUWiJAuZh_D2no6OmQIyjt2zMSdf_SW9dxvp6D6YBKC7jgA5jm4-_gY1O6Saz0ZKqEkgmQn2lRW8dFFnHk9JaPxTBhJABaaS-RQhOtynHSksS4mWCTQH8-avHesb3-fRPSPzTL2Bl3sjztp_X_jSXYtEhePw2yIcS05mn5O8HhXlntR-NeVxfkafUR9iaSow8oSf8JSiS71BBPCI083-4lVMOMUA2ZYvhvV_Iay2MiyvazxE_Z2YFY_wkdihBj7nwQ_aT3I9od6DnilurspUyqHEeehvyuU9d1iuYzKD8mUxExJ1jBi7IYoFMCBQzD3yOpZ3vGYAgNJHkMXIoIWOtUPiwM99gJ0-j5fTejbh_i87bstzeG7szL-agCx0vifYUgYgRqjCg37VZxmh8P-ccuu_OCLEkG47OiBgR454S1I-6Lk2XjzPaUvH0JO_jSwk7QeGXPQvO2vyAtSI7wnppEopSr9FEobrU2OmRxgZ2SK_2NTatoPx9304cMA8KjW0URfTAgjK_WUbz_d22bAnpIN7e7oQRL-Iw5bnbNeDsQqkNr8gBEds5NOmrfQOTkD4H45Ah5VCK6gQdDIjnGhCfhEtAKW9cnTpThJBR_m0otxvWQ2xNu-l57HTGnLpMM9g5vNcjvu6eM38OjxL1_D3XjZfeW98P4xBLbw_09S8W8bCyGA==",
            "deep_link": "https://www.kiwi.com/deep?affilid=mihalytest&currency=EUR&flightsId=0b7717884e2500000857725e_0%7C178807f04e2a00004c513cc4_0%7C07f00b774e2a0000c697bcd4_0&from=BUD&lang=en&passengers=1&to=HAM&booking_token=H0Vdj3Hf_y5IuijB9ewmoia_PUL0YlmHSGSRxPK-e65EXXLLjOfBfvxm_CJhd_Gt9-UEVNMSULWBWppKQ_nAN0cYabxPJ2tiGIU1zqvDLUWiJAuZh_D2no6OmQIyjt2zMSdf_SW9dxvp6D6YBKC7jgA5jm4-_gY1O6Saz0ZKqEkgmQn2lRW8dFFnHk9JaPxTBhJABaaS-RQhOtynHSksS4mWCTQH8-avHesb3-fRPSPzTL2Bl3sjztp_X_jSXYtEhePw2yIcS05mn5O8HhXlntR-NeVxfkafUR9iaSow8oSf8JSiS71BBPCI083-4lVMOMUA2ZYvhvV_Iay2MiyvazxE_Z2YFY_wkdihBj7nwQ_aT3I9od6DnilurspUyqHEeehvyuU9d1iuYzKD8mUxExJ1jBi7IYoFMCBQzD3yOpZ3vGYAgNJHkMXIoIWOtUPiwM99gJ0-j5fTejbh_i87bstzeG7szL-agCx0vifYUgYgRqjCg37VZxmh8P-ccuu_OCLEkG47OiBgR454S1I-6Lk2XjzPaUvH0JO_jSwk7QeGXPQvO2vyAtSI7wnppEopSr9FEobrU2OmRxgZ2SK_2NTatoPx9304cMA8KjW0URfTAgjK_WUbz_d22bAnpIN7e7oQRL-Iw5bnbNeDsQqkNr8gBEds5NOmrfQOTkD4H45Ah5VCK6gQdDIjnGhCfhEtAKW9cnTpThJBR_m0otxvWQ2xNu-l57HTGnLpMM9g5vNcjvu6eM38OjxL1_D3XjZfeW98P4xBLbw_09S8W8bCyGA==",
            "facilitated_booking_available": false,
            "pnr_count": 3,
            "has_airport_change": false,
            "technical_stops": 0,
            "throw_away_ticketing": false,
            "hidden_city_ticketing": false,
            "virtual_interlining": true
        },
        {
            "id": "0b7717884e460000e36dd2ec_0|178823334e4a0000e5ace595_0|23330b774e4a000028fe25f5_0",
            "flyFrom": "BUD",
            "flyTo": "HAM",
            "cityFrom": "Budapest",
            "cityCodeFrom": "BUD",
            "cityTo": "Hamburg",
            "cityCodeTo": "HAM",
            "countryFrom": {
                "code": "HU",
                "name": "Hungary"
            },
            "countryTo": {
                "code": "DE",
                "name": "Germany"
            },
            "local_departure": "2024-11-11T09:15:00.000Z",
            "utc_departure": "2024-11-11T08:15:00.000Z",
            "local_arrival": "2024-11-11T11:05:00.000Z",
            "utc_arrival": "2024-11-11T10:05:00.000Z",
            "nightsInDest": 4,
            "quality": 258.999765,
            "distance": 949.98,
            "duration": {
                "departure": 6600,
                "return": 24900,
                "total": 31500
            },
            "price": 165,
            "conversion": {
                "EUR": 165
            },
            "fare": {
                "adults": 165,
                "children": 165,
                "infants": 165
            },
            "fare_locks": {
                "EUR": [
                    {
                        "default": false,
                        "duration": "P1D",
                        "itinerary_price_limit": 365,
                        "itinerary_price_remaining": 165,
                        "fare_lock_kind": "fee",
                        "price": 8.25,
                        "rule_instance_id": 26749,
                        "version": "v1"
                    },
                    {
                        "default": true,
                        "duration": "P3D",
                        "itinerary_price_limit": 365,
                        "itinerary_price_remaining": 165,
                        "fare_lock_kind": "fee",
                        "price": 16.5,
                        "rule_instance_id": 26748,
                        "version": "v1"
                    },
                    {
                        "default": false,
                        "duration": "P7D",
                        "itinerary_price_limit": 365,
                        "itinerary_price_remaining": 165,
                        "fare_lock_kind": "fee",
                        "price": 41.25,
                        "rule_instance_id": 26750,
                        "version": "v1"
                    }
                ]
            },
            "bags_price": {
                "1": 176.568,
                "2": 421.736
            },
            "baglimit": {
                "hand_dimensions_sum": 118,
                "hand_height": 40,
                "hand_length": 55,
                "hand_weight": 8,
                "hand_width": 23,
                "hold_dimensions_sum": 158,
                "hold_height": 52,
                "hold_length": 78,
                "hold_weight": 20,
                "hold_width": 28,
                "personal_item_dimension_sum": 90,
                "personal_item_height": 30,
                "personal_item_length": 40,
                "personal_item_weight": 8,
                "personal_item_width": 20
            },
            "availability": {
                "seats": 3
            },
            "airlines": [
                "W4",
                "W6",
                "EW"
            ],
            "route": [
                {
                    "id": "0b7717884e460000e36dd2ec_0",
                    "combination_id": "0b7717884e460000e36dd2ec",
                    "flyFrom": "BUD",
                    "flyTo": "HAM",
                    "cityFrom": "Budapest",
                    "cityCodeFrom": "BUD",
                    "cityTo": "Hamburg",
                    "cityCodeTo": "HAM",
                    "local_departure": "2024-11-11T09:15:00.000Z",
                    "utc_departure": "2024-11-11T08:15:00.000Z",
                    "local_arrival": "2024-11-11T11:05:00.000Z",
                    "utc_arrival": "2024-11-11T10:05:00.000Z",
                    "airline": "EW",
                    "flight_no": 7781,
                    "operating_carrier": "EW",
                    "operating_flight_no": "7781",
                    "fare_basis": "",
                    "fare_category": "M",
                    "fare_classes": "",
                    "return": 0,
                    "bags_recheck_required": false,
                    "vi_connection": false,
                    "guarantee": false,
                    "equipment": null,
                    "vehicle_type": "aircraft"
                },
                {
                    "id": "178823334e4a0000e5ace595_0",
                    "combination_id": "178823334e4a0000e5ace595",
                    "flyFrom": "HAM",
                    "flyTo": "TIA",
                    "cityFrom": "Hamburg",
                    "cityCodeFrom": "HAM",
                    "cityTo": "Tirana",
                    "cityCodeTo": "TIA",
                    "local_departure": "2024-11-15T16:15:00.000Z",
                    "utc_departure": "2024-11-15T15:15:00.000Z",
                    "local_arrival": "2024-11-15T18:45:00.000Z",
                    "utc_arrival": "2024-11-15T17:45:00.000Z",
                    "airline": "W4",
                    "flight_no": 5108,
                    "operating_carrier": "",
                    "operating_flight_no": "",
                    "fare_basis": "",
                    "fare_category": "M",
                    "fare_classes": "",
                    "return": 1,
                    "bags_recheck_required": false,
                    "vi_connection": false,
                    "guarantee": false,
                    "equipment": null,
                    "vehicle_type": "aircraft"
                },
                {
                    "id": "23330b774e4a000028fe25f5_0",
                    "combination_id": "23330b774e4a000028fe25f5",
                    "flyFrom": "TIA",
                    "flyTo": "BUD",
                    "cityFrom": "Tirana",
                    "cityCodeFrom": "TIA",
                    "cityTo": "Budapest",
                    "cityCodeTo": "BUD",
                    "local_departure": "2024-11-15T21:35:00.000Z",
                    "utc_departure": "2024-11-15T20:35:00.000Z",
                    "local_arrival": "2024-11-15T23:10:00.000Z",
                    "utc_arrival": "2024-11-15T22:10:00.000Z",
                    "airline": "W6",
                    "flight_no": 2234,
                    "operating_carrier": "",
                    "operating_flight_no": "",
                    "fare_basis": "",
                    "fare_category": "M",
                    "fare_classes": "",
                    "return": 1,
                    "bags_recheck_required": true,
                    "vi_connection": true,
                    "guarantee": true,
                    "equipment": null,
                    "vehicle_type": "aircraft"
                }
            ],
            "booking_token": "HS8NX8KXjq58ELWHxISk7lIttZzcQad_U930zJY7Jc_zmPRQXQnoRZwk6igGCBZpX03uibiv0kcR-_hP2I5qSagiw3VZruvJM5XmWPa9zEdamVSLgzFYdWR7c427gpxKG7y1mXE4tvivnyJ39vf2fqLL7RrUv9o_Pr1pwwhOyt2gMsLIi9ONFyIOfQ3tWxNWiZAwdM1qu8T-0pttJ62Mwze3oeSAuxyQMiTSwP3xDXavnLuui5R5np9iClGy3Cb7eHf7wKv0wLoas6w7UuTQxDSbt0MP46g1yGDd5t3S-KKzwyKOtW-xwX_4FWGVoSAybwSx_ITpY5hPxn9JWRcA5R0RZLyrXPv_pPzEGYPOzPYcpDN5-YVBxMFdMHGqij-D5z-yXZzt1CbQXhdNSAk_cCfCstwClPZLcIaGeKcqImhNXYo46NH7hcnOiodzqPc7x1PlLZeAxUka6xSpy--zwgO6n4puQ8o8-0RU29poZt7d7d2mXs01d6wSS6zez-48cfM0sNmsAZJYH-BHdgGgmD_d5kKQqbtFA7ktgAZsqBg69sFid13hKfwMsOfwNFI9GMtz2RA3qRiecYD37pUZv5-hc8SK61A9fYBqSZAffyLcMq52ZAAufiRNGfqBV7sa0FNUqhoqPyqIjkApw_cUaP6ifvb7x0RtWE-fIckm1R2MtZpzVekSKmKihGXqwMDt8B7YXTWQc3UylHmrJRQeCmZ1RHEbdvvz2F0Qe7QZCM7WngXd7w-n2gLVbnHJSbDEfqUPI3TaaEiGvzPXrjkY5Fw==",
            "deep_link": "https://www.kiwi.com/deep?affilid=mihalytest&currency=EUR&flightsId=0b7717884e460000e36dd2ec_0%7C178823334e4a0000e5ace595_0%7C23330b774e4a000028fe25f5_0&from=BUD&lang=en&passengers=1&to=HAM&booking_token=HS8NX8KXjq58ELWHxISk7lIttZzcQad_U930zJY7Jc_zmPRQXQnoRZwk6igGCBZpX03uibiv0kcR-_hP2I5qSagiw3VZruvJM5XmWPa9zEdamVSLgzFYdWR7c427gpxKG7y1mXE4tvivnyJ39vf2fqLL7RrUv9o_Pr1pwwhOyt2gMsLIi9ONFyIOfQ3tWxNWiZAwdM1qu8T-0pttJ62Mwze3oeSAuxyQMiTSwP3xDXavnLuui5R5np9iClGy3Cb7eHf7wKv0wLoas6w7UuTQxDSbt0MP46g1yGDd5t3S-KKzwyKOtW-xwX_4FWGVoSAybwSx_ITpY5hPxn9JWRcA5R0RZLyrXPv_pPzEGYPOzPYcpDN5-YVBxMFdMHGqij-D5z-yXZzt1CbQXhdNSAk_cCfCstwClPZLcIaGeKcqImhNXYo46NH7hcnOiodzqPc7x1PlLZeAxUka6xSpy--zwgO6n4puQ8o8-0RU29poZt7d7d2mXs01d6wSS6zez-48cfM0sNmsAZJYH-BHdgGgmD_d5kKQqbtFA7ktgAZsqBg69sFid13hKfwMsOfwNFI9GMtz2RA3qRiecYD37pUZv5-hc8SK61A9fYBqSZAffyLcMq52ZAAufiRNGfqBV7sa0FNUqhoqPyqIjkApw_cUaP6ifvb7x0RtWE-fIckm1R2MtZpzVekSKmKihGXqwMDt8B7YXTWQc3UylHmrJRQeCmZ1RHEbdvvz2F0Qe7QZCM7WngXd7w-n2gLVbnHJSbDEfqUPI3TaaEiGvzPXrjkY5Fw==",
            "facilitated_booking_available": false,
            "pnr_count": 3,
            "has_airport_change": false,
            "technical_stops": 0,
            "throw_away_ticketing": false,
            "hidden_city_ticketing": false,
            "virtual_interlining": true
        },
        {
            "id": "0b7717884e2e0000d44ad82b_0|17880b774e31000005afebfc_0",
            "flyFrom": "BUD",
            "flyTo": "HAM",
            "cityFrom": "Budapest",
            "cityCodeFrom": "BUD",
            "cityTo": "Hamburg",
            "cityCodeTo": "HAM",
            "countryFrom": {
                "code": "HU",
                "name": "Hungary"
            },
            "countryTo": {
                "code": "DE",
                "name": "Germany"
            },
            "local_departure": "2024-10-18T20:45:00.000Z",
            "utc_departure": "2024-10-18T18:45:00.000Z",
            "local_arrival": "2024-10-18T22:30:00.000Z",
            "utc_arrival": "2024-10-18T20:30:00.000Z",
            "nightsInDest": 3,
            "quality": 217.333205,
            "distance": 949.98,
            "duration": {
                "departure": 6300,
                "return": 6000,
                "total": 12300
            },
            "price": 166,
            "conversion": {
                "EUR": 166
            },
            "fare": {
                "adults": 166,
                "children": 166,
                "infants": 166
            },
            "fare_locks": {
                "EUR": [
                    {
                        "default": false,
                        "duration": "P1D",
                        "itinerary_price_limit": 366,
                        "itinerary_price_remaining": 166,
                        "fare_lock_kind": "fee",
                        "price": 8.3,
                        "rule_instance_id": 26749,
                        "version": "v1"
                    },
                    {
                        "default": true,
                        "duration": "P3D",
                        "itinerary_price_limit": 366,
                        "itinerary_price_remaining": 166,
                        "fare_lock_kind": "fee",
                        "price": 16.6,
                        "rule_instance_id": 26748,
                        "version": "v1"
                    },
                    {
                        "default": false,
                        "duration": "P7D",
                        "itinerary_price_limit": 366,
                        "itinerary_price_remaining": 166,
                        "fare_lock_kind": "fee",
                        "price": 41.5,
                        "rule_instance_id": 26750,
                        "version": "v1"
                    }
                ]
            },
            "bags_price": {
                "1": 72.8,
                "2": 282.8
            },
            "baglimit": {
                "hand_dimensions_sum": 118,
                "hand_height": 40,
                "hand_length": 55,
                "hand_weight": 8,
                "hand_width": 23,
                "hold_dimensions_sum": 158,
                "hold_height": 52,
                "hold_length": 78,
                "hold_weight": 23,
                "hold_width": 28,
                "personal_item_dimension_sum": 95,
                "personal_item_height": 30,
                "personal_item_length": 40,
                "personal_item_weight": 8,
                "personal_item_width": 25
            },
            "availability": {
                "seats": 7
            },
            "airlines": [
                "EW"
            ],
            "route": [
                {
                    "id": "0b7717884e2e0000d44ad82b_0",
                    "combination_id": "0b7717884e2e0000d44ad82b",
                    "flyFrom": "BUD",
                    "flyTo": "HAM",
                    "cityFrom": "Budapest",
                    "cityCodeFrom": "BUD",
                    "cityTo": "Hamburg",
                    "cityCodeTo": "HAM",
                    "local_departure": "2024-10-18T20:45:00.000Z",
                    "utc_departure": "2024-10-18T18:45:00.000Z",
                    "local_arrival": "2024-10-18T22:30:00.000Z",
                    "utc_arrival": "2024-10-18T20:30:00.000Z",
                    "airline": "EW",
                    "flight_no": 7783,
                    "operating_carrier": "EW",
                    "operating_flight_no": "7783",
                    "fare_basis": "",
                    "fare_category": "M",
                    "fare_classes": "",
                    "return": 0,
                    "bags_recheck_required": false,
                    "vi_connection": false,
                    "guarantee": false,
                    "equipment": null,
                    "vehicle_type": "aircraft"
                },
                {
                    "id": "17880b774e31000005afebfc_0",
                    "combination_id": "17880b774e31000005afebfc",
                    "flyFrom": "HAM",
                    "flyTo": "BUD",
                    "cityFrom": "Hamburg",
                    "cityCodeFrom": "HAM",
                    "cityTo": "Budapest",
                    "cityCodeTo": "BUD",
                    "local_departure": "2024-10-21T11:15:00.000Z",
                    "utc_departure": "2024-10-21T09:15:00.000Z",
                    "local_arrival": "2024-10-21T12:55:00.000Z",
                    "utc_arrival": "2024-10-21T10:55:00.000Z",
                    "airline": "EW",
                    "flight_no": 7784,
                    "operating_carrier": "EW",
                    "operating_flight_no": "7784",
                    "fare_basis": "",
                    "fare_category": "M",
                    "fare_classes": "",
                    "return": 1,
                    "bags_recheck_required": false,
                    "vi_connection": false,
                    "guarantee": false,
                    "equipment": null,
                    "vehicle_type": "aircraft"
                }
            ],
            "booking_token": "H4Bf6Mv3sSMdFO6xIpDQB2Xd_-62YsePCQ-XaUb-O8Mn1ygfVjB2vCHpxiHWYhRfR78S822E7tUKmqopO7W4_JDl3zFCftSHE8h0_zaOJ3rA3K0n7Q8mkK-BVlhghVfHmOFFGbr69Xy7q6qS3YRI9lRY5-331IpaFVNziDBwL3fof3Ruje193cHjDXZAPpx9l7zta88nCP2ZlY-NQIVKuUse5pNi_reOYrT5PF7RMLqgQdVrGks2maCHaXLOWT3V4wGnl-kcnB390K3wIwetZlKKuFnJLZuc6bT3qYFiBeRfgkGW8vOXm_zl1vlDWCJVQ4t2ckHE3cGhB2F5l70GtYAc_UDFVAwAnhWYoBKcStsqOHJkmJPmrEr3HJKKb5lSjUsY3BdMgbvgBFSoNzgFMuQk6ipn8V9mnJxqSN_SFxOWe3G7rSi_rOaHDm4WiS2pkGNKzf5F29HssUGq17hBqsBIutT653FA78G53ftdtappu2LiRrpGAWajGUR0KxHteegYl1myR0qWTKtNIdgMNMzrodmusmJwJuCKX1ERKtT64n7G8rK30zPrtsXOgV-ArqjlMiQWWtSUz5opf_34nVnX5_2_7kvzVwV1qzfpAmppNsmg8II8MVj5ik9Jt6urJdd90xTyNwhXFQ4oX1MqyIDsyo8PdPjFvR-qt-Vdc9bKKFGwGUyDvha7pqKaFb1VFVDZI268Tt_zeYn8KM2qAr-o6k1Bzy2IcTkKKAXbSbIhSwLApTe1mG1zO9xpEK6oq",
            "deep_link": "https://www.kiwi.com/deep?affilid=mihalytest&currency=EUR&flightsId=0b7717884e2e0000d44ad82b_0%7C17880b774e31000005afebfc_0&from=BUD&lang=en&passengers=1&to=HAM&booking_token=H4Bf6Mv3sSMdFO6xIpDQB2Xd_-62YsePCQ-XaUb-O8Mn1ygfVjB2vCHpxiHWYhRfR78S822E7tUKmqopO7W4_JDl3zFCftSHE8h0_zaOJ3rA3K0n7Q8mkK-BVlhghVfHmOFFGbr69Xy7q6qS3YRI9lRY5-331IpaFVNziDBwL3fof3Ruje193cHjDXZAPpx9l7zta88nCP2ZlY-NQIVKuUse5pNi_reOYrT5PF7RMLqgQdVrGks2maCHaXLOWT3V4wGnl-kcnB390K3wIwetZlKKuFnJLZuc6bT3qYFiBeRfgkGW8vOXm_zl1vlDWCJVQ4t2ckHE3cGhB2F5l70GtYAc_UDFVAwAnhWYoBKcStsqOHJkmJPmrEr3HJKKb5lSjUsY3BdMgbvgBFSoNzgFMuQk6ipn8V9mnJxqSN_SFxOWe3G7rSi_rOaHDm4WiS2pkGNKzf5F29HssUGq17hBqsBIutT653FA78G53ftdtappu2LiRrpGAWajGUR0KxHteegYl1myR0qWTKtNIdgMNMzrodmusmJwJuCKX1ERKtT64n7G8rK30zPrtsXOgV-ArqjlMiQWWtSUz5opf_34nVnX5_2_7kvzVwV1qzfpAmppNsmg8II8MVj5ik9Jt6urJdd90xTyNwhXFQ4oX1MqyIDsyo8PdPjFvR-qt-Vdc9bKKFGwGUyDvha7pqKaFb1VFVDZI268Tt_zeYn8KM2qAr-o6k1Bzy2IcTkKKAXbSbIhSwLApTe1mG1zO9xpEK6oq",
            "facilitated_booking_available": true,
            "pnr_count": 2,
            "has_airport_change": false,
            "technical_stops": 0,
            "throw_away_ticketing": false,
            "hidden_city_ticketing": false,
            "virtual_interlining": false
        },
        {
            "id": "0b7717884e2e0000d44ad82b_0|17880b774e330000097c835c_0",
            "flyFrom": "BUD",
            "flyTo": "HAM",
            "cityFrom": "Budapest",
            "cityCodeFrom": "BUD",
            "cityTo": "Hamburg",
            "cityCodeTo": "HAM",
            "countryFrom": {
                "code": "HU",
                "name": "Hungary"
            },
            "countryTo": {
                "code": "DE",
                "name": "Germany"
            },
            "local_departure": "2024-10-18T20:45:00.000Z",
            "utc_departure": "2024-10-18T18:45:00.000Z",
            "local_arrival": "2024-10-18T22:30:00.000Z",
            "utc_arrival": "2024-10-18T20:30:00.000Z",
            "nightsInDest": 5,
            "quality": 217.333205,
            "distance": 949.98,
            "duration": {
                "departure": 6300,
                "return": 6000,
                "total": 12300
            },
            "price": 166,
            "conversion": {
                "EUR": 166
            },
            "fare": {
                "adults": 166,
                "children": 166,
                "infants": 166
            },
            "fare_locks": {
                "EUR": [
                    {
                        "default": false,
                        "duration": "P1D",
                        "itinerary_price_limit": 366,
                        "itinerary_price_remaining": 166,
                        "fare_lock_kind": "fee",
                        "price": 8.3,
                        "rule_instance_id": 26749,
                        "version": "v1"
                    },
                    {
                        "default": true,
                        "duration": "P3D",
                        "itinerary_price_limit": 366,
                        "itinerary_price_remaining": 166,
                        "fare_lock_kind": "fee",
                        "price": 16.6,
                        "rule_instance_id": 26748,
                        "version": "v1"
                    },
                    {
                        "default": false,
                        "duration": "P7D",
                        "itinerary_price_limit": 366,
                        "itinerary_price_remaining": 166,
                        "fare_lock_kind": "fee",
                        "price": 41.5,
                        "rule_instance_id": 26750,
                        "version": "v1"
                    }
                ]
            },
            "bags_price": {
                "1": 72.8,
                "2": 282.8
            },
            "baglimit": {
                "hand_dimensions_sum": 118,
                "hand_height": 40,
                "hand_length": 55,
                "hand_weight": 8,
                "hand_width": 23,
                "hold_dimensions_sum": 158,
                "hold_height": 52,
                "hold_length": 78,
                "hold_weight": 23,
                "hold_width": 28,
                "personal_item_dimension_sum": 95,
                "personal_item_height": 30,
                "personal_item_length": 40,
                "personal_item_weight": 8,
                "personal_item_width": 25
            },
            "availability": {
                "seats": 6
            },
            "airlines": [
                "EW"
            ],
            "route": [
                {
                    "id": "0b7717884e2e0000d44ad82b_0",
                    "combination_id": "0b7717884e2e0000d44ad82b",
                    "flyFrom": "BUD",
                    "flyTo": "HAM",
                    "cityFrom": "Budapest",
                    "cityCodeFrom": "BUD",
                    "cityTo": "Hamburg",
                    "cityCodeTo": "HAM",
                    "local_departure": "2024-10-18T20:45:00.000Z",
                    "utc_departure": "2024-10-18T18:45:00.000Z",
                    "local_arrival": "2024-10-18T22:30:00.000Z",
                    "utc_arrival": "2024-10-18T20:30:00.000Z",
                    "airline": "EW",
                    "flight_no": 7783,
                    "operating_carrier": "EW",
                    "operating_flight_no": "7783",
                    "fare_basis": "",
                    "fare_category": "M",
                    "fare_classes": "",
                    "return": 0,
                    "bags_recheck_required": false,
                    "vi_connection": false,
                    "guarantee": false,
                    "equipment": null,
                    "vehicle_type": "aircraft"
                },
                {
                    "id": "17880b774e330000097c835c_0",
                    "combination_id": "17880b774e330000097c835c",
                    "flyFrom": "HAM",
                    "flyTo": "BUD",
                    "cityFrom": "Hamburg",
                    "cityCodeFrom": "HAM",
                    "cityTo": "Budapest",
                    "cityCodeTo": "BUD",
                    "local_departure": "2024-10-23T18:25:00.000Z",
                    "utc_departure": "2024-10-23T16:25:00.000Z",
                    "local_arrival": "2024-10-23T20:05:00.000Z",
                    "utc_arrival": "2024-10-23T18:05:00.000Z",
                    "airline": "EW",
                    "flight_no": 7782,
                    "operating_carrier": "EW",
                    "operating_flight_no": "7782",
                    "fare_basis": "",
                    "fare_category": "M",
                    "fare_classes": "T",
                    "return": 1,
                    "bags_recheck_required": false,
                    "vi_connection": false,
                    "guarantee": false,
                    "equipment": null,
                    "vehicle_type": "aircraft"
                }
            ],
            "booking_token": "HU9LkHH3z1VMgZ2vneQHut2WclaFxcpIZbImDDCZNkFsOmUIyr0QN-RI9LyauoE5z2Ecmw1K_2A3XgSy09VR-Z6DyaOTLunIqRKOol3i7Aj5fB5-acwenjwvuFzkXyE7IW_UMS7z-mi21agWcr1EBd12LXy8Ze_Y-4jF57i_FDz15HUk_QeWSDsv_3-HC3fipGYSIKjTttIi1Q57hcV_AxEQAa0HM1UbwvzGXtcFRrgsDywpzqzSLPz2xSSd8qbnO87AbF2W45i4mZoVv4k_m1UXKqCdgv51W0L9lD9m5adyZc6pbCCqVt8KbqbJ96BJpzyGnnk8kE3xKET_ZwQPVJ9L7uwKx73T5kU1m1O8WAHu4LYYP_xTTVBvnHpdqjPr8Mbd973Rv6x3-kGzsnA8C1-SeBY76ltGwLav6b-F2kVktsSYi9La_Le3-pyuUwHSupuEMytT8cyzVWZi8AHByLFrmPIC9-aQaK7UWFBFPQqZZZ5ze3391X3wLhZApdYPSrKkh9djVONFnzCKZfngBEUwqPxRif39oBUxM3j-kkKy9bgG_wMDMMpmYIurcxuoPQ3P6VwquKt_0VXW0Bp2Wdc-vSLUP8m-UDesp9AeLWFFcLFdTypMtfHwIxgkr3V5WhnL0RWBfWafjARUffjHYueW3stb3VpxwNQYzbEnLfe7L51_XKd_50JZRS2vxn_by8QeibedHP7TljtLloDM-bg==",
            "deep_link": "https://www.kiwi.com/deep?affilid=mihalytest&currency=EUR&flightsId=0b7717884e2e0000d44ad82b_0%7C17880b774e330000097c835c_0&from=BUD&lang=en&passengers=1&to=HAM&booking_token=HU9LkHH3z1VMgZ2vneQHut2WclaFxcpIZbImDDCZNkFsOmUIyr0QN-RI9LyauoE5z2Ecmw1K_2A3XgSy09VR-Z6DyaOTLunIqRKOol3i7Aj5fB5-acwenjwvuFzkXyE7IW_UMS7z-mi21agWcr1EBd12LXy8Ze_Y-4jF57i_FDz15HUk_QeWSDsv_3-HC3fipGYSIKjTttIi1Q57hcV_AxEQAa0HM1UbwvzGXtcFRrgsDywpzqzSLPz2xSSd8qbnO87AbF2W45i4mZoVv4k_m1UXKqCdgv51W0L9lD9m5adyZc6pbCCqVt8KbqbJ96BJpzyGnnk8kE3xKET_ZwQPVJ9L7uwKx73T5kU1m1O8WAHu4LYYP_xTTVBvnHpdqjPr8Mbd973Rv6x3-kGzsnA8C1-SeBY76ltGwLav6b-F2kVktsSYi9La_Le3-pyuUwHSupuEMytT8cyzVWZi8AHByLFrmPIC9-aQaK7UWFBFPQqZZZ5ze3391X3wLhZApdYPSrKkh9djVONFnzCKZfngBEUwqPxRif39oBUxM3j-kkKy9bgG_wMDMMpmYIurcxuoPQ3P6VwquKt_0VXW0Bp2Wdc-vSLUP8m-UDesp9AeLWFFcLFdTypMtfHwIxgkr3V5WhnL0RWBfWafjARUffjHYueW3stb3VpxwNQYzbEnLfe7L51_XKd_50JZRS2vxn_by8QeibedHP7TljtLloDM-bg==",
            "facilitated_booking_available": true,
            "pnr_count": 2,
            "has_airport_change": false,
            "technical_stops": 0,
            "throw_away_ticketing": false,
            "hidden_city_ticketing": false,
            "virtual_interlining": false
        },
        {
            "id": "0b7717884e180000fe04d284_0|17880b774e190000bd422846_0",
            "flyFrom": "BUD",
            "flyTo": "HAM",
            "cityFrom": "Budapest",
            "cityCodeFrom": "BUD",
            "cityTo": "Hamburg",
            "cityCodeTo": "HAM",
            "countryFrom": {
                "code": "HU",
                "name": "Hungary"
            },
            "countryTo": {
                "code": "DE",
                "name": "Germany"
            },
            "local_departure": "2024-09-26T20:45:00.000Z",
            "utc_departure": "2024-09-26T18:45:00.000Z",
            "local_arrival": "2024-09-26T22:30:00.000Z",
            "utc_arrival": "2024-09-26T20:30:00.000Z",
            "nightsInDest": 1,
            "quality": 217.333205,
            "distance": 949.98,
            "duration": {
                "departure": 6300,
                "return": 6000,
                "total": 12300
            },
            "price": 166,
            "conversion": {
                "EUR": 166
            },
            "fare": {
                "adults": 166,
                "children": 166,
                "infants": 166
            },
            "fare_locks": {
                "EUR": [
                    {
                        "default": false,
                        "duration": "P1D",
                        "itinerary_price_limit": 366,
                        "itinerary_price_remaining": 166,
                        "fare_lock_kind": "fee",
                        "price": 8.3,
                        "rule_instance_id": 26749,
                        "version": "v1"
                    },
                    {
                        "default": true,
                        "duration": "P3D",
                        "itinerary_price_limit": 366,
                        "itinerary_price_remaining": 166,
                        "fare_lock_kind": "fee",
                        "price": 16.6,
                        "rule_instance_id": 26748,
                        "version": "v1"
                    },
                    {
                        "default": false,
                        "duration": "P7D",
                        "itinerary_price_limit": 366,
                        "itinerary_price_remaining": 166,
                        "fare_lock_kind": "fee",
                        "price": 41.5,
                        "rule_instance_id": 26750,
                        "version": "v1"
                    }
                ]
            },
            "bags_price": {
                "1": 72.8,
                "2": 282.8
            },
            "baglimit": {
                "hand_dimensions_sum": 118,
                "hand_height": 40,
                "hand_length": 55,
                "hand_weight": 8,
                "hand_width": 23,
                "hold_dimensions_sum": 158,
                "hold_height": 52,
                "hold_length": 78,
                "hold_weight": 23,
                "hold_width": 28,
                "personal_item_dimension_sum": 95,
                "personal_item_height": 30,
                "personal_item_length": 40,
                "personal_item_weight": 8,
                "personal_item_width": 25
            },
            "availability": {
                "seats": 1
            },
            "airlines": [
                "EW"
            ],
            "route": [
                {
                    "id": "0b7717884e180000fe04d284_0",
                    "combination_id": "0b7717884e180000fe04d284",
                    "flyFrom": "BUD",
                    "flyTo": "HAM",
                    "cityFrom": "Budapest",
                    "cityCodeFrom": "BUD",
                    "cityTo": "Hamburg",
                    "cityCodeTo": "HAM",
                    "local_departure": "2024-09-26T20:45:00.000Z",
                    "utc_departure": "2024-09-26T18:45:00.000Z",
                    "local_arrival": "2024-09-26T22:30:00.000Z",
                    "utc_arrival": "2024-09-26T20:30:00.000Z",
                    "airline": "EW",
                    "flight_no": 7783,
                    "operating_carrier": "EW",
                    "operating_flight_no": "7783",
                    "fare_basis": "",
                    "fare_category": "M",
                    "fare_classes": "",
                    "return": 0,
                    "bags_recheck_required": false,
                    "vi_connection": false,
                    "guarantee": false,
                    "equipment": null,
                    "vehicle_type": "aircraft"
                },
                {
                    "id": "17880b774e190000bd422846_0",
                    "combination_id": "17880b774e190000bd422846",
                    "flyFrom": "HAM",
                    "flyTo": "BUD",
                    "cityFrom": "Hamburg",
                    "cityCodeFrom": "HAM",
                    "cityTo": "Budapest",
                    "cityCodeTo": "BUD",
                    "local_departure": "2024-09-27T18:25:00.000Z",
                    "utc_departure": "2024-09-27T16:25:00.000Z",
                    "local_arrival": "2024-09-27T20:05:00.000Z",
                    "utc_arrival": "2024-09-27T18:05:00.000Z",
                    "airline": "EW",
                    "flight_no": 7782,
                    "operating_carrier": "EW",
                    "operating_flight_no": "7782",
                    "fare_basis": "",
                    "fare_category": "M",
                    "fare_classes": "",
                    "return": 1,
                    "bags_recheck_required": false,
                    "vi_connection": false,
                    "guarantee": false,
                    "equipment": null,
                    "vehicle_type": "aircraft"
                }
            ],
            "booking_token": "H1cDzbyi3cJcMvyGBs1iWME9Z8WVjRO3e4aSnLcw5q1YBAwHamVieQ8SZQ5FQZVeSjBM75xnvR3xa49TvP4gLt0FYxcIazZ-larNfqjx1oDl5aZKwV4d3-23LHMxSEdLK5thLRGNzpr0hT8pGjZbEhhMX2h24DOF-7TZu3dCm39y5lv_DENBwElqWczHI0mkJ8W4eTCR7XzIwkRMooykUjyd6uHZ_OXQ31yXw6b7SQNPMlT4lB1ntPaa1sHVhcOriDx9T4HGAU2l-2mFhRzN0VDp0O149QX5IRGzH4TLTUi8cgUM081v50AVmeV3OcrA5jo-deO4YiMoDOXZNbBLad2g8IUcWTq8AkkzaDq8bKngSyUzYejcY3GLl9IPvAZ7dOoWKVSUj_E2-4e2S2TKFzFhch6tFrBRRi5WL5UDBZeKBaE4YxnuPHyDGJbG3xactA5qu9kf_bNbSZ5kpFuWURk7Czt1_isczByqqbhPfsq_fDDIGqti7e9ilu5RWc3w-6G_XU7zp6fOq60dinWKVElHsP_dzLKFLTWUjMuGoxAG9-cochOju01oM2Fef-NCO-0mTQb8rsiYRGhVbjNv6pj-MS76tlcRRpXLzop73HXhmsBPQzCUWq8tmRphaJCFeGfn-zQog5v9DT9n52Xeh-5HpJ38EG9w9rDlj2nJZZPvHroEyrI2L_dNhfM6ikp6r3l5STcXDqFS3mgwj1WEAJA==",
            "deep_link": "https://www.kiwi.com/deep?affilid=mihalytest&currency=EUR&flightsId=0b7717884e180000fe04d284_0%7C17880b774e190000bd422846_0&from=BUD&lang=en&passengers=1&to=HAM&booking_token=H1cDzbyi3cJcMvyGBs1iWME9Z8WVjRO3e4aSnLcw5q1YBAwHamVieQ8SZQ5FQZVeSjBM75xnvR3xa49TvP4gLt0FYxcIazZ-larNfqjx1oDl5aZKwV4d3-23LHMxSEdLK5thLRGNzpr0hT8pGjZbEhhMX2h24DOF-7TZu3dCm39y5lv_DENBwElqWczHI0mkJ8W4eTCR7XzIwkRMooykUjyd6uHZ_OXQ31yXw6b7SQNPMlT4lB1ntPaa1sHVhcOriDx9T4HGAU2l-2mFhRzN0VDp0O149QX5IRGzH4TLTUi8cgUM081v50AVmeV3OcrA5jo-deO4YiMoDOXZNbBLad2g8IUcWTq8AkkzaDq8bKngSyUzYejcY3GLl9IPvAZ7dOoWKVSUj_E2-4e2S2TKFzFhch6tFrBRRi5WL5UDBZeKBaE4YxnuPHyDGJbG3xactA5qu9kf_bNbSZ5kpFuWURk7Czt1_isczByqqbhPfsq_fDDIGqti7e9ilu5RWc3w-6G_XU7zp6fOq60dinWKVElHsP_dzLKFLTWUjMuGoxAG9-cochOju01oM2Fef-NCO-0mTQb8rsiYRGhVbjNv6pj-MS76tlcRRpXLzop73HXhmsBPQzCUWq8tmRphaJCFeGfn-zQog5v9DT9n52Xeh-5HpJ38EG9w9rDlj2nJZZPvHroEyrI2L_dNhfM6ikp6r3l5STcXDqFS3mgwj1WEAJA==",
            "facilitated_booking_available": true,
            "pnr_count": 2,
            "has_airport_change": false,
            "technical_stops": 0,
            "throw_away_ticketing": false,
            "hidden_city_ticketing": false,
            "virtual_interlining": false
        },
        {
            "id": "0b7717884e330000d6a0a9cb_0|17880b774e37000099e68148_0",
            "flyFrom": "BUD",
            "flyTo": "HAM",
            "cityFrom": "Budapest",
            "cityCodeFrom": "BUD",
            "cityTo": "Hamburg",
            "cityCodeTo": "HAM",
            "countryFrom": {
                "code": "HU",
                "name": "Hungary"
            },
            "countryTo": {
                "code": "DE",
                "name": "Germany"
            },
            "local_departure": "2024-10-23T20:45:00.000Z",
            "utc_departure": "2024-10-23T18:45:00.000Z",
            "local_arrival": "2024-10-23T22:30:00.000Z",
            "utc_arrival": "2024-10-23T20:30:00.000Z",
            "nightsInDest": 4,
            "quality": 217.99987,
            "distance": 949.98,
            "duration": {
                "departure": 6300,
                "return": 6300,
                "total": 12600
            },
            "price": 166,
            "conversion": {
                "EUR": 166
            },
            "fare": {
                "adults": 166,
                "children": 166,
                "infants": 166
            },
            "fare_locks": {
                "EUR": [
                    {
                        "default": false,
                        "duration": "P1D",
                        "itinerary_price_limit": 366,
                        "itinerary_price_remaining": 166,
                        "fare_lock_kind": "fee",
                        "price": 8.3,
                        "rule_instance_id": 26749,
                        "version": "v1"
                    },
                    {
                        "default": true,
                        "duration": "P3D",
                        "itinerary_price_limit": 366,
                        "itinerary_price_remaining": 166,
                        "fare_lock_kind": "fee",
                        "price": 16.6,
                        "rule_instance_id": 26748,
                        "version": "v1"
                    },
                    {
                        "default": false,
                        "duration": "P7D",
                        "itinerary_price_limit": 366,
                        "itinerary_price_remaining": 166,
                        "fare_lock_kind": "fee",
                        "price": 41.5,
                        "rule_instance_id": 26750,
                        "version": "v1"
                    }
                ]
            },
            "bags_price": {
                "1": 72.8,
                "2": 282.8
            },
            "baglimit": {
                "hand_dimensions_sum": 118,
                "hand_height": 40,
                "hand_length": 55,
                "hand_weight": 8,
                "hand_width": 23,
                "hold_dimensions_sum": 158,
                "hold_height": 52,
                "hold_length": 78,
                "hold_weight": 23,
                "hold_width": 28,
                "personal_item_dimension_sum": 95,
                "personal_item_height": 30,
                "personal_item_length": 40,
                "personal_item_weight": 8,
                "personal_item_width": 25
            },
            "availability": {
                "seats": 9
            },
            "airlines": [
                "EW"
            ],
            "route": [
                {
                    "id": "0b7717884e330000d6a0a9cb_0",
                    "combination_id": "0b7717884e330000d6a0a9cb",
                    "flyFrom": "BUD",
                    "flyTo": "HAM",
                    "cityFrom": "Budapest",
                    "cityCodeFrom": "BUD",
                    "cityTo": "Hamburg",
                    "cityCodeTo": "HAM",
                    "local_departure": "2024-10-23T20:45:00.000Z",
                    "utc_departure": "2024-10-23T18:45:00.000Z",
                    "local_arrival": "2024-10-23T22:30:00.000Z",
                    "utc_arrival": "2024-10-23T20:30:00.000Z",
                    "airline": "EW",
                    "flight_no": 7783,
                    "operating_carrier": "EW",
                    "operating_flight_no": "7783",
                    "fare_basis": "",
                    "fare_category": "M",
                    "fare_classes": "",
                    "return": 0,
                    "bags_recheck_required": false,
                    "vi_connection": false,
                    "guarantee": false,
                    "equipment": null,
                    "vehicle_type": "aircraft"
                },
                {
                    "id": "17880b774e37000099e68148_0",
                    "combination_id": "17880b774e37000099e68148",
                    "flyFrom": "HAM",
                    "flyTo": "BUD",
                    "cityFrom": "Hamburg",
                    "cityCodeFrom": "HAM",
                    "cityTo": "Budapest",
                    "cityCodeTo": "BUD",
                    "local_departure": "2024-10-27T13:05:00.000Z",
                    "utc_departure": "2024-10-27T12:05:00.000Z",
                    "local_arrival": "2024-10-27T14:50:00.000Z",
                    "utc_arrival": "2024-10-27T13:50:00.000Z",
                    "airline": "EW",
                    "flight_no": 7780,
                    "operating_carrier": "EW",
                    "operating_flight_no": "7780",
                    "fare_basis": "",
                    "fare_category": "M",
                    "fare_classes": "",
                    "return": 1,
                    "bags_recheck_required": false,
                    "vi_connection": false,
                    "guarantee": false,
                    "equipment": null,
                    "vehicle_type": "aircraft"
                }
            ],
            "booking_token": "H1hOac5v40e3gAiMIQkXNgYklq21Wh0tzdLS6NksAac4CU3RRUsdtoCTJCyd9X_dFoDF2mFkki8wpiyNAFTzywMT0sp0bLRYJjYaePFHcDONYf_rob557Ly2cZ7ne7OX_w6QpffCx9YVOlLsALSblZUP0Ey4x5QfLS6HrqNa-vrEEcAIz18C28KdMDgCGdBDztQV0LipdVjEIHfjj91rXw6l7CazohqvA-v8mecH3wu-rq3n39n9tfJoCgfYwFs1C2XtqRHfBJ1mG8K0BcbieY3WDQ4ZTK4Okocq97hNauvaIIIqraqMLuwdcJh9vHKIb8GOLaGMt0Nem-mLXsMV1msrKkaZXdo_FyPY7_glAw5KNbLOy9-G0zae4iNtCGWDxuWFh8tFVrIdizyoVj42taipNmgAwFyIygp5x7b0vr1Iw07xiNyWBnZKB9n7AYzSfsxNYoC0Ns50gD1b0MV2aqSuJnjDFCdqrrBGG-pfHLY3UBdT7yQ8N4kasMlvzpeNl7TNbbi60vzgtFedJassWv3QGOetUrIp__LPeBCZfw3xXgMvE1O1FUR9_3huT0frAA50fhkEDnWZ_gMXK_UnaFIjW1Mygm8-GCPps_B4BaJ9zZieQU6r92X7if5scYbyqrcOvdaMw58u3QTHJ0_WTKSwMvOuYaTsOABY5yMJfLqbjGm0uo-1rxFUwox_RAUpjW6EtpzSIFq2SbArvBw-oVw==",
            "deep_link": "https://www.kiwi.com/deep?affilid=mihalytest&currency=EUR&flightsId=0b7717884e330000d6a0a9cb_0%7C17880b774e37000099e68148_0&from=BUD&lang=en&passengers=1&to=HAM&booking_token=H1hOac5v40e3gAiMIQkXNgYklq21Wh0tzdLS6NksAac4CU3RRUsdtoCTJCyd9X_dFoDF2mFkki8wpiyNAFTzywMT0sp0bLRYJjYaePFHcDONYf_rob557Ly2cZ7ne7OX_w6QpffCx9YVOlLsALSblZUP0Ey4x5QfLS6HrqNa-vrEEcAIz18C28KdMDgCGdBDztQV0LipdVjEIHfjj91rXw6l7CazohqvA-v8mecH3wu-rq3n39n9tfJoCgfYwFs1C2XtqRHfBJ1mG8K0BcbieY3WDQ4ZTK4Okocq97hNauvaIIIqraqMLuwdcJh9vHKIb8GOLaGMt0Nem-mLXsMV1msrKkaZXdo_FyPY7_glAw5KNbLOy9-G0zae4iNtCGWDxuWFh8tFVrIdizyoVj42taipNmgAwFyIygp5x7b0vr1Iw07xiNyWBnZKB9n7AYzSfsxNYoC0Ns50gD1b0MV2aqSuJnjDFCdqrrBGG-pfHLY3UBdT7yQ8N4kasMlvzpeNl7TNbbi60vzgtFedJassWv3QGOetUrIp__LPeBCZfw3xXgMvE1O1FUR9_3huT0frAA50fhkEDnWZ_gMXK_UnaFIjW1Mygm8-GCPps_B4BaJ9zZieQU6r92X7if5scYbyqrcOvdaMw58u3QTHJ0_WTKSwMvOuYaTsOABY5yMJfLqbjGm0uo-1rxFUwox_RAUpjW6EtpzSIFq2SbArvBw-oVw==",
            "facilitated_booking_available": true,
            "pnr_count": 2,
            "has_airport_change": false,
            "technical_stops": 0,
            "throw_away_ticketing": false,
            "hidden_city_ticketing": false,
            "virtual_interlining": false
        },
        {
            "id": "0b7717884e3500006a4d0bbb_0|17880b774e37000099e68148_0",
            "flyFrom": "BUD",
            "flyTo": "HAM",
            "cityFrom": "Budapest",
            "cityCodeFrom": "BUD",
            "cityTo": "Hamburg",
            "cityCodeTo": "HAM",
            "countryFrom": {
                "code": "HU",
                "name": "Hungary"
            },
            "countryTo": {
                "code": "DE",
                "name": "Germany"
            },
            "local_departure": "2024-10-25T20:45:00.000Z",
            "utc_departure": "2024-10-25T18:45:00.000Z",
            "local_arrival": "2024-10-25T22:30:00.000Z",
            "utc_arrival": "2024-10-25T20:30:00.000Z",
            "nightsInDest": 2,
            "quality": 217.99987,
            "distance": 949.98,
            "duration": {
                "departure": 6300,
                "return": 6300,
                "total": 12600
            },
            "price": 166,
            "conversion": {
                "EUR": 166
            },
            "fare": {
                "adults": 166,
                "children": 166,
                "infants": 166
            },
            "fare_locks": {
                "EUR": [
                    {
                        "default": false,
                        "duration": "P1D",
                        "itinerary_price_limit": 366,
                        "itinerary_price_remaining": 166,
                        "fare_lock_kind": "fee",
                        "price": 8.3,
                        "rule_instance_id": 26749,
                        "version": "v1"
                    },
                    {
                        "default": true,
                        "duration": "P3D",
                        "itinerary_price_limit": 366,
                        "itinerary_price_remaining": 166,
                        "fare_lock_kind": "fee",
                        "price": 16.6,
                        "rule_instance_id": 26748,
                        "version": "v1"
                    },
                    {
                        "default": false,
                        "duration": "P7D",
                        "itinerary_price_limit": 366,
                        "itinerary_price_remaining": 166,
                        "fare_lock_kind": "fee",
                        "price": 41.5,
                        "rule_instance_id": 26750,
                        "version": "v1"
                    }
                ]
            },
            "bags_price": {
                "1": 72.8,
                "2": 282.8
            },
            "baglimit": {
                "hand_dimensions_sum": 118,
                "hand_height": 40,
                "hand_length": 55,
                "hand_weight": 8,
                "hand_width": 23,
                "hold_dimensions_sum": 158,
                "hold_height": 52,
                "hold_length": 78,
                "hold_weight": 23,
                "hold_width": 28,
                "personal_item_dimension_sum": 95,
                "personal_item_height": 30,
                "personal_item_length": 40,
                "personal_item_weight": 8,
                "personal_item_width": 25
            },
            "availability": {
                "seats": 9
            },
            "airlines": [
                "EW"
            ],
            "route": [
                {
                    "id": "0b7717884e3500006a4d0bbb_0",
                    "combination_id": "0b7717884e3500006a4d0bbb",
                    "flyFrom": "BUD",
                    "flyTo": "HAM",
                    "cityFrom": "Budapest",
                    "cityCodeFrom": "BUD",
                    "cityTo": "Hamburg",
                    "cityCodeTo": "HAM",
                    "local_departure": "2024-10-25T20:45:00.000Z",
                    "utc_departure": "2024-10-25T18:45:00.000Z",
                    "local_arrival": "2024-10-25T22:30:00.000Z",
                    "utc_arrival": "2024-10-25T20:30:00.000Z",
                    "airline": "EW",
                    "flight_no": 7783,
                    "operating_carrier": "EW",
                    "operating_flight_no": "7783",
                    "fare_basis": "",
                    "fare_category": "M",
                    "fare_classes": "",
                    "return": 0,
                    "bags_recheck_required": false,
                    "vi_connection": false,
                    "guarantee": false,
                    "equipment": null,
                    "vehicle_type": "aircraft"
                },
                {
                    "id": "17880b774e37000099e68148_0",
                    "combination_id": "17880b774e37000099e68148",
                    "flyFrom": "HAM",
                    "flyTo": "BUD",
                    "cityFrom": "Hamburg",
                    "cityCodeFrom": "HAM",
                    "cityTo": "Budapest",
                    "cityCodeTo": "BUD",
                    "local_departure": "2024-10-27T13:05:00.000Z",
                    "utc_departure": "2024-10-27T12:05:00.000Z",
                    "local_arrival": "2024-10-27T14:50:00.000Z",
                    "utc_arrival": "2024-10-27T13:50:00.000Z",
                    "airline": "EW",
                    "flight_no": 7780,
                    "operating_carrier": "EW",
                    "operating_flight_no": "7780",
                    "fare_basis": "",
                    "fare_category": "M",
                    "fare_classes": "",
                    "return": 1,
                    "bags_recheck_required": false,
                    "vi_connection": false,
                    "guarantee": false,
                    "equipment": null,
                    "vehicle_type": "aircraft"
                }
            ],
            "booking_token": "Hfs6k8v188K_lgl8MdhDLRRdvU81QW0gF6MVSLiZbndUj5qN0mfxpoqNeSQfrAvvaykPW5_1UYBEQRCYHGVY0fk3W8vGN2QaVNbK-fmMvsolXLkqKdPNH9Bh59LCQJWTCLaeHYryaShiSylUEQsWZju9eDfkRx2RvQTLkd0QZLnQjhmTQm4RyCXNTyHxxzWU5wR-6gtu0oeMS3V82TYaUHTaoIDi2zwF2O60GNIk5mh0z3qye49F-3R62KJrflRHDPapSlE2-bBTUHchCzmaBSUZ94jKZks76vEGr9y1RcjkZNGB8xLbNitygigCm499BI6ZTvhaIpchPxNHyw44mx2CAJeP70knXsMTHtI2aGVry_UQpxHoyBSSCCeQk0YabLdpsXQFAuo3PqHbJO9es9SA7zJUtZS2JkVCBkCRH29lvWwlb4O9U_lQ4p8Abw3OOPazk52PHN2QTtMe9S0uxHwLY8hWJIZrs12WPX63ZcLIt4DHh0wC3SFHQXmbAXcpC74SwAx2Ba0-gottNqTPXYEaHfJ9i8ETYNy4hGuuq5W6MMzOzT8fcvqgeXsm9IRmibMUSO6FBt0fl1FI7-RpAL5GUZypqHtWnBwE8MlLGkpaf3qsAhXaAhG4XIwuZ4tXlnz-KnctSOKDxGUD43L2pAoGBDXv-KBd3LFyWTO7TsqzR4bMs3Ek-AXeAThQtFLhAWrJqU-mZyNb05Iu6ndQQF_x5F-WEJslqD5Ml2tVRkCU=",
            "deep_link": "https://www.kiwi.com/deep?affilid=mihalytest&currency=EUR&flightsId=0b7717884e3500006a4d0bbb_0%7C17880b774e37000099e68148_0&from=BUD&lang=en&passengers=1&to=HAM&booking_token=Hfs6k8v188K_lgl8MdhDLRRdvU81QW0gF6MVSLiZbndUj5qN0mfxpoqNeSQfrAvvaykPW5_1UYBEQRCYHGVY0fk3W8vGN2QaVNbK-fmMvsolXLkqKdPNH9Bh59LCQJWTCLaeHYryaShiSylUEQsWZju9eDfkRx2RvQTLkd0QZLnQjhmTQm4RyCXNTyHxxzWU5wR-6gtu0oeMS3V82TYaUHTaoIDi2zwF2O60GNIk5mh0z3qye49F-3R62KJrflRHDPapSlE2-bBTUHchCzmaBSUZ94jKZks76vEGr9y1RcjkZNGB8xLbNitygigCm499BI6ZTvhaIpchPxNHyw44mx2CAJeP70knXsMTHtI2aGVry_UQpxHoyBSSCCeQk0YabLdpsXQFAuo3PqHbJO9es9SA7zJUtZS2JkVCBkCRH29lvWwlb4O9U_lQ4p8Abw3OOPazk52PHN2QTtMe9S0uxHwLY8hWJIZrs12WPX63ZcLIt4DHh0wC3SFHQXmbAXcpC74SwAx2Ba0-gottNqTPXYEaHfJ9i8ETYNy4hGuuq5W6MMzOzT8fcvqgeXsm9IRmibMUSO6FBt0fl1FI7-RpAL5GUZypqHtWnBwE8MlLGkpaf3qsAhXaAhG4XIwuZ4tXlnz-KnctSOKDxGUD43L2pAoGBDXv-KBd3LFyWTO7TsqzR4bMs3Ek-AXeAThQtFLhAWrJqU-mZyNb05Iu6ndQQF_x5F-WEJslqD5Ml2tVRkCU=",
            "facilitated_booking_available": true,
            "pnr_count": 2,
            "has_airport_change": false,
            "technical_stops": 0,
            "throw_away_ticketing": false,
            "hidden_city_ticketing": false,
            "virtual_interlining": false
        },
        {
            "id": "0b7717884e2500000857725e_0|17880b774e2c000072fe2d9d_0",
            "flyFrom": "BUD",
            "flyTo": "HAM",
            "cityFrom": "Budapest",
            "cityCodeFrom": "BUD",
            "cityTo": "Hamburg",
            "cityCodeTo": "HAM",
            "countryFrom": {
                "code": "HU",
                "name": "Hungary"
            },
            "countryTo": {
                "code": "DE",
                "name": "Germany"
            },
            "local_departure": "2024-10-09T20:45:00.000Z",
            "utc_departure": "2024-10-09T18:45:00.000Z",
            "local_arrival": "2024-10-09T22:30:00.000Z",
            "utc_arrival": "2024-10-09T20:30:00.000Z",
            "nightsInDest": 7,
            "quality": 218.333205,
            "distance": 949.98,
            "duration": {
                "departure": 6300,
                "return": 6000,
                "total": 12300
            },
            "price": 167,
            "conversion": {
                "EUR": 167
            },
            "fare": {
                "adults": 167,
                "children": 167,
                "infants": 167
            },
            "fare_locks": {
                "EUR": [
                    {
                        "default": false,
                        "duration": "P1D",
                        "itinerary_price_limit": 367,
                        "itinerary_price_remaining": 167,
                        "fare_lock_kind": "fee",
                        "price": 8.35,
                        "rule_instance_id": 26749,
                        "version": "v1"
                    },
                    {
                        "default": true,
                        "duration": "P3D",
                        "itinerary_price_limit": 367,
                        "itinerary_price_remaining": 167,
                        "fare_lock_kind": "fee",
                        "price": 16.7,
                        "rule_instance_id": 26748,
                        "version": "v1"
                    },
                    {
                        "default": false,
                        "duration": "P7D",
                        "itinerary_price_limit": 367,
                        "itinerary_price_remaining": 167,
                        "fare_lock_kind": "fee",
                        "price": 41.75,
                        "rule_instance_id": 26750,
                        "version": "v1"
                    }
                ]
            },
            "bags_price": {
                "1": 72.8,
                "2": 282.8
            },
            "baglimit": {
                "hand_dimensions_sum": 118,
                "hand_height": 40,
                "hand_length": 55,
                "hand_weight": 8,
                "hand_width": 23,
                "hold_dimensions_sum": 158,
                "hold_height": 52,
                "hold_length": 78,
                "hold_weight": 23,
                "hold_width": 28,
                "personal_item_dimension_sum": 95,
                "personal_item_height": 30,
                "personal_item_length": 40,
                "personal_item_weight": 8,
                "personal_item_width": 25
            },
            "availability": {
                "seats": 8
            },
            "airlines": [
                "EW"
            ],
            "route": [
                {
                    "id": "0b7717884e2500000857725e_0",
                    "combination_id": "0b7717884e2500000857725e",
                    "flyFrom": "BUD",
                    "flyTo": "HAM",
                    "cityFrom": "Budapest",
                    "cityCodeFrom": "BUD",
                    "cityTo": "Hamburg",
                    "cityCodeTo": "HAM",
                    "local_departure": "2024-10-09T20:45:00.000Z",
                    "utc_departure": "2024-10-09T18:45:00.000Z",
                    "local_arrival": "2024-10-09T22:30:00.000Z",
                    "utc_arrival": "2024-10-09T20:30:00.000Z",
                    "airline": "EW",
                    "flight_no": 7783,
                    "operating_carrier": "EW",
                    "operating_flight_no": "7783",
                    "fare_basis": "",
                    "fare_category": "M",
                    "fare_classes": "",
                    "return": 0,
                    "bags_recheck_required": false,
                    "vi_connection": false,
                    "guarantee": false,
                    "equipment": null,
                    "vehicle_type": "aircraft"
                },
                {
                    "id": "17880b774e2c000072fe2d9d_0",
                    "combination_id": "17880b774e2c000072fe2d9d",
                    "flyFrom": "HAM",
                    "flyTo": "BUD",
                    "cityFrom": "Hamburg",
                    "cityCodeFrom": "HAM",
                    "cityTo": "Budapest",
                    "cityCodeTo": "BUD",
                    "local_departure": "2024-10-16T18:25:00.000Z",
                    "utc_departure": "2024-10-16T16:25:00.000Z",
                    "local_arrival": "2024-10-16T20:05:00.000Z",
                    "utc_arrival": "2024-10-16T18:05:00.000Z",
                    "airline": "EW",
                    "flight_no": 7782,
                    "operating_carrier": "EW",
                    "operating_flight_no": "7782",
                    "fare_basis": "",
                    "fare_category": "M",
                    "fare_classes": "",
                    "return": 1,
                    "bags_recheck_required": false,
                    "vi_connection": false,
                    "guarantee": false,
                    "equipment": null,
                    "vehicle_type": "aircraft"
                }
            ],
            "booking_token": "HdgDST42aWYme7FJJY2Pl1fGxaLZ5YI2sJxksaJjvva3COJQKfBrLBFlu-cPvuVBFcUzxIf7WrJFxt4XOGXZOfQlXzeIF6gec-WwgWVCTL2N_vs7pQK5MeH_Rl2dleiYyQ4EunhGSWegqXu1o_vTKjo5mcAVTCMuWDB9hdSvFtLbv3SpXZsLxpJ6a6wSVCR0mBin1IPuZdJdxAketCd_k7tZe9FQKxdkV6J6TV7ywdVgWJCBdnZ9bT_fCQAkmOA3C0X0B6i4sMf95LlF0u9lkRgkv-Kr0Nw3nRNtWFDXqW9kKf_w7vy_25dSja4IDXyS49xhzn7LFV9VIxXMg7nfj2G9gTfYcDFW-zQaDTRAFT3uTBQYR5jLo7Qg-gYIgXH-OUUn7vFvoBkNZl4XOyRxugsPvcmtc7xZ6ctMiUIXm01R65pG4uoOWENitg0rxFk5e1cJydph0mkoGwkX-BELn4GhLebakjKTO4M0lLRQoo6sbXX4Aujq-9OJ9WhEay41pAQdraC0fzbqnHL1q-A5XOpYxth3NeMQogszwV0VEb2Gr-E9Pen96FCXpATbqI3Xb3aFynmC34cnnSkweZiyX70z-q526Thl9_rtksJRUjPJKar-5RJ5-FvRsyFcZfi9J5pLNBJUPhHQiQZfICc7Kjeh9fc9jaUsy_ik4-ZeskOvXRSaZmJ0M9oT6HXfgPbW9",
            "deep_link": "https://www.kiwi.com/deep?affilid=mihalytest&currency=EUR&flightsId=0b7717884e2500000857725e_0%7C17880b774e2c000072fe2d9d_0&from=BUD&lang=en&passengers=1&to=HAM&booking_token=HdgDST42aWYme7FJJY2Pl1fGxaLZ5YI2sJxksaJjvva3COJQKfBrLBFlu-cPvuVBFcUzxIf7WrJFxt4XOGXZOfQlXzeIF6gec-WwgWVCTL2N_vs7pQK5MeH_Rl2dleiYyQ4EunhGSWegqXu1o_vTKjo5mcAVTCMuWDB9hdSvFtLbv3SpXZsLxpJ6a6wSVCR0mBin1IPuZdJdxAketCd_k7tZe9FQKxdkV6J6TV7ywdVgWJCBdnZ9bT_fCQAkmOA3C0X0B6i4sMf95LlF0u9lkRgkv-Kr0Nw3nRNtWFDXqW9kKf_w7vy_25dSja4IDXyS49xhzn7LFV9VIxXMg7nfj2G9gTfYcDFW-zQaDTRAFT3uTBQYR5jLo7Qg-gYIgXH-OUUn7vFvoBkNZl4XOyRxugsPvcmtc7xZ6ctMiUIXm01R65pG4uoOWENitg0rxFk5e1cJydph0mkoGwkX-BELn4GhLebakjKTO4M0lLRQoo6sbXX4Aujq-9OJ9WhEay41pAQdraC0fzbqnHL1q-A5XOpYxth3NeMQogszwV0VEb2Gr-E9Pen96FCXpATbqI3Xb3aFynmC34cnnSkweZiyX70z-q526Thl9_rtksJRUjPJKar-5RJ5-FvRsyFcZfi9J5pLNBJUPhHQiQZfICc7Kjeh9fc9jaUsy_ik4-ZeskOvXRSaZmJ0M9oT6HXfgPbW9",
            "facilitated_booking_available": true,
            "pnr_count": 2,
            "has_airport_change": false,
            "technical_stops": 0,
            "throw_away_ticketing": false,
            "hidden_city_ticketing": false,
            "virtual_interlining": false
        },
        {
            "id": "0b7717884e2500000857725e_0|17880b774e2600000394d350_0",
            "flyFrom": "BUD",
            "flyTo": "HAM",
            "cityFrom": "Budapest",
            "cityCodeFrom": "BUD",
            "cityTo": "Hamburg",
            "cityCodeTo": "HAM",
            "countryFrom": {
                "code": "HU",
                "name": "Hungary"
            },
            "countryTo": {
                "code": "DE",
                "name": "Germany"
            },
            "local_departure": "2024-10-09T20:45:00.000Z",
            "utc_departure": "2024-10-09T18:45:00.000Z",
            "local_arrival": "2024-10-09T22:30:00.000Z",
            "utc_arrival": "2024-10-09T20:30:00.000Z",
            "nightsInDest": 1,
            "quality": 218.333205,
            "distance": 949.98,
            "duration": {
                "departure": 6300,
                "return": 6000,
                "total": 12300
            },
            "price": 167,
            "conversion": {
                "EUR": 167
            },
            "fare": {
                "adults": 167,
                "children": 167,
                "infants": 167
            },
            "fare_locks": {
                "EUR": [
                    {
                        "default": false,
                        "duration": "P1D",
                        "itinerary_price_limit": 367,
                        "itinerary_price_remaining": 167,
                        "fare_lock_kind": "fee",
                        "price": 8.35,
                        "rule_instance_id": 26749,
                        "version": "v1"
                    },
                    {
                        "default": true,
                        "duration": "P3D",
                        "itinerary_price_limit": 367,
                        "itinerary_price_remaining": 167,
                        "fare_lock_kind": "fee",
                        "price": 16.7,
                        "rule_instance_id": 26748,
                        "version": "v1"
                    },
                    {
                        "default": false,
                        "duration": "P7D",
                        "itinerary_price_limit": 367,
                        "itinerary_price_remaining": 167,
                        "fare_lock_kind": "fee",
                        "price": 41.75,
                        "rule_instance_id": 26750,
                        "version": "v1"
                    }
                ]
            },
            "bags_price": {
                "1": 72.8,
                "2": 282.8
            },
            "baglimit": {
                "hand_dimensions_sum": 118,
                "hand_height": 40,
                "hand_length": 55,
                "hand_weight": 8,
                "hand_width": 23,
                "hold_dimensions_sum": 158,
                "hold_height": 52,
                "hold_length": 78,
                "hold_weight": 23,
                "hold_width": 28,
                "personal_item_dimension_sum": 95,
                "personal_item_height": 30,
                "personal_item_length": 40,
                "personal_item_weight": 8,
                "personal_item_width": 25
            },
            "availability": {
                "seats": 9
            },
            "airlines": [
                "EW"
            ],
            "route": [
                {
                    "id": "0b7717884e2500000857725e_0",
                    "combination_id": "0b7717884e2500000857725e",
                    "flyFrom": "BUD",
                    "flyTo": "HAM",
                    "cityFrom": "Budapest",
                    "cityCodeFrom": "BUD",
                    "cityTo": "Hamburg",
                    "cityCodeTo": "HAM",
                    "local_departure": "2024-10-09T20:45:00.000Z",
                    "utc_departure": "2024-10-09T18:45:00.000Z",
                    "local_arrival": "2024-10-09T22:30:00.000Z",
                    "utc_arrival": "2024-10-09T20:30:00.000Z",
                    "airline": "EW",
                    "flight_no": 7783,
                    "operating_carrier": "EW",
                    "operating_flight_no": "7783",
                    "fare_basis": "",
                    "fare_category": "M",
                    "fare_classes": "",
                    "return": 0,
                    "bags_recheck_required": false,
                    "vi_connection": false,
                    "guarantee": false,
                    "equipment": null,
                    "vehicle_type": "aircraft"
                },
                {
                    "id": "17880b774e2600000394d350_0",
                    "combination_id": "17880b774e2600000394d350",
                    "flyFrom": "HAM",
                    "flyTo": "BUD",
                    "cityFrom": "Hamburg",
                    "cityCodeFrom": "HAM",
                    "cityTo": "Budapest",
                    "cityCodeTo": "BUD",
                    "local_departure": "2024-10-10T18:25:00.000Z",
                    "utc_departure": "2024-10-10T16:25:00.000Z",
                    "local_arrival": "2024-10-10T20:05:00.000Z",
                    "utc_arrival": "2024-10-10T18:05:00.000Z",
                    "airline": "EW",
                    "flight_no": 7782,
                    "operating_carrier": "EW",
                    "operating_flight_no": "7782",
                    "fare_basis": "",
                    "fare_category": "M",
                    "fare_classes": "",
                    "return": 1,
                    "bags_recheck_required": false,
                    "vi_connection": false,
                    "guarantee": false,
                    "equipment": null,
                    "vehicle_type": "aircraft"
                }
            ],
            "booking_token": "HrwQ61Em30iINBVDIl0aeWwQJHjxAw09_FsxhoT1awWnKErtnFcQCSXmwne9vf1nB94NY4gT6NKXBc2DSIWOO-2QzUVhdTSrZNMLhbX3KFlGqWHcBI7gX0MyYMBTFyOGha62KglyiIGhvGTPa-dY9UmKLzP9ZXncHQsEl7uoUnEAdHW8my6KFWNXbKsodC35aXRMcqjSGK5w_32hKvSYVvIkk6bevLUwDCTYoXHmQvWtJz9r6oAguVbG9xvcCpSLX1QKTSt021irWEqwdL0icxmhV5FV32EkZ_HyB3PvqpWnfUuGcvkNBA2LLtrIksEfcdP4qOEjxcW94BHoBMReWKheNWSTZMbJXJMrDAx8thUPZQo0Lj77um62R7harWZaiWadfI9sb4m9BWIWW8FGE3kgEHm2FBllTnFqalswM_ovSBt6zkXsfRwmNaGJ2V9KgUG2rms_qPnds_CQUwYvOfc3CQSNsJrJTAJBFg_YEexWt7Q4fX9B_-5MwR4pW5-QEDTA7V58t4QyIkaWZXblvfm8T8Wc7tQHIhoXUft07HAcJy6k46aNKNKQ_P7DKfBY79MwTIM3iFrGL2kBxATn3xAqpzYnhanQTsJfQC3yCqjgE64894-CYVX6U-6mjTRNegfwuqa6A7SZd-Dlou-rdb8zvB28PmsXTfBCj0hcVHTI5sAbg5pGNEhOR8V6IfUWNLG65LnKWxYBijrweOVljMw==",
            "deep_link": "https://www.kiwi.com/deep?affilid=mihalytest&currency=EUR&flightsId=0b7717884e2500000857725e_0%7C17880b774e2600000394d350_0&from=BUD&lang=en&passengers=1&to=HAM&booking_token=HrwQ61Em30iINBVDIl0aeWwQJHjxAw09_FsxhoT1awWnKErtnFcQCSXmwne9vf1nB94NY4gT6NKXBc2DSIWOO-2QzUVhdTSrZNMLhbX3KFlGqWHcBI7gX0MyYMBTFyOGha62KglyiIGhvGTPa-dY9UmKLzP9ZXncHQsEl7uoUnEAdHW8my6KFWNXbKsodC35aXRMcqjSGK5w_32hKvSYVvIkk6bevLUwDCTYoXHmQvWtJz9r6oAguVbG9xvcCpSLX1QKTSt021irWEqwdL0icxmhV5FV32EkZ_HyB3PvqpWnfUuGcvkNBA2LLtrIksEfcdP4qOEjxcW94BHoBMReWKheNWSTZMbJXJMrDAx8thUPZQo0Lj77um62R7harWZaiWadfI9sb4m9BWIWW8FGE3kgEHm2FBllTnFqalswM_ovSBt6zkXsfRwmNaGJ2V9KgUG2rms_qPnds_CQUwYvOfc3CQSNsJrJTAJBFg_YEexWt7Q4fX9B_-5MwR4pW5-QEDTA7V58t4QyIkaWZXblvfm8T8Wc7tQHIhoXUft07HAcJy6k46aNKNKQ_P7DKfBY79MwTIM3iFrGL2kBxATn3xAqpzYnhanQTsJfQC3yCqjgE64894-CYVX6U-6mjTRNegfwuqa6A7SZd-Dlou-rdb8zvB28PmsXTfBCj0hcVHTI5sAbg5pGNEhOR8V6IfUWNLG65LnKWxYBijrweOVljMw==",
            "facilitated_booking_available": true,
            "pnr_count": 2,
            "has_airport_change": false,
            "technical_stops": 0,
            "throw_away_ticketing": false,
            "hidden_city_ticketing": false,
            "virtual_interlining": false
        },
        {
            "id": "0b7717884e460000e36dd2ec_0|17880b774e4d00001e6e395f_0",
            "flyFrom": "BUD",
            "flyTo": "HAM",
            "cityFrom": "Budapest",
            "cityCodeFrom": "BUD",
            "cityTo": "Hamburg",
            "cityCodeTo": "HAM",
            "countryFrom": {
                "code": "HU",
                "name": "Hungary"
            },
            "countryTo": {
                "code": "DE",
                "name": "Germany"
            },
            "local_departure": "2024-11-11T09:15:00.000Z",
            "utc_departure": "2024-11-11T08:15:00.000Z",
            "local_arrival": "2024-11-11T11:05:00.000Z",
            "utc_arrival": "2024-11-11T10:05:00.000Z",
            "nightsInDest": 7,
            "quality": 219.666535,
            "distance": 949.98,
            "duration": {
                "departure": 6600,
                "return": 6300,
                "total": 12900
            },
            "price": 167,
            "conversion": {
                "EUR": 167
            },
            "fare": {
                "adults": 167,
                "children": 167,
                "infants": 167
            },
            "fare_locks": {
                "EUR": [
                    {
                        "default": false,
                        "duration": "P1D",
                        "itinerary_price_limit": 367,
                        "itinerary_price_remaining": 167,
                        "fare_lock_kind": "fee",
                        "price": 8.35,
                        "rule_instance_id": 26749,
                        "version": "v1"
                    },
                    {
                        "default": true,
                        "duration": "P3D",
                        "itinerary_price_limit": 367,
                        "itinerary_price_remaining": 167,
                        "fare_lock_kind": "fee",
                        "price": 16.7,
                        "rule_instance_id": 26748,
                        "version": "v1"
                    },
                    {
                        "default": false,
                        "duration": "P7D",
                        "itinerary_price_limit": 367,
                        "itinerary_price_remaining": 167,
                        "fare_lock_kind": "fee",
                        "price": 41.75,
                        "rule_instance_id": 26750,
                        "version": "v1"
                    }
                ]
            },
            "bags_price": {
                "1": 72.8,
                "2": 282.8
            },
            "baglimit": {
                "hand_dimensions_sum": 118,
                "hand_height": 40,
                "hand_length": 55,
                "hand_weight": 8,
                "hand_width": 23,
                "hold_dimensions_sum": 158,
                "hold_height": 52,
                "hold_length": 78,
                "hold_weight": 23,
                "hold_width": 28,
                "personal_item_dimension_sum": 95,
                "personal_item_height": 30,
                "personal_item_length": 40,
                "personal_item_weight": 8,
                "personal_item_width": 25
            },
            "availability": {
                "seats": 9
            },
            "airlines": [
                "EW"
            ],
            "route": [
                {
                    "id": "0b7717884e460000e36dd2ec_0",
                    "combination_id": "0b7717884e460000e36dd2ec",
                    "flyFrom": "BUD",
                    "flyTo": "HAM",
                    "cityFrom": "Budapest",
                    "cityCodeFrom": "BUD",
                    "cityTo": "Hamburg",
                    "cityCodeTo": "HAM",
                    "local_departure": "2024-11-11T09:15:00.000Z",
                    "utc_departure": "2024-11-11T08:15:00.000Z",
                    "local_arrival": "2024-11-11T11:05:00.000Z",
                    "utc_arrival": "2024-11-11T10:05:00.000Z",
                    "airline": "EW",
                    "flight_no": 7781,
                    "operating_carrier": "EW",
                    "operating_flight_no": "7781",
                    "fare_basis": "",
                    "fare_category": "M",
                    "fare_classes": "",
                    "return": 0,
                    "bags_recheck_required": false,
                    "vi_connection": false,
                    "guarantee": false,
                    "equipment": null,
                    "vehicle_type": "aircraft"
                },
                {
                    "id": "17880b774e4d00001e6e395f_0",
                    "combination_id": "17880b774e4d00001e6e395f",
                    "flyFrom": "HAM",
                    "flyTo": "BUD",
                    "cityFrom": "Hamburg",
                    "cityCodeFrom": "HAM",
                    "cityTo": "Budapest",
                    "cityCodeTo": "BUD",
                    "local_departure": "2024-11-18T06:45:00.000Z",
                    "utc_departure": "2024-11-18T05:45:00.000Z",
                    "local_arrival": "2024-11-18T08:30:00.000Z",
                    "utc_arrival": "2024-11-18T07:30:00.000Z",
                    "airline": "EW",
                    "flight_no": 7780,
                    "operating_carrier": "EW",
                    "operating_flight_no": "7780",
                    "fare_basis": "",
                    "fare_category": "M",
                    "fare_classes": "",
                    "return": 1,
                    "bags_recheck_required": false,
                    "vi_connection": false,
                    "guarantee": false,
                    "equipment": null,
                    "vehicle_type": "aircraft"
                }
            ],
            "booking_token": "HjcuL-pvtY1D8r7UoBusfSj9_cual-QqC8opz4mX90Plhy00u1Bu0_0I0Ez3yotu2MaWRbFNWR4JPsMHvwQUA_96eZDUwzsunxO8LWO9uQrAgF72hRYxlxCe1mLIZEiBlB_EgiHGWv3Vueo1iBEFszQAM4kmO1umkALP_xi80V2afV2JjNcwvw9pO0xSzS26GSAdZBiJfG4peiCqt-jXnnJByYPFOHCmHyDHlxnRkmVyK05JOyxvUtLGPAcK_2najyz-QRsza8LknFFog-DfHpZU29takISJUtgOPK9Wu-F4kwFJrWlTIO206UzXC2F3QpVbY04HjfsPuxl16iVwU1zCWAJXzTwOJO70dnxaTqaiufFfjP73o2P5YwAC0KY88UdEu7A-BqndhEzgpS0CaUkZiwip74oUiEwO_6c7LP5dvdgGtPTGCxSrxsm1o1YGPsCVDRNAM-vFL1Ttv4VpTF1_tFZstWGbAueeGp7E2fviFjK1w8LuROcdBkEsTeg-ZiFewPhGMbvxc9TbScCPpAQJP1EXqJfJJj94hflH0rlaT9PkUFinKegL38RCxG7CBcVICTBQtNHhfmXXnyridbjsoCLEq5PsAlAUftcIjRByhpLrs0ZvuMxZNPg1l1kw9wc200NeuN5Y3TycFEQtpPt5Z7Q8BlzsQtRkqGayS6mOxAHqnm2bfJGYtLdVbrLgG1ja1Qsa9Xfkujhx2hVB_bg==",
            "deep_link": "https://www.kiwi.com/deep?affilid=mihalytest&currency=EUR&flightsId=0b7717884e460000e36dd2ec_0%7C17880b774e4d00001e6e395f_0&from=BUD&lang=en&passengers=1&to=HAM&booking_token=HjcuL-pvtY1D8r7UoBusfSj9_cual-QqC8opz4mX90Plhy00u1Bu0_0I0Ez3yotu2MaWRbFNWR4JPsMHvwQUA_96eZDUwzsunxO8LWO9uQrAgF72hRYxlxCe1mLIZEiBlB_EgiHGWv3Vueo1iBEFszQAM4kmO1umkALP_xi80V2afV2JjNcwvw9pO0xSzS26GSAdZBiJfG4peiCqt-jXnnJByYPFOHCmHyDHlxnRkmVyK05JOyxvUtLGPAcK_2najyz-QRsza8LknFFog-DfHpZU29takISJUtgOPK9Wu-F4kwFJrWlTIO206UzXC2F3QpVbY04HjfsPuxl16iVwU1zCWAJXzTwOJO70dnxaTqaiufFfjP73o2P5YwAC0KY88UdEu7A-BqndhEzgpS0CaUkZiwip74oUiEwO_6c7LP5dvdgGtPTGCxSrxsm1o1YGPsCVDRNAM-vFL1Ttv4VpTF1_tFZstWGbAueeGp7E2fviFjK1w8LuROcdBkEsTeg-ZiFewPhGMbvxc9TbScCPpAQJP1EXqJfJJj94hflH0rlaT9PkUFinKegL38RCxG7CBcVICTBQtNHhfmXXnyridbjsoCLEq5PsAlAUftcIjRByhpLrs0ZvuMxZNPg1l1kw9wc200NeuN5Y3TycFEQtpPt5Z7Q8BlzsQtRkqGayS6mOxAHqnm2bfJGYtLdVbrLgG1ja1Qsa9Xfkujhx2hVB_bg==",
            "facilitated_booking_available": true,
            "pnr_count": 2,
            "has_airport_change": false,
            "technical_stops": 0,
            "throw_away_ticketing": false,
            "hidden_city_ticketing": false,
            "virtual_interlining": false
        },
        {
            "id": "0b7717884e4c0000b8a9ece0_0|178823334e4f0000c8b4ff44_0|23330b774e4f000005e63f24_0",
            "flyFrom": "BUD",
            "flyTo": "HAM",
            "cityFrom": "Budapest",
            "cityCodeFrom": "BUD",
            "cityTo": "Hamburg",
            "cityCodeTo": "HAM",
            "countryFrom": {
                "code": "HU",
                "name": "Hungary"
            },
            "countryTo": {
                "code": "DE",
                "name": "Germany"
            },
            "local_departure": "2024-11-17T15:35:00.000Z",
            "utc_departure": "2024-11-17T14:35:00.000Z",
            "local_arrival": "2024-11-17T17:25:00.000Z",
            "utc_arrival": "2024-11-17T16:25:00.000Z",
            "nightsInDest": 3,
            "quality": 260.999765,
            "distance": 949.98,
            "duration": {
                "departure": 6600,
                "return": 24900,
                "total": 31500
            },
            "price": 167,
            "conversion": {
                "EUR": 167
            },
            "fare": {
                "adults": 167,
                "children": 167,
                "infants": 167
            },
            "fare_locks": {
                "EUR": [
                    {
                        "default": false,
                        "duration": "P1D",
                        "itinerary_price_limit": 367,
                        "itinerary_price_remaining": 167,
                        "fare_lock_kind": "fee",
                        "price": 8.35,
                        "rule_instance_id": 26749,
                        "version": "v1"
                    },
                    {
                        "default": true,
                        "duration": "P3D",
                        "itinerary_price_limit": 367,
                        "itinerary_price_remaining": 167,
                        "fare_lock_kind": "fee",
                        "price": 16.7,
                        "rule_instance_id": 26748,
                        "version": "v1"
                    },
                    {
                        "default": false,
                        "duration": "P7D",
                        "itinerary_price_limit": 367,
                        "itinerary_price_remaining": 167,
                        "fare_lock_kind": "fee",
                        "price": 41.75,
                        "rule_instance_id": 26750,
                        "version": "v1"
                    }
                ]
            },
            "bags_price": {
                "1": 176.568,
                "2": 421.736
            },
            "baglimit": {
                "hand_dimensions_sum": 118,
                "hand_height": 40,
                "hand_length": 55,
                "hand_weight": 8,
                "hand_width": 23,
                "hold_dimensions_sum": 158,
                "hold_height": 52,
                "hold_length": 78,
                "hold_weight": 20,
                "hold_width": 28,
                "personal_item_dimension_sum": 90,
                "personal_item_height": 30,
                "personal_item_length": 40,
                "personal_item_weight": 8,
                "personal_item_width": 20
            },
            "availability": {
                "seats": 3
            },
            "airlines": [
                "EW",
                "W4",
                "W6"
            ],
            "route": [
                {
                    "id": "0b7717884e4c0000b8a9ece0_0",
                    "combination_id": "0b7717884e4c0000b8a9ece0",
                    "flyFrom": "BUD",
                    "flyTo": "HAM",
                    "cityFrom": "Budapest",
                    "cityCodeFrom": "BUD",
                    "cityTo": "Hamburg",
                    "cityCodeTo": "HAM",
                    "local_departure": "2024-11-17T15:35:00.000Z",
                    "utc_departure": "2024-11-17T14:35:00.000Z",
                    "local_arrival": "2024-11-17T17:25:00.000Z",
                    "utc_arrival": "2024-11-17T16:25:00.000Z",
                    "airline": "EW",
                    "flight_no": 7781,
                    "operating_carrier": "EW",
                    "operating_flight_no": "7781",
                    "fare_basis": "",
                    "fare_category": "M",
                    "fare_classes": "K",
                    "return": 0,
                    "bags_recheck_required": false,
                    "vi_connection": false,
                    "guarantee": false,
                    "equipment": null,
                    "vehicle_type": "aircraft"
                },
                {
                    "id": "178823334e4f0000c8b4ff44_0",
                    "combination_id": "178823334e4f0000c8b4ff44",
                    "flyFrom": "HAM",
                    "flyTo": "TIA",
                    "cityFrom": "Hamburg",
                    "cityCodeFrom": "HAM",
                    "cityTo": "Tirana",
                    "cityCodeTo": "TIA",
                    "local_departure": "2024-11-20T16:15:00.000Z",
                    "utc_departure": "2024-11-20T15:15:00.000Z",
                    "local_arrival": "2024-11-20T18:45:00.000Z",
                    "utc_arrival": "2024-11-20T17:45:00.000Z",
                    "airline": "W4",
                    "flight_no": 5108,
                    "operating_carrier": "",
                    "operating_flight_no": "",
                    "fare_basis": "",
                    "fare_category": "M",
                    "fare_classes": "",
                    "return": 1,
                    "bags_recheck_required": false,
                    "vi_connection": false,
                    "guarantee": false,
                    "equipment": null,
                    "vehicle_type": "aircraft"
                },
                {
                    "id": "23330b774e4f000005e63f24_0",
                    "combination_id": "23330b774e4f000005e63f24",
                    "flyFrom": "TIA",
                    "flyTo": "BUD",
                    "cityFrom": "Tirana",
                    "cityCodeFrom": "TIA",
                    "cityTo": "Budapest",
                    "cityCodeTo": "BUD",
                    "local_departure": "2024-11-20T21:35:00.000Z",
                    "utc_departure": "2024-11-20T20:35:00.000Z",
                    "local_arrival": "2024-11-20T23:10:00.000Z",
                    "utc_arrival": "2024-11-20T22:10:00.000Z",
                    "airline": "W6",
                    "flight_no": 2234,
                    "operating_carrier": "",
                    "operating_flight_no": "",
                    "fare_basis": "",
                    "fare_category": "M",
                    "fare_classes": "",
                    "return": 1,
                    "bags_recheck_required": true,
                    "vi_connection": true,
                    "guarantee": true,
                    "equipment": null,
                    "vehicle_type": "aircraft"
                }
            ],
            "booking_token": "Hx6rXWjSikB9GI5K2yYA7jd9zAtPbBoYkK8AK3EFf4JemUajfnXeGn1IniHpRR5FwSbQgEmCnkc9cfVAnTwhraxH74Pi4fEzPPxccPBLajBbF298nYD_zWI53Z0Mx9r0s_OVkfltCM5WufdeqZXY0w9kJRIRysaTryUfvYzot5aYlRlipG9Xo21ZVQRL0aLeqKEYVsOhHnA-TVYOsc_SmxmLn24HYbK-Sw0SI9CHRFG9XSpmwM4Xhb3y9vmy487TDT6_QWW2Pv_eTcKXvRA6_utPxuEV1QLqn4xpHxarX_P7tf7NhTIuxnHhI5xeRoyOU8cFydZhGRi5RkiLoE9mT2fJF49OQbQQjJ5h98-PMfP5OwToZKVKCH2ZUCyhrdZNSpXkoHo8tGA6rIzR1Sl1zlAFd4e4Q_vI7WIa-6INjAm_SMAQQbaev6p4DwYoMZZseTM3PTMsN3YHGt9MocEWCV6RXwFM4SZFzB-YvYptDSecKHLDrmkfRe-8TwlgtCOlu8kaofOFlbeX-1dBKyhKFYsT1z6rHslsyE8i4NfW9SXQ0IXQY-gygslgGHrn9HG_jXcaC5jkqIfTd9CLYoFBWTkIbLxJ_c6Hf0bGi2A8wce73ewHL5OniRFPnle2Mkww186ldi3s4XLcEUB0mERlaPMafC91fZ7oeZx07Ae_7j9_KpcAPtzVvL86c5sJmQriGmoXZrBKWeLM6swARHkToDn4m5cQEV8FWgzXy3gW_qhg2iKg8z1WADAfrVTydHkoMIaR8X0WllFRgGxQMrhQivXxTr3ZQh8I1RxwbiNOhBe8=",
            "deep_link": "https://www.kiwi.com/deep?affilid=mihalytest&currency=EUR&flightsId=0b7717884e4c0000b8a9ece0_0%7C178823334e4f0000c8b4ff44_0%7C23330b774e4f000005e63f24_0&from=BUD&lang=en&passengers=1&to=HAM&booking_token=Hx6rXWjSikB9GI5K2yYA7jd9zAtPbBoYkK8AK3EFf4JemUajfnXeGn1IniHpRR5FwSbQgEmCnkc9cfVAnTwhraxH74Pi4fEzPPxccPBLajBbF298nYD_zWI53Z0Mx9r0s_OVkfltCM5WufdeqZXY0w9kJRIRysaTryUfvYzot5aYlRlipG9Xo21ZVQRL0aLeqKEYVsOhHnA-TVYOsc_SmxmLn24HYbK-Sw0SI9CHRFG9XSpmwM4Xhb3y9vmy487TDT6_QWW2Pv_eTcKXvRA6_utPxuEV1QLqn4xpHxarX_P7tf7NhTIuxnHhI5xeRoyOU8cFydZhGRi5RkiLoE9mT2fJF49OQbQQjJ5h98-PMfP5OwToZKVKCH2ZUCyhrdZNSpXkoHo8tGA6rIzR1Sl1zlAFd4e4Q_vI7WIa-6INjAm_SMAQQbaev6p4DwYoMZZseTM3PTMsN3YHGt9MocEWCV6RXwFM4SZFzB-YvYptDSecKHLDrmkfRe-8TwlgtCOlu8kaofOFlbeX-1dBKyhKFYsT1z6rHslsyE8i4NfW9SXQ0IXQY-gygslgGHrn9HG_jXcaC5jkqIfTd9CLYoFBWTkIbLxJ_c6Hf0bGi2A8wce73ewHL5OniRFPnle2Mkww186ldi3s4XLcEUB0mERlaPMafC91fZ7oeZx07Ae_7j9_KpcAPtzVvL86c5sJmQriGmoXZrBKWeLM6swARHkToDn4m5cQEV8FWgzXy3gW_qhg2iKg8z1WADAfrVTydHkoMIaR8X0WllFRgGxQMrhQivXxTr3ZQh8I1RxwbiNOhBe8=",
            "facilitated_booking_available": false,
            "pnr_count": 3,
            "has_airport_change": false,
            "technical_stops": 0,
            "throw_away_ticketing": false,
            "hidden_city_ticketing": false,
            "virtual_interlining": true
        },
        {
            "id": "0b7717884e2000007d4f9259_0|17880b774e2300001b33de58_0",
            "flyFrom": "BUD",
            "flyTo": "HAM",
            "cityFrom": "Budapest",
            "cityCodeFrom": "BUD",
            "cityTo": "Hamburg",
            "cityCodeTo": "HAM",
            "countryFrom": {
                "code": "HU",
                "name": "Hungary"
            },
            "countryTo": {
                "code": "DE",
                "name": "Germany"
            },
            "local_departure": "2024-10-04T20:45:00.000Z",
            "utc_departure": "2024-10-04T18:45:00.000Z",
            "local_arrival": "2024-10-04T22:30:00.000Z",
            "utc_arrival": "2024-10-04T20:30:00.000Z",
            "nightsInDest": 3,
            "quality": 219.333205,
            "distance": 949.98,
            "duration": {
                "departure": 6300,
                "return": 6000,
                "total": 12300
            },
            "price": 168,
            "conversion": {
                "EUR": 168
            },
            "fare": {
                "adults": 168,
                "children": 168,
                "infants": 168
            },
            "fare_locks": {
                "EUR": [
                    {
                        "default": false,
                        "duration": "P1D",
                        "itinerary_price_limit": 368,
                        "itinerary_price_remaining": 168,
                        "fare_lock_kind": "fee",
                        "price": 8.4,
                        "rule_instance_id": 26749,
                        "version": "v1"
                    },
                    {
                        "default": true,
                        "duration": "P3D",
                        "itinerary_price_limit": 368,
                        "itinerary_price_remaining": 168,
                        "fare_lock_kind": "fee",
                        "price": 16.8,
                        "rule_instance_id": 26748,
                        "version": "v1"
                    },
                    {
                        "default": false,
                        "duration": "P7D",
                        "itinerary_price_limit": 368,
                        "itinerary_price_remaining": 168,
                        "fare_lock_kind": "fee",
                        "price": 42,
                        "rule_instance_id": 26750,
                        "version": "v1"
                    }
                ]
            },
            "bags_price": {
                "1": 72.8,
                "2": 282.8
            },
            "baglimit": {
                "hand_dimensions_sum": 118,
                "hand_height": 40,
                "hand_length": 55,
                "hand_weight": 8,
                "hand_width": 23,
                "hold_dimensions_sum": 158,
                "hold_height": 52,
                "hold_length": 78,
                "hold_weight": 23,
                "hold_width": 28,
                "personal_item_dimension_sum": 95,
                "personal_item_height": 30,
                "personal_item_length": 40,
                "personal_item_weight": 8,
                "personal_item_width": 25
            },
            "availability": {
                "seats": 2
            },
            "airlines": [
                "EW"
            ],
            "route": [
                {
                    "id": "0b7717884e2000007d4f9259_0",
                    "combination_id": "0b7717884e2000007d4f9259",
                    "flyFrom": "BUD",
                    "flyTo": "HAM",
                    "cityFrom": "Budapest",
                    "cityCodeFrom": "BUD",
                    "cityTo": "Hamburg",
                    "cityCodeTo": "HAM",
                    "local_departure": "2024-10-04T20:45:00.000Z",
                    "utc_departure": "2024-10-04T18:45:00.000Z",
                    "local_arrival": "2024-10-04T22:30:00.000Z",
                    "utc_arrival": "2024-10-04T20:30:00.000Z",
                    "airline": "EW",
                    "flight_no": 7783,
                    "operating_carrier": "EW",
                    "operating_flight_no": "7783",
                    "fare_basis": "",
                    "fare_category": "M",
                    "fare_classes": "T",
                    "return": 0,
                    "bags_recheck_required": false,
                    "vi_connection": false,
                    "guarantee": false,
                    "equipment": null,
                    "vehicle_type": "aircraft"
                },
                {
                    "id": "17880b774e2300001b33de58_0",
                    "combination_id": "17880b774e2300001b33de58",
                    "flyFrom": "HAM",
                    "flyTo": "BUD",
                    "cityFrom": "Hamburg",
                    "cityCodeFrom": "HAM",
                    "cityTo": "Budapest",
                    "cityCodeTo": "BUD",
                    "local_departure": "2024-10-07T11:30:00.000Z",
                    "utc_departure": "2024-10-07T09:30:00.000Z",
                    "local_arrival": "2024-10-07T13:10:00.000Z",
                    "utc_arrival": "2024-10-07T11:10:00.000Z",
                    "airline": "EW",
                    "flight_no": 7784,
                    "operating_carrier": "EW",
                    "operating_flight_no": "7784",
                    "fare_basis": "",
                    "fare_category": "M",
                    "fare_classes": "",
                    "return": 1,
                    "bags_recheck_required": false,
                    "vi_connection": false,
                    "guarantee": false,
                    "equipment": null,
                    "vehicle_type": "aircraft"
                }
            ],
            "booking_token": "Hedej69bD2aTc5KHCQre8xyw0AhXvpl-rezIfXjBOPHoWOdxEE40pRAVNGfCz7ZMTbHRQXhyDXQlJ9jPfKUANleQpBlWPnV3MCAp-Nvl5PxhZyMplJp-iRCt7dCigZYqpr_J5niAF8JaX1SDu4tBfqPh_dHX0j04mnJ_cTR2B_wyvaEJGFBp74fMd8s1hVjwpGMyTJJO69-W7IRqqcHBWFt9YAJTuNHCNA1SXYwg5nsz-Jku1v7Nje5uRNN0PpU3DbIfDlsZ440Q1ONDzmJZP-wjYAe_OCEjOA9svkzZMIO4NFehDCONxBlRdaSk5_FyDbW9F5FZJUdQdUAQ8Bef3JXbx5YWcfkwPdfZTs-WUoxTa6437WNm_lKqNKPdH3atl16eqjzLJQQRIGf5hXugUV4X77aNg0GpQp87clNI7B91Ejx1RUb_8U8loO-En5wK3yAe2zibUYpCc1UAKD2x3jmT-L44iwTGAPfQ_5RZC9kW-T9V4o2V0H3FVFTZTMwgX87csBZbSQdXByKNqC2-GadSeS4oO4EekpKrDsjfOfjI07eq1m2IoTDvAqqFutkDFGHwtJXrPMpRVxFot2Fk5OTaGRa-kz60adrqDo1T5Ny88nZtozq_mdnQtkw2Tg0drjjYS9eg0uF7cOze3BDFIqfSR5DBZrbYp6Yz2zaLR8XJUXld-_LHXYw_U4FLWUNAem2qIAIQ4TM7v6UjOYyBXFg==",
            "deep_link": "https://www.kiwi.com/deep?affilid=mihalytest&currency=EUR&flightsId=0b7717884e2000007d4f9259_0%7C17880b774e2300001b33de58_0&from=BUD&lang=en&passengers=1&to=HAM&booking_token=Hedej69bD2aTc5KHCQre8xyw0AhXvpl-rezIfXjBOPHoWOdxEE40pRAVNGfCz7ZMTbHRQXhyDXQlJ9jPfKUANleQpBlWPnV3MCAp-Nvl5PxhZyMplJp-iRCt7dCigZYqpr_J5niAF8JaX1SDu4tBfqPh_dHX0j04mnJ_cTR2B_wyvaEJGFBp74fMd8s1hVjwpGMyTJJO69-W7IRqqcHBWFt9YAJTuNHCNA1SXYwg5nsz-Jku1v7Nje5uRNN0PpU3DbIfDlsZ440Q1ONDzmJZP-wjYAe_OCEjOA9svkzZMIO4NFehDCONxBlRdaSk5_FyDbW9F5FZJUdQdUAQ8Bef3JXbx5YWcfkwPdfZTs-WUoxTa6437WNm_lKqNKPdH3atl16eqjzLJQQRIGf5hXugUV4X77aNg0GpQp87clNI7B91Ejx1RUb_8U8loO-En5wK3yAe2zibUYpCc1UAKD2x3jmT-L44iwTGAPfQ_5RZC9kW-T9V4o2V0H3FVFTZTMwgX87csBZbSQdXByKNqC2-GadSeS4oO4EekpKrDsjfOfjI07eq1m2IoTDvAqqFutkDFGHwtJXrPMpRVxFot2Fk5OTaGRa-kz60adrqDo1T5Ny88nZtozq_mdnQtkw2Tg0drjjYS9eg0uF7cOze3BDFIqfSR5DBZrbYp6Yz2zaLR8XJUXld-_LHXYw_U4FLWUNAem2qIAIQ4TM7v6UjOYyBXFg==",
            "facilitated_booking_available": true,
            "pnr_count": 2,
            "has_airport_change": false,
            "technical_stops": 0,
            "throw_away_ticketing": false,
            "hidden_city_ticketing": false,
            "virtual_interlining": false
        },
        {
            "id": "0b7717884e1c00003182f6ec_0|17880b774e2300001b33de58_0",
            "flyFrom": "BUD",
            "flyTo": "HAM",
            "cityFrom": "Budapest",
            "cityCodeFrom": "BUD",
            "cityTo": "Hamburg",
            "cityCodeTo": "HAM",
            "countryFrom": {
                "code": "HU",
                "name": "Hungary"
            },
            "countryTo": {
                "code": "DE",
                "name": "Germany"
            },
            "local_departure": "2024-09-30T13:55:00.000Z",
            "utc_departure": "2024-09-30T11:55:00.000Z",
            "local_arrival": "2024-09-30T15:40:00.000Z",
            "utc_arrival": "2024-09-30T13:40:00.000Z",
            "nightsInDest": 7,
            "quality": 219.333205,
            "distance": 949.98,
            "duration": {
                "departure": 6300,
                "return": 6000,
                "total": 12300
            },
            "price": 168,
            "conversion": {
                "EUR": 168
            },
            "fare": {
                "adults": 168,
                "children": 168,
                "infants": 168
            },
            "fare_locks": {
                "EUR": [
                    {
                        "default": false,
                        "duration": "P1D",
                        "itinerary_price_limit": 368,
                        "itinerary_price_remaining": 168,
                        "fare_lock_kind": "fee",
                        "price": 8.4,
                        "rule_instance_id": 26749,
                        "version": "v1"
                    },
                    {
                        "default": true,
                        "duration": "P3D",
                        "itinerary_price_limit": 368,
                        "itinerary_price_remaining": 168,
                        "fare_lock_kind": "fee",
                        "price": 16.8,
                        "rule_instance_id": 26748,
                        "version": "v1"
                    },
                    {
                        "default": false,
                        "duration": "P7D",
                        "itinerary_price_limit": 368,
                        "itinerary_price_remaining": 168,
                        "fare_lock_kind": "fee",
                        "price": 42,
                        "rule_instance_id": 26750,
                        "version": "v1"
                    }
                ]
            },
            "bags_price": {
                "1": 72.8,
                "2": 282.8
            },
            "baglimit": {
                "hand_dimensions_sum": 118,
                "hand_height": 40,
                "hand_length": 55,
                "hand_weight": 8,
                "hand_width": 23,
                "hold_dimensions_sum": 158,
                "hold_height": 52,
                "hold_length": 78,
                "hold_weight": 23,
                "hold_width": 28,
                "personal_item_dimension_sum": 95,
                "personal_item_height": 30,
                "personal_item_length": 40,
                "personal_item_weight": 8,
                "personal_item_width": 25
            },
            "availability": {
                "seats": 1
            },
            "airlines": [
                "EW"
            ],
            "route": [
                {
                    "id": "0b7717884e1c00003182f6ec_0",
                    "combination_id": "0b7717884e1c00003182f6ec",
                    "flyFrom": "BUD",
                    "flyTo": "HAM",
                    "cityFrom": "Budapest",
                    "cityCodeFrom": "BUD",
                    "cityTo": "Hamburg",
                    "cityCodeTo": "HAM",
                    "local_departure": "2024-09-30T13:55:00.000Z",
                    "utc_departure": "2024-09-30T11:55:00.000Z",
                    "local_arrival": "2024-09-30T15:40:00.000Z",
                    "utc_arrival": "2024-09-30T13:40:00.000Z",
                    "airline": "EW",
                    "flight_no": 7785,
                    "operating_carrier": "EW",
                    "operating_flight_no": "7785",
                    "fare_basis": "",
                    "fare_category": "M",
                    "fare_classes": "T",
                    "return": 0,
                    "bags_recheck_required": false,
                    "vi_connection": false,
                    "guarantee": false,
                    "equipment": null,
                    "vehicle_type": "aircraft"
                },
                {
                    "id": "17880b774e2300001b33de58_0",
                    "combination_id": "17880b774e2300001b33de58",
                    "flyFrom": "HAM",
                    "flyTo": "BUD",
                    "cityFrom": "Hamburg",
                    "cityCodeFrom": "HAM",
                    "cityTo": "Budapest",
                    "cityCodeTo": "BUD",
                    "local_departure": "2024-10-07T11:30:00.000Z",
                    "utc_departure": "2024-10-07T09:30:00.000Z",
                    "local_arrival": "2024-10-07T13:10:00.000Z",
                    "utc_arrival": "2024-10-07T11:10:00.000Z",
                    "airline": "EW",
                    "flight_no": 7784,
                    "operating_carrier": "EW",
                    "operating_flight_no": "7784",
                    "fare_basis": "",
                    "fare_category": "M",
                    "fare_classes": "",
                    "return": 1,
                    "bags_recheck_required": false,
                    "vi_connection": false,
                    "guarantee": false,
                    "equipment": null,
                    "vehicle_type": "aircraft"
                }
            ],
            "booking_token": "HlWXmeUPF71CGMUZDDhH8eE_Rmzd-PN3-oZK4lSszH5cR_gFihQV2AmaG6UfZgQFN-puhg56caxSrvSW9_ncoHODQCltdA4D6Cn3LjzeAIfZ3Owl25nO6_jEZQfurRt7kgDYthdGcYQppSVKhnyrBhqBE101OERF8pqVrDMhRNBOppUJ7e-fZ3yd0TYYazJFC_uarMbSrckilzuvp4pHbq-NXNpl5EVifMbOisObMOs9ZcsR3dw6T7HwIxercSP43wQcofDuKn2PyR3ILruxoSEV-tNpUp_Ho5uLEyN-mXgmjCCOyIPs3-F7DGqlAJaft097HzWM3uPCInRmwxJ43n4B-b8ubQHbVAHVwi59GuH3z0QZV73aA1iFjyKjqo9strV6EpOkgqdbH5IPIS5jK_6BdcsC--zp-QfDSLyzkDPMYQijCUR_xFjGOotbkFGgTM51VxxgUjFu7q2jo_KinNavLC7HBLv7OreVtvFmuuZhBSwKkOB3iPt1p5s2tAxMUHweQdaDs7omsRkCtkRcx346zJ-69iqX7UbTnc6LF7Ro1Q8IlPvj4ZuhvpDH3mcvJhsbSpiLHTYlHA6tbFy60rik2p1NhbtfJrY2ALlZMS0xMd6vDxtewbVOBgrGbeLFsugZ3-ZqfbVfXjEyWFLFs3c-3pLOJC8auL9G7Wy9cYKcqXN0y9tMFo1R4oVLr8Vfj",
            "deep_link": "https://www.kiwi.com/deep?affilid=mihalytest&currency=EUR&flightsId=0b7717884e1c00003182f6ec_0%7C17880b774e2300001b33de58_0&from=BUD&lang=en&passengers=1&to=HAM&booking_token=HlWXmeUPF71CGMUZDDhH8eE_Rmzd-PN3-oZK4lSszH5cR_gFihQV2AmaG6UfZgQFN-puhg56caxSrvSW9_ncoHODQCltdA4D6Cn3LjzeAIfZ3Owl25nO6_jEZQfurRt7kgDYthdGcYQppSVKhnyrBhqBE101OERF8pqVrDMhRNBOppUJ7e-fZ3yd0TYYazJFC_uarMbSrckilzuvp4pHbq-NXNpl5EVifMbOisObMOs9ZcsR3dw6T7HwIxercSP43wQcofDuKn2PyR3ILruxoSEV-tNpUp_Ho5uLEyN-mXgmjCCOyIPs3-F7DGqlAJaft097HzWM3uPCInRmwxJ43n4B-b8ubQHbVAHVwi59GuH3z0QZV73aA1iFjyKjqo9strV6EpOkgqdbH5IPIS5jK_6BdcsC--zp-QfDSLyzkDPMYQijCUR_xFjGOotbkFGgTM51VxxgUjFu7q2jo_KinNavLC7HBLv7OreVtvFmuuZhBSwKkOB3iPt1p5s2tAxMUHweQdaDs7omsRkCtkRcx346zJ-69iqX7UbTnc6LF7Ro1Q8IlPvj4ZuhvpDH3mcvJhsbSpiLHTYlHA6tbFy60rik2p1NhbtfJrY2ALlZMS0xMd6vDxtewbVOBgrGbeLFsugZ3-ZqfbVfXjEyWFLFs3c-3pLOJC8auL9G7Wy9cYKcqXN0y9tMFo1R4oVLr8Vfj",
            "facilitated_booking_available": true,
            "pnr_count": 2,
            "has_airport_change": false,
            "technical_stops": 0,
            "throw_away_ticketing": false,
            "hidden_city_ticketing": false,
            "virtual_interlining": false
        },
        {
            "id": "0b7717884e1e000097a956e4_0|17880b774e2300001b33de58_0",
            "flyFrom": "BUD",
            "flyTo": "HAM",
            "cityFrom": "Budapest",
            "cityCodeFrom": "BUD",
            "cityTo": "Hamburg",
            "cityCodeTo": "HAM",
            "countryFrom": {
                "code": "HU",
                "name": "Hungary"
            },
            "countryTo": {
                "code": "DE",
                "name": "Germany"
            },
            "local_departure": "2024-10-02T20:45:00.000Z",
            "utc_departure": "2024-10-02T18:45:00.000Z",
            "local_arrival": "2024-10-02T22:30:00.000Z",
            "utc_arrival": "2024-10-02T20:30:00.000Z",
            "nightsInDest": 5,
            "quality": 219.333205,
            "distance": 949.98,
            "duration": {
                "departure": 6300,
                "return": 6000,
                "total": 12300
            },
            "price": 168,
            "conversion": {
                "EUR": 168
            },
            "fare": {
                "adults": 168,
                "children": 168,
                "infants": 168
            },
            "fare_locks": {
                "EUR": [
                    {
                        "default": false,
                        "duration": "P1D",
                        "itinerary_price_limit": 368,
                        "itinerary_price_remaining": 168,
                        "fare_lock_kind": "fee",
                        "price": 8.4,
                        "rule_instance_id": 26749,
                        "version": "v1"
                    },
                    {
                        "default": true,
                        "duration": "P3D",
                        "itinerary_price_limit": 368,
                        "itinerary_price_remaining": 168,
                        "fare_lock_kind": "fee",
                        "price": 16.8,
                        "rule_instance_id": 26748,
                        "version": "v1"
                    },
                    {
                        "default": false,
                        "duration": "P7D",
                        "itinerary_price_limit": 368,
                        "itinerary_price_remaining": 168,
                        "fare_lock_kind": "fee",
                        "price": 42,
                        "rule_instance_id": 26750,
                        "version": "v1"
                    }
                ]
            },
            "bags_price": {
                "1": 72.8,
                "2": 282.8
            },
            "baglimit": {
                "hand_dimensions_sum": 118,
                "hand_height": 40,
                "hand_length": 55,
                "hand_weight": 8,
                "hand_width": 23,
                "hold_dimensions_sum": 158,
                "hold_height": 52,
                "hold_length": 78,
                "hold_weight": 23,
                "hold_width": 28,
                "personal_item_dimension_sum": 95,
                "personal_item_height": 30,
                "personal_item_length": 40,
                "personal_item_weight": 8,
                "personal_item_width": 25
            },
            "availability": {
                "seats": 6
            },
            "airlines": [
                "EW"
            ],
            "route": [
                {
                    "id": "0b7717884e1e000097a956e4_0",
                    "combination_id": "0b7717884e1e000097a956e4",
                    "flyFrom": "BUD",
                    "flyTo": "HAM",
                    "cityFrom": "Budapest",
                    "cityCodeFrom": "BUD",
                    "cityTo": "Hamburg",
                    "cityCodeTo": "HAM",
                    "local_departure": "2024-10-02T20:45:00.000Z",
                    "utc_departure": "2024-10-02T18:45:00.000Z",
                    "local_arrival": "2024-10-02T22:30:00.000Z",
                    "utc_arrival": "2024-10-02T20:30:00.000Z",
                    "airline": "EW",
                    "flight_no": 7783,
                    "operating_carrier": "EW",
                    "operating_flight_no": "7783",
                    "fare_basis": "",
                    "fare_category": "M",
                    "fare_classes": "",
                    "return": 0,
                    "bags_recheck_required": false,
                    "vi_connection": false,
                    "guarantee": false,
                    "equipment": null,
                    "vehicle_type": "aircraft"
                },
                {
                    "id": "17880b774e2300001b33de58_0",
                    "combination_id": "17880b774e2300001b33de58",
                    "flyFrom": "HAM",
                    "flyTo": "BUD",
                    "cityFrom": "Hamburg",
                    "cityCodeFrom": "HAM",
                    "cityTo": "Budapest",
                    "cityCodeTo": "BUD",
                    "local_departure": "2024-10-07T11:30:00.000Z",
                    "utc_departure": "2024-10-07T09:30:00.000Z",
                    "local_arrival": "2024-10-07T13:10:00.000Z",
                    "utc_arrival": "2024-10-07T11:10:00.000Z",
                    "airline": "EW",
                    "flight_no": 7784,
                    "operating_carrier": "EW",
                    "operating_flight_no": "7784",
                    "fare_basis": "",
                    "fare_category": "M",
                    "fare_classes": "",
                    "return": 1,
                    "bags_recheck_required": false,
                    "vi_connection": false,
                    "guarantee": false,
                    "equipment": null,
                    "vehicle_type": "aircraft"
                }
            ],
            "booking_token": "HptaPUaKaQMp3tOcQeUjFhaVW9FuFeIsouSmKzhyZyGpCyAU7AQu_TyWvnH6fPIBvSy2oVRR-YimHHBNGcKwsZF8uodRE14Kw_TKy2ojYAPtNfqi9SFuROiBssyZCFTip7WmdR3ETGvbGHSuyZx6HYROH4T24DcMg9oMvcLNjH-QMiiNxJ44-FsmkX_CNMSxgsV2WCU0OnQdPUxwPYPg6l-MiXzuJedj_XEdm057BnStFYmzD7A5WuM3LEKfVbxU79vQWAq3m7I8NR6JNbSCGbRVWcdXpJC_fliAb_8JCM4yA6RuDfNNuBaDfOCaHJ7FkNB0m19EMG_WByK7YfW-QjzbZsXCqPub_d7-p--bA9HqqlMLUdzX48sdGfPs53FyCXCE0IA8m19eFNjxkBzIeJ37vG-Xdw7SmDww0I4lB4TORkW1TYF2tPCfHlB-TEDT7laPflyZJ9vvelV3yPvGkVvqOrUEIYtwA58quOx_s9BcTwS239ES17knRQWbvSld7Zu5uaEsB1UaaMFQ35gOabNyzLKfLXb26Oz88OZMB0RvMSL5YlM6EdUAOM9FpzB4fybPr_HFvSUnF5hHi9jcFngIKAulJDdWXUfcqblhYun7jB1pOVgIBxzjFuGpaPqkLen8QaJNCQ-8Sz-Fm6QL0mq57w9zJDzJh8mYwKPPf_UWrJXkwhmO2bq9shVuVFYpq",
            "deep_link": "https://www.kiwi.com/deep?affilid=mihalytest&currency=EUR&flightsId=0b7717884e1e000097a956e4_0%7C17880b774e2300001b33de58_0&from=BUD&lang=en&passengers=1&to=HAM&booking_token=HptaPUaKaQMp3tOcQeUjFhaVW9FuFeIsouSmKzhyZyGpCyAU7AQu_TyWvnH6fPIBvSy2oVRR-YimHHBNGcKwsZF8uodRE14Kw_TKy2ojYAPtNfqi9SFuROiBssyZCFTip7WmdR3ETGvbGHSuyZx6HYROH4T24DcMg9oMvcLNjH-QMiiNxJ44-FsmkX_CNMSxgsV2WCU0OnQdPUxwPYPg6l-MiXzuJedj_XEdm057BnStFYmzD7A5WuM3LEKfVbxU79vQWAq3m7I8NR6JNbSCGbRVWcdXpJC_fliAb_8JCM4yA6RuDfNNuBaDfOCaHJ7FkNB0m19EMG_WByK7YfW-QjzbZsXCqPub_d7-p--bA9HqqlMLUdzX48sdGfPs53FyCXCE0IA8m19eFNjxkBzIeJ37vG-Xdw7SmDww0I4lB4TORkW1TYF2tPCfHlB-TEDT7laPflyZJ9vvelV3yPvGkVvqOrUEIYtwA58quOx_s9BcTwS239ES17knRQWbvSld7Zu5uaEsB1UaaMFQ35gOabNyzLKfLXb26Oz88OZMB0RvMSL5YlM6EdUAOM9FpzB4fybPr_HFvSUnF5hHi9jcFngIKAulJDdWXUfcqblhYun7jB1pOVgIBxzjFuGpaPqkLen8QaJNCQ-8Sz-Fm6QL0mq57w9zJDzJh8mYwKPPf_UWrJXkwhmO2bq9shVuVFYpq",
            "facilitated_booking_available": true,
            "pnr_count": 2,
            "has_airport_change": false,
            "technical_stops": 0,
            "throw_away_ticketing": false,
            "hidden_city_ticketing": false,
            "virtual_interlining": false
        },
        {
            "id": "0b7717884e4500004e1a8654_0|17880b774e4600003cb1f87b_0",
            "flyFrom": "BUD",
            "flyTo": "HAM",
            "cityFrom": "Budapest",
            "cityCodeFrom": "BUD",
            "cityTo": "Hamburg",
            "cityCodeTo": "HAM",
            "countryFrom": {
                "code": "HU",
                "name": "Hungary"
            },
            "countryTo": {
                "code": "DE",
                "name": "Germany"
            },
            "local_departure": "2024-11-10T15:35:00.000Z",
            "utc_departure": "2024-11-10T14:35:00.000Z",
            "local_arrival": "2024-11-10T17:25:00.000Z",
            "utc_arrival": "2024-11-10T16:25:00.000Z",
            "nightsInDest": 1,
            "quality": 220.666535,
            "distance": 949.98,
            "duration": {
                "departure": 6600,
                "return": 6300,
                "total": 12900
            },
            "price": 168,
            "conversion": {
                "EUR": 168
            },
            "fare": {
                "adults": 168,
                "children": 168,
                "infants": 168
            },
            "fare_locks": {
                "EUR": [
                    {
                        "default": false,
                        "duration": "P1D",
                        "itinerary_price_limit": 368,
                        "itinerary_price_remaining": 168,
                        "fare_lock_kind": "fee",
                        "price": 8.4,
                        "rule_instance_id": 26749,
                        "version": "v1"
                    },
                    {
                        "default": true,
                        "duration": "P3D",
                        "itinerary_price_limit": 368,
                        "itinerary_price_remaining": 168,
                        "fare_lock_kind": "fee",
                        "price": 16.8,
                        "rule_instance_id": 26748,
                        "version": "v1"
                    },
                    {
                        "default": false,
                        "duration": "P7D",
                        "itinerary_price_limit": 368,
                        "itinerary_price_remaining": 168,
                        "fare_lock_kind": "fee",
                        "price": 42,
                        "rule_instance_id": 26750,
                        "version": "v1"
                    }
                ]
            },
            "bags_price": {
                "1": 72.8,
                "2": 282.8
            },
            "baglimit": {
                "hand_dimensions_sum": 118,
                "hand_height": 40,
                "hand_length": 55,
                "hand_weight": 8,
                "hand_width": 23,
                "hold_dimensions_sum": 158,
                "hold_height": 52,
                "hold_length": 78,
                "hold_weight": 23,
                "hold_width": 28,
                "personal_item_dimension_sum": 95,
                "personal_item_height": 30,
                "personal_item_length": 40,
                "personal_item_weight": 8,
                "personal_item_width": 25
            },
            "availability": {
                "seats": 9
            },
            "airlines": [
                "EW"
            ],
            "route": [
                {
                    "id": "0b7717884e4500004e1a8654_0",
                    "combination_id": "0b7717884e4500004e1a8654",
                    "flyFrom": "BUD",
                    "flyTo": "HAM",
                    "cityFrom": "Budapest",
                    "cityCodeFrom": "BUD",
                    "cityTo": "Hamburg",
                    "cityCodeTo": "HAM",
                    "local_departure": "2024-11-10T15:35:00.000Z",
                    "utc_departure": "2024-11-10T14:35:00.000Z",
                    "local_arrival": "2024-11-10T17:25:00.000Z",
                    "utc_arrival": "2024-11-10T16:25:00.000Z",
                    "airline": "EW",
                    "flight_no": 7781,
                    "operating_carrier": "EW",
                    "operating_flight_no": "7781",
                    "fare_basis": "",
                    "fare_category": "M",
                    "fare_classes": "",
                    "return": 0,
                    "bags_recheck_required": false,
                    "vi_connection": false,
                    "guarantee": false,
                    "equipment": null,
                    "vehicle_type": "aircraft"
                },
                {
                    "id": "17880b774e4600003cb1f87b_0",
                    "combination_id": "17880b774e4600003cb1f87b",
                    "flyFrom": "HAM",
                    "flyTo": "BUD",
                    "cityFrom": "Hamburg",
                    "cityCodeFrom": "HAM",
                    "cityTo": "Budapest",
                    "cityCodeTo": "BUD",
                    "local_departure": "2024-11-11T06:45:00.000Z",
                    "utc_departure": "2024-11-11T05:45:00.000Z",
                    "local_arrival": "2024-11-11T08:30:00.000Z",
                    "utc_arrival": "2024-11-11T07:30:00.000Z",
                    "airline": "EW",
                    "flight_no": 7780,
                    "operating_carrier": "EW",
                    "operating_flight_no": "7780",
                    "fare_basis": "",
                    "fare_category": "M",
                    "fare_classes": "",
                    "return": 1,
                    "bags_recheck_required": false,
                    "vi_connection": false,
                    "guarantee": false,
                    "equipment": null,
                    "vehicle_type": "aircraft"
                }
            ],
            "booking_token": "Hsbe8x4lTW2lQuQ3GRk9rRSJjTdkFrrOQ52EHTv4DmL-7VVw8SdDnZ_Qee3oi2YFb8ejh8MpzTjOlS8J3F1d7xVbby7LIE54tfjnrDOpAzOfus1DKPtS6KEEPHPrBN0OD1ivpI-51yiF7yfkZkwm707BT885392DPc3-wSjV9McSxCSxQwEaQx5xPv18QxJttttt8WcG6nuKXk7V1xELy8nvK1qayTdDuvD87PN_GlkOfJvjOFnjiRLAGHYMPwx4MK03lPW8MHb13bhiGo-fC4stGT2FQtFeaswx-Bi6BmYp9t5f8Qm9kvMMxkMr896whaE9UxH_f3-zL3UwGI91Xp4Tj0t9Q3XoHeBhTWDg2zI7haAgHt9PWTbYr_rtRrg301nN8ScZ_KtibonU-ooRuG5msNv4IV87McXliQ3YxFt3QJei5714j3C6qpeUIjDK2PimRRRjncmu6aQJZWuIm-aDTG7fTOO6FC_berrsjrbvamG6Urv53dQa2yuv4-9vt4Z3Rq60c44kk6XMKqrgzgziCTvFYPk9DUFvAEKSxkviYoBJxOlyhNffVMWbJE0_q7hq2SDJQmPeJe798PHeuufo52toQ_i07JmwIYS3cpOxcinCJ3U_SAk7XN-Gp3fLz82nRCv3t7lQxRcuCgji89UmlGgy-gm0fKGAkLq2T37sq1z5j3nmlHGJlI_6PjYVy1ezfeXkht9c9Fw6XKrlAqA==",
            "deep_link": "https://www.kiwi.com/deep?affilid=mihalytest&currency=EUR&flightsId=0b7717884e4500004e1a8654_0%7C17880b774e4600003cb1f87b_0&from=BUD&lang=en&passengers=1&to=HAM&booking_token=Hsbe8x4lTW2lQuQ3GRk9rRSJjTdkFrrOQ52EHTv4DmL-7VVw8SdDnZ_Qee3oi2YFb8ejh8MpzTjOlS8J3F1d7xVbby7LIE54tfjnrDOpAzOfus1DKPtS6KEEPHPrBN0OD1ivpI-51yiF7yfkZkwm707BT885392DPc3-wSjV9McSxCSxQwEaQx5xPv18QxJttttt8WcG6nuKXk7V1xELy8nvK1qayTdDuvD87PN_GlkOfJvjOFnjiRLAGHYMPwx4MK03lPW8MHb13bhiGo-fC4stGT2FQtFeaswx-Bi6BmYp9t5f8Qm9kvMMxkMr896whaE9UxH_f3-zL3UwGI91Xp4Tj0t9Q3XoHeBhTWDg2zI7haAgHt9PWTbYr_rtRrg301nN8ScZ_KtibonU-ooRuG5msNv4IV87McXliQ3YxFt3QJei5714j3C6qpeUIjDK2PimRRRjncmu6aQJZWuIm-aDTG7fTOO6FC_berrsjrbvamG6Urv53dQa2yuv4-9vt4Z3Rq60c44kk6XMKqrgzgziCTvFYPk9DUFvAEKSxkviYoBJxOlyhNffVMWbJE0_q7hq2SDJQmPeJe798PHeuufo52toQ_i07JmwIYS3cpOxcinCJ3U_SAk7XN-Gp3fLz82nRCv3t7lQxRcuCgji89UmlGgy-gm0fKGAkLq2T37sq1z5j3nmlHGJlI_6PjYVy1ezfeXkht9c9Fw6XKrlAqA==",
            "facilitated_booking_available": true,
            "pnr_count": 2,
            "has_airport_change": false,
            "technical_stops": 0,
            "throw_away_ticketing": false,
            "hidden_city_ticketing": false,
            "virtual_interlining": false
        },
        {
            "id": "0b7717884e4500004e1a8654_0|17880b774e4c00006775c677_0",
            "flyFrom": "BUD",
            "flyTo": "HAM",
            "cityFrom": "Budapest",
            "cityCodeFrom": "BUD",
            "cityTo": "Hamburg",
            "cityCodeTo": "HAM",
            "countryFrom": {
                "code": "HU",
                "name": "Hungary"
            },
            "countryTo": {
                "code": "DE",
                "name": "Germany"
            },
            "local_departure": "2024-11-10T15:35:00.000Z",
            "utc_departure": "2024-11-10T14:35:00.000Z",
            "local_arrival": "2024-11-10T17:25:00.000Z",
            "utc_arrival": "2024-11-10T16:25:00.000Z",
            "nightsInDest": 7,
            "quality": 220.666535,
            "distance": 949.98,
            "duration": {
                "departure": 6600,
                "return": 6300,
                "total": 12900
            },
            "price": 168,
            "conversion": {
                "EUR": 168
            },
            "fare": {
                "adults": 168,
                "children": 168,
                "infants": 168
            },
            "fare_locks": {
                "EUR": [
                    {
                        "default": false,
                        "duration": "P1D",
                        "itinerary_price_limit": 368,
                        "itinerary_price_remaining": 168,
                        "fare_lock_kind": "fee",
                        "price": 8.4,
                        "rule_instance_id": 26749,
                        "version": "v1"
                    },
                    {
                        "default": true,
                        "duration": "P3D",
                        "itinerary_price_limit": 368,
                        "itinerary_price_remaining": 168,
                        "fare_lock_kind": "fee",
                        "price": 16.8,
                        "rule_instance_id": 26748,
                        "version": "v1"
                    },
                    {
                        "default": false,
                        "duration": "P7D",
                        "itinerary_price_limit": 368,
                        "itinerary_price_remaining": 168,
                        "fare_lock_kind": "fee",
                        "price": 42,
                        "rule_instance_id": 26750,
                        "version": "v1"
                    }
                ]
            },
            "bags_price": {
                "1": 72.8,
                "2": 282.8
            },
            "baglimit": {
                "hand_dimensions_sum": 118,
                "hand_height": 40,
                "hand_length": 55,
                "hand_weight": 8,
                "hand_width": 23,
                "hold_dimensions_sum": 158,
                "hold_height": 52,
                "hold_length": 78,
                "hold_weight": 23,
                "hold_width": 28,
                "personal_item_dimension_sum": 95,
                "personal_item_height": 30,
                "personal_item_length": 40,
                "personal_item_weight": 8,
                "personal_item_width": 25
            },
            "availability": {
                "seats": 9
            },
            "airlines": [
                "EW"
            ],
            "route": [
                {
                    "id": "0b7717884e4500004e1a8654_0",
                    "combination_id": "0b7717884e4500004e1a8654",
                    "flyFrom": "BUD",
                    "flyTo": "HAM",
                    "cityFrom": "Budapest",
                    "cityCodeFrom": "BUD",
                    "cityTo": "Hamburg",
                    "cityCodeTo": "HAM",
                    "local_departure": "2024-11-10T15:35:00.000Z",
                    "utc_departure": "2024-11-10T14:35:00.000Z",
                    "local_arrival": "2024-11-10T17:25:00.000Z",
                    "utc_arrival": "2024-11-10T16:25:00.000Z",
                    "airline": "EW",
                    "flight_no": 7781,
                    "operating_carrier": "EW",
                    "operating_flight_no": "7781",
                    "fare_basis": "",
                    "fare_category": "M",
                    "fare_classes": "",
                    "return": 0,
                    "bags_recheck_required": false,
                    "vi_connection": false,
                    "guarantee": false,
                    "equipment": null,
                    "vehicle_type": "aircraft"
                },
                {
                    "id": "17880b774e4c00006775c677_0",
                    "combination_id": "17880b774e4c00006775c677",
                    "flyFrom": "HAM",
                    "flyTo": "BUD",
                    "cityFrom": "Hamburg",
                    "cityCodeFrom": "HAM",
                    "cityTo": "Budapest",
                    "cityCodeTo": "BUD",
                    "local_departure": "2024-11-17T13:05:00.000Z",
                    "utc_departure": "2024-11-17T12:05:00.000Z",
                    "local_arrival": "2024-11-17T14:50:00.000Z",
                    "utc_arrival": "2024-11-17T13:50:00.000Z",
                    "airline": "EW",
                    "flight_no": 7780,
                    "operating_carrier": "EW",
                    "operating_flight_no": "7780",
                    "fare_basis": "",
                    "fare_category": "M",
                    "fare_classes": "",
                    "return": 1,
                    "bags_recheck_required": false,
                    "vi_connection": false,
                    "guarantee": false,
                    "equipment": null,
                    "vehicle_type": "aircraft"
                }
            ],
            "booking_token": "H3dUPA3k_gVxv-_on66QeAgpU98AgLkOHGKnvi8FY5gh2OJ66IMgU6jloYzH_EqGOnpW06ibQH59FXc1NfMFM92eDweIWpl_wWOCQ4dE40eoy9kdfBKd1fnMatxYn5GjPcJOrRd3v0k8hngn9QkPerlSw5qRWYqK16cUWzqa-6HVvMx5H2QR73vdGpePu1iXLfFggg1dL5g31IV33HxemubrxgI4koXgZKEIL5VKCKL2AwoIQxMcQIYvO_I8WHlvGkLmMghAtDIvm5e7j8TqN5WVy91cT_MjBoOoxLh-INQXYf7EE1r7kUYGucLdJgILYxnjDg5zyXrU7WATAoypvOcqBOowgjSewpxPB64_6DWz-9XpNYSMjX8x0ebwYG_WBbIinqxBn1v3ubHhzgEXE3kyrvju2h0VfSC07AbSZynZ6FcVBicxQLzXUoqoI7KTYtAuIQMV0H7iPRw2RpS606qWpGNoSTV7xxTqNAG0uG3mjIVX-KzokGnV3zz8I9iWRpQ1V3gGe-UoIdaXbEe_3I_KDAUN_FLTIfBh1yPQha024LXuTracptnhjvxABjAZRFmwmUvd1H34KiagqVlDpM7jEdnAIpqwlIsiF8L7RiZCrB7jePy7Gvkj03PN2PKhQH9kG6x8w8VxuO0d99bdjVa9KH1UM0RSLQLwmb_GXNFI=",
            "deep_link": "https://www.kiwi.com/deep?affilid=mihalytest&currency=EUR&flightsId=0b7717884e4500004e1a8654_0%7C17880b774e4c00006775c677_0&from=BUD&lang=en&passengers=1&to=HAM&booking_token=H3dUPA3k_gVxv-_on66QeAgpU98AgLkOHGKnvi8FY5gh2OJ66IMgU6jloYzH_EqGOnpW06ibQH59FXc1NfMFM92eDweIWpl_wWOCQ4dE40eoy9kdfBKd1fnMatxYn5GjPcJOrRd3v0k8hngn9QkPerlSw5qRWYqK16cUWzqa-6HVvMx5H2QR73vdGpePu1iXLfFggg1dL5g31IV33HxemubrxgI4koXgZKEIL5VKCKL2AwoIQxMcQIYvO_I8WHlvGkLmMghAtDIvm5e7j8TqN5WVy91cT_MjBoOoxLh-INQXYf7EE1r7kUYGucLdJgILYxnjDg5zyXrU7WATAoypvOcqBOowgjSewpxPB64_6DWz-9XpNYSMjX8x0ebwYG_WBbIinqxBn1v3ubHhzgEXE3kyrvju2h0VfSC07AbSZynZ6FcVBicxQLzXUoqoI7KTYtAuIQMV0H7iPRw2RpS606qWpGNoSTV7xxTqNAG0uG3mjIVX-KzokGnV3zz8I9iWRpQ1V3gGe-UoIdaXbEe_3I_KDAUN_FLTIfBh1yPQha024LXuTracptnhjvxABjAZRFmwmUvd1H34KiagqVlDpM7jEdnAIpqwlIsiF8L7RiZCrB7jePy7Gvkj03PN2PKhQH9kG6x8w8VxuO0d99bdjVa9KH1UM0RSLQLwmb_GXNFI=",
            "facilitated_booking_available": true,
            "pnr_count": 2,
            "has_airport_change": false,
            "technical_stops": 0,
            "throw_away_ticketing": false,
            "hidden_city_ticketing": false,
            "virtual_interlining": false
        },
        {
            "id": "0b7717884e3f00007d2021d6_0|17880b774e4600003cb1f87b_0",
            "flyFrom": "BUD",
            "flyTo": "HAM",
            "cityFrom": "Budapest",
            "cityCodeFrom": "BUD",
            "cityTo": "Hamburg",
            "cityCodeTo": "HAM",
            "countryFrom": {
                "code": "HU",
                "name": "Hungary"
            },
            "countryTo": {
                "code": "DE",
                "name": "Germany"
            },
            "local_departure": "2024-11-04T09:15:00.000Z",
            "utc_departure": "2024-11-04T08:15:00.000Z",
            "local_arrival": "2024-11-04T11:05:00.000Z",
            "utc_arrival": "2024-11-04T10:05:00.000Z",
            "nightsInDest": 7,
            "quality": 220.666535,
            "distance": 949.98,
            "duration": {
                "departure": 6600,
                "return": 6300,
                "total": 12900
            },
            "price": 168,
            "conversion": {
                "EUR": 168
            },
            "fare": {
                "adults": 168,
                "children": 168,
                "infants": 168
            },
            "fare_locks": {
                "EUR": [
                    {
                        "default": false,
                        "duration": "P1D",
                        "itinerary_price_limit": 368,
                        "itinerary_price_remaining": 168,
                        "fare_lock_kind": "fee",
                        "price": 8.4,
                        "rule_instance_id": 26749,
                        "version": "v1"
                    },
                    {
                        "default": true,
                        "duration": "P3D",
                        "itinerary_price_limit": 368,
                        "itinerary_price_remaining": 168,
                        "fare_lock_kind": "fee",
                        "price": 16.8,
                        "rule_instance_id": 26748,
                        "version": "v1"
                    },
                    {
                        "default": false,
                        "duration": "P7D",
                        "itinerary_price_limit": 368,
                        "itinerary_price_remaining": 168,
                        "fare_lock_kind": "fee",
                        "price": 42,
                        "rule_instance_id": 26750,
                        "version": "v1"
                    }
                ]
            },
            "bags_price": {
                "1": 72.8,
                "2": 282.8
            },
            "baglimit": {
                "hand_dimensions_sum": 118,
                "hand_height": 40,
                "hand_length": 55,
                "hand_weight": 8,
                "hand_width": 23,
                "hold_dimensions_sum": 158,
                "hold_height": 52,
                "hold_length": 78,
                "hold_weight": 23,
                "hold_width": 28,
                "personal_item_dimension_sum": 95,
                "personal_item_height": 30,
                "personal_item_length": 40,
                "personal_item_weight": 8,
                "personal_item_width": 25
            },
            "availability": {
                "seats": 5
            },
            "airlines": [
                "EW"
            ],
            "route": [
                {
                    "id": "0b7717884e3f00007d2021d6_0",
                    "combination_id": "0b7717884e3f00007d2021d6",
                    "flyFrom": "BUD",
                    "flyTo": "HAM",
                    "cityFrom": "Budapest",
                    "cityCodeFrom": "BUD",
                    "cityTo": "Hamburg",
                    "cityCodeTo": "HAM",
                    "local_departure": "2024-11-04T09:15:00.000Z",
                    "utc_departure": "2024-11-04T08:15:00.000Z",
                    "local_arrival": "2024-11-04T11:05:00.000Z",
                    "utc_arrival": "2024-11-04T10:05:00.000Z",
                    "airline": "EW",
                    "flight_no": 7781,
                    "operating_carrier": "EW",
                    "operating_flight_no": "7781",
                    "fare_basis": "",
                    "fare_category": "M",
                    "fare_classes": "",
                    "return": 0,
                    "bags_recheck_required": false,
                    "vi_connection": false,
                    "guarantee": false,
                    "equipment": null,
                    "vehicle_type": "aircraft"
                },
                {
                    "id": "17880b774e4600003cb1f87b_0",
                    "combination_id": "17880b774e4600003cb1f87b",
                    "flyFrom": "HAM",
                    "flyTo": "BUD",
                    "cityFrom": "Hamburg",
                    "cityCodeFrom": "HAM",
                    "cityTo": "Budapest",
                    "cityCodeTo": "BUD",
                    "local_departure": "2024-11-11T06:45:00.000Z",
                    "utc_departure": "2024-11-11T05:45:00.000Z",
                    "local_arrival": "2024-11-11T08:30:00.000Z",
                    "utc_arrival": "2024-11-11T07:30:00.000Z",
                    "airline": "EW",
                    "flight_no": 7780,
                    "operating_carrier": "EW",
                    "operating_flight_no": "7780",
                    "fare_basis": "",
                    "fare_category": "M",
                    "fare_classes": "",
                    "return": 1,
                    "bags_recheck_required": false,
                    "vi_connection": false,
                    "guarantee": false,
                    "equipment": null,
                    "vehicle_type": "aircraft"
                }
            ],
            "booking_token": "HckDIqEg8puURQiyWe1tAhJ_txhXWJ04BHTvPVZfk0dL8sZmuaQ13b7s57gKsSkrWuYxETOtFbrRF873ClKCQHJ4DF-k2_6SzD7RSJB9znan_egwcXldMP_jBj3DoaKwyfkttaPbNVjxqT7HmdoHwneVtZlTj-RfiVMJx6PI75WbU1A7rQIUt56bj1QFssDnq6n0Zm4BVYOQ4bkmOGTrGrdcLCFE1JsLILmmeDhwsXnaJnI_BW8uLmNJneyYYCumAUHrsAt2V_ZelPUg6igpSSM6B99DUhqEt1GgXub-q2UQoelaptcp_h0ZuG1PrnuQpgRH-4hcHy6C2o3nXYJJOGde9exE9tFWChKIh9Jb8rCYA2QwMk9ib-0pGK0DZu4OWXfEDswsx4vrg811KG22N4yUc2bSJxfGx4RR91e_l-c1lk0CZ-_zfe_399zSD609R6RA2pPylIy9FieiFZhHKcTnCcZGGBu5MxG9rbtaLYFZBEgr-de4yZqinBBQsz_jOex20tzudZBPOGIO0penTCMFCAaEeM8KzLfGr5hmmQmtlQirmmUSUlFR1d7GfhHBWqBpRq0LdGwfcZPKHKZfDbNBmDVfO6ymR5iY08lzHHFSU_t5HPHCexbjpuwKkQjwlnu_5NLKhoviFLd3vtbpcmLgdEC9veo6VjUSWZ3Fv1KDiUIBT3DSF390VNcW0kX15",
            "deep_link": "https://www.kiwi.com/deep?affilid=mihalytest&currency=EUR&flightsId=0b7717884e3f00007d2021d6_0%7C17880b774e4600003cb1f87b_0&from=BUD&lang=en&passengers=1&to=HAM&booking_token=HckDIqEg8puURQiyWe1tAhJ_txhXWJ04BHTvPVZfk0dL8sZmuaQ13b7s57gKsSkrWuYxETOtFbrRF873ClKCQHJ4DF-k2_6SzD7RSJB9znan_egwcXldMP_jBj3DoaKwyfkttaPbNVjxqT7HmdoHwneVtZlTj-RfiVMJx6PI75WbU1A7rQIUt56bj1QFssDnq6n0Zm4BVYOQ4bkmOGTrGrdcLCFE1JsLILmmeDhwsXnaJnI_BW8uLmNJneyYYCumAUHrsAt2V_ZelPUg6igpSSM6B99DUhqEt1GgXub-q2UQoelaptcp_h0ZuG1PrnuQpgRH-4hcHy6C2o3nXYJJOGde9exE9tFWChKIh9Jb8rCYA2QwMk9ib-0pGK0DZu4OWXfEDswsx4vrg811KG22N4yUc2bSJxfGx4RR91e_l-c1lk0CZ-_zfe_399zSD609R6RA2pPylIy9FieiFZhHKcTnCcZGGBu5MxG9rbtaLYFZBEgr-de4yZqinBBQsz_jOex20tzudZBPOGIO0penTCMFCAaEeM8KzLfGr5hmmQmtlQirmmUSUlFR1d7GfhHBWqBpRq0LdGwfcZPKHKZfDbNBmDVfO6ymR5iY08lzHHFSU_t5HPHCexbjpuwKkQjwlnu_5NLKhoviFLd3vtbpcmLgdEC9veo6VjUSWZ3Fv1KDiUIBT3DSF390VNcW0kX15",
            "facilitated_booking_available": true,
            "pnr_count": 2,
            "has_airport_change": false,
            "technical_stops": 0,
            "throw_away_ticketing": false,
            "hidden_city_ticketing": false,
            "virtual_interlining": false
        },
        {
            "id": "0b7717884e5b0000615ec17a_0|17880b774e620000631e9796_0",
            "flyFrom": "BUD",
            "flyTo": "HAM",
            "cityFrom": "Budapest",
            "cityCodeFrom": "BUD",
            "cityTo": "Hamburg",
            "cityCodeTo": "HAM",
            "countryFrom": {
                "code": "HU",
                "name": "Hungary"
            },
            "countryTo": {
                "code": "DE",
                "name": "Germany"
            },
            "local_departure": "2024-12-02T09:15:00.000Z",
            "utc_departure": "2024-12-02T08:15:00.000Z",
            "local_arrival": "2024-12-02T11:05:00.000Z",
            "utc_arrival": "2024-12-02T10:05:00.000Z",
            "nightsInDest": 7,
            "quality": 220.666535,
            "distance": 949.98,
            "duration": {
                "departure": 6600,
                "return": 6300,
                "total": 12900
            },
            "price": 168,
            "conversion": {
                "EUR": 168
            },
            "fare": {
                "adults": 168,
                "children": 168,
                "infants": 168
            },
            "fare_locks": {
                "EUR": [
                    {
                        "default": false,
                        "duration": "P1D",
                        "itinerary_price_limit": 368,
                        "itinerary_price_remaining": 168,
                        "fare_lock_kind": "fee",
                        "price": 8.4,
                        "rule_instance_id": 26749,
                        "version": "v1"
                    },
                    {
                        "default": true,
                        "duration": "P3D",
                        "itinerary_price_limit": 368,
                        "itinerary_price_remaining": 168,
                        "fare_lock_kind": "fee",
                        "price": 16.8,
                        "rule_instance_id": 26748,
                        "version": "v1"
                    },
                    {
                        "default": false,
                        "duration": "P7D",
                        "itinerary_price_limit": 368,
                        "itinerary_price_remaining": 168,
                        "fare_lock_kind": "fee",
                        "price": 42,
                        "rule_instance_id": 26750,
                        "version": "v1"
                    }
                ]
            },
            "bags_price": {
                "1": 72.8,
                "2": 282.8
            },
            "baglimit": {
                "hand_dimensions_sum": 118,
                "hand_height": 40,
                "hand_length": 55,
                "hand_weight": 8,
                "hand_width": 23,
                "hold_dimensions_sum": 158,
                "hold_height": 52,
                "hold_length": 78,
                "hold_weight": 23,
                "hold_width": 28,
                "personal_item_dimension_sum": 95,
                "personal_item_height": 30,
                "personal_item_length": 40,
                "personal_item_weight": 8,
                "personal_item_width": 25
            },
            "availability": {
                "seats": 9
            },
            "airlines": [
                "EW"
            ],
            "route": [
                {
                    "id": "0b7717884e5b0000615ec17a_0",
                    "combination_id": "0b7717884e5b0000615ec17a",
                    "flyFrom": "BUD",
                    "flyTo": "HAM",
                    "cityFrom": "Budapest",
                    "cityCodeFrom": "BUD",
                    "cityTo": "Hamburg",
                    "cityCodeTo": "HAM",
                    "local_departure": "2024-12-02T09:15:00.000Z",
                    "utc_departure": "2024-12-02T08:15:00.000Z",
                    "local_arrival": "2024-12-02T11:05:00.000Z",
                    "utc_arrival": "2024-12-02T10:05:00.000Z",
                    "airline": "EW",
                    "flight_no": 7781,
                    "operating_carrier": "EW",
                    "operating_flight_no": "7781",
                    "fare_basis": "",
                    "fare_category": "M",
                    "fare_classes": "",
                    "return": 0,
                    "bags_recheck_required": false,
                    "vi_connection": false,
                    "guarantee": false,
                    "equipment": null,
                    "vehicle_type": "aircraft"
                },
                {
                    "id": "17880b774e620000631e9796_0",
                    "combination_id": "17880b774e620000631e9796",
                    "flyFrom": "HAM",
                    "flyTo": "BUD",
                    "cityFrom": "Hamburg",
                    "cityCodeFrom": "HAM",
                    "cityTo": "Budapest",
                    "cityCodeTo": "BUD",
                    "local_departure": "2024-12-09T06:45:00.000Z",
                    "utc_departure": "2024-12-09T05:45:00.000Z",
                    "local_arrival": "2024-12-09T08:30:00.000Z",
                    "utc_arrival": "2024-12-09T07:30:00.000Z",
                    "airline": "EW",
                    "flight_no": 7780,
                    "operating_carrier": "EW",
                    "operating_flight_no": "7780",
                    "fare_basis": "",
                    "fare_category": "M",
                    "fare_classes": "N",
                    "return": 1,
                    "bags_recheck_required": false,
                    "vi_connection": false,
                    "guarantee": false,
                    "equipment": null,
                    "vehicle_type": "aircraft"
                }
            ],
            "booking_token": "HdAJoormX0zMzafb9ztELesTIJWGmV6nqx_i-NIGJuGdxfJrp8vVLA91ZwhQv8EpgLRdZG2w1cabgo8zOLi9WiMmSWP_1aGz0HaWIjZ9D_iDBY-V9fSnMRDIWYMBnMTDd0WUdNzuyAzpXBq9BzZcaVERPFZHfIKOIFVohWY3ZECxLnLgm8Y1KglVk0-fgFePK9jX9Pzo5EiJYbaXIJACa5LJqyI7K3kBH6LtdOn2hYRkuH8ivgVcz45KzhEolwOcpgtzwQyiytU79ksqec3fveybTDyOrVbQc9ZaHtZDsEnSFj0hoh_-d07MHL3ZHoZSbW0MSTdrlTVEBQrsf8_9EFZWgpc7E88lI-tPMSj_VKWQBOlzqm3TRUNtF1JGpxzGfJSiSLuxVLF_LEn5tjpK5XLwEIkDfRMLRvx7qd-o3IQkc9jkUtfqSD1AUHV4lrC5Ccl18HkEgKvy8L2_i1KCAoVDBL68xxv-NqvVnv23mSemRx6-gfoJI-V7LIIUiDhpRjMU1PmA50KPb15yHYgIkK6edEI9YeFrtOjImSNgy4gojATMhBeGb8ARMuc5d7AI3uDnk1-91Nee7uqGEze5D1N-6GFf8PdV6syTpijjNZt9DkjZy2D_wRefXenwySO5iuDus82gjQgt-nPG3qq6whjK62QcvMM9a6gMKIzwAUaqSS0kg2rSU41p0W6sOpvQD",
            "deep_link": "https://www.kiwi.com/deep?affilid=mihalytest&currency=EUR&flightsId=0b7717884e5b0000615ec17a_0%7C17880b774e620000631e9796_0&from=BUD&lang=en&passengers=1&to=HAM&booking_token=HdAJoormX0zMzafb9ztELesTIJWGmV6nqx_i-NIGJuGdxfJrp8vVLA91ZwhQv8EpgLRdZG2w1cabgo8zOLi9WiMmSWP_1aGz0HaWIjZ9D_iDBY-V9fSnMRDIWYMBnMTDd0WUdNzuyAzpXBq9BzZcaVERPFZHfIKOIFVohWY3ZECxLnLgm8Y1KglVk0-fgFePK9jX9Pzo5EiJYbaXIJACa5LJqyI7K3kBH6LtdOn2hYRkuH8ivgVcz45KzhEolwOcpgtzwQyiytU79ksqec3fveybTDyOrVbQc9ZaHtZDsEnSFj0hoh_-d07MHL3ZHoZSbW0MSTdrlTVEBQrsf8_9EFZWgpc7E88lI-tPMSj_VKWQBOlzqm3TRUNtF1JGpxzGfJSiSLuxVLF_LEn5tjpK5XLwEIkDfRMLRvx7qd-o3IQkc9jkUtfqSD1AUHV4lrC5Ccl18HkEgKvy8L2_i1KCAoVDBL68xxv-NqvVnv23mSemRx6-gfoJI-V7LIIUiDhpRjMU1PmA50KPb15yHYgIkK6edEI9YeFrtOjImSNgy4gojATMhBeGb8ARMuc5d7AI3uDnk1-91Nee7uqGEze5D1N-6GFf8PdV6syTpijjNZt9DkjZy2D_wRefXenwySO5iuDus82gjQgt-nPG3qq6whjK62QcvMM9a6gMKIzwAUaqSS0kg2rSU41p0W6sOpvQD",
            "facilitated_booking_available": true,
            "pnr_count": 2,
            "has_airport_change": false,
            "technical_stops": 0,
            "throw_away_ticketing": false,
            "hidden_city_ticketing": false,
            "virtual_interlining": false
        },
        {
            "id": "0b7717884e3c0000f946f594_0|17880b774e3f0000a2fc0b41_0",
            "flyFrom": "BUD",
            "flyTo": "HAM",
            "cityFrom": "Budapest",
            "cityCodeFrom": "BUD",
            "cityTo": "Hamburg",
            "cityCodeTo": "HAM",
            "countryFrom": {
                "code": "HU",
                "name": "Hungary"
            },
            "countryTo": {
                "code": "DE",
                "name": "Germany"
            },
            "local_departure": "2024-11-01T20:35:00.000Z",
            "utc_departure": "2024-11-01T19:35:00.000Z",
            "local_arrival": "2024-11-01T22:25:00.000Z",
            "utc_arrival": "2024-11-01T21:25:00.000Z",
            "nightsInDest": 3,
            "quality": 220.666535,
            "distance": 949.98,
            "duration": {
                "departure": 6600,
                "return": 6300,
                "total": 12900
            },
            "price": 168,
            "conversion": {
                "EUR": 168
            },
            "fare": {
                "adults": 168,
                "children": 168,
                "infants": 168
            },
            "fare_locks": {
                "EUR": [
                    {
                        "default": false,
                        "duration": "P1D",
                        "itinerary_price_limit": 368,
                        "itinerary_price_remaining": 168,
                        "fare_lock_kind": "fee",
                        "price": 8.4,
                        "rule_instance_id": 26749,
                        "version": "v1"
                    },
                    {
                        "default": true,
                        "duration": "P3D",
                        "itinerary_price_limit": 368,
                        "itinerary_price_remaining": 168,
                        "fare_lock_kind": "fee",
                        "price": 16.8,
                        "rule_instance_id": 26748,
                        "version": "v1"
                    },
                    {
                        "default": false,
                        "duration": "P7D",
                        "itinerary_price_limit": 368,
                        "itinerary_price_remaining": 168,
                        "fare_lock_kind": "fee",
                        "price": 42,
                        "rule_instance_id": 26750,
                        "version": "v1"
                    }
                ]
            },
            "bags_price": {
                "1": 72.8,
                "2": 282.8
            },
            "baglimit": {
                "hand_dimensions_sum": 118,
                "hand_height": 40,
                "hand_length": 55,
                "hand_weight": 8,
                "hand_width": 23,
                "hold_dimensions_sum": 158,
                "hold_height": 52,
                "hold_length": 78,
                "hold_weight": 23,
                "hold_width": 28,
                "personal_item_dimension_sum": 95,
                "personal_item_height": 30,
                "personal_item_length": 40,
                "personal_item_weight": 8,
                "personal_item_width": 25
            },
            "availability": {
                "seats": 9
            },
            "airlines": [
                "EW"
            ],
            "route": [
                {
                    "id": "0b7717884e3c0000f946f594_0",
                    "combination_id": "0b7717884e3c0000f946f594",
                    "flyFrom": "BUD",
                    "flyTo": "HAM",
                    "cityFrom": "Budapest",
                    "cityCodeFrom": "BUD",
                    "cityTo": "Hamburg",
                    "cityCodeTo": "HAM",
                    "local_departure": "2024-11-01T20:35:00.000Z",
                    "utc_departure": "2024-11-01T19:35:00.000Z",
                    "local_arrival": "2024-11-01T22:25:00.000Z",
                    "utc_arrival": "2024-11-01T21:25:00.000Z",
                    "airline": "EW",
                    "flight_no": 7781,
                    "operating_carrier": "EW",
                    "operating_flight_no": "7781",
                    "fare_basis": "",
                    "fare_category": "M",
                    "fare_classes": "",
                    "return": 0,
                    "bags_recheck_required": false,
                    "vi_connection": false,
                    "guarantee": false,
                    "equipment": null,
                    "vehicle_type": "aircraft"
                },
                {
                    "id": "17880b774e3f0000a2fc0b41_0",
                    "combination_id": "17880b774e3f0000a2fc0b41",
                    "flyFrom": "HAM",
                    "flyTo": "BUD",
                    "cityFrom": "Hamburg",
                    "cityCodeFrom": "HAM",
                    "cityTo": "Budapest",
                    "cityCodeTo": "BUD",
                    "local_departure": "2024-11-04T06:45:00.000Z",
                    "utc_departure": "2024-11-04T05:45:00.000Z",
                    "local_arrival": "2024-11-04T08:30:00.000Z",
                    "utc_arrival": "2024-11-04T07:30:00.000Z",
                    "airline": "EW",
                    "flight_no": 7780,
                    "operating_carrier": "EW",
                    "operating_flight_no": "7780",
                    "fare_basis": "",
                    "fare_category": "M",
                    "fare_classes": "",
                    "return": 1,
                    "bags_recheck_required": false,
                    "vi_connection": false,
                    "guarantee": false,
                    "equipment": null,
                    "vehicle_type": "aircraft"
                }
            ],
            "booking_token": "Hl3wpOw4QXaqBAexiqm0ByQG4KhrYeLL0sPkdE9x5EIQLKqE9TZquNDrHRnVDQxYMZBalRvDLvsJe5TKZZTlHtjFciIEL6FXhGxeEpvwEUsgCX6LrV1K2JrTVtwAqigROnYbzKhSyEC6neuX7d_CM7F4_fPWfxg8x3dKCPkaKx4FyNcpewSQDb_gueZFeU8WTJBlXAKsBTSLxrRKuA3-OUVd0VKYuK-24tZhQN9l1OESa5SiFa4hj6GLCOa60rTnt25AxIMbIaObWee1wSVntgPb4IZ3k5JJ1LxpjkHQsErOyjnGmOW_QSabT7Tn3fGpLWsCcaUIArTWLyuYfg1yy1YFOK8aZMTgKGP28a2WfNcQoq3C5Inr3zjaF1my2Yrq6AMAgV5Hw0-sWz3u8ge_wajjTugo4XkZ0hmDDGjFnpsGu4H1lqh5Ts1CZRNTPKjUochW9NWF-wFxVRMnGY8Tml5yZoUKddf8XJgMkaVXtpYm_AyvvMBJLN6AzGOP_Amk-br7ii-3V8Eggk-gtjG2q4o66YYvMT6XND6TdSMqA7hcQw9UEEch5a7sM79X4EPxPxCj92YYx6cTQP3V4JQsbWTw6_-woxREfNGZumbCzaqCD0BSq1v6NhO_qicaXUOwnv3DHYkrsvJj9kHYGLBfvH3U6e0ZxnyyTtGfhRYRy8POgAT57N2D024BmGruY7LcV7hck6K35j9PrvIQ1K3ePKg==",
            "deep_link": "https://www.kiwi.com/deep?affilid=mihalytest&currency=EUR&flightsId=0b7717884e3c0000f946f594_0%7C17880b774e3f0000a2fc0b41_0&from=BUD&lang=en&passengers=1&to=HAM&booking_token=Hl3wpOw4QXaqBAexiqm0ByQG4KhrYeLL0sPkdE9x5EIQLKqE9TZquNDrHRnVDQxYMZBalRvDLvsJe5TKZZTlHtjFciIEL6FXhGxeEpvwEUsgCX6LrV1K2JrTVtwAqigROnYbzKhSyEC6neuX7d_CM7F4_fPWfxg8x3dKCPkaKx4FyNcpewSQDb_gueZFeU8WTJBlXAKsBTSLxrRKuA3-OUVd0VKYuK-24tZhQN9l1OESa5SiFa4hj6GLCOa60rTnt25AxIMbIaObWee1wSVntgPb4IZ3k5JJ1LxpjkHQsErOyjnGmOW_QSabT7Tn3fGpLWsCcaUIArTWLyuYfg1yy1YFOK8aZMTgKGP28a2WfNcQoq3C5Inr3zjaF1my2Yrq6AMAgV5Hw0-sWz3u8ge_wajjTugo4XkZ0hmDDGjFnpsGu4H1lqh5Ts1CZRNTPKjUochW9NWF-wFxVRMnGY8Tml5yZoUKddf8XJgMkaVXtpYm_AyvvMBJLN6AzGOP_Amk-br7ii-3V8Eggk-gtjG2q4o66YYvMT6XND6TdSMqA7hcQw9UEEch5a7sM79X4EPxPxCj92YYx6cTQP3V4JQsbWTw6_-woxREfNGZumbCzaqCD0BSq1v6NhO_qicaXUOwnv3DHYkrsvJj9kHYGLBfvH3U6e0ZxnyyTtGfhRYRy8POgAT57N2D024BmGruY7LcV7hck6K35j9PrvIQ1K3ePKg==",
            "facilitated_booking_available": true,
            "pnr_count": 2,
            "has_airport_change": false,
            "technical_stops": 0,
            "throw_away_ticketing": false,
            "hidden_city_ticketing": false,
            "virtual_interlining": false
        },
        {
            "id": "0b7717884e620000bcc2bd01_0|17880b774e6800001b7d3faf_0",
            "flyFrom": "BUD",
            "flyTo": "HAM",
            "cityFrom": "Budapest",
            "cityCodeFrom": "BUD",
            "cityTo": "Hamburg",
            "cityCodeTo": "HAM",
            "countryFrom": {
                "code": "HU",
                "name": "Hungary"
            },
            "countryTo": {
                "code": "DE",
                "name": "Germany"
            },
            "local_departure": "2024-12-09T09:15:00.000Z",
            "utc_departure": "2024-12-09T08:15:00.000Z",
            "local_arrival": "2024-12-09T11:05:00.000Z",
            "utc_arrival": "2024-12-09T10:05:00.000Z",
            "nightsInDest": 6,
            "quality": 220.666535,
            "distance": 949.98,
            "duration": {
                "departure": 6600,
                "return": 6300,
                "total": 12900
            },
            "price": 168,
            "conversion": {
                "EUR": 168
            },
            "fare": {
                "adults": 168,
                "children": 168,
                "infants": 168
            },
            "fare_locks": {
                "EUR": [
                    {
                        "default": false,
                        "duration": "P1D",
                        "itinerary_price_limit": 368,
                        "itinerary_price_remaining": 168,
                        "fare_lock_kind": "fee",
                        "price": 8.4,
                        "rule_instance_id": 26749,
                        "version": "v1"
                    },
                    {
                        "default": true,
                        "duration": "P3D",
                        "itinerary_price_limit": 368,
                        "itinerary_price_remaining": 168,
                        "fare_lock_kind": "fee",
                        "price": 16.8,
                        "rule_instance_id": 26748,
                        "version": "v1"
                    },
                    {
                        "default": false,
                        "duration": "P7D",
                        "itinerary_price_limit": 368,
                        "itinerary_price_remaining": 168,
                        "fare_lock_kind": "fee",
                        "price": 42,
                        "rule_instance_id": 26750,
                        "version": "v1"
                    }
                ]
            },
            "bags_price": {
                "1": 72.8,
                "2": 282.8
            },
            "baglimit": {
                "hand_dimensions_sum": 118,
                "hand_height": 40,
                "hand_length": 55,
                "hand_weight": 8,
                "hand_width": 23,
                "hold_dimensions_sum": 158,
                "hold_height": 52,
                "hold_length": 78,
                "hold_weight": 23,
                "hold_width": 28,
                "personal_item_dimension_sum": 95,
                "personal_item_height": 30,
                "personal_item_length": 40,
                "personal_item_weight": 8,
                "personal_item_width": 25
            },
            "availability": {
                "seats": 9
            },
            "airlines": [
                "EW"
            ],
            "route": [
                {
                    "id": "0b7717884e620000bcc2bd01_0",
                    "combination_id": "0b7717884e620000bcc2bd01",
                    "flyFrom": "BUD",
                    "flyTo": "HAM",
                    "cityFrom": "Budapest",
                    "cityCodeFrom": "BUD",
                    "cityTo": "Hamburg",
                    "cityCodeTo": "HAM",
                    "local_departure": "2024-12-09T09:15:00.000Z",
                    "utc_departure": "2024-12-09T08:15:00.000Z",
                    "local_arrival": "2024-12-09T11:05:00.000Z",
                    "utc_arrival": "2024-12-09T10:05:00.000Z",
                    "airline": "EW",
                    "flight_no": 7781,
                    "operating_carrier": "EW",
                    "operating_flight_no": "7781",
                    "fare_basis": "",
                    "fare_category": "M",
                    "fare_classes": "",
                    "return": 0,
                    "bags_recheck_required": false,
                    "vi_connection": false,
                    "guarantee": false,
                    "equipment": null,
                    "vehicle_type": "aircraft"
                },
                {
                    "id": "17880b774e6800001b7d3faf_0",
                    "combination_id": "17880b774e6800001b7d3faf",
                    "flyFrom": "HAM",
                    "flyTo": "BUD",
                    "cityFrom": "Hamburg",
                    "cityCodeFrom": "HAM",
                    "cityTo": "Budapest",
                    "cityCodeTo": "BUD",
                    "local_departure": "2024-12-15T13:05:00.000Z",
                    "utc_departure": "2024-12-15T12:05:00.000Z",
                    "local_arrival": "2024-12-15T14:50:00.000Z",
                    "utc_arrival": "2024-12-15T13:50:00.000Z",
                    "airline": "EW",
                    "flight_no": 7780,
                    "operating_carrier": "EW",
                    "operating_flight_no": "7780",
                    "fare_basis": "",
                    "fare_category": "M",
                    "fare_classes": "X",
                    "return": 1,
                    "bags_recheck_required": false,
                    "vi_connection": false,
                    "guarantee": false,
                    "equipment": null,
                    "vehicle_type": "aircraft"
                }
            ],
            "booking_token": "HeIO6ym3lbRJ4Z6GSxoAdgrUaOy8toyOR_OBHY507ZuULohyj7kRvq7EA7kzbo1FDee-nfSMY_SBMBkzrFXfbgzAvS3Psu_CQsM2lXf7A2mnArVUz7eMeYY_4A_3EvTvPfD6BCZe8Pa2O_H6KsEbjYHW5URBTV8-DSZthTj87PeBLzUzfG_ZjWbYJ3wT6CtpUmKcJpy5tq6zcLIio8coi1vqsK1PNzvDnoviO69k4zpXH4SjSHMPuscGROgof1gkJ-JEtCRvsaVaXVcycISizHnl8i23N4UwsD7lz1b-W6hku3NHbUzWUvFoc50-lL9FJdC-WkxlW4-99qMHFU5iqQZWH3CDSUE-UjrTjzXNT0PQvnjRk4poTC3LVLlNoJsDcdpGnxo54tnAF3ATK8KrVt5mYY9UVq_MpnyL6ptbtKQobKFQEQ_Rh57DDg0axHRsNLwvgNBdhNjxRzFm4Wxm9_Z30ey9bz8_Kd4PkUAERHfQnH3i7PJi7nPCIiKgH_himJ9rJvw99DSqau_xdq6jlG1goUY0hnV5APMFprvlLLFy6Df2SlAH4NkH-rIHqXweiXDMWNTqwvBPm3iGCOKwd3W7VVGi3ikMOk7nPCvKdlrwxNx7M09nfrfRi6ry1L9WJXNRgFjXOyTfSk1jFwqYmZ5JUX2Nod7wDFxd7bsCGq3o=",
            "deep_link": "https://www.kiwi.com/deep?affilid=mihalytest&currency=EUR&flightsId=0b7717884e620000bcc2bd01_0%7C17880b774e6800001b7d3faf_0&from=BUD&lang=en&passengers=1&to=HAM&booking_token=HeIO6ym3lbRJ4Z6GSxoAdgrUaOy8toyOR_OBHY507ZuULohyj7kRvq7EA7kzbo1FDee-nfSMY_SBMBkzrFXfbgzAvS3Psu_CQsM2lXf7A2mnArVUz7eMeYY_4A_3EvTvPfD6BCZe8Pa2O_H6KsEbjYHW5URBTV8-DSZthTj87PeBLzUzfG_ZjWbYJ3wT6CtpUmKcJpy5tq6zcLIio8coi1vqsK1PNzvDnoviO69k4zpXH4SjSHMPuscGROgof1gkJ-JEtCRvsaVaXVcycISizHnl8i23N4UwsD7lz1b-W6hku3NHbUzWUvFoc50-lL9FJdC-WkxlW4-99qMHFU5iqQZWH3CDSUE-UjrTjzXNT0PQvnjRk4poTC3LVLlNoJsDcdpGnxo54tnAF3ATK8KrVt5mYY9UVq_MpnyL6ptbtKQobKFQEQ_Rh57DDg0axHRsNLwvgNBdhNjxRzFm4Wxm9_Z30ey9bz8_Kd4PkUAERHfQnH3i7PJi7nPCIiKgH_himJ9rJvw99DSqau_xdq6jlG1goUY0hnV5APMFprvlLLFy6Df2SlAH4NkH-rIHqXweiXDMWNTqwvBPm3iGCOKwd3W7VVGi3ikMOk7nPCvKdlrwxNx7M09nfrfRi6ry1L9WJXNRgFjXOyTfSk1jFwqYmZ5JUX2Nod7wDFxd7bsCGq3o=",
            "facilitated_booking_available": true,
            "pnr_count": 2,
            "has_airport_change": false,
            "technical_stops": 0,
            "throw_away_ticketing": false,
            "hidden_city_ticketing": false,
            "virtual_interlining": false
        },
        {
            "id": "0b7717884e620000bcc2bd01_0|17880b774e6900002ba74153_0",
            "flyFrom": "BUD",
            "flyTo": "HAM",
            "cityFrom": "Budapest",
            "cityCodeFrom": "BUD",
            "cityTo": "Hamburg",
            "cityCodeTo": "HAM",
            "countryFrom": {
                "code": "HU",
                "name": "Hungary"
            },
            "countryTo": {
                "code": "DE",
                "name": "Germany"
            },
            "local_departure": "2024-12-09T09:15:00.000Z",
            "utc_departure": "2024-12-09T08:15:00.000Z",
            "local_arrival": "2024-12-09T11:05:00.000Z",
            "utc_arrival": "2024-12-09T10:05:00.000Z",
            "nightsInDest": 7,
            "quality": 220.666535,
            "distance": 949.98,
            "duration": {
                "departure": 6600,
                "return": 6300,
                "total": 12900
            },
            "price": 168,
            "conversion": {
                "EUR": 168
            },
            "fare": {
                "adults": 168,
                "children": 168,
                "infants": 168
            },
            "fare_locks": {
                "EUR": [
                    {
                        "default": false,
                        "duration": "P1D",
                        "itinerary_price_limit": 368,
                        "itinerary_price_remaining": 168,
                        "fare_lock_kind": "fee",
                        "price": 8.4,
                        "rule_instance_id": 26749,
                        "version": "v1"
                    },
                    {
                        "default": true,
                        "duration": "P3D",
                        "itinerary_price_limit": 368,
                        "itinerary_price_remaining": 168,
                        "fare_lock_kind": "fee",
                        "price": 16.8,
                        "rule_instance_id": 26748,
                        "version": "v1"
                    },
                    {
                        "default": false,
                        "duration": "P7D",
                        "itinerary_price_limit": 368,
                        "itinerary_price_remaining": 168,
                        "fare_lock_kind": "fee",
                        "price": 42,
                        "rule_instance_id": 26750,
                        "version": "v1"
                    }
                ]
            },
            "bags_price": {
                "1": 72.8,
                "2": 282.8
            },
            "baglimit": {
                "hand_dimensions_sum": 118,
                "hand_height": 40,
                "hand_length": 55,
                "hand_weight": 8,
                "hand_width": 23,
                "hold_dimensions_sum": 158,
                "hold_height": 52,
                "hold_length": 78,
                "hold_weight": 23,
                "hold_width": 28,
                "personal_item_dimension_sum": 95,
                "personal_item_height": 30,
                "personal_item_length": 40,
                "personal_item_weight": 8,
                "personal_item_width": 25
            },
            "availability": {
                "seats": 7
            },
            "airlines": [
                "EW"
            ],
            "route": [
                {
                    "id": "0b7717884e620000bcc2bd01_0",
                    "combination_id": "0b7717884e620000bcc2bd01",
                    "flyFrom": "BUD",
                    "flyTo": "HAM",
                    "cityFrom": "Budapest",
                    "cityCodeFrom": "BUD",
                    "cityTo": "Hamburg",
                    "cityCodeTo": "HAM",
                    "local_departure": "2024-12-09T09:15:00.000Z",
                    "utc_departure": "2024-12-09T08:15:00.000Z",
                    "local_arrival": "2024-12-09T11:05:00.000Z",
                    "utc_arrival": "2024-12-09T10:05:00.000Z",
                    "airline": "EW",
                    "flight_no": 7781,
                    "operating_carrier": "EW",
                    "operating_flight_no": "7781",
                    "fare_basis": "",
                    "fare_category": "M",
                    "fare_classes": "",
                    "return": 0,
                    "bags_recheck_required": false,
                    "vi_connection": false,
                    "guarantee": false,
                    "equipment": null,
                    "vehicle_type": "aircraft"
                },
                {
                    "id": "17880b774e6900002ba74153_0",
                    "combination_id": "17880b774e6900002ba74153",
                    "flyFrom": "HAM",
                    "flyTo": "BUD",
                    "cityFrom": "Hamburg",
                    "cityCodeFrom": "HAM",
                    "cityTo": "Budapest",
                    "cityCodeTo": "BUD",
                    "local_departure": "2024-12-16T06:45:00.000Z",
                    "utc_departure": "2024-12-16T05:45:00.000Z",
                    "local_arrival": "2024-12-16T08:30:00.000Z",
                    "utc_arrival": "2024-12-16T07:30:00.000Z",
                    "airline": "EW",
                    "flight_no": 7780,
                    "operating_carrier": "EW",
                    "operating_flight_no": "7780",
                    "fare_basis": "",
                    "fare_category": "M",
                    "fare_classes": "X",
                    "return": 1,
                    "bags_recheck_required": false,
                    "vi_connection": false,
                    "guarantee": false,
                    "equipment": null,
                    "vehicle_type": "aircraft"
                }
            ],
            "booking_token": "Hiw9wdWnK8X1gWQeCcOj1mx2cTidH2beof8nZxCIFV3AbyOu8wn6-rmdRYYp-PC5ciK1LG732jxqb5F-oCYV68yrXrL9YP817uGvLYT7GHSydHIMXYxl4v2y2SyHeWnx-OgRMXH36hEnUPRtu79C3x_nA9u6bYS1256zjzjQ8GW4XRqvQcuQQGvd8Z4R-nK8RF1PRIGv10MvyGu6AenEgSd0wI_ISR_QbI0MdDQR7dLxLxejUu-iM8wlbgnCgHYQqV9X9b55zXBYRpj0hniKeuDybMNB1H8pQfXkMd4urThXgBbFWGv0QiWrDcMeISonXnlnRgCbwp7f7SOLZXVynqju0nZZJSbTYZ-TKohtzKsrig6GXVfYqXM5Old6qLSdgq-Gqvc9TlMauKn1-cidmWdzQFfJxrmH6qPK-EZMXdcmjb032JGD-UccFUi-gR6T3WgOgBBjhpHo5beNZp-hs-CWjtf4dtP48SuJF8mujGHMmeKwQuq0y9VjF8USxFaWZj2ncGuJOOfxsIls_Oy2nqxmh7lbXxodzQT5t3TNdsPMACJ3w4muDDfIJy3t0DJWehAbHBGGk1qzVnetMDhNsmeXbKp-RASr2q9jfH-nVhSzI3SdDKfUDupdfuO2aVdlIGr9QzJ_PfhG_D6EbkqttqilKRZVv_JkTW-9ufOLzz3YJQ-KDNSP61IT_mYtAbAim",
            "deep_link": "https://www.kiwi.com/deep?affilid=mihalytest&currency=EUR&flightsId=0b7717884e620000bcc2bd01_0%7C17880b774e6900002ba74153_0&from=BUD&lang=en&passengers=1&to=HAM&booking_token=Hiw9wdWnK8X1gWQeCcOj1mx2cTidH2beof8nZxCIFV3AbyOu8wn6-rmdRYYp-PC5ciK1LG732jxqb5F-oCYV68yrXrL9YP817uGvLYT7GHSydHIMXYxl4v2y2SyHeWnx-OgRMXH36hEnUPRtu79C3x_nA9u6bYS1256zjzjQ8GW4XRqvQcuQQGvd8Z4R-nK8RF1PRIGv10MvyGu6AenEgSd0wI_ISR_QbI0MdDQR7dLxLxejUu-iM8wlbgnCgHYQqV9X9b55zXBYRpj0hniKeuDybMNB1H8pQfXkMd4urThXgBbFWGv0QiWrDcMeISonXnlnRgCbwp7f7SOLZXVynqju0nZZJSbTYZ-TKohtzKsrig6GXVfYqXM5Old6qLSdgq-Gqvc9TlMauKn1-cidmWdzQFfJxrmH6qPK-EZMXdcmjb032JGD-UccFUi-gR6T3WgOgBBjhpHo5beNZp-hs-CWjtf4dtP48SuJF8mujGHMmeKwQuq0y9VjF8USxFaWZj2ncGuJOOfxsIls_Oy2nqxmh7lbXxodzQT5t3TNdsPMACJ3w4muDDfIJy3t0DJWehAbHBGGk1qzVnetMDhNsmeXbKp-RASr2q9jfH-nVhSzI3SdDKfUDupdfuO2aVdlIGr9QzJ_PfhG_D6EbkqttqilKRZVv_JkTW-9ufOLzz3YJQ-KDNSP61IT_mYtAbAim",
            "facilitated_booking_available": true,
            "pnr_count": 2,
            "has_airport_change": false,
            "technical_stops": 0,
            "throw_away_ticketing": false,
            "hidden_city_ticketing": false,
            "virtual_interlining": false
        },
        {
            "id": "0b7717884e540000153fa9ea_0|17880b774e5b0000be82ebed_0",
            "flyFrom": "BUD",
            "flyTo": "HAM",
            "cityFrom": "Budapest",
            "cityCodeFrom": "BUD",
            "cityTo": "Hamburg",
            "cityCodeTo": "HAM",
            "countryFrom": {
                "code": "HU",
                "name": "Hungary"
            },
            "countryTo": {
                "code": "DE",
                "name": "Germany"
            },
            "local_departure": "2024-11-25T09:15:00.000Z",
            "utc_departure": "2024-11-25T08:15:00.000Z",
            "local_arrival": "2024-11-25T11:05:00.000Z",
            "utc_arrival": "2024-11-25T10:05:00.000Z",
            "nightsInDest": 7,
            "quality": 220.666535,
            "distance": 949.98,
            "duration": {
                "departure": 6600,
                "return": 6300,
                "total": 12900
            },
            "price": 168,
            "conversion": {
                "EUR": 168
            },
            "fare": {
                "adults": 168,
                "children": 168,
                "infants": 168
            },
            "fare_locks": {
                "EUR": [
                    {
                        "default": false,
                        "duration": "P1D",
                        "itinerary_price_limit": 368,
                        "itinerary_price_remaining": 168,
                        "fare_lock_kind": "fee",
                        "price": 8.4,
                        "rule_instance_id": 26749,
                        "version": "v1"
                    },
                    {
                        "default": true,
                        "duration": "P3D",
                        "itinerary_price_limit": 368,
                        "itinerary_price_remaining": 168,
                        "fare_lock_kind": "fee",
                        "price": 16.8,
                        "rule_instance_id": 26748,
                        "version": "v1"
                    },
                    {
                        "default": false,
                        "duration": "P7D",
                        "itinerary_price_limit": 368,
                        "itinerary_price_remaining": 168,
                        "fare_lock_kind": "fee",
                        "price": 42,
                        "rule_instance_id": 26750,
                        "version": "v1"
                    }
                ]
            },
            "bags_price": {
                "1": 72.8,
                "2": 282.8
            },
            "baglimit": {
                "hand_dimensions_sum": 118,
                "hand_height": 40,
                "hand_length": 55,
                "hand_weight": 8,
                "hand_width": 23,
                "hold_dimensions_sum": 158,
                "hold_height": 52,
                "hold_length": 78,
                "hold_weight": 23,
                "hold_width": 28,
                "personal_item_dimension_sum": 95,
                "personal_item_height": 30,
                "personal_item_length": 40,
                "personal_item_weight": 8,
                "personal_item_width": 25
            },
            "availability": {
                "seats": 9
            },
            "airlines": [
                "EW"
            ],
            "route": [
                {
                    "id": "0b7717884e540000153fa9ea_0",
                    "combination_id": "0b7717884e540000153fa9ea",
                    "flyFrom": "BUD",
                    "flyTo": "HAM",
                    "cityFrom": "Budapest",
                    "cityCodeFrom": "BUD",
                    "cityTo": "Hamburg",
                    "cityCodeTo": "HAM",
                    "local_departure": "2024-11-25T09:15:00.000Z",
                    "utc_departure": "2024-11-25T08:15:00.000Z",
                    "local_arrival": "2024-11-25T11:05:00.000Z",
                    "utc_arrival": "2024-11-25T10:05:00.000Z",
                    "airline": "EW",
                    "flight_no": 7781,
                    "operating_carrier": "EW",
                    "operating_flight_no": "7781",
                    "fare_basis": "",
                    "fare_category": "M",
                    "fare_classes": "",
                    "return": 0,
                    "bags_recheck_required": false,
                    "vi_connection": false,
                    "guarantee": false,
                    "equipment": null,
                    "vehicle_type": "aircraft"
                },
                {
                    "id": "17880b774e5b0000be82ebed_0",
                    "combination_id": "17880b774e5b0000be82ebed",
                    "flyFrom": "HAM",
                    "flyTo": "BUD",
                    "cityFrom": "Hamburg",
                    "cityCodeFrom": "HAM",
                    "cityTo": "Budapest",
                    "cityCodeTo": "BUD",
                    "local_departure": "2024-12-02T06:45:00.000Z",
                    "utc_departure": "2024-12-02T05:45:00.000Z",
                    "local_arrival": "2024-12-02T08:30:00.000Z",
                    "utc_arrival": "2024-12-02T07:30:00.000Z",
                    "airline": "EW",
                    "flight_no": 7780,
                    "operating_carrier": "EW",
                    "operating_flight_no": "7780",
                    "fare_basis": "",
                    "fare_category": "M",
                    "fare_classes": "",
                    "return": 1,
                    "bags_recheck_required": false,
                    "vi_connection": false,
                    "guarantee": false,
                    "equipment": null,
                    "vehicle_type": "aircraft"
                }
            ],
            "booking_token": "HIeAB54x7xUzfFBhrqssF9epl6bY8FfrTFFGmmprvJMdZdx2sigg2hBlVlGlhcHQyzjROw7Xo07SlP6A2_JeVNXxOVIAVkmlX81liw049W3KyA3OEargzVw42AY3_FNL7fV2zcZHbMCYgerXUNrygLhmerx8C9kxqRuFMfEch4JZ5Rpx2Ghvpnmeru1eOcy3VFoj_7v47_BXnB3psIwzaM2ji8fsZm44aEy4xvbFjGz2W09sx1x7shjykFFK3P-ViWeZDAVxrQVng7iYhrk6tcmja3ldKGJcjO07J5AUF6tsV9IY7zBnRojGgAUOhXHcacgZJR9fo-Z3_QGF-HEL2SBrbuqXGGyw-w2VAxOHa_HqDH8p7nlpy2h92V0zoV17IwuoL24ihfwhVWonl536vVhX2tPN21516FfYHEp3jckXy3eMQehmyiz7-45SIbzP8f_wS46pgH_qCEypNjVAFRbEakLej211Eac2FAjv-DKLPbjJObJDU2ZU-4rOwqrxhJGuTVr6Cbc90MC8b9kGcAVdMEUqamyMe8m2ELIECnJ1S-cNKownHwMcQbcV21Od9i0XogyjmWWd41Ve4UTEiTimTggKipnJucDCgbC8-G4awgsoXdUTLwmMC2BtCg-HONJaDtN5LgAuV1pV-BJNbi24eHEO_Chc1VEnv1rjFoxmLMvx1woTPzcVOoWXH43llANuXJiJPRBLnMp__b7mwUw==",
            "deep_link": "https://www.kiwi.com/deep?affilid=mihalytest&currency=EUR&flightsId=0b7717884e540000153fa9ea_0%7C17880b774e5b0000be82ebed_0&from=BUD&lang=en&passengers=1&to=HAM&booking_token=HIeAB54x7xUzfFBhrqssF9epl6bY8FfrTFFGmmprvJMdZdx2sigg2hBlVlGlhcHQyzjROw7Xo07SlP6A2_JeVNXxOVIAVkmlX81liw049W3KyA3OEargzVw42AY3_FNL7fV2zcZHbMCYgerXUNrygLhmerx8C9kxqRuFMfEch4JZ5Rpx2Ghvpnmeru1eOcy3VFoj_7v47_BXnB3psIwzaM2ji8fsZm44aEy4xvbFjGz2W09sx1x7shjykFFK3P-ViWeZDAVxrQVng7iYhrk6tcmja3ldKGJcjO07J5AUF6tsV9IY7zBnRojGgAUOhXHcacgZJR9fo-Z3_QGF-HEL2SBrbuqXGGyw-w2VAxOHa_HqDH8p7nlpy2h92V0zoV17IwuoL24ihfwhVWonl536vVhX2tPN21516FfYHEp3jckXy3eMQehmyiz7-45SIbzP8f_wS46pgH_qCEypNjVAFRbEakLej211Eac2FAjv-DKLPbjJObJDU2ZU-4rOwqrxhJGuTVr6Cbc90MC8b9kGcAVdMEUqamyMe8m2ELIECnJ1S-cNKownHwMcQbcV21Od9i0XogyjmWWd41Ve4UTEiTimTggKipnJucDCgbC8-G4awgsoXdUTLwmMC2BtCg-HONJaDtN5LgAuV1pV-BJNbi24eHEO_Chc1VEnv1rjFoxmLMvx1woTPzcVOoWXH43llANuXJiJPRBLnMp__b7mwUw==",
            "facilitated_booking_available": true,
            "pnr_count": 2,
            "has_airport_change": false,
            "technical_stops": 0,
            "throw_away_ticketing": false,
            "hidden_city_ticketing": false,
            "virtual_interlining": false
        },
        {
            "id": "0b7717884e5a000085d9f6fe_0|17880b774e5b0000be82ebed_0",
            "flyFrom": "BUD",
            "flyTo": "HAM",
            "cityFrom": "Budapest",
            "cityCodeFrom": "BUD",
            "cityTo": "Hamburg",
            "cityCodeTo": "HAM",
            "countryFrom": {
                "code": "HU",
                "name": "Hungary"
            },
            "countryTo": {
                "code": "DE",
                "name": "Germany"
            },
            "local_departure": "2024-12-01T15:35:00.000Z",
            "utc_departure": "2024-12-01T14:35:00.000Z",
            "local_arrival": "2024-12-01T17:25:00.000Z",
            "utc_arrival": "2024-12-01T16:25:00.000Z",
            "nightsInDest": 1,
            "quality": 220.666535,
            "distance": 949.98,
            "duration": {
                "departure": 6600,
                "return": 6300,
                "total": 12900
            },
            "price": 168,
            "conversion": {
                "EUR": 168
            },
            "fare": {
                "adults": 168,
                "children": 168,
                "infants": 168
            },
            "fare_locks": {
                "EUR": [
                    {
                        "default": false,
                        "duration": "P1D",
                        "itinerary_price_limit": 368,
                        "itinerary_price_remaining": 168,
                        "fare_lock_kind": "fee",
                        "price": 8.4,
                        "rule_instance_id": 26749,
                        "version": "v1"
                    },
                    {
                        "default": true,
                        "duration": "P3D",
                        "itinerary_price_limit": 368,
                        "itinerary_price_remaining": 168,
                        "fare_lock_kind": "fee",
                        "price": 16.8,
                        "rule_instance_id": 26748,
                        "version": "v1"
                    },
                    {
                        "default": false,
                        "duration": "P7D",
                        "itinerary_price_limit": 368,
                        "itinerary_price_remaining": 168,
                        "fare_lock_kind": "fee",
                        "price": 42,
                        "rule_instance_id": 26750,
                        "version": "v1"
                    }
                ]
            },
            "bags_price": {
                "1": 72.8,
                "2": 282.8
            },
            "baglimit": {
                "hand_dimensions_sum": 118,
                "hand_height": 40,
                "hand_length": 55,
                "hand_weight": 8,
                "hand_width": 23,
                "hold_dimensions_sum": 158,
                "hold_height": 52,
                "hold_length": 78,
                "hold_weight": 23,
                "hold_width": 28,
                "personal_item_dimension_sum": 95,
                "personal_item_height": 30,
                "personal_item_length": 40,
                "personal_item_weight": 8,
                "personal_item_width": 25
            },
            "availability": {
                "seats": 9
            },
            "airlines": [
                "EW"
            ],
            "route": [
                {
                    "id": "0b7717884e5a000085d9f6fe_0",
                    "combination_id": "0b7717884e5a000085d9f6fe",
                    "flyFrom": "BUD",
                    "flyTo": "HAM",
                    "cityFrom": "Budapest",
                    "cityCodeFrom": "BUD",
                    "cityTo": "Hamburg",
                    "cityCodeTo": "HAM",
                    "local_departure": "2024-12-01T15:35:00.000Z",
                    "utc_departure": "2024-12-01T14:35:00.000Z",
                    "local_arrival": "2024-12-01T17:25:00.000Z",
                    "utc_arrival": "2024-12-01T16:25:00.000Z",
                    "airline": "EW",
                    "flight_no": 7781,
                    "operating_carrier": "EW",
                    "operating_flight_no": "7781",
                    "fare_basis": "",
                    "fare_category": "M",
                    "fare_classes": "",
                    "return": 0,
                    "bags_recheck_required": false,
                    "vi_connection": false,
                    "guarantee": false,
                    "equipment": null,
                    "vehicle_type": "aircraft"
                },
                {
                    "id": "17880b774e5b0000be82ebed_0",
                    "combination_id": "17880b774e5b0000be82ebed",
                    "flyFrom": "HAM",
                    "flyTo": "BUD",
                    "cityFrom": "Hamburg",
                    "cityCodeFrom": "HAM",
                    "cityTo": "Budapest",
                    "cityCodeTo": "BUD",
                    "local_departure": "2024-12-02T06:45:00.000Z",
                    "utc_departure": "2024-12-02T05:45:00.000Z",
                    "local_arrival": "2024-12-02T08:30:00.000Z",
                    "utc_arrival": "2024-12-02T07:30:00.000Z",
                    "airline": "EW",
                    "flight_no": 7780,
                    "operating_carrier": "EW",
                    "operating_flight_no": "7780",
                    "fare_basis": "",
                    "fare_category": "M",
                    "fare_classes": "",
                    "return": 1,
                    "bags_recheck_required": false,
                    "vi_connection": false,
                    "guarantee": false,
                    "equipment": null,
                    "vehicle_type": "aircraft"
                }
            ],
            "booking_token": "HBLajF52WnMVx2FUz3cxEKM_3Nlz4JE3Ey5lUX5J1Xj84Dwl_M4GjNa1Z70xGsdj78BNk-TvA6vSZ2vQjL5apvsezVl5tZ3oXLEp6Njl74y9e6-n8EMEzG5lFUZAcCIdo-3qgpLHCZDeNBA8bHrB9HG846CqN93FM1qj1qUavLoFC2aG83JSY2rmQeH_TuRAzNm51_BFqu_rsqixwtDVX0vCo-_1MUna0_7CYnU0fdhW6i0yrfNT2PZz4T3q5gbjaOWJyz_5ts3S1VkT2lcjn4_mhUFk_TxAydytJdUdakV32-B8mnryv0OkDHUjxhH1n-e0GqGp782nD4soeeMkOrZkxBYOyIOKb8r1D6shSJX6wmncg7lHouJoDaUAJkhA9Ue4aJ_2KG8NyxkLt5QM9elCVNGkWFCIS1cWxwZVu69Tsf5y1XMYekNRuLg_eI3XWwnPdl396wISLvliuHeUtSpgigkwg8Tj9s9gULeuL5_AMbS-2zxarwkBlDS_44S7Ct45s-K_tlRnJpVhaBh80ZPe-I5SA4sig0lBRL_CGna3QRwlDpBK6Odc-ocNBs7SKB20o6_JiQxMjoXEjbYqkWZu4iwGzUDqM7lEZJxc0cOYrx-Fl2goreKYFBFIC15uUZ6UNISbboTwd-dYbUZlkGn8hvh5wMgm-Olt2Y5IfxOpIf0-CKPQHRODeONbGeVE5uvR_Ici6qGWUmu1vFXi9nA==",
            "deep_link": "https://www.kiwi.com/deep?affilid=mihalytest&currency=EUR&flightsId=0b7717884e5a000085d9f6fe_0%7C17880b774e5b0000be82ebed_0&from=BUD&lang=en&passengers=1&to=HAM&booking_token=HBLajF52WnMVx2FUz3cxEKM_3Nlz4JE3Ey5lUX5J1Xj84Dwl_M4GjNa1Z70xGsdj78BNk-TvA6vSZ2vQjL5apvsezVl5tZ3oXLEp6Njl74y9e6-n8EMEzG5lFUZAcCIdo-3qgpLHCZDeNBA8bHrB9HG846CqN93FM1qj1qUavLoFC2aG83JSY2rmQeH_TuRAzNm51_BFqu_rsqixwtDVX0vCo-_1MUna0_7CYnU0fdhW6i0yrfNT2PZz4T3q5gbjaOWJyz_5ts3S1VkT2lcjn4_mhUFk_TxAydytJdUdakV32-B8mnryv0OkDHUjxhH1n-e0GqGp782nD4soeeMkOrZkxBYOyIOKb8r1D6shSJX6wmncg7lHouJoDaUAJkhA9Ue4aJ_2KG8NyxkLt5QM9elCVNGkWFCIS1cWxwZVu69Tsf5y1XMYekNRuLg_eI3XWwnPdl396wISLvliuHeUtSpgigkwg8Tj9s9gULeuL5_AMbS-2zxarwkBlDS_44S7Ct45s-K_tlRnJpVhaBh80ZPe-I5SA4sig0lBRL_CGna3QRwlDpBK6Odc-ocNBs7SKB20o6_JiQxMjoXEjbYqkWZu4iwGzUDqM7lEZJxc0cOYrx-Fl2goreKYFBFIC15uUZ6UNISbboTwd-dYbUZlkGn8hvh5wMgm-Olt2Y5IfxOpIf0-CKPQHRODeONbGeVE5uvR_Ici6qGWUmu1vFXi9nA==",
            "facilitated_booking_available": true,
            "pnr_count": 2,
            "has_airport_change": false,
            "technical_stops": 0,
            "throw_away_ticketing": false,
            "hidden_city_ticketing": false,
            "virtual_interlining": false
        },
        {
            "id": "0b7717884e3c0000f946f594_0|17880b774e3e000034b3d997_0",
            "flyFrom": "BUD",
            "flyTo": "HAM",
            "cityFrom": "Budapest",
            "cityCodeFrom": "BUD",
            "cityTo": "Hamburg",
            "cityCodeTo": "HAM",
            "countryFrom": {
                "code": "HU",
                "name": "Hungary"
            },
            "countryTo": {
                "code": "DE",
                "name": "Germany"
            },
            "local_departure": "2024-11-01T20:35:00.000Z",
            "utc_departure": "2024-11-01T19:35:00.000Z",
            "local_arrival": "2024-11-01T22:25:00.000Z",
            "utc_arrival": "2024-11-01T21:25:00.000Z",
            "nightsInDest": 2,
            "quality": 220.666535,
            "distance": 949.98,
            "duration": {
                "departure": 6600,
                "return": 6300,
                "total": 12900
            },
            "price": 168,
            "conversion": {
                "EUR": 168
            },
            "fare": {
                "adults": 168,
                "children": 168,
                "infants": 168
            },
            "fare_locks": {
                "EUR": [
                    {
                        "default": false,
                        "duration": "P1D",
                        "itinerary_price_limit": 368,
                        "itinerary_price_remaining": 168,
                        "fare_lock_kind": "fee",
                        "price": 8.4,
                        "rule_instance_id": 26749,
                        "version": "v1"
                    },
                    {
                        "default": true,
                        "duration": "P3D",
                        "itinerary_price_limit": 368,
                        "itinerary_price_remaining": 168,
                        "fare_lock_kind": "fee",
                        "price": 16.8,
                        "rule_instance_id": 26748,
                        "version": "v1"
                    },
                    {
                        "default": false,
                        "duration": "P7D",
                        "itinerary_price_limit": 368,
                        "itinerary_price_remaining": 168,
                        "fare_lock_kind": "fee",
                        "price": 42,
                        "rule_instance_id": 26750,
                        "version": "v1"
                    }
                ]
            },
            "bags_price": {
                "1": 72.8,
                "2": 282.8
            },
            "baglimit": {
                "hand_dimensions_sum": 118,
                "hand_height": 40,
                "hand_length": 55,
                "hand_weight": 8,
                "hand_width": 23,
                "hold_dimensions_sum": 158,
                "hold_height": 52,
                "hold_length": 78,
                "hold_weight": 23,
                "hold_width": 28,
                "personal_item_dimension_sum": 95,
                "personal_item_height": 30,
                "personal_item_length": 40,
                "personal_item_weight": 8,
                "personal_item_width": 25
            },
            "availability": {
                "seats": 5
            },
            "airlines": [
                "EW"
            ],
            "route": [
                {
                    "id": "0b7717884e3c0000f946f594_0",
                    "combination_id": "0b7717884e3c0000f946f594",
                    "flyFrom": "BUD",
                    "flyTo": "HAM",
                    "cityFrom": "Budapest",
                    "cityCodeFrom": "BUD",
                    "cityTo": "Hamburg",
                    "cityCodeTo": "HAM",
                    "local_departure": "2024-11-01T20:35:00.000Z",
                    "utc_departure": "2024-11-01T19:35:00.000Z",
                    "local_arrival": "2024-11-01T22:25:00.000Z",
                    "utc_arrival": "2024-11-01T21:25:00.000Z",
                    "airline": "EW",
                    "flight_no": 7781,
                    "operating_carrier": "EW",
                    "operating_flight_no": "7781",
                    "fare_basis": "",
                    "fare_category": "M",
                    "fare_classes": "",
                    "return": 0,
                    "bags_recheck_required": false,
                    "vi_connection": false,
                    "guarantee": false,
                    "equipment": null,
                    "vehicle_type": "aircraft"
                },
                {
                    "id": "17880b774e3e000034b3d997_0",
                    "combination_id": "17880b774e3e000034b3d997",
                    "flyFrom": "HAM",
                    "flyTo": "BUD",
                    "cityFrom": "Hamburg",
                    "cityCodeFrom": "HAM",
                    "cityTo": "Budapest",
                    "cityCodeTo": "BUD",
                    "local_departure": "2024-11-03T13:05:00.000Z",
                    "utc_departure": "2024-11-03T12:05:00.000Z",
                    "local_arrival": "2024-11-03T14:50:00.000Z",
                    "utc_arrival": "2024-11-03T13:50:00.000Z",
                    "airline": "EW",
                    "flight_no": 7780,
                    "operating_carrier": "EW",
                    "operating_flight_no": "7780",
                    "fare_basis": "",
                    "fare_category": "M",
                    "fare_classes": "",
                    "return": 1,
                    "bags_recheck_required": false,
                    "vi_connection": false,
                    "guarantee": false,
                    "equipment": null,
                    "vehicle_type": "aircraft"
                }
            ],
            "booking_token": "HmHO6ZPPyG4SkfqpusVmTiZ9B13rkIWzKddloj5T8XS2iEa1Dl-qfLZwic_nOmsqmZmzA2dlIVKXPzT3Mw6Aoxr04m3RRkmIdDIn9WkBybxfO9O84CG60iqy1Zjczt0FZLoyLHy7cLcP9E_QKAy5Jndn7cMR8KfBGrWIAV--sZ_KtQpZQkxyfR2d4HPpXW9ttlbFwU2QUGSe2i4ZVfNG8TufiZgjE71-k0biDiuBhQ5xCmi5coK2rJd3oNTOc8lMyN8ksdfKozmuGyaLLKQyVFVj3hQvyrl4NHPzz6xyuwLA7QUUtHZRJxWTu2oOzU1hkWncQc5SmDUFjtS3iDi97GryjG-CssZsanZREVI-RYagEqYkcE_Fjqenm_-efXDvyLIVzLp13tbWk8HeTWIBpGSinPXYX5vbnO9Wy3BJfCbnWDNEcdieaByAProYMZPrToTqZN2brexkDhjGYG7eTS0rr0bs0vyq9WM7oHRC9ryKpqLQo_jax90gNCWX7fI8aiHABiNfPKuowDtcfOCLdZIjiOMaDuJh-bvusUhpOM-k8AHMO4_KZcgytn_eBumV6OdwxUmQrOOVVvv494BPKtEMHSTO2yZaYl1DA9UnXPJr-RgzXzEgbZhEoAo8ckKOikdY_x36dYArYVa6YpQZx8dlQi6Rnhk0NSXnFnvqZtRDCtNgKV5ofKeCAH3uxw1wCRFgrY-FLNoB4EU9Nq3qoAA==",
            "deep_link": "https://www.kiwi.com/deep?affilid=mihalytest&currency=EUR&flightsId=0b7717884e3c0000f946f594_0%7C17880b774e3e000034b3d997_0&from=BUD&lang=en&passengers=1&to=HAM&booking_token=HmHO6ZPPyG4SkfqpusVmTiZ9B13rkIWzKddloj5T8XS2iEa1Dl-qfLZwic_nOmsqmZmzA2dlIVKXPzT3Mw6Aoxr04m3RRkmIdDIn9WkBybxfO9O84CG60iqy1Zjczt0FZLoyLHy7cLcP9E_QKAy5Jndn7cMR8KfBGrWIAV--sZ_KtQpZQkxyfR2d4HPpXW9ttlbFwU2QUGSe2i4ZVfNG8TufiZgjE71-k0biDiuBhQ5xCmi5coK2rJd3oNTOc8lMyN8ksdfKozmuGyaLLKQyVFVj3hQvyrl4NHPzz6xyuwLA7QUUtHZRJxWTu2oOzU1hkWncQc5SmDUFjtS3iDi97GryjG-CssZsanZREVI-RYagEqYkcE_Fjqenm_-efXDvyLIVzLp13tbWk8HeTWIBpGSinPXYX5vbnO9Wy3BJfCbnWDNEcdieaByAProYMZPrToTqZN2brexkDhjGYG7eTS0rr0bs0vyq9WM7oHRC9ryKpqLQo_jax90gNCWX7fI8aiHABiNfPKuowDtcfOCLdZIjiOMaDuJh-bvusUhpOM-k8AHMO4_KZcgytn_eBumV6OdwxUmQrOOVVvv494BPKtEMHSTO2yZaYl1DA9UnXPJr-RgzXzEgbZhEoAo8ckKOikdY_x36dYArYVa6YpQZx8dlQi6Rnhk0NSXnFnvqZtRDCtNgKV5ofKeCAH3uxw1wCRFgrY-FLNoB4EU9Nq3qoAA==",
            "facilitated_booking_available": true,
            "pnr_count": 2,
            "has_airport_change": false,
            "technical_stops": 0,
            "throw_away_ticketing": false,
            "hidden_city_ticketing": false,
            "virtual_interlining": false
        },
        {
            "id": "0b7717884e3f00007d2021d6_0|17880b774e45000091c6acc3_0",
            "flyFrom": "BUD",
            "flyTo": "HAM",
            "cityFrom": "Budapest",
            "cityCodeFrom": "BUD",
            "cityTo": "Hamburg",
            "cityCodeTo": "HAM",
            "countryFrom": {
                "code": "HU",
                "name": "Hungary"
            },
            "countryTo": {
                "code": "DE",
                "name": "Germany"
            },
            "local_departure": "2024-11-04T09:15:00.000Z",
            "utc_departure": "2024-11-04T08:15:00.000Z",
            "local_arrival": "2024-11-04T11:05:00.000Z",
            "utc_arrival": "2024-11-04T10:05:00.000Z",
            "nightsInDest": 6,
            "quality": 220.666535,
            "distance": 949.98,
            "duration": {
                "departure": 6600,
                "return": 6300,
                "total": 12900
            },
            "price": 168,
            "conversion": {
                "EUR": 168
            },
            "fare": {
                "adults": 168,
                "children": 168,
                "infants": 168
            },
            "fare_locks": {
                "EUR": [
                    {
                        "default": false,
                        "duration": "P1D",
                        "itinerary_price_limit": 368,
                        "itinerary_price_remaining": 168,
                        "fare_lock_kind": "fee",
                        "price": 8.4,
                        "rule_instance_id": 26749,
                        "version": "v1"
                    },
                    {
                        "default": true,
                        "duration": "P3D",
                        "itinerary_price_limit": 368,
                        "itinerary_price_remaining": 168,
                        "fare_lock_kind": "fee",
                        "price": 16.8,
                        "rule_instance_id": 26748,
                        "version": "v1"
                    },
                    {
                        "default": false,
                        "duration": "P7D",
                        "itinerary_price_limit": 368,
                        "itinerary_price_remaining": 168,
                        "fare_lock_kind": "fee",
                        "price": 42,
                        "rule_instance_id": 26750,
                        "version": "v1"
                    }
                ]
            },
            "bags_price": {
                "1": 72.8,
                "2": 282.8
            },
            "baglimit": {
                "hand_dimensions_sum": 118,
                "hand_height": 40,
                "hand_length": 55,
                "hand_weight": 8,
                "hand_width": 23,
                "hold_dimensions_sum": 158,
                "hold_height": 52,
                "hold_length": 78,
                "hold_weight": 23,
                "hold_width": 28,
                "personal_item_dimension_sum": 95,
                "personal_item_height": 30,
                "personal_item_length": 40,
                "personal_item_weight": 8,
                "personal_item_width": 25
            },
            "availability": {
                "seats": 5
            },
            "airlines": [
                "EW"
            ],
            "route": [
                {
                    "id": "0b7717884e3f00007d2021d6_0",
                    "combination_id": "0b7717884e3f00007d2021d6",
                    "flyFrom": "BUD",
                    "flyTo": "HAM",
                    "cityFrom": "Budapest",
                    "cityCodeFrom": "BUD",
                    "cityTo": "Hamburg",
                    "cityCodeTo": "HAM",
                    "local_departure": "2024-11-04T09:15:00.000Z",
                    "utc_departure": "2024-11-04T08:15:00.000Z",
                    "local_arrival": "2024-11-04T11:05:00.000Z",
                    "utc_arrival": "2024-11-04T10:05:00.000Z",
                    "airline": "EW",
                    "flight_no": 7781,
                    "operating_carrier": "EW",
                    "operating_flight_no": "7781",
                    "fare_basis": "",
                    "fare_category": "M",
                    "fare_classes": "",
                    "return": 0,
                    "bags_recheck_required": false,
                    "vi_connection": false,
                    "guarantee": false,
                    "equipment": null,
                    "vehicle_type": "aircraft"
                },
                {
                    "id": "17880b774e45000091c6acc3_0",
                    "combination_id": "17880b774e45000091c6acc3",
                    "flyFrom": "HAM",
                    "flyTo": "BUD",
                    "cityFrom": "Hamburg",
                    "cityCodeFrom": "HAM",
                    "cityTo": "Budapest",
                    "cityCodeTo": "BUD",
                    "local_departure": "2024-11-10T13:05:00.000Z",
                    "utc_departure": "2024-11-10T12:05:00.000Z",
                    "local_arrival": "2024-11-10T14:50:00.000Z",
                    "utc_arrival": "2024-11-10T13:50:00.000Z",
                    "airline": "EW",
                    "flight_no": 7780,
                    "operating_carrier": "EW",
                    "operating_flight_no": "7780",
                    "fare_basis": "",
                    "fare_category": "M",
                    "fare_classes": "N",
                    "return": 1,
                    "bags_recheck_required": false,
                    "vi_connection": false,
                    "guarantee": false,
                    "equipment": null,
                    "vehicle_type": "aircraft"
                }
            ],
            "booking_token": "H3cfWVEmGe2MWhPwNZcxUlQ4XoLJ9zD9Fps65RQdl_hqjqgOsyB6Bw3qvrUMzQSmyYxRYZFm0B86B7xDV5wAn90uKbvq1FvGeueDV6WD8soRhElxAZrVJbtVjhTlLQNqfWx56T-EwnK666M7mJH41e3ZlhG3PSMBr-k2-uWEnOviaZVvLQ87RJn_1khiItu9cfejwhEN2jCWI0mnq-RdyLFPfMhTEcD1_UndN76rmoY_aq_IX1s_924HTosSkAtd7aNnZesOPvqPI73AjQ_TSKTGWSZFnPB6HWczVRY5Al3FSt-AT3N7NjBB5C6noq7SRiZe5Ft4ZJ5bAJDq93ETNAOMLF7MIHoWIOrngdn9vMMFkR42DLi7xxq9eErM3oBrLV670BFb0aHmVvlPUGcI0C_EMlesyJ9f8i5jNEosPLxZxlChIVtWdFvTwT7bO0e9rSLCEpnBvxB2y805OxV68oOnZzYVOc7D4v9-89PxSgmcsZIE_9ApPRTKLGOhGG_5HFx234eXKD32ZzBZRrJDEFmEh4_x4Ci_kuNqZ_mAapq4OW1wCTTdP2F2l1oJrOQufoLTcqi_cRVvrlNz7Kk0OhjOLeY2RbCcBgm3LDuFLEcTFATPSXDAptmGFjGjMPaadDc8RbhwFFblVm8m14kgTY2sBDOvp1VFS4K3JXhc9SoG4e9bkMcyJs6-XdA5jGZa7",
            "deep_link": "https://www.kiwi.com/deep?affilid=mihalytest&currency=EUR&flightsId=0b7717884e3f00007d2021d6_0%7C17880b774e45000091c6acc3_0&from=BUD&lang=en&passengers=1&to=HAM&booking_token=H3cfWVEmGe2MWhPwNZcxUlQ4XoLJ9zD9Fps65RQdl_hqjqgOsyB6Bw3qvrUMzQSmyYxRYZFm0B86B7xDV5wAn90uKbvq1FvGeueDV6WD8soRhElxAZrVJbtVjhTlLQNqfWx56T-EwnK666M7mJH41e3ZlhG3PSMBr-k2-uWEnOviaZVvLQ87RJn_1khiItu9cfejwhEN2jCWI0mnq-RdyLFPfMhTEcD1_UndN76rmoY_aq_IX1s_924HTosSkAtd7aNnZesOPvqPI73AjQ_TSKTGWSZFnPB6HWczVRY5Al3FSt-AT3N7NjBB5C6noq7SRiZe5Ft4ZJ5bAJDq93ETNAOMLF7MIHoWIOrngdn9vMMFkR42DLi7xxq9eErM3oBrLV670BFb0aHmVvlPUGcI0C_EMlesyJ9f8i5jNEosPLxZxlChIVtWdFvTwT7bO0e9rSLCEpnBvxB2y805OxV68oOnZzYVOc7D4v9-89PxSgmcsZIE_9ApPRTKLGOhGG_5HFx234eXKD32ZzBZRrJDEFmEh4_x4Ci_kuNqZ_mAapq4OW1wCTTdP2F2l1oJrOQufoLTcqi_cRVvrlNz7Kk0OhjOLeY2RbCcBgm3LDuFLEcTFATPSXDAptmGFjGjMPaadDc8RbhwFFblVm8m14kgTY2sBDOvp1VFS4K3JXhc9SoG4e9bkMcyJs6-XdA5jGZa7",
            "facilitated_booking_available": true,
            "pnr_count": 2,
            "has_airport_change": false,
            "technical_stops": 0,
            "throw_away_ticketing": false,
            "hidden_city_ticketing": false,
            "virtual_interlining": false
        },
        {
            "id": "0b7717884e540000153fa9ea_0|17880b774e5a00005a05dc69_0",
            "flyFrom": "BUD",
            "flyTo": "HAM",
            "cityFrom": "Budapest",
            "cityCodeFrom": "BUD",
            "cityTo": "Hamburg",
            "cityCodeTo": "HAM",
            "countryFrom": {
                "code": "HU",
                "name": "Hungary"
            },
            "countryTo": {
                "code": "DE",
                "name": "Germany"
            },
            "local_departure": "2024-11-25T09:15:00.000Z",
            "utc_departure": "2024-11-25T08:15:00.000Z",
            "local_arrival": "2024-11-25T11:05:00.000Z",
            "utc_arrival": "2024-11-25T10:05:00.000Z",
            "nightsInDest": 6,
            "quality": 220.666535,
            "distance": 949.98,
            "duration": {
                "departure": 6600,
                "return": 6300,
                "total": 12900
            },
            "price": 168,
            "conversion": {
                "EUR": 168
            },
            "fare": {
                "adults": 168,
                "children": 168,
                "infants": 168
            },
            "fare_locks": {
                "EUR": [
                    {
                        "default": false,
                        "duration": "P1D",
                        "itinerary_price_limit": 368,
                        "itinerary_price_remaining": 168,
                        "fare_lock_kind": "fee",
                        "price": 8.4,
                        "rule_instance_id": 26749,
                        "version": "v1"
                    },
                    {
                        "default": true,
                        "duration": "P3D",
                        "itinerary_price_limit": 368,
                        "itinerary_price_remaining": 168,
                        "fare_lock_kind": "fee",
                        "price": 16.8,
                        "rule_instance_id": 26748,
                        "version": "v1"
                    },
                    {
                        "default": false,
                        "duration": "P7D",
                        "itinerary_price_limit": 368,
                        "itinerary_price_remaining": 168,
                        "fare_lock_kind": "fee",
                        "price": 42,
                        "rule_instance_id": 26750,
                        "version": "v1"
                    }
                ]
            },
            "bags_price": {
                "1": 72.8,
                "2": 282.8
            },
            "baglimit": {
                "hand_dimensions_sum": 118,
                "hand_height": 40,
                "hand_length": 55,
                "hand_weight": 8,
                "hand_width": 23,
                "hold_dimensions_sum": 158,
                "hold_height": 52,
                "hold_length": 78,
                "hold_weight": 23,
                "hold_width": 28,
                "personal_item_dimension_sum": 95,
                "personal_item_height": 30,
                "personal_item_length": 40,
                "personal_item_weight": 8,
                "personal_item_width": 25
            },
            "availability": {
                "seats": 9
            },
            "airlines": [
                "EW"
            ],
            "route": [
                {
                    "id": "0b7717884e540000153fa9ea_0",
                    "combination_id": "0b7717884e540000153fa9ea",
                    "flyFrom": "BUD",
                    "flyTo": "HAM",
                    "cityFrom": "Budapest",
                    "cityCodeFrom": "BUD",
                    "cityTo": "Hamburg",
                    "cityCodeTo": "HAM",
                    "local_departure": "2024-11-25T09:15:00.000Z",
                    "utc_departure": "2024-11-25T08:15:00.000Z",
                    "local_arrival": "2024-11-25T11:05:00.000Z",
                    "utc_arrival": "2024-11-25T10:05:00.000Z",
                    "airline": "EW",
                    "flight_no": 7781,
                    "operating_carrier": "EW",
                    "operating_flight_no": "7781",
                    "fare_basis": "",
                    "fare_category": "M",
                    "fare_classes": "",
                    "return": 0,
                    "bags_recheck_required": false,
                    "vi_connection": false,
                    "guarantee": false,
                    "equipment": null,
                    "vehicle_type": "aircraft"
                },
                {
                    "id": "17880b774e5a00005a05dc69_0",
                    "combination_id": "17880b774e5a00005a05dc69",
                    "flyFrom": "HAM",
                    "flyTo": "BUD",
                    "cityFrom": "Hamburg",
                    "cityCodeFrom": "HAM",
                    "cityTo": "Budapest",
                    "cityCodeTo": "BUD",
                    "local_departure": "2024-12-01T13:05:00.000Z",
                    "utc_departure": "2024-12-01T12:05:00.000Z",
                    "local_arrival": "2024-12-01T14:50:00.000Z",
                    "utc_arrival": "2024-12-01T13:50:00.000Z",
                    "airline": "EW",
                    "flight_no": 7780,
                    "operating_carrier": "EW",
                    "operating_flight_no": "7780",
                    "fare_basis": "",
                    "fare_category": "M",
                    "fare_classes": "N",
                    "return": 1,
                    "bags_recheck_required": false,
                    "vi_connection": false,
                    "guarantee": false,
                    "equipment": null,
                    "vehicle_type": "aircraft"
                }
            ],
            "booking_token": "Hkh2Aez1EcF3KZHV4LFg3zDyNfDX9ncm1PyyaYEAY9LNuGgzSbACqrfpYR4unPeE2RoNWVvXLphtQHIw3vXp0M1JRJFKMXsjXuId8QVLPbcaaVdjEp2krz_nHPQZ4agfQ8YWVCVXPCwza8u2VGcGTF59nMamjlwvzv0o0AceZvyltBbOgkF7nXPPrJ8q1Q_G5Xf7OFigpGdb38zVzm75J-auLciAoInQzfxsv-XfaxM0EtOdevvfoeNWee5bA4ZvDNJ9lKn562B16kNM-y7vCiQjDw0efONlFOglbi61f7kSNmDLIKhcsiS1S9UXUsK09xq2Mt9XQ0NAgAF2ASla7_ch1qcd5Z3ujjFivB30CE3RlrmHWIWdu2tQC1gUcYr1gG8zV43yd8HS5xygIp6uqRcOVG4EKF9OKCUyG8ZYBwBCdH5MPOdznsyhSEgDHSxoeVtDyLl4S2gBy_Wz5kJVNpIW83CSUFA9PKws6kOE3mFYdHDGZeatCVzFE8HqURWh_oGQJgzoJ0HNVtDXDEhO2YdcP56Eh6PHbxW51bnAxjWjHE6jpc_koS-_nilQTFcCT4ZQCTTXf-Dtzy4uBNRZO8hhAh9rbIYiipqCeznuiDSh-3QuYH89RMtTb4ldFPt5AcHofMStTi8V2DWCom_g4JqMpMVQrROq6QTEbnQ17Gw6pvjyKQ2TDeDN2aOWDYrl4",
            "deep_link": "https://www.kiwi.com/deep?affilid=mihalytest&currency=EUR&flightsId=0b7717884e540000153fa9ea_0%7C17880b774e5a00005a05dc69_0&from=BUD&lang=en&passengers=1&to=HAM&booking_token=Hkh2Aez1EcF3KZHV4LFg3zDyNfDX9ncm1PyyaYEAY9LNuGgzSbACqrfpYR4unPeE2RoNWVvXLphtQHIw3vXp0M1JRJFKMXsjXuId8QVLPbcaaVdjEp2krz_nHPQZ4agfQ8YWVCVXPCwza8u2VGcGTF59nMamjlwvzv0o0AceZvyltBbOgkF7nXPPrJ8q1Q_G5Xf7OFigpGdb38zVzm75J-auLciAoInQzfxsv-XfaxM0EtOdevvfoeNWee5bA4ZvDNJ9lKn562B16kNM-y7vCiQjDw0efONlFOglbi61f7kSNmDLIKhcsiS1S9UXUsK09xq2Mt9XQ0NAgAF2ASla7_ch1qcd5Z3ujjFivB30CE3RlrmHWIWdu2tQC1gUcYr1gG8zV43yd8HS5xygIp6uqRcOVG4EKF9OKCUyG8ZYBwBCdH5MPOdznsyhSEgDHSxoeVtDyLl4S2gBy_Wz5kJVNpIW83CSUFA9PKws6kOE3mFYdHDGZeatCVzFE8HqURWh_oGQJgzoJ0HNVtDXDEhO2YdcP56Eh6PHbxW51bnAxjWjHE6jpc_koS-_nilQTFcCT4ZQCTTXf-Dtzy4uBNRZO8hhAh9rbIYiipqCeznuiDSh-3QuYH89RMtTb4ldFPt5AcHofMStTi8V2DWCom_g4JqMpMVQrROq6QTEbnQ17Gw6pvjyKQ2TDeDN2aOWDYrl4",
            "facilitated_booking_available": true,
            "pnr_count": 2,
            "has_airport_change": false,
            "technical_stops": 0,
            "throw_away_ticketing": false,
            "hidden_city_ticketing": false,
            "virtual_interlining": false
        },
        {
            "id": "0b7717884e6100004b285609_0|17880b774e620000631e9796_0",
            "flyFrom": "BUD",
            "flyTo": "HAM",
            "cityFrom": "Budapest",
            "cityCodeFrom": "BUD",
            "cityTo": "Hamburg",
            "cityCodeTo": "HAM",
            "countryFrom": {
                "code": "HU",
                "name": "Hungary"
            },
            "countryTo": {
                "code": "DE",
                "name": "Germany"
            },
            "local_departure": "2024-12-08T15:35:00.000Z",
            "utc_departure": "2024-12-08T14:35:00.000Z",
            "local_arrival": "2024-12-08T17:25:00.000Z",
            "utc_arrival": "2024-12-08T16:25:00.000Z",
            "nightsInDest": 1,
            "quality": 220.666535,
            "distance": 949.98,
            "duration": {
                "departure": 6600,
                "return": 6300,
                "total": 12900
            },
            "price": 168,
            "conversion": {
                "EUR": 168
            },
            "fare": {
                "adults": 168,
                "children": 168,
                "infants": 168
            },
            "fare_locks": {
                "EUR": [
                    {
                        "default": false,
                        "duration": "P1D",
                        "itinerary_price_limit": 368,
                        "itinerary_price_remaining": 168,
                        "fare_lock_kind": "fee",
                        "price": 8.4,
                        "rule_instance_id": 26749,
                        "version": "v1"
                    },
                    {
                        "default": true,
                        "duration": "P3D",
                        "itinerary_price_limit": 368,
                        "itinerary_price_remaining": 168,
                        "fare_lock_kind": "fee",
                        "price": 16.8,
                        "rule_instance_id": 26748,
                        "version": "v1"
                    },
                    {
                        "default": false,
                        "duration": "P7D",
                        "itinerary_price_limit": 368,
                        "itinerary_price_remaining": 168,
                        "fare_lock_kind": "fee",
                        "price": 42,
                        "rule_instance_id": 26750,
                        "version": "v1"
                    }
                ]
            },
            "bags_price": {
                "1": 72.8,
                "2": 282.8
            },
            "baglimit": {
                "hand_dimensions_sum": 118,
                "hand_height": 40,
                "hand_length": 55,
                "hand_weight": 8,
                "hand_width": 23,
                "hold_dimensions_sum": 158,
                "hold_height": 52,
                "hold_length": 78,
                "hold_weight": 23,
                "hold_width": 28,
                "personal_item_dimension_sum": 95,
                "personal_item_height": 30,
                "personal_item_length": 40,
                "personal_item_weight": 8,
                "personal_item_width": 25
            },
            "availability": {
                "seats": 9
            },
            "airlines": [
                "EW"
            ],
            "route": [
                {
                    "id": "0b7717884e6100004b285609_0",
                    "combination_id": "0b7717884e6100004b285609",
                    "flyFrom": "BUD",
                    "flyTo": "HAM",
                    "cityFrom": "Budapest",
                    "cityCodeFrom": "BUD",
                    "cityTo": "Hamburg",
                    "cityCodeTo": "HAM",
                    "local_departure": "2024-12-08T15:35:00.000Z",
                    "utc_departure": "2024-12-08T14:35:00.000Z",
                    "local_arrival": "2024-12-08T17:25:00.000Z",
                    "utc_arrival": "2024-12-08T16:25:00.000Z",
                    "airline": "EW",
                    "flight_no": 7781,
                    "operating_carrier": "EW",
                    "operating_flight_no": "7781",
                    "fare_basis": "",
                    "fare_category": "M",
                    "fare_classes": "",
                    "return": 0,
                    "bags_recheck_required": false,
                    "vi_connection": false,
                    "guarantee": false,
                    "equipment": null,
                    "vehicle_type": "aircraft"
                },
                {
                    "id": "17880b774e620000631e9796_0",
                    "combination_id": "17880b774e620000631e9796",
                    "flyFrom": "HAM",
                    "flyTo": "BUD",
                    "cityFrom": "Hamburg",
                    "cityCodeFrom": "HAM",
                    "cityTo": "Budapest",
                    "cityCodeTo": "BUD",
                    "local_departure": "2024-12-09T06:45:00.000Z",
                    "utc_departure": "2024-12-09T05:45:00.000Z",
                    "local_arrival": "2024-12-09T08:30:00.000Z",
                    "utc_arrival": "2024-12-09T07:30:00.000Z",
                    "airline": "EW",
                    "flight_no": 7780,
                    "operating_carrier": "EW",
                    "operating_flight_no": "7780",
                    "fare_basis": "",
                    "fare_category": "M",
                    "fare_classes": "N",
                    "return": 1,
                    "bags_recheck_required": false,
                    "vi_connection": false,
                    "guarantee": false,
                    "equipment": null,
                    "vehicle_type": "aircraft"
                }
            ],
            "booking_token": "HeiPRxKlsFZgL5Vz72Ztf_QDDazqMi9gKRhzsVsov291Vm2B_rt4txVDzYDKuU2jIfR9IhekaithONji3p6OM8cONA4sQnYpAMpojRL7uaYIP5NdI9jgBXKodLajlgHjY1q-pqQnq-FpeMdmo99NKkPm-3-h7N8mc1is8ijqWoDnAs3MT5J2GzwJRWS4XP0GzXo1tmbnULXYoWRppR6rCS_BEfiRx6-FlI0oboXm5lbwC-TVzTzQcuBDq4Itcr8qrCGTojxSlGPA5U_92S2FsdveFSUSeoXgIInJvBWH6fCP4M4fi5F3C3BdSreyzLsqC5CwqRXa0bYmmxeZriROR-cfEUGwBGqsmqF0ScZGFMw6OvtJLG8O--L0C7r8Lnrb26MV3WWhLinyXWo5R9S4ITePZRg_TcyFi51bTcijzWZ-8VdNz7AEnhG7MAbFxT9vIs6VDD0esIEWK7j_UwVGIDNas9jFOlsk81srhqBrtJr1T1Rm14gfRiIex_36IcCftLqr_qOpph5Czwy2nKAhuxiW1QW_BPT-lgKXIERiaYBd8KWMl73gsIHxrxwCs6evb9_mKkGCP_qdTqmzYNAFuiron6Aj_GuULyWSMTlPJ81p9UK0tKpLxHms6ZSdwHp43DnPfxaoeFTfasSURvtAURE2XW66TH7DUcQlnroAugJHYLByP9S2yJ6SisUTyh_ZW",
            "deep_link": "https://www.kiwi.com/deep?affilid=mihalytest&currency=EUR&flightsId=0b7717884e6100004b285609_0%7C17880b774e620000631e9796_0&from=BUD&lang=en&passengers=1&to=HAM&booking_token=HeiPRxKlsFZgL5Vz72Ztf_QDDazqMi9gKRhzsVsov291Vm2B_rt4txVDzYDKuU2jIfR9IhekaithONji3p6OM8cONA4sQnYpAMpojRL7uaYIP5NdI9jgBXKodLajlgHjY1q-pqQnq-FpeMdmo99NKkPm-3-h7N8mc1is8ijqWoDnAs3MT5J2GzwJRWS4XP0GzXo1tmbnULXYoWRppR6rCS_BEfiRx6-FlI0oboXm5lbwC-TVzTzQcuBDq4Itcr8qrCGTojxSlGPA5U_92S2FsdveFSUSeoXgIInJvBWH6fCP4M4fi5F3C3BdSreyzLsqC5CwqRXa0bYmmxeZriROR-cfEUGwBGqsmqF0ScZGFMw6OvtJLG8O--L0C7r8Lnrb26MV3WWhLinyXWo5R9S4ITePZRg_TcyFi51bTcijzWZ-8VdNz7AEnhG7MAbFxT9vIs6VDD0esIEWK7j_UwVGIDNas9jFOlsk81srhqBrtJr1T1Rm14gfRiIex_36IcCftLqr_qOpph5Czwy2nKAhuxiW1QW_BPT-lgKXIERiaYBd8KWMl73gsIHxrxwCs6evb9_mKkGCP_qdTqmzYNAFuiron6Aj_GuULyWSMTlPJ81p9UK0tKpLxHms6ZSdwHp43DnPfxaoeFTfasSURvtAURE2XW66TH7DUcQlnroAugJHYLByP9S2yJ6SisUTyh_ZW",
            "facilitated_booking_available": true,
            "pnr_count": 2,
            "has_airport_change": false,
            "technical_stops": 0,
            "throw_away_ticketing": false,
            "hidden_city_ticketing": false,
            "virtual_interlining": false
        },
        {
            "id": "0b7717884e4a00005703b3b2_0|17880b774e5100007ec9e343_0|17880b774e5100007ec9e343_1",
            "flyFrom": "BUD",
            "flyTo": "HAM",
            "cityFrom": "Budapest",
            "cityCodeFrom": "BUD",
            "cityTo": "Hamburg",
            "cityCodeTo": "HAM",
            "countryFrom": {
                "code": "HU",
                "name": "Hungary"
            },
            "countryTo": {
                "code": "DE",
                "name": "Germany"
            },
            "local_departure": "2024-11-15T20:35:00.000Z",
            "utc_departure": "2024-11-15T19:35:00.000Z",
            "local_arrival": "2024-11-15T22:25:00.000Z",
            "utc_arrival": "2024-11-15T21:25:00.000Z",
            "nightsInDest": 7,
            "quality": 250.66646,
            "distance": 949.98,
            "duration": {
                "departure": 6600,
                "return": 19800,
                "total": 26400
            },
            "price": 168,
            "conversion": {
                "EUR": 168
            },
            "fare": {
                "adults": 168,
                "children": 168,
                "infants": 168
            },
            "fare_locks": {
                "EUR": [
                    {
                        "default": false,
                        "duration": "P1D",
                        "itinerary_price_limit": 368,
                        "itinerary_price_remaining": 168,
                        "fare_lock_kind": "fee",
                        "price": 8.4,
                        "rule_instance_id": 26749,
                        "version": "v1"
                    },
                    {
                        "default": true,
                        "duration": "P3D",
                        "itinerary_price_limit": 368,
                        "itinerary_price_remaining": 168,
                        "fare_lock_kind": "fee",
                        "price": 16.8,
                        "rule_instance_id": 26748,
                        "version": "v1"
                    },
                    {
                        "default": false,
                        "duration": "P7D",
                        "itinerary_price_limit": 368,
                        "itinerary_price_remaining": 168,
                        "fare_lock_kind": "fee",
                        "price": 42,
                        "rule_instance_id": 26750,
                        "version": "v1"
                    }
                ]
            },
            "bags_price": {
                "1": 113.4
            },
            "baglimit": {
                "hand_dimensions_sum": 118,
                "hand_height": 40,
                "hand_length": 55,
                "hand_weight": 8,
                "hand_width": 23,
                "hold_dimensions_sum": 158,
                "hold_height": 52,
                "hold_length": 78,
                "hold_weight": 23,
                "hold_width": 28,
                "personal_item_dimension_sum": 80,
                "personal_item_height": 30,
                "personal_item_length": 40,
                "personal_item_weight": 4,
                "personal_item_width": 10
            },
            "availability": {
                "seats": 4
            },
            "airlines": [
                "EW",
                "JU"
            ],
            "route": [
                {
                    "id": "0b7717884e4a00005703b3b2_0",
                    "combination_id": "0b7717884e4a00005703b3b2",
                    "flyFrom": "BUD",
                    "flyTo": "HAM",
                    "cityFrom": "Budapest",
                    "cityCodeFrom": "BUD",
                    "cityTo": "Hamburg",
                    "cityCodeTo": "HAM",
                    "local_departure": "2024-11-15T20:35:00.000Z",
                    "utc_departure": "2024-11-15T19:35:00.000Z",
                    "local_arrival": "2024-11-15T22:25:00.000Z",
                    "utc_arrival": "2024-11-15T21:25:00.000Z",
                    "airline": "EW",
                    "flight_no": 7781,
                    "operating_carrier": "EW",
                    "operating_flight_no": "7781",
                    "fare_basis": "",
                    "fare_category": "M",
                    "fare_classes": "T",
                    "return": 0,
                    "bags_recheck_required": false,
                    "vi_connection": false,
                    "guarantee": false,
                    "equipment": null,
                    "vehicle_type": "aircraft"
                },
                {
                    "id": "17880b774e5100007ec9e343_0",
                    "combination_id": "17880b774e5100007ec9e343",
                    "flyFrom": "HAM",
                    "flyTo": "BEG",
                    "cityFrom": "Hamburg",
                    "cityCodeFrom": "HAM",
                    "cityTo": "Belgrade",
                    "cityCodeTo": "BEG",
                    "local_departure": "2024-11-22T09:15:00.000Z",
                    "utc_departure": "2024-11-22T08:15:00.000Z",
                    "local_arrival": "2024-11-22T11:15:00.000Z",
                    "utc_arrival": "2024-11-22T10:15:00.000Z",
                    "airline": "JU",
                    "flight_no": 291,
                    "operating_carrier": "JU",
                    "operating_flight_no": "291",
                    "fare_basis": "TNB14ODE",
                    "fare_category": "M",
                    "fare_classes": "T",
                    "return": 1,
                    "bags_recheck_required": false,
                    "vi_connection": false,
                    "guarantee": false,
                    "equipment": null,
                    "vehicle_type": "aircraft"
                },
                {
                    "id": "17880b774e5100007ec9e343_1",
                    "combination_id": "17880b774e5100007ec9e343",
                    "flyFrom": "BEG",
                    "flyTo": "BUD",
                    "cityFrom": "Belgrade",
                    "cityCodeFrom": "BEG",
                    "cityTo": "Budapest",
                    "cityCodeTo": "BUD",
                    "local_departure": "2024-11-22T13:30:00.000Z",
                    "utc_departure": "2024-11-22T12:30:00.000Z",
                    "local_arrival": "2024-11-22T14:45:00.000Z",
                    "utc_arrival": "2024-11-22T13:45:00.000Z",
                    "airline": "JU",
                    "flight_no": 142,
                    "operating_carrier": "JU",
                    "operating_flight_no": "142",
                    "fare_basis": "TNB14ODE",
                    "fare_category": "M",
                    "fare_classes": "T",
                    "return": 1,
                    "bags_recheck_required": false,
                    "vi_connection": false,
                    "guarantee": false,
                    "equipment": null,
                    "vehicle_type": "aircraft"
                }
            ],
            "booking_token": "HDb517yrRA_DqzOvUfmo4EcFU7ZZMj0WuHvuqSmaMGW9-C62LiwJ8JuSxicOhMBZvtJz33kOUzCx9bVsNPmJ2HbwlV--xuFyf4vBoeMIixPWxPLujxg20cx6BmbtuicNnxfukwRefmuZlLfS2wiHIfpX1t63in5ur_qhYWJlpdyBUS9HyuZlU36GGYzUCbpaLIUAt5b0Ysa7P2dattUwrczVxjFxVh9noLZvunlAdM0nqWocKalGkBdB_7GGraLGa_3BRsCgZiPOiXWjyFst69s4ckkJfOsBRgmBxJf7ai5kq0Mmj4T6JXvkgoHBarQAPN2CRJ6Dalu7DDp2A6tzakNipxq9SuziNrM5zqjA_SoSwO--WYMyvXKmJ91MXgEDO_DRLrosWi7xrGAhg5WdINjgxYnJciOmM_jsOtV5RVh-w2xs43VASxQFB5wFZHDVLZsurmSwFdK0zOZlOMiA6oN_W9L8cj6XjxEIYPyoBaTnWXdE9mFIU26O8FlwwY3dP8oM_baPfFGa2-qW6WLYbDlQj4bXuuf96_C1UY0E30UfriFS6WQZ9FGeNYiVcqouyi9DkU55qog76RxDdycmKMCRMnFoth2kXd77r5v5ZmbZ_iB5CzP1YV04gHA6rQ5m3o20UZ8kcN2g8YKO_2YJswAkRuc5tRpUehgPXS6Qk25wG1DUwfy4LTTIQcWIihLO85LGrppEmS2E40rUSSVKwpRdAWGcePrj84t_-fkCVTpfhRU9j37HXEREJsb2V7utm",
            "deep_link": "https://www.kiwi.com/deep?affilid=mihalytest&currency=EUR&flightsId=0b7717884e4a00005703b3b2_0%7C17880b774e5100007ec9e343_0%7C17880b774e5100007ec9e343_1&from=BUD&lang=en&passengers=1&to=HAM&booking_token=HDb517yrRA_DqzOvUfmo4EcFU7ZZMj0WuHvuqSmaMGW9-C62LiwJ8JuSxicOhMBZvtJz33kOUzCx9bVsNPmJ2HbwlV--xuFyf4vBoeMIixPWxPLujxg20cx6BmbtuicNnxfukwRefmuZlLfS2wiHIfpX1t63in5ur_qhYWJlpdyBUS9HyuZlU36GGYzUCbpaLIUAt5b0Ysa7P2dattUwrczVxjFxVh9noLZvunlAdM0nqWocKalGkBdB_7GGraLGa_3BRsCgZiPOiXWjyFst69s4ckkJfOsBRgmBxJf7ai5kq0Mmj4T6JXvkgoHBarQAPN2CRJ6Dalu7DDp2A6tzakNipxq9SuziNrM5zqjA_SoSwO--WYMyvXKmJ91MXgEDO_DRLrosWi7xrGAhg5WdINjgxYnJciOmM_jsOtV5RVh-w2xs43VASxQFB5wFZHDVLZsurmSwFdK0zOZlOMiA6oN_W9L8cj6XjxEIYPyoBaTnWXdE9mFIU26O8FlwwY3dP8oM_baPfFGa2-qW6WLYbDlQj4bXuuf96_C1UY0E30UfriFS6WQZ9FGeNYiVcqouyi9DkU55qog76RxDdycmKMCRMnFoth2kXd77r5v5ZmbZ_iB5CzP1YV04gHA6rQ5m3o20UZ8kcN2g8YKO_2YJswAkRuc5tRpUehgPXS6Qk25wG1DUwfy4LTTIQcWIihLO85LGrppEmS2E40rUSSVKwpRdAWGcePrj84t_-fkCVTpfhRU9j37HXEREJsb2V7utm",
            "facilitated_booking_available": true,
            "pnr_count": 2,
            "has_airport_change": false,
            "technical_stops": 0,
            "throw_away_ticketing": false,
            "hidden_city_ticketing": false,
            "virtual_interlining": false
        },
        {
            "id": "0b7717884e2500000857725e_0|17880b774e2a0000a1c1ddf5_0",
            "flyFrom": "BUD",
            "flyTo": "HAM",
            "cityFrom": "Budapest",
            "cityCodeFrom": "BUD",
            "cityTo": "Hamburg",
            "cityCodeTo": "HAM",
            "countryFrom": {
                "code": "HU",
                "name": "Hungary"
            },
            "countryTo": {
                "code": "DE",
                "name": "Germany"
            },
            "local_departure": "2024-10-09T20:45:00.000Z",
            "utc_departure": "2024-10-09T18:45:00.000Z",
            "local_arrival": "2024-10-09T22:30:00.000Z",
            "utc_arrival": "2024-10-09T20:30:00.000Z",
            "nightsInDest": 5,
            "quality": 220.333205,
            "distance": 949.98,
            "duration": {
                "departure": 6300,
                "return": 6000,
                "total": 12300
            },
            "price": 169,
            "conversion": {
                "EUR": 169
            },
            "fare": {
                "adults": 169,
                "children": 169,
                "infants": 169
            },
            "fare_locks": {
                "EUR": [
                    {
                        "default": false,
                        "duration": "P1D",
                        "itinerary_price_limit": 369,
                        "itinerary_price_remaining": 169,
                        "fare_lock_kind": "fee",
                        "price": 8.45,
                        "rule_instance_id": 26749,
                        "version": "v1"
                    },
                    {
                        "default": true,
                        "duration": "P3D",
                        "itinerary_price_limit": 369,
                        "itinerary_price_remaining": 169,
                        "fare_lock_kind": "fee",
                        "price": 16.9,
                        "rule_instance_id": 26748,
                        "version": "v1"
                    },
                    {
                        "default": false,
                        "duration": "P7D",
                        "itinerary_price_limit": 369,
                        "itinerary_price_remaining": 169,
                        "fare_lock_kind": "fee",
                        "price": 42.25,
                        "rule_instance_id": 26750,
                        "version": "v1"
                    }
                ]
            },
            "bags_price": {
                "1": 72.8,
                "2": 282.8
            },
            "baglimit": {
                "hand_dimensions_sum": 118,
                "hand_height": 40,
                "hand_length": 55,
                "hand_weight": 8,
                "hand_width": 23,
                "hold_dimensions_sum": 158,
                "hold_height": 52,
                "hold_length": 78,
                "hold_weight": 23,
                "hold_width": 28,
                "personal_item_dimension_sum": 95,
                "personal_item_height": 30,
                "personal_item_length": 40,
                "personal_item_weight": 8,
                "personal_item_width": 25
            },
            "availability": {
                "seats": 8
            },
            "airlines": [
                "EW"
            ],
            "route": [
                {
                    "id": "0b7717884e2500000857725e_0",
                    "combination_id": "0b7717884e2500000857725e",
                    "flyFrom": "BUD",
                    "flyTo": "HAM",
                    "cityFrom": "Budapest",
                    "cityCodeFrom": "BUD",
                    "cityTo": "Hamburg",
                    "cityCodeTo": "HAM",
                    "local_departure": "2024-10-09T20:45:00.000Z",
                    "utc_departure": "2024-10-09T18:45:00.000Z",
                    "local_arrival": "2024-10-09T22:30:00.000Z",
                    "utc_arrival": "2024-10-09T20:30:00.000Z",
                    "airline": "EW",
                    "flight_no": 7783,
                    "operating_carrier": "EW",
                    "operating_flight_no": "7783",
                    "fare_basis": "",
                    "fare_category": "M",
                    "fare_classes": "",
                    "return": 0,
                    "bags_recheck_required": false,
                    "vi_connection": false,
                    "guarantee": false,
                    "equipment": null,
                    "vehicle_type": "aircraft"
                },
                {
                    "id": "17880b774e2a0000a1c1ddf5_0",
                    "combination_id": "17880b774e2a0000a1c1ddf5",
                    "flyFrom": "HAM",
                    "flyTo": "BUD",
                    "cityFrom": "Hamburg",
                    "cityCodeFrom": "HAM",
                    "cityTo": "Budapest",
                    "cityCodeTo": "BUD",
                    "local_departure": "2024-10-14T11:30:00.000Z",
                    "utc_departure": "2024-10-14T09:30:00.000Z",
                    "local_arrival": "2024-10-14T13:10:00.000Z",
                    "utc_arrival": "2024-10-14T11:10:00.000Z",
                    "airline": "EW",
                    "flight_no": 7784,
                    "operating_carrier": "EW",
                    "operating_flight_no": "7784",
                    "fare_basis": "",
                    "fare_category": "M",
                    "fare_classes": "",
                    "return": 1,
                    "bags_recheck_required": false,
                    "vi_connection": false,
                    "guarantee": false,
                    "equipment": null,
                    "vehicle_type": "aircraft"
                }
            ],
            "booking_token": "HXqTEy1yPEK6gmoJXMyC_klODJuFy5GxeSP4uk-6-zd6-jHkOhsc8qnr4g5dXkFRj_Jz0yihr6gUyC9p1_ToWALAAZWQYwIOxNtnpUkA5ojtz-izNqln0A-QVxYLXPlwtoKUMi0u-OmATAlU69l-ma0POJcq7_N-MepZFlyOZi0p6EDyEBLJlsmbJOy2YM4CeuXB10eMqF4M4BCYg-SqgAP0LKtljA09x13Wj5_8iDwMSqpbLEvGlMXSUzN97XnalzwUu55Rjsl6-2BUIiExRZfGhAPr8SpxciE2WDvE3yELloKCggrTy_T50dxj8lV6a5-MU5BFBmY1kau4ia1QQ1MGekcwkdZ34S_YBITEPSaZ1zRmgH1BRJIbr6T6JFzpQ97a9c2zaPo_ZRCzB1fJgTlc0MDCB8NuqNXUvhFTLcPHDoChPCPRSbs_lA8WmZiQyBhcsiUI652w0rAn5MQVynAEXcj89U57x0r-iy-7ujYGyM2Xkw92E304x0yuqTo6iPlz_0CHRV35S3VKE-KKCFSTpw_EmmoUUlaF2PY2QHM3fX8xGLZg4u1N9Z5pHWLekEpOyiXAIs-mk63fs3iHCp-BuFJVo7y11NbMAhNAepOgauTNsP7b6EwEH9y9sFj2QC6UMalK6gQptp6n90RVsxVN-z_-wNfElj-7yldsDnbm3YzJpzHwK9-kHqXl55YpPG7MMO_Yw6305JweiZEdhiIwSr8q6qWKrkz_qmmJE91M=",
            "deep_link": "https://www.kiwi.com/deep?affilid=mihalytest&currency=EUR&flightsId=0b7717884e2500000857725e_0%7C17880b774e2a0000a1c1ddf5_0&from=BUD&lang=en&passengers=1&to=HAM&booking_token=HXqTEy1yPEK6gmoJXMyC_klODJuFy5GxeSP4uk-6-zd6-jHkOhsc8qnr4g5dXkFRj_Jz0yihr6gUyC9p1_ToWALAAZWQYwIOxNtnpUkA5ojtz-izNqln0A-QVxYLXPlwtoKUMi0u-OmATAlU69l-ma0POJcq7_N-MepZFlyOZi0p6EDyEBLJlsmbJOy2YM4CeuXB10eMqF4M4BCYg-SqgAP0LKtljA09x13Wj5_8iDwMSqpbLEvGlMXSUzN97XnalzwUu55Rjsl6-2BUIiExRZfGhAPr8SpxciE2WDvE3yELloKCggrTy_T50dxj8lV6a5-MU5BFBmY1kau4ia1QQ1MGekcwkdZ34S_YBITEPSaZ1zRmgH1BRJIbr6T6JFzpQ97a9c2zaPo_ZRCzB1fJgTlc0MDCB8NuqNXUvhFTLcPHDoChPCPRSbs_lA8WmZiQyBhcsiUI652w0rAn5MQVynAEXcj89U57x0r-iy-7ujYGyM2Xkw92E304x0yuqTo6iPlz_0CHRV35S3VKE-KKCFSTpw_EmmoUUlaF2PY2QHM3fX8xGLZg4u1N9Z5pHWLekEpOyiXAIs-mk63fs3iHCp-BuFJVo7y11NbMAhNAepOgauTNsP7b6EwEH9y9sFj2QC6UMalK6gQptp6n90RVsxVN-z_-wNfElj-7yldsDnbm3YzJpzHwK9-kHqXl55YpPG7MMO_Yw6305JweiZEdhiIwSr8q6qWKrkz_qmmJE91M=",
            "facilitated_booking_available": true,
            "pnr_count": 2,
            "has_airport_change": false,
            "technical_stops": 0,
            "throw_away_ticketing": false,
            "hidden_city_ticketing": false,
            "virtual_interlining": false
        },
        {
            "id": "0b7717884e460000e36dd2ec_0|17880b774e4c00006775c677_0",
            "flyFrom": "BUD",
            "flyTo": "HAM",
            "cityFrom": "Budapest",
            "cityCodeFrom": "BUD",
            "cityTo": "Hamburg",
            "cityCodeTo": "HAM",
            "countryFrom": {
                "code": "HU",
                "name": "Hungary"
            },
            "countryTo": {
                "code": "DE",
                "name": "Germany"
            },
            "local_departure": "2024-11-11T09:15:00.000Z",
            "utc_departure": "2024-11-11T08:15:00.000Z",
            "local_arrival": "2024-11-11T11:05:00.000Z",
            "utc_arrival": "2024-11-11T10:05:00.000Z",
            "nightsInDest": 6,
            "quality": 221.666535,
            "distance": 949.98,
            "duration": {
                "departure": 6600,
                "return": 6300,
                "total": 12900
            },
            "price": 169,
            "conversion": {
                "EUR": 169
            },
            "fare": {
                "adults": 169,
                "children": 169,
                "infants": 169
            },
            "fare_locks": {
                "EUR": [
                    {
                        "default": false,
                        "duration": "P1D",
                        "itinerary_price_limit": 369,
                        "itinerary_price_remaining": 169,
                        "fare_lock_kind": "fee",
                        "price": 8.45,
                        "rule_instance_id": 26749,
                        "version": "v1"
                    },
                    {
                        "default": true,
                        "duration": "P3D",
                        "itinerary_price_limit": 369,
                        "itinerary_price_remaining": 169,
                        "fare_lock_kind": "fee",
                        "price": 16.9,
                        "rule_instance_id": 26748,
                        "version": "v1"
                    },
                    {
                        "default": false,
                        "duration": "P7D",
                        "itinerary_price_limit": 369,
                        "itinerary_price_remaining": 169,
                        "fare_lock_kind": "fee",
                        "price": 42.25,
                        "rule_instance_id": 26750,
                        "version": "v1"
                    }
                ]
            },
            "bags_price": {
                "1": 72.8,
                "2": 282.8
            },
            "baglimit": {
                "hand_dimensions_sum": 118,
                "hand_height": 40,
                "hand_length": 55,
                "hand_weight": 8,
                "hand_width": 23,
                "hold_dimensions_sum": 158,
                "hold_height": 52,
                "hold_length": 78,
                "hold_weight": 23,
                "hold_width": 28,
                "personal_item_dimension_sum": 95,
                "personal_item_height": 30,
                "personal_item_length": 40,
                "personal_item_weight": 8,
                "personal_item_width": 25
            },
            "availability": {
                "seats": 9
            },
            "airlines": [
                "EW"
            ],
            "route": [
                {
                    "id": "0b7717884e460000e36dd2ec_0",
                    "combination_id": "0b7717884e460000e36dd2ec",
                    "flyFrom": "BUD",
                    "flyTo": "HAM",
                    "cityFrom": "Budapest",
                    "cityCodeFrom": "BUD",
                    "cityTo": "Hamburg",
                    "cityCodeTo": "HAM",
                    "local_departure": "2024-11-11T09:15:00.000Z",
                    "utc_departure": "2024-11-11T08:15:00.000Z",
                    "local_arrival": "2024-11-11T11:05:00.000Z",
                    "utc_arrival": "2024-11-11T10:05:00.000Z",
                    "airline": "EW",
                    "flight_no": 7781,
                    "operating_carrier": "EW",
                    "operating_flight_no": "7781",
                    "fare_basis": "",
                    "fare_category": "M",
                    "fare_classes": "",
                    "return": 0,
                    "bags_recheck_required": false,
                    "vi_connection": false,
                    "guarantee": false,
                    "equipment": null,
                    "vehicle_type": "aircraft"
                },
                {
                    "id": "17880b774e4c00006775c677_0",
                    "combination_id": "17880b774e4c00006775c677",
                    "flyFrom": "HAM",
                    "flyTo": "BUD",
                    "cityFrom": "Hamburg",
                    "cityCodeFrom": "HAM",
                    "cityTo": "Budapest",
                    "cityCodeTo": "BUD",
                    "local_departure": "2024-11-17T13:05:00.000Z",
                    "utc_departure": "2024-11-17T12:05:00.000Z",
                    "local_arrival": "2024-11-17T14:50:00.000Z",
                    "utc_arrival": "2024-11-17T13:50:00.000Z",
                    "airline": "EW",
                    "flight_no": 7780,
                    "operating_carrier": "EW",
                    "operating_flight_no": "7780",
                    "fare_basis": "",
                    "fare_category": "M",
                    "fare_classes": "",
                    "return": 1,
                    "bags_recheck_required": false,
                    "vi_connection": false,
                    "guarantee": false,
                    "equipment": null,
                    "vehicle_type": "aircraft"
                }
            ],
            "booking_token": "Hiv3x0-4EB--UfKPjW6AxCkwG293sWWU939qG0nMHJrrQUVob3q4kqknIeXca7ns4OxkRv5mvcrKnMWW-NyiFCtWpcxcf5BM-oWEa3_0BCXYopbl9BQ0RLeO_KBM14O21lau1hQPVDpt2VoAEvUImFT9EBvN3_9EYi4GNnG0B1tgUXm80GnDiXCS8tVagMh4Frw2PyPtwtRGrOuwnKDCBLRPGnyxrPuoILTTPQ359gs2iVR78cT2oyHGwv6zBi4WYF5dpphD8we7v-CZGkDIhGbHvg98HjfAChRUTwol0FWA0SYPPC_r-WAYKCO9xA_WV78ap1TwtII1uEnqskH7QkDGN_2CilKkfPUht-W0s8vddP01k4MZSzcX9z2TNT4mPjoy8A7dn_xBRcKdnpG6HLM3XhxPJtIXYLXsV9s3eJPHbzSJcxmHQ8nI3QlY90OKV6_Pwq8BMFT0mUro_p9DeCYLZQgoL3YjpGXDpLSLthPvn-ppZ68WzbOT_UgeHfpSbr8ujQXE226hML0ps-XToeorUyeHeA2Fwd0NdjfoJkGy1JEFdaFMgBU-W2uqd-_eyEOl27l-H7Im9RKMce-HxnuZX4t5v7BQQ4GLShfQTh17oks6iipv5etYPxvjuUdsJwKafz96pwveerl-R4xamWAEKZyijRn_z2nCT7JZTqP_0XWTgghI0QdMnhjxe9Zp-OiNBVsNGhWvd42t4l5MpNQ==",
            "deep_link": "https://www.kiwi.com/deep?affilid=mihalytest&currency=EUR&flightsId=0b7717884e460000e36dd2ec_0%7C17880b774e4c00006775c677_0&from=BUD&lang=en&passengers=1&to=HAM&booking_token=Hiv3x0-4EB--UfKPjW6AxCkwG293sWWU939qG0nMHJrrQUVob3q4kqknIeXca7ns4OxkRv5mvcrKnMWW-NyiFCtWpcxcf5BM-oWEa3_0BCXYopbl9BQ0RLeO_KBM14O21lau1hQPVDpt2VoAEvUImFT9EBvN3_9EYi4GNnG0B1tgUXm80GnDiXCS8tVagMh4Frw2PyPtwtRGrOuwnKDCBLRPGnyxrPuoILTTPQ359gs2iVR78cT2oyHGwv6zBi4WYF5dpphD8we7v-CZGkDIhGbHvg98HjfAChRUTwol0FWA0SYPPC_r-WAYKCO9xA_WV78ap1TwtII1uEnqskH7QkDGN_2CilKkfPUht-W0s8vddP01k4MZSzcX9z2TNT4mPjoy8A7dn_xBRcKdnpG6HLM3XhxPJtIXYLXsV9s3eJPHbzSJcxmHQ8nI3QlY90OKV6_Pwq8BMFT0mUro_p9DeCYLZQgoL3YjpGXDpLSLthPvn-ppZ68WzbOT_UgeHfpSbr8ujQXE226hML0ps-XToeorUyeHeA2Fwd0NdjfoJkGy1JEFdaFMgBU-W2uqd-_eyEOl27l-H7Im9RKMce-HxnuZX4t5v7BQQ4GLShfQTh17oks6iipv5etYPxvjuUdsJwKafz96pwveerl-R4xamWAEKZyijRn_z2nCT7JZTqP_0XWTgghI0QdMnhjxe9Zp-OiNBVsNGhWvd42t4l5MpNQ==",
            "facilitated_booking_available": true,
            "pnr_count": 2,
            "has_airport_change": false,
            "technical_stops": 0,
            "throw_away_ticketing": false,
            "hidden_city_ticketing": false,
            "virtual_interlining": false
        },
        {
            "id": "0b7717884e4c0000b8a9ece0_0|17880b774e4d00001e6e395f_0",
            "flyFrom": "BUD",
            "flyTo": "HAM",
            "cityFrom": "Budapest",
            "cityCodeFrom": "BUD",
            "cityTo": "Hamburg",
            "cityCodeTo": "HAM",
            "countryFrom": {
                "code": "HU",
                "name": "Hungary"
            },
            "countryTo": {
                "code": "DE",
                "name": "Germany"
            },
            "local_departure": "2024-11-17T15:35:00.000Z",
            "utc_departure": "2024-11-17T14:35:00.000Z",
            "local_arrival": "2024-11-17T17:25:00.000Z",
            "utc_arrival": "2024-11-17T16:25:00.000Z",
            "nightsInDest": 1,
            "quality": 221.666535,
            "distance": 949.98,
            "duration": {
                "departure": 6600,
                "return": 6300,
                "total": 12900
            },
            "price": 169,
            "conversion": {
                "EUR": 169
            },
            "fare": {
                "adults": 169,
                "children": 169,
                "infants": 169
            },
            "fare_locks": {
                "EUR": [
                    {
                        "default": false,
                        "duration": "P1D",
                        "itinerary_price_limit": 369,
                        "itinerary_price_remaining": 169,
                        "fare_lock_kind": "fee",
                        "price": 8.45,
                        "rule_instance_id": 26749,
                        "version": "v1"
                    },
                    {
                        "default": true,
                        "duration": "P3D",
                        "itinerary_price_limit": 369,
                        "itinerary_price_remaining": 169,
                        "fare_lock_kind": "fee",
                        "price": 16.9,
                        "rule_instance_id": 26748,
                        "version": "v1"
                    },
                    {
                        "default": false,
                        "duration": "P7D",
                        "itinerary_price_limit": 369,
                        "itinerary_price_remaining": 169,
                        "fare_lock_kind": "fee",
                        "price": 42.25,
                        "rule_instance_id": 26750,
                        "version": "v1"
                    }
                ]
            },
            "bags_price": {
                "1": 72.8,
                "2": 282.8
            },
            "baglimit": {
                "hand_dimensions_sum": 118,
                "hand_height": 40,
                "hand_length": 55,
                "hand_weight": 8,
                "hand_width": 23,
                "hold_dimensions_sum": 158,
                "hold_height": 52,
                "hold_length": 78,
                "hold_weight": 23,
                "hold_width": 28,
                "personal_item_dimension_sum": 95,
                "personal_item_height": 30,
                "personal_item_length": 40,
                "personal_item_weight": 8,
                "personal_item_width": 25
            },
            "availability": {
                "seats": 3
            },
            "airlines": [
                "EW"
            ],
            "route": [
                {
                    "id": "0b7717884e4c0000b8a9ece0_0",
                    "combination_id": "0b7717884e4c0000b8a9ece0",
                    "flyFrom": "BUD",
                    "flyTo": "HAM",
                    "cityFrom": "Budapest",
                    "cityCodeFrom": "BUD",
                    "cityTo": "Hamburg",
                    "cityCodeTo": "HAM",
                    "local_departure": "2024-11-17T15:35:00.000Z",
                    "utc_departure": "2024-11-17T14:35:00.000Z",
                    "local_arrival": "2024-11-17T17:25:00.000Z",
                    "utc_arrival": "2024-11-17T16:25:00.000Z",
                    "airline": "EW",
                    "flight_no": 7781,
                    "operating_carrier": "EW",
                    "operating_flight_no": "7781",
                    "fare_basis": "",
                    "fare_category": "M",
                    "fare_classes": "K",
                    "return": 0,
                    "bags_recheck_required": false,
                    "vi_connection": false,
                    "guarantee": false,
                    "equipment": null,
                    "vehicle_type": "aircraft"
                },
                {
                    "id": "17880b774e4d00001e6e395f_0",
                    "combination_id": "17880b774e4d00001e6e395f",
                    "flyFrom": "HAM",
                    "flyTo": "BUD",
                    "cityFrom": "Hamburg",
                    "cityCodeFrom": "HAM",
                    "cityTo": "Budapest",
                    "cityCodeTo": "BUD",
                    "local_departure": "2024-11-18T06:45:00.000Z",
                    "utc_departure": "2024-11-18T05:45:00.000Z",
                    "local_arrival": "2024-11-18T08:30:00.000Z",
                    "utc_arrival": "2024-11-18T07:30:00.000Z",
                    "airline": "EW",
                    "flight_no": 7780,
                    "operating_carrier": "EW",
                    "operating_flight_no": "7780",
                    "fare_basis": "",
                    "fare_category": "M",
                    "fare_classes": "",
                    "return": 1,
                    "bags_recheck_required": false,
                    "vi_connection": false,
                    "guarantee": false,
                    "equipment": null,
                    "vehicle_type": "aircraft"
                }
            ],
            "booking_token": "HCluvqE11qcol0yMkFzDqHUY2_GYN1KUos2TeegC4pSU5k0BTwEoNDtEEMbEz9KlbMFZKGtmv6F0z6XdODdhcFXi5CKlf0ha9vbYSZPtZMDVUhWrzIsa4d_FUbY9McLxrc2kbibubFvmurbcI8I2RnqzXdGBzFHuRGjw_yGY9r-xFUwDDlm1mM06btwQmjqUtrINMiTS77svBZOVeXOMY8VVIHb4L9RrLAbfI_YkC5HOrdrCDv0t3LX-LrXuFrQTESs2tKhzAN1T_Rz3udzGxjmtFme2kRLu-PP9RKL9_IJIUoFDCTqkEDK8F4FLMmH1nRrwB7ya-yfid0a9fwj42Keuix4q7vT5_sedPwYmgLg1czIB9Kzj7P0KeC6Ni4ujLTXTwSvzpNXLlEoX2JAPy6-Lb_YO1deoQOFNmfoSkhr7Z2tk6nguqAIv9NNBZi3xz484uTdGbryaUGJYf2mPGtIVMmgBsgbg7gAcSbpMdkUD_RJzCb1-8YEDEF9u0M9kl5sWbRd3TWdF7px_cmHxN8FBn19qfdaVrr-Uenczu4vhXxsIfGfY5RFhItQ1-rOy-cXxhqjkElw8W43cQbRc_J2ZeCtI1L0A_w5339Ri-0ZHYNeAHiejRv403CrFZlJ4MOrJNxiKD-prSCJF4C-2xqCajSe0MxBwIlFW6ojbPqSCP28mSdLJxKYLAOgE6vsUXdHAS9AtYuFCbje_MEb4YUA==",
            "deep_link": "https://www.kiwi.com/deep?affilid=mihalytest&currency=EUR&flightsId=0b7717884e4c0000b8a9ece0_0%7C17880b774e4d00001e6e395f_0&from=BUD&lang=en&passengers=1&to=HAM&booking_token=HCluvqE11qcol0yMkFzDqHUY2_GYN1KUos2TeegC4pSU5k0BTwEoNDtEEMbEz9KlbMFZKGtmv6F0z6XdODdhcFXi5CKlf0ha9vbYSZPtZMDVUhWrzIsa4d_FUbY9McLxrc2kbibubFvmurbcI8I2RnqzXdGBzFHuRGjw_yGY9r-xFUwDDlm1mM06btwQmjqUtrINMiTS77svBZOVeXOMY8VVIHb4L9RrLAbfI_YkC5HOrdrCDv0t3LX-LrXuFrQTESs2tKhzAN1T_Rz3udzGxjmtFme2kRLu-PP9RKL9_IJIUoFDCTqkEDK8F4FLMmH1nRrwB7ya-yfid0a9fwj42Keuix4q7vT5_sedPwYmgLg1czIB9Kzj7P0KeC6Ni4ujLTXTwSvzpNXLlEoX2JAPy6-Lb_YO1deoQOFNmfoSkhr7Z2tk6nguqAIv9NNBZi3xz484uTdGbryaUGJYf2mPGtIVMmgBsgbg7gAcSbpMdkUD_RJzCb1-8YEDEF9u0M9kl5sWbRd3TWdF7px_cmHxN8FBn19qfdaVrr-Uenczu4vhXxsIfGfY5RFhItQ1-rOy-cXxhqjkElw8W43cQbRc_J2ZeCtI1L0A_w5339Ri-0ZHYNeAHiejRv403CrFZlJ4MOrJNxiKD-prSCJF4C-2xqCajSe0MxBwIlFW6ojbPqSCP28mSdLJxKYLAOgE6vsUXdHAS9AtYuFCbje_MEb4YUA==",
            "facilitated_booking_available": true,
            "pnr_count": 2,
            "has_airport_change": false,
            "technical_stops": 0,
            "throw_away_ticketing": false,
            "hidden_city_ticketing": false,
            "virtual_interlining": false
        },
        {
            "id": "0b7717884e4300008a679150_0|178807f04e4700001f02725d_0|07f00b774e47000092a93654_0",
            "flyFrom": "BUD",
            "flyTo": "HAM",
            "cityFrom": "Budapest",
            "cityCodeFrom": "BUD",
            "cityTo": "Hamburg",
            "cityCodeTo": "HAM",
            "countryFrom": {
                "code": "HU",
                "name": "Hungary"
            },
            "countryTo": {
                "code": "DE",
                "name": "Germany"
            },
            "local_departure": "2024-11-08T20:35:00.000Z",
            "utc_departure": "2024-11-08T19:35:00.000Z",
            "local_arrival": "2024-11-08T22:25:00.000Z",
            "utc_arrival": "2024-11-08T21:25:00.000Z",
            "nightsInDest": 4,
            "quality": 256.333115,
            "distance": 949.98,
            "duration": {
                "departure": 6600,
                "return": 21900,
                "total": 28500
            },
            "price": 169,
            "conversion": {
                "EUR": 169
            },
            "fare": {
                "adults": 169,
                "children": 169,
                "infants": 169
            },
            "fare_locks": {
                "EUR": [
                    {
                        "default": false,
                        "duration": "P1D",
                        "itinerary_price_limit": 369,
                        "itinerary_price_remaining": 169,
                        "fare_lock_kind": "fee",
                        "price": 8.45,
                        "rule_instance_id": 26749,
                        "version": "v1"
                    },
                    {
                        "default": true,
                        "duration": "P3D",
                        "itinerary_price_limit": 369,
                        "itinerary_price_remaining": 169,
                        "fare_lock_kind": "fee",
                        "price": 16.9,
                        "rule_instance_id": 26748,
                        "version": "v1"
                    },
                    {
                        "default": false,
                        "duration": "P7D",
                        "itinerary_price_limit": 369,
                        "itinerary_price_remaining": 169,
                        "fare_lock_kind": "fee",
                        "price": 42.25,
                        "rule_instance_id": 26750,
                        "version": "v1"
                    }
                ]
            },
            "bags_price": {
                "1": 112,
                "2": 361.2
            },
            "baglimit": {
                "hand_dimensions_sum": 118,
                "hand_height": 40,
                "hand_length": 55,
                "hand_weight": 8,
                "hand_width": 23,
                "hold_dimensions_sum": 158,
                "hold_height": 52,
                "hold_length": 78,
                "hold_weight": 20,
                "hold_width": 28,
                "personal_item_dimension_sum": 90,
                "personal_item_height": 30,
                "personal_item_length": 40,
                "personal_item_weight": 8,
                "personal_item_width": 20
            },
            "availability": {
                "seats": 5
            },
            "airlines": [
                "EW",
                "W6"
            ],
            "route": [
                {
                    "id": "0b7717884e4300008a679150_0",
                    "combination_id": "0b7717884e4300008a679150",
                    "flyFrom": "BUD",
                    "flyTo": "HAM",
                    "cityFrom": "Budapest",
                    "cityCodeFrom": "BUD",
                    "cityTo": "Hamburg",
                    "cityCodeTo": "HAM",
                    "local_departure": "2024-11-08T20:35:00.000Z",
                    "utc_departure": "2024-11-08T19:35:00.000Z",
                    "local_arrival": "2024-11-08T22:25:00.000Z",
                    "utc_arrival": "2024-11-08T21:25:00.000Z",
                    "airline": "EW",
                    "flight_no": 7781,
                    "operating_carrier": "EW",
                    "operating_flight_no": "7781",
                    "fare_basis": "",
                    "fare_category": "M",
                    "fare_classes": "",
                    "return": 0,
                    "bags_recheck_required": false,
                    "vi_connection": false,
                    "guarantee": false,
                    "equipment": null,
                    "vehicle_type": "aircraft"
                },
                {
                    "id": "178807f04e4700001f02725d_0",
                    "combination_id": "178807f04e4700001f02725d",
                    "flyFrom": "HAM",
                    "flyTo": "MXP",
                    "cityFrom": "Hamburg",
                    "cityCodeFrom": "HAM",
                    "cityTo": "Milan",
                    "cityCodeTo": "MIL",
                    "local_departure": "2024-11-12T17:05:00.000Z",
                    "utc_departure": "2024-11-12T16:05:00.000Z",
                    "local_arrival": "2024-11-12T18:50:00.000Z",
                    "utc_arrival": "2024-11-12T17:50:00.000Z",
                    "airline": "EW",
                    "flight_no": 7822,
                    "operating_carrier": "EW",
                    "operating_flight_no": "7822",
                    "fare_basis": "",
                    "fare_category": "M",
                    "fare_classes": "",
                    "return": 1,
                    "bags_recheck_required": false,
                    "vi_connection": false,
                    "guarantee": false,
                    "equipment": null,
                    "vehicle_type": "aircraft"
                },
                {
                    "id": "07f00b774e47000092a93654_0",
                    "combination_id": "07f00b774e47000092a93654",
                    "flyFrom": "MXP",
                    "flyTo": "BUD",
                    "cityFrom": "Milan",
                    "cityCodeFrom": "MIL",
                    "cityTo": "Budapest",
                    "cityCodeTo": "BUD",
                    "local_departure": "2024-11-12T21:30:00.000Z",
                    "utc_departure": "2024-11-12T20:30:00.000Z",
                    "local_arrival": "2024-11-12T23:10:00.000Z",
                    "utc_arrival": "2024-11-12T22:10:00.000Z",
                    "airline": "W6",
                    "flight_no": 2336,
                    "operating_carrier": "",
                    "operating_flight_no": "",
                    "fare_basis": "",
                    "fare_category": "M",
                    "fare_classes": "",
                    "return": 1,
                    "bags_recheck_required": true,
                    "vi_connection": true,
                    "guarantee": true,
                    "equipment": null,
                    "vehicle_type": "aircraft"
                }
            ],
            "booking_token": "HFXpYQfLJxxChnqQxMjhkyEeEkPOsWyFrSDPwgsNpNwKlBFgPLOSMWWnuy59f48bUa9RXuSkMt59Sf_vlvtLBho-6TzCoECIVchBLweAl-GSb5dTgVTA5QGfdgASV65XI3-d79IaiZq7Kk4Agx0DzU1ml0lXXHTXanT_cHsh4t_PjM1IQGDu28GHQrgOJlBHXHz8wVo0ZZOfwjV56TR-wMPk9ZWY_BE5i7OqphdAip0foDcvvPHCAfa8eb0eIT_ZPIC-dJVnPOQtTbLpdDEV5ApXYgA05ysbvo9pEzdkB2XCO7CFbbwHvRmEYGx32g1KmosnZT3g-XJu8lIM0Tq_5aRV25KAohMx4XUiKEyzkFDhcnJ8ogcz9jOQQkG0vXd82Ce-pyNYxNICbuAzXTtdb2TKzcIIymqJsmDndpaOMiQfIYtZ-WGQgyqIrqEC7amfykQHfpt8WgSUvT_62zbpX73VqA_h6DQ-Q4ZaVAGpgJgB_TXhEred1bGWVU4MDSX06ppVSETkxitmszajPVaYkC1CifZP3Pu8sUAO2CsZFN2qTmJnO7lMPUtA-QywY32YtAsc7la9DJkoh2HmoA-ZOure59wE0i-9vFRDS8AFVV-lNEfPkJ0O-EyvVfbJiZKzPXRtCGM5218dZIRBBMFgzh7vgKYwouQUsOLb9YIcq8kPbF5e39VOghpoG1WTEDsRJahGOBrjm63FJQUyLC7oLqVesf-XvjzmNjpnc1dzdSQXxT0u1UI_A4v-_WCxQPfIbRzUUIKjgt8EDOIE_LyZwtwYhm5V4YyvvPC_ELN8JKA0YoOwfVz5nPyEKxgtyPAei",
            "deep_link": "https://www.kiwi.com/deep?affilid=mihalytest&currency=EUR&flightsId=0b7717884e4300008a679150_0%7C178807f04e4700001f02725d_0%7C07f00b774e47000092a93654_0&from=BUD&lang=en&passengers=1&to=HAM&booking_token=HFXpYQfLJxxChnqQxMjhkyEeEkPOsWyFrSDPwgsNpNwKlBFgPLOSMWWnuy59f48bUa9RXuSkMt59Sf_vlvtLBho-6TzCoECIVchBLweAl-GSb5dTgVTA5QGfdgASV65XI3-d79IaiZq7Kk4Agx0DzU1ml0lXXHTXanT_cHsh4t_PjM1IQGDu28GHQrgOJlBHXHz8wVo0ZZOfwjV56TR-wMPk9ZWY_BE5i7OqphdAip0foDcvvPHCAfa8eb0eIT_ZPIC-dJVnPOQtTbLpdDEV5ApXYgA05ysbvo9pEzdkB2XCO7CFbbwHvRmEYGx32g1KmosnZT3g-XJu8lIM0Tq_5aRV25KAohMx4XUiKEyzkFDhcnJ8ogcz9jOQQkG0vXd82Ce-pyNYxNICbuAzXTtdb2TKzcIIymqJsmDndpaOMiQfIYtZ-WGQgyqIrqEC7amfykQHfpt8WgSUvT_62zbpX73VqA_h6DQ-Q4ZaVAGpgJgB_TXhEred1bGWVU4MDSX06ppVSETkxitmszajPVaYkC1CifZP3Pu8sUAO2CsZFN2qTmJnO7lMPUtA-QywY32YtAsc7la9DJkoh2HmoA-ZOure59wE0i-9vFRDS8AFVV-lNEfPkJ0O-EyvVfbJiZKzPXRtCGM5218dZIRBBMFgzh7vgKYwouQUsOLb9YIcq8kPbF5e39VOghpoG1WTEDsRJahGOBrjm63FJQUyLC7oLqVesf-XvjzmNjpnc1dzdSQXxT0u1UI_A4v-_WCxQPfIbRzUUIKjgt8EDOIE_LyZwtwYhm5V4YyvvPC_ELN8JKA0YoOwfVz5nPyEKxgtyPAei",
            "facilitated_booking_available": false,
            "pnr_count": 3,
            "has_airport_change": false,
            "technical_stops": 0,
            "throw_away_ticketing": false,
            "hidden_city_ticketing": false,
            "virtual_interlining": true
        },
        {
            "id": "0b7717884e4d0000c1b213c8_0|178823334e540000a790ffcd_0|23330b774e5400006ac23fad_0",
            "flyFrom": "BUD",
            "flyTo": "HAM",
            "cityFrom": "Budapest",
            "cityCodeFrom": "BUD",
            "cityTo": "Hamburg",
            "cityCodeTo": "HAM",
            "countryFrom": {
                "code": "HU",
                "name": "Hungary"
            },
            "countryTo": {
                "code": "DE",
                "name": "Germany"
            },
            "local_departure": "2024-11-18T09:15:00.000Z",
            "utc_departure": "2024-11-18T08:15:00.000Z",
            "local_arrival": "2024-11-18T11:05:00.000Z",
            "utc_arrival": "2024-11-18T10:05:00.000Z",
            "nightsInDest": 7,
            "quality": 262.999765,
            "distance": 949.98,
            "duration": {
                "departure": 6600,
                "return": 24900,
                "total": 31500
            },
            "price": 169,
            "conversion": {
                "EUR": 169
            },
            "fare": {
                "adults": 169,
                "children": 169,
                "infants": 169
            },
            "fare_locks": {
                "EUR": [
                    {
                        "default": false,
                        "duration": "P1D",
                        "itinerary_price_limit": 369,
                        "itinerary_price_remaining": 169,
                        "fare_lock_kind": "fee",
                        "price": 8.45,
                        "rule_instance_id": 26749,
                        "version": "v1"
                    },
                    {
                        "default": true,
                        "duration": "P3D",
                        "itinerary_price_limit": 369,
                        "itinerary_price_remaining": 169,
                        "fare_lock_kind": "fee",
                        "price": 16.9,
                        "rule_instance_id": 26748,
                        "version": "v1"
                    },
                    {
                        "default": false,
                        "duration": "P7D",
                        "itinerary_price_limit": 369,
                        "itinerary_price_remaining": 169,
                        "fare_lock_kind": "fee",
                        "price": 42.25,
                        "rule_instance_id": 26750,
                        "version": "v1"
                    }
                ]
            },
            "bags_price": {
                "1": 183.274,
                "2": 435.148
            },
            "baglimit": {
                "hand_dimensions_sum": 118,
                "hand_height": 40,
                "hand_length": 55,
                "hand_weight": 8,
                "hand_width": 23,
                "hold_dimensions_sum": 158,
                "hold_height": 52,
                "hold_length": 78,
                "hold_weight": 20,
                "hold_width": 28,
                "personal_item_dimension_sum": 90,
                "personal_item_height": 30,
                "personal_item_length": 40,
                "personal_item_weight": 8,
                "personal_item_width": 20
            },
            "availability": {
                "seats": 2
            },
            "airlines": [
                "W4",
                "W6",
                "EW"
            ],
            "route": [
                {
                    "id": "0b7717884e4d0000c1b213c8_0",
                    "combination_id": "0b7717884e4d0000c1b213c8",
                    "flyFrom": "BUD",
                    "flyTo": "HAM",
                    "cityFrom": "Budapest",
                    "cityCodeFrom": "BUD",
                    "cityTo": "Hamburg",
                    "cityCodeTo": "HAM",
                    "local_departure": "2024-11-18T09:15:00.000Z",
                    "utc_departure": "2024-11-18T08:15:00.000Z",
                    "local_arrival": "2024-11-18T11:05:00.000Z",
                    "utc_arrival": "2024-11-18T10:05:00.000Z",
                    "airline": "EW",
                    "flight_no": 7781,
                    "operating_carrier": "EW",
                    "operating_flight_no": "7781",
                    "fare_basis": "",
                    "fare_category": "M",
                    "fare_classes": "",
                    "return": 0,
                    "bags_recheck_required": false,
                    "vi_connection": false,
                    "guarantee": false,
                    "equipment": null,
                    "vehicle_type": "aircraft"
                },
                {
                    "id": "178823334e540000a790ffcd_0",
                    "combination_id": "178823334e540000a790ffcd",
                    "flyFrom": "HAM",
                    "flyTo": "TIA",
                    "cityFrom": "Hamburg",
                    "cityCodeFrom": "HAM",
                    "cityTo": "Tirana",
                    "cityCodeTo": "TIA",
                    "local_departure": "2024-11-25T16:15:00.000Z",
                    "utc_departure": "2024-11-25T15:15:00.000Z",
                    "local_arrival": "2024-11-25T18:45:00.000Z",
                    "utc_arrival": "2024-11-25T17:45:00.000Z",
                    "airline": "W4",
                    "flight_no": 5108,
                    "operating_carrier": "",
                    "operating_flight_no": "",
                    "fare_basis": "",
                    "fare_category": "M",
                    "fare_classes": "",
                    "return": 1,
                    "bags_recheck_required": false,
                    "vi_connection": false,
                    "guarantee": false,
                    "equipment": null,
                    "vehicle_type": "aircraft"
                },
                {
                    "id": "23330b774e5400006ac23fad_0",
                    "combination_id": "23330b774e5400006ac23fad",
                    "flyFrom": "TIA",
                    "flyTo": "BUD",
                    "cityFrom": "Tirana",
                    "cityCodeFrom": "TIA",
                    "cityTo": "Budapest",
                    "cityCodeTo": "BUD",
                    "local_departure": "2024-11-25T21:35:00.000Z",
                    "utc_departure": "2024-11-25T20:35:00.000Z",
                    "local_arrival": "2024-11-25T23:10:00.000Z",
                    "utc_arrival": "2024-11-25T22:10:00.000Z",
                    "airline": "W6",
                    "flight_no": 2234,
                    "operating_carrier": "",
                    "operating_flight_no": "",
                    "fare_basis": "",
                    "fare_category": "M",
                    "fare_classes": "",
                    "return": 1,
                    "bags_recheck_required": true,
                    "vi_connection": true,
                    "guarantee": true,
                    "equipment": null,
                    "vehicle_type": "aircraft"
                }
            ],
            "booking_token": "HjudJZM1TN8qhg1UrOB7RjfiKKED-oUkSFTlqgd7HtYqY5rbIIQWd8GXebj3KV94GX_Ou8HNCWUHIcCQ-eJIV_qAZb1Pax8aptfLr9kv_L5iSD4HFg2SvSz5Ux8_GYGePgpt9LskKlctuCgt1sZAaEiYnikpKhEpo7tOzRmd6o4FCyH5OqhZLWTu6pvVnfZFOYNu7Kudr7z5Bhu-VO0q6nhzr4nXPBzv9arjWiNaV98U3hXAeYzOQaCBYox7qqrT83EREF0GnpsyOWyGW2yLj15guI3bslCAAtcnyE775HMGbjRvuUDazr601pyA6DVRXimffz5QX0JF6AyAtcgep3CDDhapqDfxRva83wNRpLaNFpSPkjzRKkLV09xtMx7vtD_xW-g4d0qTHZkJWwT1R9cLH8FIB-BcW1PLn5Kv6g6QaZNnKiBX9JEAmBeRdakPowoBh48r4OZ2DJXlg7FYhfR5LLyyUCxSBDgaTFJvo5e8RrzGC98qky15dx2g90JbyAcZ30RTNWtssQtozfZw9ASyR6jSjhN15UKLjxJmvCPHAKayhQ1XqkoKrxMV68mGyMgV7eYrTsBjRA5fshWELJSlIr29dWcB-bnuDvmR6xu1023J3MYvN-GY5uvxvZilWWZd8D6qjDt7ohmjRjGH7XqWImSxFeiVVvB7bGwrJTGmMdVnMu6cXkxOPKXOAyXPArOvuE5UpxJrmkpKpOewLPfpXvdtm17YsJA79xqZU5CW8BH7kkkWd5zHBmXn0nRclJW_Hkj9nI0gHM6hFBu8mzA==",
            "deep_link": "https://www.kiwi.com/deep?affilid=mihalytest&currency=EUR&flightsId=0b7717884e4d0000c1b213c8_0%7C178823334e540000a790ffcd_0%7C23330b774e5400006ac23fad_0&from=BUD&lang=en&passengers=1&to=HAM&booking_token=HjudJZM1TN8qhg1UrOB7RjfiKKED-oUkSFTlqgd7HtYqY5rbIIQWd8GXebj3KV94GX_Ou8HNCWUHIcCQ-eJIV_qAZb1Pax8aptfLr9kv_L5iSD4HFg2SvSz5Ux8_GYGePgpt9LskKlctuCgt1sZAaEiYnikpKhEpo7tOzRmd6o4FCyH5OqhZLWTu6pvVnfZFOYNu7Kudr7z5Bhu-VO0q6nhzr4nXPBzv9arjWiNaV98U3hXAeYzOQaCBYox7qqrT83EREF0GnpsyOWyGW2yLj15guI3bslCAAtcnyE775HMGbjRvuUDazr601pyA6DVRXimffz5QX0JF6AyAtcgep3CDDhapqDfxRva83wNRpLaNFpSPkjzRKkLV09xtMx7vtD_xW-g4d0qTHZkJWwT1R9cLH8FIB-BcW1PLn5Kv6g6QaZNnKiBX9JEAmBeRdakPowoBh48r4OZ2DJXlg7FYhfR5LLyyUCxSBDgaTFJvo5e8RrzGC98qky15dx2g90JbyAcZ30RTNWtssQtozfZw9ASyR6jSjhN15UKLjxJmvCPHAKayhQ1XqkoKrxMV68mGyMgV7eYrTsBjRA5fshWELJSlIr29dWcB-bnuDvmR6xu1023J3MYvN-GY5uvxvZilWWZd8D6qjDt7ohmjRjGH7XqWImSxFeiVVvB7bGwrJTGmMdVnMu6cXkxOPKXOAyXPArOvuE5UpxJrmkpKpOewLPfpXvdtm17YsJA79xqZU5CW8BH7kkkWd5zHBmXn0nRclJW_Hkj9nI0gHM6hFBu8mzA==",
            "facilitated_booking_available": false,
            "pnr_count": 3,
            "has_airport_change": false,
            "technical_stops": 0,
            "throw_away_ticketing": false,
            "hidden_city_ticketing": false,
            "virtual_interlining": true
        },
        {
            "id": "0b7717884e2500000857725e_0|178803344e2c0000f9a68590_0|03340b774e2c0000effd3551_0",
            "flyFrom": "BUD",
            "flyTo": "HAM",
            "cityFrom": "Budapest",
            "cityCodeFrom": "BUD",
            "cityTo": "Hamburg",
            "cityCodeTo": "HAM",
            "countryFrom": {
                "code": "HU",
                "name": "Hungary"
            },
            "countryTo": {
                "code": "DE",
                "name": "Germany"
            },
            "local_departure": "2024-10-09T20:45:00.000Z",
            "utc_departure": "2024-10-09T18:45:00.000Z",
            "local_arrival": "2024-10-09T22:30:00.000Z",
            "utc_arrival": "2024-10-09T20:30:00.000Z",
            "nightsInDest": 7,
            "quality": 251.999795,
            "distance": 949.98,
            "duration": {
                "departure": 6300,
                "return": 19800,
                "total": 26100
            },
            "price": 170,
            "conversion": {
                "EUR": 170
            },
            "fare": {
                "adults": 170,
                "children": 170,
                "infants": 170
            },
            "fare_locks": {
                "EUR": [
                    {
                        "default": false,
                        "duration": "P1D",
                        "itinerary_price_limit": 370,
                        "itinerary_price_remaining": 170,
                        "fare_lock_kind": "fee",
                        "price": 8.5,
                        "rule_instance_id": 26749,
                        "version": "v1"
                    },
                    {
                        "default": true,
                        "duration": "P3D",
                        "itinerary_price_limit": 370,
                        "itinerary_price_remaining": 170,
                        "fare_lock_kind": "fee",
                        "price": 17,
                        "rule_instance_id": 26748,
                        "version": "v1"
                    },
                    {
                        "default": false,
                        "duration": "P7D",
                        "itinerary_price_limit": 370,
                        "itinerary_price_remaining": 170,
                        "fare_lock_kind": "fee",
                        "price": 42.5,
                        "rule_instance_id": 26750,
                        "version": "v1"
                    }
                ]
            },
            "bags_price": {
                "1": 121.8,
                "2": 380.8
            },
            "baglimit": {
                "hand_dimensions_sum": 118,
                "hand_height": 40,
                "hand_length": 55,
                "hand_weight": 8,
                "hand_width": 23,
                "hold_dimensions_sum": 158,
                "hold_height": 52,
                "hold_length": 78,
                "hold_weight": 20,
                "hold_width": 28,
                "personal_item_dimension_sum": 90,
                "personal_item_height": 30,
                "personal_item_length": 40,
                "personal_item_weight": 8,
                "personal_item_width": 20
            },
            "availability": {
                "seats": 2
            },
            "airlines": [
                "EW",
                "W6"
            ],
            "route": [
                {
                    "id": "0b7717884e2500000857725e_0",
                    "combination_id": "0b7717884e2500000857725e",
                    "flyFrom": "BUD",
                    "flyTo": "HAM",
                    "cityFrom": "Budapest",
                    "cityCodeFrom": "BUD",
                    "cityTo": "Hamburg",
                    "cityCodeTo": "HAM",
                    "local_departure": "2024-10-09T20:45:00.000Z",
                    "utc_departure": "2024-10-09T18:45:00.000Z",
                    "local_arrival": "2024-10-09T22:30:00.000Z",
                    "utc_arrival": "2024-10-09T20:30:00.000Z",
                    "airline": "EW",
                    "flight_no": 7783,
                    "operating_carrier": "EW",
                    "operating_flight_no": "7783",
                    "fare_basis": "",
                    "fare_category": "M",
                    "fare_classes": "",
                    "return": 0,
                    "bags_recheck_required": false,
                    "vi_connection": false,
                    "guarantee": false,
                    "equipment": null,
                    "vehicle_type": "aircraft"
                },
                {
                    "id": "178803344e2c0000f9a68590_0",
                    "combination_id": "178803344e2c0000f9a68590",
                    "flyFrom": "HAM",
                    "flyTo": "STR",
                    "cityFrom": "Hamburg",
                    "cityCodeFrom": "HAM",
                    "cityTo": "Stuttgart",
                    "cityCodeTo": "STR",
                    "local_departure": "2024-10-16T11:00:00.000Z",
                    "utc_departure": "2024-10-16T09:00:00.000Z",
                    "local_arrival": "2024-10-16T12:15:00.000Z",
                    "utc_arrival": "2024-10-16T10:15:00.000Z",
                    "airline": "EW",
                    "flight_no": 2041,
                    "operating_carrier": "EW",
                    "operating_flight_no": "2041",
                    "fare_basis": "",
                    "fare_category": "M",
                    "fare_classes": "",
                    "return": 1,
                    "bags_recheck_required": false,
                    "vi_connection": false,
                    "guarantee": false,
                    "equipment": null,
                    "vehicle_type": "aircraft"
                },
                {
                    "id": "03340b774e2c0000effd3551_0",
                    "combination_id": "03340b774e2c0000effd3551",
                    "flyFrom": "STR",
                    "flyTo": "BUD",
                    "cityFrom": "Stuttgart",
                    "cityCodeFrom": "STR",
                    "cityTo": "Budapest",
                    "cityCodeTo": "BUD",
                    "local_departure": "2024-10-16T14:55:00.000Z",
                    "utc_departure": "2024-10-16T12:55:00.000Z",
                    "local_arrival": "2024-10-16T16:30:00.000Z",
                    "utc_arrival": "2024-10-16T14:30:00.000Z",
                    "airline": "W6",
                    "flight_no": 2290,
                    "operating_carrier": "",
                    "operating_flight_no": "",
                    "fare_basis": "",
                    "fare_category": "M",
                    "fare_classes": "",
                    "return": 1,
                    "bags_recheck_required": true,
                    "vi_connection": true,
                    "guarantee": true,
                    "equipment": null,
                    "vehicle_type": "aircraft"
                }
            ],
            "booking_token": "H-8LYpk4mqAKbsDQroHi8EYkn5ox_MV2lqrrRurQm9Js_jkKMydtY6VIjCtJSnThT_juk7CmgRwBdGTEgHvOkAdkvQ_NiRffhHAar33F7YhTuskQ8S_kk9hBKIClMmU22oQrV4mC8kMF9lVqc-3HaFkBcDrQ8Mk-7shpRcc0pSEu51ntySVYGnSZWfRPXqZDpmtGf597XuOQCen2OOa8YAQj-0kKeZAe-n79AYD9erKYG4VGA7gnV1ldTUU5lKS-H1AE4XHbBCBNSpm_nyJYBBJRcdBlVIMORq5QN4Kcf8KtYFL1aoQ2jh8KtsMDXwFYPjt6uG1_EYLKxkU6cBGTKeReu4x1S4u4Ix-L3CB42Jxlw9HXSVH6QVl1STA2j-F_4IeG7uQCLKw2xCnQUsQPnB6EPcTUMDRi_0TUDsgNk8p-Pderqq0ZS602pj3BZXaLlKg-xjQuF08qSVXaO2KZabPSdEPfMRnoQvETZe7hZi2TfGT9fpspdR1vHlJ76mPPWeZwL5Cm00GqtjcOs6aIpY5gEdg6NLVoboN8PJpu11eOHVMTea2sc1g0pOZp1TOG7BzmEjMbrVowFiCu-Nrz0pAfKTvzXQsZIxupNh9hNnFKAAp3Dv16oLLJKjkwzebsL7mSZb5W1sX527sc8O02og4tlpAatya0xTTXjJ4IGkopu-KdCvKb4_JShecd3vUxzapTup_abtDAT4beOVOVbPsH6uFHzpMHtZdH3cdVJJM54HcTgh5ZTwRXojlA0Qy-F",
            "deep_link": "https://www.kiwi.com/deep?affilid=mihalytest&currency=EUR&flightsId=0b7717884e2500000857725e_0%7C178803344e2c0000f9a68590_0%7C03340b774e2c0000effd3551_0&from=BUD&lang=en&passengers=1&to=HAM&booking_token=H-8LYpk4mqAKbsDQroHi8EYkn5ox_MV2lqrrRurQm9Js_jkKMydtY6VIjCtJSnThT_juk7CmgRwBdGTEgHvOkAdkvQ_NiRffhHAar33F7YhTuskQ8S_kk9hBKIClMmU22oQrV4mC8kMF9lVqc-3HaFkBcDrQ8Mk-7shpRcc0pSEu51ntySVYGnSZWfRPXqZDpmtGf597XuOQCen2OOa8YAQj-0kKeZAe-n79AYD9erKYG4VGA7gnV1ldTUU5lKS-H1AE4XHbBCBNSpm_nyJYBBJRcdBlVIMORq5QN4Kcf8KtYFL1aoQ2jh8KtsMDXwFYPjt6uG1_EYLKxkU6cBGTKeReu4x1S4u4Ix-L3CB42Jxlw9HXSVH6QVl1STA2j-F_4IeG7uQCLKw2xCnQUsQPnB6EPcTUMDRi_0TUDsgNk8p-Pderqq0ZS602pj3BZXaLlKg-xjQuF08qSVXaO2KZabPSdEPfMRnoQvETZe7hZi2TfGT9fpspdR1vHlJ76mPPWeZwL5Cm00GqtjcOs6aIpY5gEdg6NLVoboN8PJpu11eOHVMTea2sc1g0pOZp1TOG7BzmEjMbrVowFiCu-Nrz0pAfKTvzXQsZIxupNh9hNnFKAAp3Dv16oLLJKjkwzebsL7mSZb5W1sX527sc8O02og4tlpAatya0xTTXjJ4IGkopu-KdCvKb4_JShecd3vUxzapTup_abtDAT4beOVOVbPsH6uFHzpMHtZdH3cdVJJM54HcTgh5ZTwRXojlA0Qy-F",
            "facilitated_booking_available": false,
            "pnr_count": 3,
            "has_airport_change": false,
            "technical_stops": 0,
            "throw_away_ticketing": false,
            "hidden_city_ticketing": false,
            "virtual_interlining": true
        },
        {
            "id": "0b7717884e4d0000c1b213c8_0|178823334e4f0000c8b4ff44_0|23330b774e4f000005e63f24_0",
            "flyFrom": "BUD",
            "flyTo": "HAM",
            "cityFrom": "Budapest",
            "cityCodeFrom": "BUD",
            "cityTo": "Hamburg",
            "cityCodeTo": "HAM",
            "countryFrom": {
                "code": "HU",
                "name": "Hungary"
            },
            "countryTo": {
                "code": "DE",
                "name": "Germany"
            },
            "local_departure": "2024-11-18T09:15:00.000Z",
            "utc_departure": "2024-11-18T08:15:00.000Z",
            "local_arrival": "2024-11-18T11:05:00.000Z",
            "utc_arrival": "2024-11-18T10:05:00.000Z",
            "nightsInDest": 2,
            "quality": 263.999765,
            "distance": 949.98,
            "duration": {
                "departure": 6600,
                "return": 24900,
                "total": 31500
            },
            "price": 170,
            "conversion": {
                "EUR": 170
            },
            "fare": {
                "adults": 170,
                "children": 170,
                "infants": 170
            },
            "fare_locks": {
                "EUR": [
                    {
                        "default": false,
                        "duration": "P1D",
                        "itinerary_price_limit": 370,
                        "itinerary_price_remaining": 170,
                        "fare_lock_kind": "fee",
                        "price": 8.5,
                        "rule_instance_id": 26749,
                        "version": "v1"
                    },
                    {
                        "default": true,
                        "duration": "P3D",
                        "itinerary_price_limit": 370,
                        "itinerary_price_remaining": 170,
                        "fare_lock_kind": "fee",
                        "price": 17,
                        "rule_instance_id": 26748,
                        "version": "v1"
                    },
                    {
                        "default": false,
                        "duration": "P7D",
                        "itinerary_price_limit": 370,
                        "itinerary_price_remaining": 170,
                        "fare_lock_kind": "fee",
                        "price": 42.5,
                        "rule_instance_id": 26750,
                        "version": "v1"
                    }
                ]
            },
            "bags_price": {
                "1": 176.568,
                "2": 421.736
            },
            "baglimit": {
                "hand_dimensions_sum": 118,
                "hand_height": 40,
                "hand_length": 55,
                "hand_weight": 8,
                "hand_width": 23,
                "hold_dimensions_sum": 158,
                "hold_height": 52,
                "hold_length": 78,
                "hold_weight": 20,
                "hold_width": 28,
                "personal_item_dimension_sum": 90,
                "personal_item_height": 30,
                "personal_item_length": 40,
                "personal_item_weight": 8,
                "personal_item_width": 20
            },
            "availability": {
                "seats": 3
            },
            "airlines": [
                "EW",
                "W4",
                "W6"
            ],
            "route": [
                {
                    "id": "0b7717884e4d0000c1b213c8_0",
                    "combination_id": "0b7717884e4d0000c1b213c8",
                    "flyFrom": "BUD",
                    "flyTo": "HAM",
                    "cityFrom": "Budapest",
                    "cityCodeFrom": "BUD",
                    "cityTo": "Hamburg",
                    "cityCodeTo": "HAM",
                    "local_departure": "2024-11-18T09:15:00.000Z",
                    "utc_departure": "2024-11-18T08:15:00.000Z",
                    "local_arrival": "2024-11-18T11:05:00.000Z",
                    "utc_arrival": "2024-11-18T10:05:00.000Z",
                    "airline": "EW",
                    "flight_no": 7781,
                    "operating_carrier": "EW",
                    "operating_flight_no": "7781",
                    "fare_basis": "",
                    "fare_category": "M",
                    "fare_classes": "",
                    "return": 0,
                    "bags_recheck_required": false,
                    "vi_connection": false,
                    "guarantee": false,
                    "equipment": null,
                    "vehicle_type": "aircraft"
                },
                {
                    "id": "178823334e4f0000c8b4ff44_0",
                    "combination_id": "178823334e4f0000c8b4ff44",
                    "flyFrom": "HAM",
                    "flyTo": "TIA",
                    "cityFrom": "Hamburg",
                    "cityCodeFrom": "HAM",
                    "cityTo": "Tirana",
                    "cityCodeTo": "TIA",
                    "local_departure": "2024-11-20T16:15:00.000Z",
                    "utc_departure": "2024-11-20T15:15:00.000Z",
                    "local_arrival": "2024-11-20T18:45:00.000Z",
                    "utc_arrival": "2024-11-20T17:45:00.000Z",
                    "airline": "W4",
                    "flight_no": 5108,
                    "operating_carrier": "",
                    "operating_flight_no": "",
                    "fare_basis": "",
                    "fare_category": "M",
                    "fare_classes": "",
                    "return": 1,
                    "bags_recheck_required": false,
                    "vi_connection": false,
                    "guarantee": false,
                    "equipment": null,
                    "vehicle_type": "aircraft"
                },
                {
                    "id": "23330b774e4f000005e63f24_0",
                    "combination_id": "23330b774e4f000005e63f24",
                    "flyFrom": "TIA",
                    "flyTo": "BUD",
                    "cityFrom": "Tirana",
                    "cityCodeFrom": "TIA",
                    "cityTo": "Budapest",
                    "cityCodeTo": "BUD",
                    "local_departure": "2024-11-20T21:35:00.000Z",
                    "utc_departure": "2024-11-20T20:35:00.000Z",
                    "local_arrival": "2024-11-20T23:10:00.000Z",
                    "utc_arrival": "2024-11-20T22:10:00.000Z",
                    "airline": "W6",
                    "flight_no": 2234,
                    "operating_carrier": "",
                    "operating_flight_no": "",
                    "fare_basis": "",
                    "fare_category": "M",
                    "fare_classes": "",
                    "return": 1,
                    "bags_recheck_required": true,
                    "vi_connection": true,
                    "guarantee": true,
                    "equipment": null,
                    "vehicle_type": "aircraft"
                }
            ],
            "booking_token": "Hn0n9vHlFR_nbDpC396pXiOceuDD3Do7C4_cjDOyrub6-uPexW-S4pZF9nswth85va_wBJmIFOT1I2dYN0QynqzrQPTyxYPRmDJyA7gsf1j1WKJgZX3eUoSDvNDkVoUynaNdrZM0DqtvLGRLK9m3fpbioqZhKw8E7cdo61VF_VnQEph9e7PUfuvhG4b85buoTIseBaKdLdXyr8IXBevoCRbJKS56HgWydFaYC353gICV3cBjHP_-ZFHsOBnbc3hJWI2VISJ99T4UAc5B8kl1Yhdxdc45OcAcmw3CK0ndev8FyM8qrFbHWo88eAjHKw1P0c67uesG8Rx1Y8cKlRQgck7m-58uT-mRUsam6iR_Xk7gxWA4SzpuVz2ZqLeCoSR6nvMhi-OJPwdg1fNPlb_JeobPgTa2ytbPYhILB1CvTst4WRleLeK0bD9gNHhhSUErYOavG1MPH5khGVJ23jZ0-MaOK_DnzIUPxUrbZ0pjCVN9OGqz_0MYCXGgCQTBo1z0P7laV2Q1v14raCGyG5VpaOISirF5_qoHghz7yB0FbjtgXIhip7i3G_V2QKGUADuPCiiqDp1GMfwZpP4gfbJKAlHSV7T6jBpQRKOCuMRjiE4QHiCdQxp0c_N71apRhjaWyVqZvqkQpqM5tx2UqF_PptAnZCr5256f9XRsAbDofy474dbQMB6COudkqay0rGl83AExWuAPZLGrqckzPLEsq6_phOriukU93bY0OUuzuxLb_W2sTLUoBFFALgzGzcuT_",
            "deep_link": "https://www.kiwi.com/deep?affilid=mihalytest&currency=EUR&flightsId=0b7717884e4d0000c1b213c8_0%7C178823334e4f0000c8b4ff44_0%7C23330b774e4f000005e63f24_0&from=BUD&lang=en&passengers=1&to=HAM&booking_token=Hn0n9vHlFR_nbDpC396pXiOceuDD3Do7C4_cjDOyrub6-uPexW-S4pZF9nswth85va_wBJmIFOT1I2dYN0QynqzrQPTyxYPRmDJyA7gsf1j1WKJgZX3eUoSDvNDkVoUynaNdrZM0DqtvLGRLK9m3fpbioqZhKw8E7cdo61VF_VnQEph9e7PUfuvhG4b85buoTIseBaKdLdXyr8IXBevoCRbJKS56HgWydFaYC353gICV3cBjHP_-ZFHsOBnbc3hJWI2VISJ99T4UAc5B8kl1Yhdxdc45OcAcmw3CK0ndev8FyM8qrFbHWo88eAjHKw1P0c67uesG8Rx1Y8cKlRQgck7m-58uT-mRUsam6iR_Xk7gxWA4SzpuVz2ZqLeCoSR6nvMhi-OJPwdg1fNPlb_JeobPgTa2ytbPYhILB1CvTst4WRleLeK0bD9gNHhhSUErYOavG1MPH5khGVJ23jZ0-MaOK_DnzIUPxUrbZ0pjCVN9OGqz_0MYCXGgCQTBo1z0P7laV2Q1v14raCGyG5VpaOISirF5_qoHghz7yB0FbjtgXIhip7i3G_V2QKGUADuPCiiqDp1GMfwZpP4gfbJKAlHSV7T6jBpQRKOCuMRjiE4QHiCdQxp0c_N71apRhjaWyVqZvqkQpqM5tx2UqF_PptAnZCr5256f9XRsAbDofy474dbQMB6COudkqay0rGl83AExWuAPZLGrqckzPLEsq6_phOriukU93bY0OUuzuxLb_W2sTLUoBFFALgzGzcuT_",
            "facilitated_booking_available": false,
            "pnr_count": 3,
            "has_airport_change": false,
            "technical_stops": 0,
            "throw_away_ticketing": false,
            "hidden_city_ticketing": false,
            "virtual_interlining": true
        },
        {
            "id": "0b7717884e020000e8e1422d_0|17880b774e0400008d594e23_0",
            "flyFrom": "BUD",
            "flyTo": "HAM",
            "cityFrom": "Budapest",
            "cityCodeFrom": "BUD",
            "cityTo": "Hamburg",
            "cityCodeTo": "HAM",
            "countryFrom": {
                "code": "HU",
                "name": "Hungary"
            },
            "countryTo": {
                "code": "DE",
                "name": "Germany"
            },
            "local_departure": "2024-09-04T20:45:00.000Z",
            "utc_departure": "2024-09-04T18:45:00.000Z",
            "local_arrival": "2024-09-04T22:30:00.000Z",
            "utc_arrival": "2024-09-04T20:30:00.000Z",
            "nightsInDest": 2,
            "quality": 222.333205,
            "distance": 949.98,
            "duration": {
                "departure": 6300,
                "return": 6000,
                "total": 12300
            },
            "price": 171,
            "conversion": {
                "EUR": 171
            },
            "fare": {
                "adults": 171,
                "children": 171,
                "infants": 171
            },
            "fare_locks": {
                "EUR": [
                    {
                        "default": false,
                        "duration": "P1D",
                        "itinerary_price_limit": 371,
                        "itinerary_price_remaining": 171,
                        "fare_lock_kind": "fee",
                        "price": 8.55,
                        "rule_instance_id": 26749,
                        "version": "v1"
                    },
                    {
                        "default": true,
                        "duration": "P3D",
                        "itinerary_price_limit": 371,
                        "itinerary_price_remaining": 171,
                        "fare_lock_kind": "fee",
                        "price": 17.1,
                        "rule_instance_id": 26748,
                        "version": "v1"
                    },
                    {
                        "default": false,
                        "duration": "P7D",
                        "itinerary_price_limit": 371,
                        "itinerary_price_remaining": 171,
                        "fare_lock_kind": "fee",
                        "price": 42.75,
                        "rule_instance_id": 26750,
                        "version": "v1"
                    }
                ]
            },
            "bags_price": {
                "1": 72.8,
                "2": 282.8
            },
            "baglimit": {
                "hand_dimensions_sum": 118,
                "hand_height": 40,
                "hand_length": 55,
                "hand_weight": 8,
                "hand_width": 23,
                "hold_dimensions_sum": 158,
                "hold_height": 52,
                "hold_length": 78,
                "hold_weight": 23,
                "hold_width": 28,
                "personal_item_dimension_sum": 95,
                "personal_item_height": 30,
                "personal_item_length": 40,
                "personal_item_weight": 8,
                "personal_item_width": 25
            },
            "availability": {
                "seats": 8
            },
            "airlines": [
                "EW"
            ],
            "route": [
                {
                    "id": "0b7717884e020000e8e1422d_0",
                    "combination_id": "0b7717884e020000e8e1422d",
                    "flyFrom": "BUD",
                    "flyTo": "HAM",
                    "cityFrom": "Budapest",
                    "cityCodeFrom": "BUD",
                    "cityTo": "Hamburg",
                    "cityCodeTo": "HAM",
                    "local_departure": "2024-09-04T20:45:00.000Z",
                    "utc_departure": "2024-09-04T18:45:00.000Z",
                    "local_arrival": "2024-09-04T22:30:00.000Z",
                    "utc_arrival": "2024-09-04T20:30:00.000Z",
                    "airline": "EW",
                    "flight_no": 7783,
                    "operating_carrier": "EW",
                    "operating_flight_no": "7783",
                    "fare_basis": "",
                    "fare_category": "M",
                    "fare_classes": "",
                    "return": 0,
                    "bags_recheck_required": false,
                    "vi_connection": false,
                    "guarantee": false,
                    "equipment": null,
                    "vehicle_type": "aircraft"
                },
                {
                    "id": "17880b774e0400008d594e23_0",
                    "combination_id": "17880b774e0400008d594e23",
                    "flyFrom": "HAM",
                    "flyTo": "BUD",
                    "cityFrom": "Hamburg",
                    "cityCodeFrom": "HAM",
                    "cityTo": "Budapest",
                    "cityCodeTo": "BUD",
                    "local_departure": "2024-09-06T18:25:00.000Z",
                    "utc_departure": "2024-09-06T16:25:00.000Z",
                    "local_arrival": "2024-09-06T20:05:00.000Z",
                    "utc_arrival": "2024-09-06T18:05:00.000Z",
                    "airline": "EW",
                    "flight_no": 7782,
                    "operating_carrier": "EW",
                    "operating_flight_no": "7782",
                    "fare_basis": "",
                    "fare_category": "M",
                    "fare_classes": "",
                    "return": 1,
                    "bags_recheck_required": false,
                    "vi_connection": false,
                    "guarantee": false,
                    "equipment": null,
                    "vehicle_type": "aircraft"
                }
            ],
            "booking_token": "HtPcYan_eFj6AJ-SKP3Gq4F9T8h--y9vUT_fApi_3Mql0ZQkJCY2Xs84qj2cevQnqsEXy3Z7eY_csohHt6JZO4ooyOLpZVMMhONNQuCDGc_Tfclo1LjuuV3c-4kXnKYfiLfcIwT9LxDXTWP2VZChCMJ5tAgDh3tMqlIHoLZn1WvyYnWhlSOUlg8mBaWMXnT9wQ5poWzqnQtwYXF7A7Q2Ua_v1MZYGaSWP-TvRmrIxKzLBkiGa7SSdhN7xFzUiwoDJgxNRKDWdZUBJbezGO2sf1ixa4u9FTUrQHnf6NN--n2POc-7lRwXxgEwXqsnobDQhxKDuZkSxdq5HlOwD4D2uHW7GD8iLisMq9u2T2K1PYqul65qXXNKX6MvYRT918BGUgFgTmJQkw8XqA5cWaFYCW5ntt43CVuEl0zFHS8WlrPAZb716GHgnU4Vb8_7-Z_Jo-y6WS_Nvy6ZtBdmIcCewKaSH62OUbeeCBtF9-9X0JJsbSaynyhjDwkTR2ym1sB-IqAu2lIZORkLcjTgnkbwFkc4LNrSvxLmoaOGATg3ifKTy2A0yKlTp0Qgbj6c8BaaYwC4m1UYfYzpyhA-2iW_C6h_49ewe0zNr5tAdOnlMxsydfu0foUU0lgYL_4zc0HmLbF5Y9RSvMaPoQ3GHagJJpPtEkf4QOF1i96A4YJVGM8oeKZ4VJc0Sw33ggrDpCNt_",
            "deep_link": "https://www.kiwi.com/deep?affilid=mihalytest&currency=EUR&flightsId=0b7717884e020000e8e1422d_0%7C17880b774e0400008d594e23_0&from=BUD&lang=en&passengers=1&to=HAM&booking_token=HtPcYan_eFj6AJ-SKP3Gq4F9T8h--y9vUT_fApi_3Mql0ZQkJCY2Xs84qj2cevQnqsEXy3Z7eY_csohHt6JZO4ooyOLpZVMMhONNQuCDGc_Tfclo1LjuuV3c-4kXnKYfiLfcIwT9LxDXTWP2VZChCMJ5tAgDh3tMqlIHoLZn1WvyYnWhlSOUlg8mBaWMXnT9wQ5poWzqnQtwYXF7A7Q2Ua_v1MZYGaSWP-TvRmrIxKzLBkiGa7SSdhN7xFzUiwoDJgxNRKDWdZUBJbezGO2sf1ixa4u9FTUrQHnf6NN--n2POc-7lRwXxgEwXqsnobDQhxKDuZkSxdq5HlOwD4D2uHW7GD8iLisMq9u2T2K1PYqul65qXXNKX6MvYRT918BGUgFgTmJQkw8XqA5cWaFYCW5ntt43CVuEl0zFHS8WlrPAZb716GHgnU4Vb8_7-Z_Jo-y6WS_Nvy6ZtBdmIcCewKaSH62OUbeeCBtF9-9X0JJsbSaynyhjDwkTR2ym1sB-IqAu2lIZORkLcjTgnkbwFkc4LNrSvxLmoaOGATg3ifKTy2A0yKlTp0Qgbj6c8BaaYwC4m1UYfYzpyhA-2iW_C6h_49ewe0zNr5tAdOnlMxsydfu0foUU0lgYL_4zc0HmLbF5Y9RSvMaPoQ3GHagJJpPtEkf4QOF1i96A4YJVGM8oeKZ4VJc0Sw33ggrDpCNt_",
            "facilitated_booking_available": true,
            "pnr_count": 2,
            "has_airport_change": false,
            "technical_stops": 0,
            "throw_away_ticketing": false,
            "hidden_city_ticketing": false,
            "virtual_interlining": false
        },
        {
            "id": "0b7717884e4c0000b8a9ece0_0|17880b774e5300003cb5ecf4_0",
            "flyFrom": "BUD",
            "flyTo": "HAM",
            "cityFrom": "Budapest",
            "cityCodeFrom": "BUD",
            "cityTo": "Hamburg",
            "cityCodeTo": "HAM",
            "countryFrom": {
                "code": "HU",
                "name": "Hungary"
            },
            "countryTo": {
                "code": "DE",
                "name": "Germany"
            },
            "local_departure": "2024-11-17T15:35:00.000Z",
            "utc_departure": "2024-11-17T14:35:00.000Z",
            "local_arrival": "2024-11-17T17:25:00.000Z",
            "utc_arrival": "2024-11-17T16:25:00.000Z",
            "nightsInDest": 7,
            "quality": 223.666535,
            "distance": 949.98,
            "duration": {
                "departure": 6600,
                "return": 6300,
                "total": 12900
            },
            "price": 171,
            "conversion": {
                "EUR": 171
            },
            "fare": {
                "adults": 171,
                "children": 171,
                "infants": 171
            },
            "fare_locks": {
                "EUR": [
                    {
                        "default": false,
                        "duration": "P1D",
                        "itinerary_price_limit": 371,
                        "itinerary_price_remaining": 171,
                        "fare_lock_kind": "fee",
                        "price": 8.55,
                        "rule_instance_id": 26749,
                        "version": "v1"
                    },
                    {
                        "default": true,
                        "duration": "P3D",
                        "itinerary_price_limit": 371,
                        "itinerary_price_remaining": 171,
                        "fare_lock_kind": "fee",
                        "price": 17.1,
                        "rule_instance_id": 26748,
                        "version": "v1"
                    },
                    {
                        "default": false,
                        "duration": "P7D",
                        "itinerary_price_limit": 371,
                        "itinerary_price_remaining": 171,
                        "fare_lock_kind": "fee",
                        "price": 42.75,
                        "rule_instance_id": 26750,
                        "version": "v1"
                    }
                ]
            },
            "bags_price": {
                "1": 72.8,
                "2": 282.8
            },
            "baglimit": {
                "hand_dimensions_sum": 118,
                "hand_height": 40,
                "hand_length": 55,
                "hand_weight": 8,
                "hand_width": 23,
                "hold_dimensions_sum": 158,
                "hold_height": 52,
                "hold_length": 78,
                "hold_weight": 23,
                "hold_width": 28,
                "personal_item_dimension_sum": 95,
                "personal_item_height": 30,
                "personal_item_length": 40,
                "personal_item_weight": 8,
                "personal_item_width": 25
            },
            "availability": {
                "seats": 3
            },
            "airlines": [
                "EW"
            ],
            "route": [
                {
                    "id": "0b7717884e4c0000b8a9ece0_0",
                    "combination_id": "0b7717884e4c0000b8a9ece0",
                    "flyFrom": "BUD",
                    "flyTo": "HAM",
                    "cityFrom": "Budapest",
                    "cityCodeFrom": "BUD",
                    "cityTo": "Hamburg",
                    "cityCodeTo": "HAM",
                    "local_departure": "2024-11-17T15:35:00.000Z",
                    "utc_departure": "2024-11-17T14:35:00.000Z",
                    "local_arrival": "2024-11-17T17:25:00.000Z",
                    "utc_arrival": "2024-11-17T16:25:00.000Z",
                    "airline": "EW",
                    "flight_no": 7781,
                    "operating_carrier": "EW",
                    "operating_flight_no": "7781",
                    "fare_basis": "",
                    "fare_category": "M",
                    "fare_classes": "K",
                    "return": 0,
                    "bags_recheck_required": false,
                    "vi_connection": false,
                    "guarantee": false,
                    "equipment": null,
                    "vehicle_type": "aircraft"
                },
                {
                    "id": "17880b774e5300003cb5ecf4_0",
                    "combination_id": "17880b774e5300003cb5ecf4",
                    "flyFrom": "HAM",
                    "flyTo": "BUD",
                    "cityFrom": "Hamburg",
                    "cityCodeFrom": "HAM",
                    "cityTo": "Budapest",
                    "cityCodeTo": "BUD",
                    "local_departure": "2024-11-24T13:05:00.000Z",
                    "utc_departure": "2024-11-24T12:05:00.000Z",
                    "local_arrival": "2024-11-24T14:50:00.000Z",
                    "utc_arrival": "2024-11-24T13:50:00.000Z",
                    "airline": "EW",
                    "flight_no": 7780,
                    "operating_carrier": "EW",
                    "operating_flight_no": "7780",
                    "fare_basis": "",
                    "fare_category": "M",
                    "fare_classes": "N",
                    "return": 1,
                    "bags_recheck_required": false,
                    "vi_connection": false,
                    "guarantee": false,
                    "equipment": null,
                    "vehicle_type": "aircraft"
                }
            ],
            "booking_token": "HIZSfcMEUuROJUHbkIEkdTz8xqLit5eTZEbsTCdDTIkoS7cON2-M7y5EaRC8JhpQYEACUDL2CyZcZPDiU8YECWdLvYPmUStPOVORAqNtByxTKyRHUgGC88CwFqws5aVd3Hf3y3--FMzp2wBg5jRuGeiSgXXGA3LJ4sa4380VbV0vXjIlfg_vpjVTUabBgJ5ukLcguYbVtiHPHbokJvRT5MY35An0v4jIhyw5nJgHgqZD6u63sL9YJbtBob_6gcxXJH7uEYrKuRkF-s_FNagh9d8S59vz7inmpIiwK3LFRh_6kI3LksejvpXrrtRa5fiDESt4PQJ03it1LdC7ltDtjMokyfUya6GzkHS6xhscbro-A7ItlQA5DI_l4tXiHw-aSMKuo4FiLi3m5PoH4NZHQmavr4HCjurerZsN1_qmQmx1VtA97hfNT52QnTqK8rqGwYO09TDA6Q6vaIj6c9CqSvK8e_HnzljhEMjVu3D3EX1TweTWB-cEl7CRQ4Fi8fXQMMbP6PCZa_yuN-w-1SVtg6jM0hFYDQFNMKvJOpfHE4X9SYB_quXlHwxwrl6pqGOb2F04JsCt6-SN6NvKjujqWDeCtjLOLM02Vut44Uc_SqCPctD-aV-0F81O5vQLaA2OrF8Sjq9e13458EtjXcn7Gvlb49hGTfm7BO-r0YUf1ADE-0ZQsgVeYAouXq0281dW8m-wi7OOY2skzPV15Fyz6CA==",
            "deep_link": "https://www.kiwi.com/deep?affilid=mihalytest&currency=EUR&flightsId=0b7717884e4c0000b8a9ece0_0%7C17880b774e5300003cb5ecf4_0&from=BUD&lang=en&passengers=1&to=HAM&booking_token=HIZSfcMEUuROJUHbkIEkdTz8xqLit5eTZEbsTCdDTIkoS7cON2-M7y5EaRC8JhpQYEACUDL2CyZcZPDiU8YECWdLvYPmUStPOVORAqNtByxTKyRHUgGC88CwFqws5aVd3Hf3y3--FMzp2wBg5jRuGeiSgXXGA3LJ4sa4380VbV0vXjIlfg_vpjVTUabBgJ5ukLcguYbVtiHPHbokJvRT5MY35An0v4jIhyw5nJgHgqZD6u63sL9YJbtBob_6gcxXJH7uEYrKuRkF-s_FNagh9d8S59vz7inmpIiwK3LFRh_6kI3LksejvpXrrtRa5fiDESt4PQJ03it1LdC7ltDtjMokyfUya6GzkHS6xhscbro-A7ItlQA5DI_l4tXiHw-aSMKuo4FiLi3m5PoH4NZHQmavr4HCjurerZsN1_qmQmx1VtA97hfNT52QnTqK8rqGwYO09TDA6Q6vaIj6c9CqSvK8e_HnzljhEMjVu3D3EX1TweTWB-cEl7CRQ4Fi8fXQMMbP6PCZa_yuN-w-1SVtg6jM0hFYDQFNMKvJOpfHE4X9SYB_quXlHwxwrl6pqGOb2F04JsCt6-SN6NvKjujqWDeCtjLOLM02Vut44Uc_SqCPctD-aV-0F81O5vQLaA2OrF8Sjq9e13458EtjXcn7Gvlb49hGTfm7BO-r0YUf1ADE-0ZQsgVeYAouXq0281dW8m-wi7OOY2skzPV15Fyz6CA==",
            "facilitated_booking_available": true,
            "pnr_count": 2,
            "has_airport_change": false,
            "technical_stops": 0,
            "throw_away_ticketing": false,
            "hidden_city_ticketing": false,
            "virtual_interlining": false
        },
        {
            "id": "0b7717884e2a0000b8f09791_0|0b7717884e2a0000b8f09791_1|17880b774e31000005afebfc_0",
            "flyFrom": "BUD",
            "flyTo": "HAM",
            "cityFrom": "Budapest",
            "cityCodeFrom": "BUD",
            "cityTo": "Hamburg",
            "cityCodeTo": "HAM",
            "countryFrom": {
                "code": "HU",
                "name": "Hungary"
            },
            "countryTo": {
                "code": "DE",
                "name": "Germany"
            },
            "local_departure": "2024-10-14T15:10:00.000Z",
            "utc_departure": "2024-10-14T13:10:00.000Z",
            "local_arrival": "2024-10-14T20:10:00.000Z",
            "utc_arrival": "2024-10-14T18:10:00.000Z",
            "nightsInDest": 7,
            "quality": 248.33314,
            "distance": 949.98,
            "duration": {
                "departure": 18000,
                "return": 6000,
                "total": 24000
            },
            "price": 171,
            "conversion": {
                "EUR": 171
            },
            "fare": {
                "adults": 171,
                "children": 171,
                "infants": 171
            },
            "fare_locks": {
                "EUR": [
                    {
                        "default": false,
                        "duration": "P1D",
                        "itinerary_price_limit": 371,
                        "itinerary_price_remaining": 171,
                        "fare_lock_kind": "fee",
                        "price": 8.55,
                        "rule_instance_id": 26749,
                        "version": "v1"
                    },
                    {
                        "default": true,
                        "duration": "P3D",
                        "itinerary_price_limit": 371,
                        "itinerary_price_remaining": 171,
                        "fare_lock_kind": "fee",
                        "price": 17.1,
                        "rule_instance_id": 26748,
                        "version": "v1"
                    },
                    {
                        "default": false,
                        "duration": "P7D",
                        "itinerary_price_limit": 371,
                        "itinerary_price_remaining": 171,
                        "fare_lock_kind": "fee",
                        "price": 42.75,
                        "rule_instance_id": 26750,
                        "version": "v1"
                    }
                ]
            },
            "bags_price": {
                "1": 113.4
            },
            "baglimit": {
                "hand_dimensions_sum": 118,
                "hand_height": 40,
                "hand_length": 55,
                "hand_weight": 8,
                "hand_width": 23,
                "hold_dimensions_sum": 158,
                "hold_height": 52,
                "hold_length": 78,
                "hold_weight": 23,
                "hold_width": 28,
                "personal_item_dimension_sum": 80,
                "personal_item_height": 30,
                "personal_item_length": 40,
                "personal_item_weight": 4,
                "personal_item_width": 10
            },
            "availability": {
                "seats": 4
            },
            "airlines": [
                "JU",
                "EW"
            ],
            "route": [
                {
                    "id": "0b7717884e2a0000b8f09791_0",
                    "combination_id": "0b7717884e2a0000b8f09791",
                    "flyFrom": "BUD",
                    "flyTo": "BEG",
                    "cityFrom": "Budapest",
                    "cityCodeFrom": "BUD",
                    "cityTo": "Belgrade",
                    "cityCodeTo": "BEG",
                    "local_departure": "2024-10-14T15:10:00.000Z",
                    "utc_departure": "2024-10-14T13:10:00.000Z",
                    "local_arrival": "2024-10-14T16:15:00.000Z",
                    "utc_arrival": "2024-10-14T14:15:00.000Z",
                    "airline": "JU",
                    "flight_no": 143,
                    "operating_carrier": "JU",
                    "operating_flight_no": "143",
                    "fare_basis": "TNB14OHU",
                    "fare_category": "M",
                    "fare_classes": "T",
                    "return": 0,
                    "bags_recheck_required": false,
                    "vi_connection": false,
                    "guarantee": false,
                    "equipment": null,
                    "vehicle_type": "aircraft"
                },
                {
                    "id": "0b7717884e2a0000b8f09791_1",
                    "combination_id": "0b7717884e2a0000b8f09791",
                    "flyFrom": "BEG",
                    "flyTo": "HAM",
                    "cityFrom": "Belgrade",
                    "cityCodeFrom": "BEG",
                    "cityTo": "Hamburg",
                    "cityCodeTo": "HAM",
                    "local_departure": "2024-10-14T18:00:00.000Z",
                    "utc_departure": "2024-10-14T16:00:00.000Z",
                    "local_arrival": "2024-10-14T20:10:00.000Z",
                    "utc_arrival": "2024-10-14T18:10:00.000Z",
                    "airline": "JU",
                    "flight_no": 292,
                    "operating_carrier": "JU",
                    "operating_flight_no": "292",
                    "fare_basis": "TNB14OHU",
                    "fare_category": "M",
                    "fare_classes": "T",
                    "return": 0,
                    "bags_recheck_required": false,
                    "vi_connection": false,
                    "guarantee": false,
                    "equipment": null,
                    "vehicle_type": "aircraft"
                },
                {
                    "id": "17880b774e31000005afebfc_0",
                    "combination_id": "17880b774e31000005afebfc",
                    "flyFrom": "HAM",
                    "flyTo": "BUD",
                    "cityFrom": "Hamburg",
                    "cityCodeFrom": "HAM",
                    "cityTo": "Budapest",
                    "cityCodeTo": "BUD",
                    "local_departure": "2024-10-21T11:15:00.000Z",
                    "utc_departure": "2024-10-21T09:15:00.000Z",
                    "local_arrival": "2024-10-21T12:55:00.000Z",
                    "utc_arrival": "2024-10-21T10:55:00.000Z",
                    "airline": "EW",
                    "flight_no": 7784,
                    "operating_carrier": "EW",
                    "operating_flight_no": "7784",
                    "fare_basis": "",
                    "fare_category": "M",
                    "fare_classes": "",
                    "return": 1,
                    "bags_recheck_required": false,
                    "vi_connection": false,
                    "guarantee": false,
                    "equipment": null,
                    "vehicle_type": "aircraft"
                }
            ],
            "booking_token": "HRbZgEvz0smkksH7za5uR8SPu0OCQ2DKWf4q38g0S9rR4EIXBa4hCRgJqalOrncI-R0Q9fvbexIz5xQqDpgtEcVwAHgSqkYatDMatpZe1L0Z4eZZiKIfY4s-Oq0h52_9LHg12DW47Ethoc9DoNj9z72WNfusgRskhLmwHP_0BhD6bHwGZD9oSnHr_e0iUcTCWDE1xSuIQWQfCV-5qe18L1kIc-kabydflXrFRr1C4_J-R78cD9_5shUWfQLzprpUjRP_saeY5VJcISleaHGu-SHyUL5KaOkJDcmeCPRsSTW8RY4cbNGTP9lTGWqe0U7lJWXVTFhBMFJjOy10CPuskpwKzrWOETlvFTnsg8D971OwdIABItuBCbrhgiHszDLfx8r6-yVLBkPOHYKPhMqSXuUobPjpvoMWCUoome57AzvWtzzwTjFdceYr0XCZHfxq25LlhjKtpZ_56BIE0eIXhOOAKgzfaiS1mzenciNBSqkF8yhXsSMTEn8fzW-tvtafKhSAM0p3yDgCN7OxEauTMfATt9CrtzSmgRIq1ZfyPvJ7FOQgnlBRXVZYqeEsQC-jf65cL-eoU5ER3X-PNpvH6mNyysuMXEkOVb27EKV3sUaP_y83K0A8Hk9MHaXwIjPfqU85WVSuEl0BJETgIgsl88ewKcJbjcw2P697j6lYqj2vDV8PzxwNxRy_VsXWZETf_eeOHCnROpwQYFHgAnBrgRsFS2qiMd5WLkTs47d3wAlBUDEk1-V8BMXbGGiG-BFQCFQ-mcdHchcfF-jsoR-CsPw==",
            "deep_link": "https://www.kiwi.com/deep?affilid=mihalytest&currency=EUR&flightsId=0b7717884e2a0000b8f09791_0%7C0b7717884e2a0000b8f09791_1%7C17880b774e31000005afebfc_0&from=BUD&lang=en&passengers=1&to=HAM&booking_token=HRbZgEvz0smkksH7za5uR8SPu0OCQ2DKWf4q38g0S9rR4EIXBa4hCRgJqalOrncI-R0Q9fvbexIz5xQqDpgtEcVwAHgSqkYatDMatpZe1L0Z4eZZiKIfY4s-Oq0h52_9LHg12DW47Ethoc9DoNj9z72WNfusgRskhLmwHP_0BhD6bHwGZD9oSnHr_e0iUcTCWDE1xSuIQWQfCV-5qe18L1kIc-kabydflXrFRr1C4_J-R78cD9_5shUWfQLzprpUjRP_saeY5VJcISleaHGu-SHyUL5KaOkJDcmeCPRsSTW8RY4cbNGTP9lTGWqe0U7lJWXVTFhBMFJjOy10CPuskpwKzrWOETlvFTnsg8D971OwdIABItuBCbrhgiHszDLfx8r6-yVLBkPOHYKPhMqSXuUobPjpvoMWCUoome57AzvWtzzwTjFdceYr0XCZHfxq25LlhjKtpZ_56BIE0eIXhOOAKgzfaiS1mzenciNBSqkF8yhXsSMTEn8fzW-tvtafKhSAM0p3yDgCN7OxEauTMfATt9CrtzSmgRIq1ZfyPvJ7FOQgnlBRXVZYqeEsQC-jf65cL-eoU5ER3X-PNpvH6mNyysuMXEkOVb27EKV3sUaP_y83K0A8Hk9MHaXwIjPfqU85WVSuEl0BJETgIgsl88ewKcJbjcw2P697j6lYqj2vDV8PzxwNxRy_VsXWZETf_eeOHCnROpwQYFHgAnBrgRsFS2qiMd5WLkTs47d3wAlBUDEk1-V8BMXbGGiG-BFQCFQ-mcdHchcfF-jsoR-CsPw==",
            "facilitated_booking_available": true,
            "pnr_count": 2,
            "has_airport_change": false,
            "technical_stops": 0,
            "throw_away_ticketing": false,
            "hidden_city_ticketing": false,
            "virtual_interlining": false
        },
        {
            "id": "0b7717884e510000e859f511_0|17880b774e580000adbbc684_0|17880b774e580000adbbc684_1",
            "flyFrom": "BUD",
            "flyTo": "HAM",
            "cityFrom": "Budapest",
            "cityCodeFrom": "BUD",
            "cityTo": "Hamburg",
            "cityCodeTo": "HAM",
            "countryFrom": {
                "code": "HU",
                "name": "Hungary"
            },
            "countryTo": {
                "code": "DE",
                "name": "Germany"
            },
            "local_departure": "2024-11-22T20:35:00.000Z",
            "utc_departure": "2024-11-22T19:35:00.000Z",
            "local_arrival": "2024-11-22T22:25:00.000Z",
            "utc_arrival": "2024-11-22T21:25:00.000Z",
            "nightsInDest": 7,
            "quality": 253.66646,
            "distance": 949.98,
            "duration": {
                "departure": 6600,
                "return": 19800,
                "total": 26400
            },
            "price": 171,
            "conversion": {
                "EUR": 171
            },
            "fare": {
                "adults": 171,
                "children": 171,
                "infants": 171
            },
            "fare_locks": {
                "EUR": [
                    {
                        "default": false,
                        "duration": "P1D",
                        "itinerary_price_limit": 371,
                        "itinerary_price_remaining": 171,
                        "fare_lock_kind": "fee",
                        "price": 8.55,
                        "rule_instance_id": 26749,
                        "version": "v1"
                    },
                    {
                        "default": true,
                        "duration": "P3D",
                        "itinerary_price_limit": 371,
                        "itinerary_price_remaining": 171,
                        "fare_lock_kind": "fee",
                        "price": 17.1,
                        "rule_instance_id": 26748,
                        "version": "v1"
                    },
                    {
                        "default": false,
                        "duration": "P7D",
                        "itinerary_price_limit": 371,
                        "itinerary_price_remaining": 171,
                        "fare_lock_kind": "fee",
                        "price": 42.75,
                        "rule_instance_id": 26750,
                        "version": "v1"
                    }
                ]
            },
            "bags_price": {
                "1": 113.4
            },
            "baglimit": {
                "hand_dimensions_sum": 118,
                "hand_height": 40,
                "hand_length": 55,
                "hand_weight": 8,
                "hand_width": 23,
                "hold_dimensions_sum": 158,
                "hold_height": 52,
                "hold_length": 78,
                "hold_weight": 23,
                "hold_width": 28,
                "personal_item_dimension_sum": 80,
                "personal_item_height": 30,
                "personal_item_length": 40,
                "personal_item_weight": 4,
                "personal_item_width": 10
            },
            "availability": {
                "seats": 4
            },
            "airlines": [
                "EW",
                "JU"
            ],
            "route": [
                {
                    "id": "0b7717884e510000e859f511_0",
                    "combination_id": "0b7717884e510000e859f511",
                    "flyFrom": "BUD",
                    "flyTo": "HAM",
                    "cityFrom": "Budapest",
                    "cityCodeFrom": "BUD",
                    "cityTo": "Hamburg",
                    "cityCodeTo": "HAM",
                    "local_departure": "2024-11-22T20:35:00.000Z",
                    "utc_departure": "2024-11-22T19:35:00.000Z",
                    "local_arrival": "2024-11-22T22:25:00.000Z",
                    "utc_arrival": "2024-11-22T21:25:00.000Z",
                    "airline": "EW",
                    "flight_no": 7781,
                    "operating_carrier": "EW",
                    "operating_flight_no": "7781",
                    "fare_basis": "",
                    "fare_category": "M",
                    "fare_classes": "",
                    "return": 0,
                    "bags_recheck_required": false,
                    "vi_connection": false,
                    "guarantee": false,
                    "equipment": null,
                    "vehicle_type": "aircraft"
                },
                {
                    "id": "17880b774e580000adbbc684_0",
                    "combination_id": "17880b774e580000adbbc684",
                    "flyFrom": "HAM",
                    "flyTo": "BEG",
                    "cityFrom": "Hamburg",
                    "cityCodeFrom": "HAM",
                    "cityTo": "Belgrade",
                    "cityCodeTo": "BEG",
                    "local_departure": "2024-11-29T09:15:00.000Z",
                    "utc_departure": "2024-11-29T08:15:00.000Z",
                    "local_arrival": "2024-11-29T11:15:00.000Z",
                    "utc_arrival": "2024-11-29T10:15:00.000Z",
                    "airline": "JU",
                    "flight_no": 291,
                    "operating_carrier": "JU",
                    "operating_flight_no": "291",
                    "fare_basis": "TNB14ODE",
                    "fare_category": "M",
                    "fare_classes": "T",
                    "return": 1,
                    "bags_recheck_required": false,
                    "vi_connection": false,
                    "guarantee": false,
                    "equipment": null,
                    "vehicle_type": "aircraft"
                },
                {
                    "id": "17880b774e580000adbbc684_1",
                    "combination_id": "17880b774e580000adbbc684",
                    "flyFrom": "BEG",
                    "flyTo": "BUD",
                    "cityFrom": "Belgrade",
                    "cityCodeFrom": "BEG",
                    "cityTo": "Budapest",
                    "cityCodeTo": "BUD",
                    "local_departure": "2024-11-29T13:30:00.000Z",
                    "utc_departure": "2024-11-29T12:30:00.000Z",
                    "local_arrival": "2024-11-29T14:45:00.000Z",
                    "utc_arrival": "2024-11-29T13:45:00.000Z",
                    "airline": "JU",
                    "flight_no": 142,
                    "operating_carrier": "JU",
                    "operating_flight_no": "142",
                    "fare_basis": "TNB14ODE",
                    "fare_category": "M",
                    "fare_classes": "T",
                    "return": 1,
                    "bags_recheck_required": false,
                    "vi_connection": false,
                    "guarantee": false,
                    "equipment": null,
                    "vehicle_type": "aircraft"
                }
            ],
            "booking_token": "H8lNr0ykD8PeN5IJk0LNJtveJNfLc1LcpO5dOJYMgqz7FEHvYk5xQLUON3bRhKClT-r-dId3iFuJPxCpTgjwZpXV0_BYOMta4dZUrIrQpTdKybKfLxyKPh-N_nc70awKV_3jNxhnd8bUvPte2NVMThQtTA5cXBfrqrOsQwGmcgXK1woIUHuT6TymHsoUdQN9ID15qhO9ibDA1nD5TDVqK5wvPdFwtcfCik6SDWhtwbIcQnuz6MlA36803Pp06mwVDGRmx4aQQRBnuQe5SVOny2YW9TnX7z1rqiZRAElYeFKldFTshBRTWys1G9qszvSwiBTj9jwloq7gqH437jowkN59L19X4sGSGUL7yqOtzfGK_rJmQVRwG_bkrODP-yHm2_TJoTQpLYUPvxf7s6l9Gwlsp49kCQtq4FoO07IkotgG2DXoF93SElImIw3T7ghYqYAiumjM2pALwja3MTQ69IH0gTu-WhOuZfG7M8P3WSd79aOTi49FgmDsLi8l-VG0UWO2EDAkCc97FSly-HTiWmAAgU3cks5UMpHRatYUu_XY0wByw5-qG2jXVo2H2Qf0zRN25sfOKalSgFJrRlhr8ghAgwQoH22rPcCHQztF-tAQh2jQVAQlS9RUgYquP5TwcxwkjUWLB1scYyBGc9dl_z67B6tRnT0v90Q8fRYlyuLSU8OHlTkTDXnn5o3kVxbUbLGVTKLzjj0Hvdy3jdKrL7JfEVs-i_Cpn-hV-upmLkbsSJUziN5vA-YwIrh8PyLAehsqLmJmFBjjV_BdB1n-ysQ==",
            "deep_link": "https://www.kiwi.com/deep?affilid=mihalytest&currency=EUR&flightsId=0b7717884e510000e859f511_0%7C17880b774e580000adbbc684_0%7C17880b774e580000adbbc684_1&from=BUD&lang=en&passengers=1&to=HAM&booking_token=H8lNr0ykD8PeN5IJk0LNJtveJNfLc1LcpO5dOJYMgqz7FEHvYk5xQLUON3bRhKClT-r-dId3iFuJPxCpTgjwZpXV0_BYOMta4dZUrIrQpTdKybKfLxyKPh-N_nc70awKV_3jNxhnd8bUvPte2NVMThQtTA5cXBfrqrOsQwGmcgXK1woIUHuT6TymHsoUdQN9ID15qhO9ibDA1nD5TDVqK5wvPdFwtcfCik6SDWhtwbIcQnuz6MlA36803Pp06mwVDGRmx4aQQRBnuQe5SVOny2YW9TnX7z1rqiZRAElYeFKldFTshBRTWys1G9qszvSwiBTj9jwloq7gqH437jowkN59L19X4sGSGUL7yqOtzfGK_rJmQVRwG_bkrODP-yHm2_TJoTQpLYUPvxf7s6l9Gwlsp49kCQtq4FoO07IkotgG2DXoF93SElImIw3T7ghYqYAiumjM2pALwja3MTQ69IH0gTu-WhOuZfG7M8P3WSd79aOTi49FgmDsLi8l-VG0UWO2EDAkCc97FSly-HTiWmAAgU3cks5UMpHRatYUu_XY0wByw5-qG2jXVo2H2Qf0zRN25sfOKalSgFJrRlhr8ghAgwQoH22rPcCHQztF-tAQh2jQVAQlS9RUgYquP5TwcxwkjUWLB1scYyBGc9dl_z67B6tRnT0v90Q8fRYlyuLSU8OHlTkTDXnn5o3kVxbUbLGVTKLzjj0Hvdy3jdKrL7JfEVs-i_Cpn-hV-upmLkbsSJUziN5vA-YwIrh8PyLAehsqLmJmFBjjV_BdB1n-ysQ==",
            "facilitated_booking_available": true,
            "pnr_count": 2,
            "has_airport_change": false,
            "technical_stops": 0,
            "throw_away_ticketing": false,
            "hidden_city_ticketing": false,
            "virtual_interlining": false
        },
        {
            "id": "0b7717884e5500000960c793_0|0b7717884e5500000960c793_1|17880b774e5b0000be82ebed_0",
            "flyFrom": "BUD",
            "flyTo": "HAM",
            "cityFrom": "Budapest",
            "cityCodeFrom": "BUD",
            "cityTo": "Hamburg",
            "cityCodeTo": "HAM",
            "countryFrom": {
                "code": "HU",
                "name": "Hungary"
            },
            "countryTo": {
                "code": "DE",
                "name": "Germany"
            },
            "local_departure": "2024-11-26T17:50:00.000Z",
            "utc_departure": "2024-11-26T16:50:00.000Z",
            "local_arrival": "2024-11-26T22:20:00.000Z",
            "utc_arrival": "2024-11-26T21:20:00.000Z",
            "nightsInDest": 6,
            "quality": 245.999815,
            "distance": 949.98,
            "duration": {
                "departure": 16200,
                "return": 6300,
                "total": 22500
            },
            "price": 172,
            "conversion": {
                "EUR": 172
            },
            "fare": {
                "adults": 172,
                "children": 172,
                "infants": 172
            },
            "fare_locks": {
                "EUR": [
                    {
                        "default": false,
                        "duration": "P1D",
                        "itinerary_price_limit": 372,
                        "itinerary_price_remaining": 172,
                        "fare_lock_kind": "fee",
                        "price": 8.6,
                        "rule_instance_id": 26749,
                        "version": "v1"
                    },
                    {
                        "default": true,
                        "duration": "P3D",
                        "itinerary_price_limit": 372,
                        "itinerary_price_remaining": 172,
                        "fare_lock_kind": "fee",
                        "price": 17.2,
                        "rule_instance_id": 26748,
                        "version": "v1"
                    },
                    {
                        "default": false,
                        "duration": "P7D",
                        "itinerary_price_limit": 372,
                        "itinerary_price_remaining": 172,
                        "fare_lock_kind": "fee",
                        "price": 43,
                        "rule_instance_id": 26750,
                        "version": "v1"
                    }
                ]
            },
            "bags_price": {
                "1": 85.4
            },
            "baglimit": {
                "hand_dimensions_sum": 118,
                "hand_height": 40,
                "hand_length": 55,
                "hand_weight": 8,
                "hand_width": 23,
                "hold_dimensions_sum": 158,
                "hold_height": 52,
                "hold_length": 78,
                "hold_weight": 23,
                "hold_width": 28,
                "personal_item_dimension_sum": 82,
                "personal_item_height": 30,
                "personal_item_length": 40,
                "personal_item_weight": 2,
                "personal_item_width": 12
            },
            "availability": {
                "seats": 9
            },
            "airlines": [
                "LO",
                "EW"
            ],
            "route": [
                {
                    "id": "0b7717884e5500000960c793_0",
                    "combination_id": "0b7717884e5500000960c793",
                    "flyFrom": "BUD",
                    "flyTo": "WAW",
                    "cityFrom": "Budapest",
                    "cityCodeFrom": "BUD",
                    "cityTo": "Warsaw",
                    "cityCodeTo": "WAW",
                    "local_departure": "2024-11-26T17:50:00.000Z",
                    "utc_departure": "2024-11-26T16:50:00.000Z",
                    "local_arrival": "2024-11-26T19:10:00.000Z",
                    "utc_arrival": "2024-11-26T18:10:00.000Z",
                    "airline": "LO",
                    "flight_no": 538,
                    "operating_carrier": "LO",
                    "operating_flight_no": "538",
                    "fare_basis": "U1SAV35",
                    "fare_category": "M",
                    "fare_classes": "U",
                    "return": 0,
                    "bags_recheck_required": false,
                    "vi_connection": false,
                    "guarantee": false,
                    "equipment": null,
                    "vehicle_type": "aircraft"
                },
                {
                    "id": "0b7717884e5500000960c793_1",
                    "combination_id": "0b7717884e5500000960c793",
                    "flyFrom": "WAW",
                    "flyTo": "HAM",
                    "cityFrom": "Warsaw",
                    "cityCodeFrom": "WAW",
                    "cityTo": "Hamburg",
                    "cityCodeTo": "HAM",
                    "local_departure": "2024-11-26T20:35:00.000Z",
                    "utc_departure": "2024-11-26T19:35:00.000Z",
                    "local_arrival": "2024-11-26T22:20:00.000Z",
                    "utc_arrival": "2024-11-26T21:20:00.000Z",
                    "airline": "LO",
                    "flight_no": 397,
                    "operating_carrier": "LO",
                    "operating_flight_no": "397",
                    "fare_basis": "U1SAV35",
                    "fare_category": "M",
                    "fare_classes": "U",
                    "return": 0,
                    "bags_recheck_required": false,
                    "vi_connection": false,
                    "guarantee": false,
                    "equipment": null,
                    "vehicle_type": "aircraft"
                },
                {
                    "id": "17880b774e5b0000be82ebed_0",
                    "combination_id": "17880b774e5b0000be82ebed",
                    "flyFrom": "HAM",
                    "flyTo": "BUD",
                    "cityFrom": "Hamburg",
                    "cityCodeFrom": "HAM",
                    "cityTo": "Budapest",
                    "cityCodeTo": "BUD",
                    "local_departure": "2024-12-02T06:45:00.000Z",
                    "utc_departure": "2024-12-02T05:45:00.000Z",
                    "local_arrival": "2024-12-02T08:30:00.000Z",
                    "utc_arrival": "2024-12-02T07:30:00.000Z",
                    "airline": "EW",
                    "flight_no": 7780,
                    "operating_carrier": "EW",
                    "operating_flight_no": "7780",
                    "fare_basis": "",
                    "fare_category": "M",
                    "fare_classes": "",
                    "return": 1,
                    "bags_recheck_required": false,
                    "vi_connection": false,
                    "guarantee": false,
                    "equipment": null,
                    "vehicle_type": "aircraft"
                }
            ],
            "booking_token": "HbflcqfAJvgXnhiPgc8ak3AxTCaL79Tgmh_KdgsPXF2yeBj0KT60VyO4Z5LfCqo4mQVOZCnaAOoEJeKOqea1AhBw7Fna4G5GioezMbO5HyTnUGAQMZyUynIvUbKK96HhnVJV8J--vTsFJYQgfvQm1uUR5NOOyb3b1KHBaFzloh3WI8lfuAdIFe3w_rtjnj_BnMek9k3T1fCficAFALDwKsaPeLB1wAo4sdz-7B6HzTffOxuPfCe6WbYeXEbQ-Fpwx8B967AVlbnDUZXCk85CHF31RRO-vZotlldJh6AIBrZW8rWzcQJPIf-lqNqyWDyQ-gW0nLcJxvYZccgmTSmGPzOlL-46_zrHIHswgmJRSAw6FJKJ0675_nVyI5PikqilbZ0th29qt3hMWEYTZnsGwvHRNSS6U_PmhovQeI-xmsOns8C5unBAvGIcXgCCKpR2adGkswqwew-i0lPMxbn_0WsLcGLAVMv0Hc4CcOS_MSZFPK0fgJkZpljN1aXg_IcozMQHjmeo_JiXXu00dsvBL5VarEZqUWLY-7owuiaV-NnYsr9PGmh44AhWG-_eKi0JI9KotbX9N8_GJCAu_ElxPrPvtjZbl2nbQzvpfYgW69_I-yHo81iutwdN0x0f7jb_Uw5N_Rpv4Xq8D-r5C8fZR_651O1ec4stOIfTKtTQMOInbVh5ZU1aDuxVYN8X-BDSVYcy1uwbbZxwt9Qj_U-D7xqM-2sOHZnIeA9GUZJjQXc6JPEh2AgxEE4Hb8AttSDfUJyipPymbHb13V0k-yAmIZA==",
            "deep_link": "https://www.kiwi.com/deep?affilid=mihalytest&currency=EUR&flightsId=0b7717884e5500000960c793_0%7C0b7717884e5500000960c793_1%7C17880b774e5b0000be82ebed_0&from=BUD&lang=en&passengers=1&to=HAM&booking_token=HbflcqfAJvgXnhiPgc8ak3AxTCaL79Tgmh_KdgsPXF2yeBj0KT60VyO4Z5LfCqo4mQVOZCnaAOoEJeKOqea1AhBw7Fna4G5GioezMbO5HyTnUGAQMZyUynIvUbKK96HhnVJV8J--vTsFJYQgfvQm1uUR5NOOyb3b1KHBaFzloh3WI8lfuAdIFe3w_rtjnj_BnMek9k3T1fCficAFALDwKsaPeLB1wAo4sdz-7B6HzTffOxuPfCe6WbYeXEbQ-Fpwx8B967AVlbnDUZXCk85CHF31RRO-vZotlldJh6AIBrZW8rWzcQJPIf-lqNqyWDyQ-gW0nLcJxvYZccgmTSmGPzOlL-46_zrHIHswgmJRSAw6FJKJ0675_nVyI5PikqilbZ0th29qt3hMWEYTZnsGwvHRNSS6U_PmhovQeI-xmsOns8C5unBAvGIcXgCCKpR2adGkswqwew-i0lPMxbn_0WsLcGLAVMv0Hc4CcOS_MSZFPK0fgJkZpljN1aXg_IcozMQHjmeo_JiXXu00dsvBL5VarEZqUWLY-7owuiaV-NnYsr9PGmh44AhWG-_eKi0JI9KotbX9N8_GJCAu_ElxPrPvtjZbl2nbQzvpfYgW69_I-yHo81iutwdN0x0f7jb_Uw5N_Rpv4Xq8D-r5C8fZR_651O1ec4stOIfTKtTQMOInbVh5ZU1aDuxVYN8X-BDSVYcy1uwbbZxwt9Qj_U-D7xqM-2sOHZnIeA9GUZJjQXc6JPEh2AgxEE4Hb8AttSDfUJyipPymbHb13V0k-yAmIZA==",
            "facilitated_booking_available": true,
            "pnr_count": 2,
            "has_airport_change": false,
            "technical_stops": 0,
            "throw_away_ticketing": false,
            "hidden_city_ticketing": false,
            "virtual_interlining": false
        },
        {
            "id": "0b7717884e570000c3b3e5f5_0|0b7717884e570000c3b3e5f5_1|17880b774e5b0000be82ebed_0",
            "flyFrom": "BUD",
            "flyTo": "HAM",
            "cityFrom": "Budapest",
            "cityCodeFrom": "BUD",
            "cityTo": "Hamburg",
            "cityCodeTo": "HAM",
            "countryFrom": {
                "code": "HU",
                "name": "Hungary"
            },
            "countryTo": {
                "code": "DE",
                "name": "Germany"
            },
            "local_departure": "2024-11-28T17:50:00.000Z",
            "utc_departure": "2024-11-28T16:50:00.000Z",
            "local_arrival": "2024-11-28T22:20:00.000Z",
            "utc_arrival": "2024-11-28T21:20:00.000Z",
            "nightsInDest": 4,
            "quality": 245.999815,
            "distance": 949.98,
            "duration": {
                "departure": 16200,
                "return": 6300,
                "total": 22500
            },
            "price": 172,
            "conversion": {
                "EUR": 172
            },
            "fare": {
                "adults": 172,
                "children": 172,
                "infants": 172
            },
            "fare_locks": {
                "EUR": [
                    {
                        "default": false,
                        "duration": "P1D",
                        "itinerary_price_limit": 372,
                        "itinerary_price_remaining": 172,
                        "fare_lock_kind": "fee",
                        "price": 8.6,
                        "rule_instance_id": 26749,
                        "version": "v1"
                    },
                    {
                        "default": true,
                        "duration": "P3D",
                        "itinerary_price_limit": 372,
                        "itinerary_price_remaining": 172,
                        "fare_lock_kind": "fee",
                        "price": 17.2,
                        "rule_instance_id": 26748,
                        "version": "v1"
                    },
                    {
                        "default": false,
                        "duration": "P7D",
                        "itinerary_price_limit": 372,
                        "itinerary_price_remaining": 172,
                        "fare_lock_kind": "fee",
                        "price": 43,
                        "rule_instance_id": 26750,
                        "version": "v1"
                    }
                ]
            },
            "bags_price": {
                "1": 85.4
            },
            "baglimit": {
                "hand_dimensions_sum": 118,
                "hand_height": 40,
                "hand_length": 55,
                "hand_weight": 8,
                "hand_width": 23,
                "hold_dimensions_sum": 158,
                "hold_height": 52,
                "hold_length": 78,
                "hold_weight": 23,
                "hold_width": 28,
                "personal_item_dimension_sum": 82,
                "personal_item_height": 30,
                "personal_item_length": 40,
                "personal_item_weight": 2,
                "personal_item_width": 12
            },
            "availability": {
                "seats": 9
            },
            "airlines": [
                "LO",
                "EW"
            ],
            "route": [
                {
                    "id": "0b7717884e570000c3b3e5f5_0",
                    "combination_id": "0b7717884e570000c3b3e5f5",
                    "flyFrom": "BUD",
                    "flyTo": "WAW",
                    "cityFrom": "Budapest",
                    "cityCodeFrom": "BUD",
                    "cityTo": "Warsaw",
                    "cityCodeTo": "WAW",
                    "local_departure": "2024-11-28T17:50:00.000Z",
                    "utc_departure": "2024-11-28T16:50:00.000Z",
                    "local_arrival": "2024-11-28T19:10:00.000Z",
                    "utc_arrival": "2024-11-28T18:10:00.000Z",
                    "airline": "LO",
                    "flight_no": 538,
                    "operating_carrier": "LO",
                    "operating_flight_no": "538",
                    "fare_basis": "U1SAV35",
                    "fare_category": "M",
                    "fare_classes": "U",
                    "return": 0,
                    "bags_recheck_required": false,
                    "vi_connection": false,
                    "guarantee": false,
                    "equipment": null,
                    "vehicle_type": "aircraft"
                },
                {
                    "id": "0b7717884e570000c3b3e5f5_1",
                    "combination_id": "0b7717884e570000c3b3e5f5",
                    "flyFrom": "WAW",
                    "flyTo": "HAM",
                    "cityFrom": "Warsaw",
                    "cityCodeFrom": "WAW",
                    "cityTo": "Hamburg",
                    "cityCodeTo": "HAM",
                    "local_departure": "2024-11-28T20:35:00.000Z",
                    "utc_departure": "2024-11-28T19:35:00.000Z",
                    "local_arrival": "2024-11-28T22:20:00.000Z",
                    "utc_arrival": "2024-11-28T21:20:00.000Z",
                    "airline": "LO",
                    "flight_no": 397,
                    "operating_carrier": "LO",
                    "operating_flight_no": "397",
                    "fare_basis": "U1SAV35",
                    "fare_category": "M",
                    "fare_classes": "U",
                    "return": 0,
                    "bags_recheck_required": false,
                    "vi_connection": false,
                    "guarantee": false,
                    "equipment": "E95",
                    "vehicle_type": "aircraft"
                },
                {
                    "id": "17880b774e5b0000be82ebed_0",
                    "combination_id": "17880b774e5b0000be82ebed",
                    "flyFrom": "HAM",
                    "flyTo": "BUD",
                    "cityFrom": "Hamburg",
                    "cityCodeFrom": "HAM",
                    "cityTo": "Budapest",
                    "cityCodeTo": "BUD",
                    "local_departure": "2024-12-02T06:45:00.000Z",
                    "utc_departure": "2024-12-02T05:45:00.000Z",
                    "local_arrival": "2024-12-02T08:30:00.000Z",
                    "utc_arrival": "2024-12-02T07:30:00.000Z",
                    "airline": "EW",
                    "flight_no": 7780,
                    "operating_carrier": "EW",
                    "operating_flight_no": "7780",
                    "fare_basis": "",
                    "fare_category": "M",
                    "fare_classes": "",
                    "return": 1,
                    "bags_recheck_required": false,
                    "vi_connection": false,
                    "guarantee": false,
                    "equipment": null,
                    "vehicle_type": "aircraft"
                }
            ],
            "booking_token": "HW5PnebaRYoWLgp8tY6-SC7t0dOw7xHDxeq8BZ14ii3YbQ46KMb6ivSA76iksqNbn8ADys1yAGJXO03PbdPMfLbGkRC0WpJBbXW7e84P7u0_SNIHjSOC2-gVkGX9YfRvzfwn3MafqzeLyk-Vt5lGju4IwnrsJJ3H994G_PwMbs16-wwv8MToxNjrxWLOCx5qxviDHDNtnoygn8X5lW5gYyuFvEVAHaUsFD__CQpzAgC5n0j0xv_K22mv0bpioUGXpwFnT_alsrW75eU71U6DPxDCOdvcC1tCozvjFpwqIrM5wWWo4YzffQXq8vaFTl6tsso9UXPElp1FgISUdd4bf-Z4IiNbJKRrEBeFwZwwGMXjetHVhDGEofmWYpIBShjhzYuG7T63G4SiXQMhS5RIQqefhwllQyxTBq-7RXr2iL13q5coVgz0WuRkMWMe1jSLidDFjIlrQvGm7Opmi22cZAVAu8R_yoZEixVk3ok2YwIcmjZDQghmNFDeO42JwcZcg0OScBsky1Ed3ToGdxzAQCh4d8OQoAtQGFaXw0gBorq4-CnboldaLNYJXkNW8kMwCF_6doBww6L3P7y-shqWW3KhptE5Etj1nF7REEIB1-fySLJvw4kVXkalmyFsoQwsT90KlmsxtPX24WO5tVd_ytUf-K0PAzT36wNNtdmf_FtOOFZ-IR0p38j1-YGEBEqKv8xDAswl0ima5Og31P_dPEpNgGPnnaLW6tMLT9EWJuBN8UreWYwJt8KMgN3bTEkUuJpfutnohLQ3aCsCJxnluTeXpZyG34pp0qRW1nOyE3PA=",
            "deep_link": "https://www.kiwi.com/deep?affilid=mihalytest&currency=EUR&flightsId=0b7717884e570000c3b3e5f5_0%7C0b7717884e570000c3b3e5f5_1%7C17880b774e5b0000be82ebed_0&from=BUD&lang=en&passengers=1&to=HAM&booking_token=HW5PnebaRYoWLgp8tY6-SC7t0dOw7xHDxeq8BZ14ii3YbQ46KMb6ivSA76iksqNbn8ADys1yAGJXO03PbdPMfLbGkRC0WpJBbXW7e84P7u0_SNIHjSOC2-gVkGX9YfRvzfwn3MafqzeLyk-Vt5lGju4IwnrsJJ3H994G_PwMbs16-wwv8MToxNjrxWLOCx5qxviDHDNtnoygn8X5lW5gYyuFvEVAHaUsFD__CQpzAgC5n0j0xv_K22mv0bpioUGXpwFnT_alsrW75eU71U6DPxDCOdvcC1tCozvjFpwqIrM5wWWo4YzffQXq8vaFTl6tsso9UXPElp1FgISUdd4bf-Z4IiNbJKRrEBeFwZwwGMXjetHVhDGEofmWYpIBShjhzYuG7T63G4SiXQMhS5RIQqefhwllQyxTBq-7RXr2iL13q5coVgz0WuRkMWMe1jSLidDFjIlrQvGm7Opmi22cZAVAu8R_yoZEixVk3ok2YwIcmjZDQghmNFDeO42JwcZcg0OScBsky1Ed3ToGdxzAQCh4d8OQoAtQGFaXw0gBorq4-CnboldaLNYJXkNW8kMwCF_6doBww6L3P7y-shqWW3KhptE5Etj1nF7REEIB1-fySLJvw4kVXkalmyFsoQwsT90KlmsxtPX24WO5tVd_ytUf-K0PAzT36wNNtdmf_FtOOFZ-IR0p38j1-YGEBEqKv8xDAswl0ima5Og31P_dPEpNgGPnnaLW6tMLT9EWJuBN8UreWYwJt8KMgN3bTEkUuJpfutnohLQ3aCsCJxnluTeXpZyG34pp0qRW1nOyE3PA=",
            "facilitated_booking_available": true,
            "pnr_count": 2,
            "has_airport_change": false,
            "technical_stops": 0,
            "throw_away_ticketing": false,
            "hidden_city_ticketing": false,
            "virtual_interlining": false
        },
        {
            "id": "0b7717884e570000c3b3e5f5_0|0b7717884e570000c3b3e5f5_1|17880b774e5a00005a05dc69_0",
            "flyFrom": "BUD",
            "flyTo": "HAM",
            "cityFrom": "Budapest",
            "cityCodeFrom": "BUD",
            "cityTo": "Hamburg",
            "cityCodeTo": "HAM",
            "countryFrom": {
                "code": "HU",
                "name": "Hungary"
            },
            "countryTo": {
                "code": "DE",
                "name": "Germany"
            },
            "local_departure": "2024-11-28T17:50:00.000Z",
            "utc_departure": "2024-11-28T16:50:00.000Z",
            "local_arrival": "2024-11-28T22:20:00.000Z",
            "utc_arrival": "2024-11-28T21:20:00.000Z",
            "nightsInDest": 3,
            "quality": 245.999815,
            "distance": 949.98,
            "duration": {
                "departure": 16200,
                "return": 6300,
                "total": 22500
            },
            "price": 172,
            "conversion": {
                "EUR": 172
            },
            "fare": {
                "adults": 172,
                "children": 172,
                "infants": 172
            },
            "fare_locks": {
                "EUR": [
                    {
                        "default": false,
                        "duration": "P1D",
                        "itinerary_price_limit": 372,
                        "itinerary_price_remaining": 172,
                        "fare_lock_kind": "fee",
                        "price": 8.6,
                        "rule_instance_id": 26749,
                        "version": "v1"
                    },
                    {
                        "default": true,
                        "duration": "P3D",
                        "itinerary_price_limit": 372,
                        "itinerary_price_remaining": 172,
                        "fare_lock_kind": "fee",
                        "price": 17.2,
                        "rule_instance_id": 26748,
                        "version": "v1"
                    },
                    {
                        "default": false,
                        "duration": "P7D",
                        "itinerary_price_limit": 372,
                        "itinerary_price_remaining": 172,
                        "fare_lock_kind": "fee",
                        "price": 43,
                        "rule_instance_id": 26750,
                        "version": "v1"
                    }
                ]
            },
            "bags_price": {
                "1": 85.4
            },
            "baglimit": {
                "hand_dimensions_sum": 118,
                "hand_height": 40,
                "hand_length": 55,
                "hand_weight": 8,
                "hand_width": 23,
                "hold_dimensions_sum": 158,
                "hold_height": 52,
                "hold_length": 78,
                "hold_weight": 23,
                "hold_width": 28,
                "personal_item_dimension_sum": 82,
                "personal_item_height": 30,
                "personal_item_length": 40,
                "personal_item_weight": 2,
                "personal_item_width": 12
            },
            "availability": {
                "seats": 9
            },
            "airlines": [
                "LO",
                "EW"
            ],
            "route": [
                {
                    "id": "0b7717884e570000c3b3e5f5_0",
                    "combination_id": "0b7717884e570000c3b3e5f5",
                    "flyFrom": "BUD",
                    "flyTo": "WAW",
                    "cityFrom": "Budapest",
                    "cityCodeFrom": "BUD",
                    "cityTo": "Warsaw",
                    "cityCodeTo": "WAW",
                    "local_departure": "2024-11-28T17:50:00.000Z",
                    "utc_departure": "2024-11-28T16:50:00.000Z",
                    "local_arrival": "2024-11-28T19:10:00.000Z",
                    "utc_arrival": "2024-11-28T18:10:00.000Z",
                    "airline": "LO",
                    "flight_no": 538,
                    "operating_carrier": "LO",
                    "operating_flight_no": "538",
                    "fare_basis": "U1SAV35",
                    "fare_category": "M",
                    "fare_classes": "U",
                    "return": 0,
                    "bags_recheck_required": false,
                    "vi_connection": false,
                    "guarantee": false,
                    "equipment": null,
                    "vehicle_type": "aircraft"
                },
                {
                    "id": "0b7717884e570000c3b3e5f5_1",
                    "combination_id": "0b7717884e570000c3b3e5f5",
                    "flyFrom": "WAW",
                    "flyTo": "HAM",
                    "cityFrom": "Warsaw",
                    "cityCodeFrom": "WAW",
                    "cityTo": "Hamburg",
                    "cityCodeTo": "HAM",
                    "local_departure": "2024-11-28T20:35:00.000Z",
                    "utc_departure": "2024-11-28T19:35:00.000Z",
                    "local_arrival": "2024-11-28T22:20:00.000Z",
                    "utc_arrival": "2024-11-28T21:20:00.000Z",
                    "airline": "LO",
                    "flight_no": 397,
                    "operating_carrier": "LO",
                    "operating_flight_no": "397",
                    "fare_basis": "U1SAV35",
                    "fare_category": "M",
                    "fare_classes": "U",
                    "return": 0,
                    "bags_recheck_required": false,
                    "vi_connection": false,
                    "guarantee": false,
                    "equipment": "E95",
                    "vehicle_type": "aircraft"
                },
                {
                    "id": "17880b774e5a00005a05dc69_0",
                    "combination_id": "17880b774e5a00005a05dc69",
                    "flyFrom": "HAM",
                    "flyTo": "BUD",
                    "cityFrom": "Hamburg",
                    "cityCodeFrom": "HAM",
                    "cityTo": "Budapest",
                    "cityCodeTo": "BUD",
                    "local_departure": "2024-12-01T13:05:00.000Z",
                    "utc_departure": "2024-12-01T12:05:00.000Z",
                    "local_arrival": "2024-12-01T14:50:00.000Z",
                    "utc_arrival": "2024-12-01T13:50:00.000Z",
                    "airline": "EW",
                    "flight_no": 7780,
                    "operating_carrier": "EW",
                    "operating_flight_no": "7780",
                    "fare_basis": "",
                    "fare_category": "M",
                    "fare_classes": "N",
                    "return": 1,
                    "bags_recheck_required": false,
                    "vi_connection": false,
                    "guarantee": false,
                    "equipment": null,
                    "vehicle_type": "aircraft"
                }
            ],
            "booking_token": "Hm2tpwJ0r2F5zAHXcIlXumw6Tuh8SJuctTvmF0e_qlMRnQmNbq9LfghC3fFsTXrxACw_iP3C83L54Tn9O_MTjq6ctA5m4ksw-iMiG7WDWPxbgoEnWWJhdBJpXuGXE5LgYEqqEFfWgtWmAXfLce_3mtk_eUb6F295-5pImdrGxDgUTkct1p0a9Jmzh9q_EFCtNC6P3-gpkEEp_Plx8N44FzTOPv7ip8HTGb8Q8qH07IOn9879aBqWw4-BsDXNJVHKKc5Wxuajff9grMtPkAtoUMduYPftl5ophYIqQOZYuo9peNEp3bWflYm1l0uqzNi6bgGwTSD9IruQWyNiUbyVtg0sNJAly9KQYj9Iq8HVFC1xGQI4Q0BHwdRhpvcgLHQTRhCO__eT5DGX4ADEq23Ma6_pJkOzCOV6LY4NQ5-TgTai5x2VpEbj5kmwrtHlEksb0pG5v7Iuj_7h39qrTYQYfDcdsBBTGOsLYz45u7GQSXkTiDtFkqhT1krNYg_sK76zLZxd58L31VkIT5xhVyZaFvXLIrofL4Q2GEKXfh069N3XD9BEsscpsWzmzgUUUpFfjS8IUmmHDKb2mgtXasEMmSx3wNsMIK8gxwUqMJKU6bqNwSeCWOczwNB-L-gHi8NuyX3Ogm5xFEZSoeW6gXS98_EYu5qS_UyOma1-UW1TqjXrJO6Q0hpTCNGo_ymoZp5dmmu99nk-vBmdzQSzEB6jBDkVJZfTcipVFCK0EurAkxGPMrusbyDEtOKkFSPZmwejpd8gwONaldZ9MItcg1DOiasmtgYa1wIh7x4UdvtKYsDc=",
            "deep_link": "https://www.kiwi.com/deep?affilid=mihalytest&currency=EUR&flightsId=0b7717884e570000c3b3e5f5_0%7C0b7717884e570000c3b3e5f5_1%7C17880b774e5a00005a05dc69_0&from=BUD&lang=en&passengers=1&to=HAM&booking_token=Hm2tpwJ0r2F5zAHXcIlXumw6Tuh8SJuctTvmF0e_qlMRnQmNbq9LfghC3fFsTXrxACw_iP3C83L54Tn9O_MTjq6ctA5m4ksw-iMiG7WDWPxbgoEnWWJhdBJpXuGXE5LgYEqqEFfWgtWmAXfLce_3mtk_eUb6F295-5pImdrGxDgUTkct1p0a9Jmzh9q_EFCtNC6P3-gpkEEp_Plx8N44FzTOPv7ip8HTGb8Q8qH07IOn9879aBqWw4-BsDXNJVHKKc5Wxuajff9grMtPkAtoUMduYPftl5ophYIqQOZYuo9peNEp3bWflYm1l0uqzNi6bgGwTSD9IruQWyNiUbyVtg0sNJAly9KQYj9Iq8HVFC1xGQI4Q0BHwdRhpvcgLHQTRhCO__eT5DGX4ADEq23Ma6_pJkOzCOV6LY4NQ5-TgTai5x2VpEbj5kmwrtHlEksb0pG5v7Iuj_7h39qrTYQYfDcdsBBTGOsLYz45u7GQSXkTiDtFkqhT1krNYg_sK76zLZxd58L31VkIT5xhVyZaFvXLIrofL4Q2GEKXfh069N3XD9BEsscpsWzmzgUUUpFfjS8IUmmHDKb2mgtXasEMmSx3wNsMIK8gxwUqMJKU6bqNwSeCWOczwNB-L-gHi8NuyX3Ogm5xFEZSoeW6gXS98_EYu5qS_UyOma1-UW1TqjXrJO6Q0hpTCNGo_ymoZp5dmmu99nk-vBmdzQSzEB6jBDkVJZfTcipVFCK0EurAkxGPMrusbyDEtOKkFSPZmwejpd8gwONaldZ9MItcg1DOiasmtgYa1wIh7x4UdvtKYsDc=",
            "facilitated_booking_available": true,
            "pnr_count": 2,
            "has_airport_change": false,
            "technical_stops": 0,
            "throw_away_ticketing": false,
            "hidden_city_ticketing": false,
            "virtual_interlining": false
        },
        {
            "id": "0b7717884e5500000960c793_0|0b7717884e5500000960c793_1|17880b774e5a00005a05dc69_0",
            "flyFrom": "BUD",
            "flyTo": "HAM",
            "cityFrom": "Budapest",
            "cityCodeFrom": "BUD",
            "cityTo": "Hamburg",
            "cityCodeTo": "HAM",
            "countryFrom": {
                "code": "HU",
                "name": "Hungary"
            },
            "countryTo": {
                "code": "DE",
                "name": "Germany"
            },
            "local_departure": "2024-11-26T17:50:00.000Z",
            "utc_departure": "2024-11-26T16:50:00.000Z",
            "local_arrival": "2024-11-26T22:20:00.000Z",
            "utc_arrival": "2024-11-26T21:20:00.000Z",
            "nightsInDest": 5,
            "quality": 245.999815,
            "distance": 949.98,
            "duration": {
                "departure": 16200,
                "return": 6300,
                "total": 22500
            },
            "price": 172,
            "conversion": {
                "EUR": 172
            },
            "fare": {
                "adults": 172,
                "children": 172,
                "infants": 172
            },
            "fare_locks": {
                "EUR": [
                    {
                        "default": false,
                        "duration": "P1D",
                        "itinerary_price_limit": 372,
                        "itinerary_price_remaining": 172,
                        "fare_lock_kind": "fee",
                        "price": 8.6,
                        "rule_instance_id": 26749,
                        "version": "v1"
                    },
                    {
                        "default": true,
                        "duration": "P3D",
                        "itinerary_price_limit": 372,
                        "itinerary_price_remaining": 172,
                        "fare_lock_kind": "fee",
                        "price": 17.2,
                        "rule_instance_id": 26748,
                        "version": "v1"
                    },
                    {
                        "default": false,
                        "duration": "P7D",
                        "itinerary_price_limit": 372,
                        "itinerary_price_remaining": 172,
                        "fare_lock_kind": "fee",
                        "price": 43,
                        "rule_instance_id": 26750,
                        "version": "v1"
                    }
                ]
            },
            "bags_price": {
                "1": 85.4
            },
            "baglimit": {
                "hand_dimensions_sum": 118,
                "hand_height": 40,
                "hand_length": 55,
                "hand_weight": 8,
                "hand_width": 23,
                "hold_dimensions_sum": 158,
                "hold_height": 52,
                "hold_length": 78,
                "hold_weight": 23,
                "hold_width": 28,
                "personal_item_dimension_sum": 82,
                "personal_item_height": 30,
                "personal_item_length": 40,
                "personal_item_weight": 2,
                "personal_item_width": 12
            },
            "availability": {
                "seats": 9
            },
            "airlines": [
                "LO",
                "EW"
            ],
            "route": [
                {
                    "id": "0b7717884e5500000960c793_0",
                    "combination_id": "0b7717884e5500000960c793",
                    "flyFrom": "BUD",
                    "flyTo": "WAW",
                    "cityFrom": "Budapest",
                    "cityCodeFrom": "BUD",
                    "cityTo": "Warsaw",
                    "cityCodeTo": "WAW",
                    "local_departure": "2024-11-26T17:50:00.000Z",
                    "utc_departure": "2024-11-26T16:50:00.000Z",
                    "local_arrival": "2024-11-26T19:10:00.000Z",
                    "utc_arrival": "2024-11-26T18:10:00.000Z",
                    "airline": "LO",
                    "flight_no": 538,
                    "operating_carrier": "LO",
                    "operating_flight_no": "538",
                    "fare_basis": "U1SAV35",
                    "fare_category": "M",
                    "fare_classes": "U",
                    "return": 0,
                    "bags_recheck_required": false,
                    "vi_connection": false,
                    "guarantee": false,
                    "equipment": null,
                    "vehicle_type": "aircraft"
                },
                {
                    "id": "0b7717884e5500000960c793_1",
                    "combination_id": "0b7717884e5500000960c793",
                    "flyFrom": "WAW",
                    "flyTo": "HAM",
                    "cityFrom": "Warsaw",
                    "cityCodeFrom": "WAW",
                    "cityTo": "Hamburg",
                    "cityCodeTo": "HAM",
                    "local_departure": "2024-11-26T20:35:00.000Z",
                    "utc_departure": "2024-11-26T19:35:00.000Z",
                    "local_arrival": "2024-11-26T22:20:00.000Z",
                    "utc_arrival": "2024-11-26T21:20:00.000Z",
                    "airline": "LO",
                    "flight_no": 397,
                    "operating_carrier": "LO",
                    "operating_flight_no": "397",
                    "fare_basis": "U1SAV35",
                    "fare_category": "M",
                    "fare_classes": "U",
                    "return": 0,
                    "bags_recheck_required": false,
                    "vi_connection": false,
                    "guarantee": false,
                    "equipment": null,
                    "vehicle_type": "aircraft"
                },
                {
                    "id": "17880b774e5a00005a05dc69_0",
                    "combination_id": "17880b774e5a00005a05dc69",
                    "flyFrom": "HAM",
                    "flyTo": "BUD",
                    "cityFrom": "Hamburg",
                    "cityCodeFrom": "HAM",
                    "cityTo": "Budapest",
                    "cityCodeTo": "BUD",
                    "local_departure": "2024-12-01T13:05:00.000Z",
                    "utc_departure": "2024-12-01T12:05:00.000Z",
                    "local_arrival": "2024-12-01T14:50:00.000Z",
                    "utc_arrival": "2024-12-01T13:50:00.000Z",
                    "airline": "EW",
                    "flight_no": 7780,
                    "operating_carrier": "EW",
                    "operating_flight_no": "7780",
                    "fare_basis": "",
                    "fare_category": "M",
                    "fare_classes": "N",
                    "return": 1,
                    "bags_recheck_required": false,
                    "vi_connection": false,
                    "guarantee": false,
                    "equipment": null,
                    "vehicle_type": "aircraft"
                }
            ],
            "booking_token": "HqLGyZ_beLTj_cw8SxdKp0_aPumPARK9DaMX2C_-mGRPQLoNdzb97qpvtnPH1DLK8T1ivMWZap5QNQBelSwHyj8JPGQWRc1AOtq5HSpj8d-pleHwsz7e5B3Am6E0lrBsqmtRJhoSc83CXF84dZlCFNWplL8PaJFCirhc0DXGCskNwYjp4lXIWBmb4NlgcctOQNc08lYTUJOYIsI9bhWQ5P4c9s2hBNCtdEcMtKk8CukgYIM9KRQub9UgJ9TCgRgjSjBMt9eH9H0X3_REmS7Nab4ATdaaWFG0gRqgjtCy0eA_ZqiAXuS9wxtOAAtwkRCbpiMjbun3hrR_f55ARbBCvbv9nhwMv1qNLggkgeU9oppMSi37-ySZpRofmDXCPyFemlbmJgwfc2xAdPaMBuUkLHjKrkBaCeGvnm6PNmxJSwjBVwkIUgmelHGBerhHQewFBUgS7FtRKteaI1j28vwHS_dt4Xk-0DUAJo2B0V6j7u1k1hcIJiefega0ytWNTqgXqmcJOaA5G5_4lAObULDEk2DXFWLSIDE5CshLakGs8pRuIfkg_rbqHSz-xuLbkRvRu5HOKISmARPWqRwwxLLJLI4YTsbWo8xX7imCDh6LPWraAwEqMlx8tCl7EIVaSBIqIO5JLPbkeuxBmq3FVPTVttziTxBHmprqe903C0j7wZYD83lZtsKZ687lAHodWgzUAsU4Cnzg-XeYMxlziNDiPYbo7WfNWzE52FSa5P6wUVTOl9Au7A2w9CoTiO7n48LyNWqbxVoPzFuXEviSectlVlg==",
            "deep_link": "https://www.kiwi.com/deep?affilid=mihalytest&currency=EUR&flightsId=0b7717884e5500000960c793_0%7C0b7717884e5500000960c793_1%7C17880b774e5a00005a05dc69_0&from=BUD&lang=en&passengers=1&to=HAM&booking_token=HqLGyZ_beLTj_cw8SxdKp0_aPumPARK9DaMX2C_-mGRPQLoNdzb97qpvtnPH1DLK8T1ivMWZap5QNQBelSwHyj8JPGQWRc1AOtq5HSpj8d-pleHwsz7e5B3Am6E0lrBsqmtRJhoSc83CXF84dZlCFNWplL8PaJFCirhc0DXGCskNwYjp4lXIWBmb4NlgcctOQNc08lYTUJOYIsI9bhWQ5P4c9s2hBNCtdEcMtKk8CukgYIM9KRQub9UgJ9TCgRgjSjBMt9eH9H0X3_REmS7Nab4ATdaaWFG0gRqgjtCy0eA_ZqiAXuS9wxtOAAtwkRCbpiMjbun3hrR_f55ARbBCvbv9nhwMv1qNLggkgeU9oppMSi37-ySZpRofmDXCPyFemlbmJgwfc2xAdPaMBuUkLHjKrkBaCeGvnm6PNmxJSwjBVwkIUgmelHGBerhHQewFBUgS7FtRKteaI1j28vwHS_dt4Xk-0DUAJo2B0V6j7u1k1hcIJiefega0ytWNTqgXqmcJOaA5G5_4lAObULDEk2DXFWLSIDE5CshLakGs8pRuIfkg_rbqHSz-xuLbkRvRu5HOKISmARPWqRwwxLLJLI4YTsbWo8xX7imCDh6LPWraAwEqMlx8tCl7EIVaSBIqIO5JLPbkeuxBmq3FVPTVttziTxBHmprqe903C0j7wZYD83lZtsKZ687lAHodWgzUAsU4Cnzg-XeYMxlziNDiPYbo7WfNWzE52FSa5P6wUVTOl9Au7A2w9CoTiO7n48LyNWqbxVoPzFuXEviSectlVlg==",
            "facilitated_booking_available": true,
            "pnr_count": 2,
            "has_airport_change": false,
            "technical_stops": 0,
            "throw_away_ticketing": false,
            "hidden_city_ticketing": false,
            "virtual_interlining": false
        },
        {
            "id": "0b7717884e4700009d8bcbcf_0|0b7717884e4700009d8bcbcf_1|17880b774e4d00001e6e395f_0",
            "flyFrom": "BUD",
            "flyTo": "HAM",
            "cityFrom": "Budapest",
            "cityCodeFrom": "BUD",
            "cityTo": "Hamburg",
            "cityCodeTo": "HAM",
            "countryFrom": {
                "code": "HU",
                "name": "Hungary"
            },
            "countryTo": {
                "code": "DE",
                "name": "Germany"
            },
            "local_departure": "2024-11-12T17:50:00.000Z",
            "utc_departure": "2024-11-12T16:50:00.000Z",
            "local_arrival": "2024-11-12T22:20:00.000Z",
            "utc_arrival": "2024-11-12T21:20:00.000Z",
            "nightsInDest": 6,
            "quality": 246.999815,
            "distance": 949.98,
            "duration": {
                "departure": 16200,
                "return": 6300,
                "total": 22500
            },
            "price": 173,
            "conversion": {
                "EUR": 173
            },
            "fare": {
                "adults": 173,
                "children": 173,
                "infants": 173
            },
            "fare_locks": {
                "EUR": [
                    {
                        "default": false,
                        "duration": "P1D",
                        "itinerary_price_limit": 373,
                        "itinerary_price_remaining": 173,
                        "fare_lock_kind": "fee",
                        "price": 8.65,
                        "rule_instance_id": 26749,
                        "version": "v1"
                    },
                    {
                        "default": true,
                        "duration": "P3D",
                        "itinerary_price_limit": 373,
                        "itinerary_price_remaining": 173,
                        "fare_lock_kind": "fee",
                        "price": 17.3,
                        "rule_instance_id": 26748,
                        "version": "v1"
                    },
                    {
                        "default": false,
                        "duration": "P7D",
                        "itinerary_price_limit": 373,
                        "itinerary_price_remaining": 173,
                        "fare_lock_kind": "fee",
                        "price": 43.25,
                        "rule_instance_id": 26750,
                        "version": "v1"
                    }
                ]
            },
            "bags_price": {
                "1": 85.4
            },
            "baglimit": {
                "hand_dimensions_sum": 118,
                "hand_height": 40,
                "hand_length": 55,
                "hand_weight": 8,
                "hand_width": 23,
                "hold_dimensions_sum": 158,
                "hold_height": 52,
                "hold_length": 78,
                "hold_weight": 23,
                "hold_width": 28,
                "personal_item_dimension_sum": 82,
                "personal_item_height": 30,
                "personal_item_length": 40,
                "personal_item_weight": 2,
                "personal_item_width": 12
            },
            "availability": {
                "seats": 9
            },
            "airlines": [
                "LO",
                "EW"
            ],
            "route": [
                {
                    "id": "0b7717884e4700009d8bcbcf_0",
                    "combination_id": "0b7717884e4700009d8bcbcf",
                    "flyFrom": "BUD",
                    "flyTo": "WAW",
                    "cityFrom": "Budapest",
                    "cityCodeFrom": "BUD",
                    "cityTo": "Warsaw",
                    "cityCodeTo": "WAW",
                    "local_departure": "2024-11-12T17:50:00.000Z",
                    "utc_departure": "2024-11-12T16:50:00.000Z",
                    "local_arrival": "2024-11-12T19:10:00.000Z",
                    "utc_arrival": "2024-11-12T18:10:00.000Z",
                    "airline": "LO",
                    "flight_no": 538,
                    "operating_carrier": "LO",
                    "operating_flight_no": "538",
                    "fare_basis": "U1SAV35",
                    "fare_category": "M",
                    "fare_classes": "U",
                    "return": 0,
                    "bags_recheck_required": false,
                    "vi_connection": false,
                    "guarantee": false,
                    "equipment": null,
                    "vehicle_type": "aircraft"
                },
                {
                    "id": "0b7717884e4700009d8bcbcf_1",
                    "combination_id": "0b7717884e4700009d8bcbcf",
                    "flyFrom": "WAW",
                    "flyTo": "HAM",
                    "cityFrom": "Warsaw",
                    "cityCodeFrom": "WAW",
                    "cityTo": "Hamburg",
                    "cityCodeTo": "HAM",
                    "local_departure": "2024-11-12T20:35:00.000Z",
                    "utc_departure": "2024-11-12T19:35:00.000Z",
                    "local_arrival": "2024-11-12T22:20:00.000Z",
                    "utc_arrival": "2024-11-12T21:20:00.000Z",
                    "airline": "LO",
                    "flight_no": 397,
                    "operating_carrier": "LO",
                    "operating_flight_no": "397",
                    "fare_basis": "U1SAV35",
                    "fare_category": "M",
                    "fare_classes": "U",
                    "return": 0,
                    "bags_recheck_required": false,
                    "vi_connection": false,
                    "guarantee": false,
                    "equipment": null,
                    "vehicle_type": "aircraft"
                },
                {
                    "id": "17880b774e4d00001e6e395f_0",
                    "combination_id": "17880b774e4d00001e6e395f",
                    "flyFrom": "HAM",
                    "flyTo": "BUD",
                    "cityFrom": "Hamburg",
                    "cityCodeFrom": "HAM",
                    "cityTo": "Budapest",
                    "cityCodeTo": "BUD",
                    "local_departure": "2024-11-18T06:45:00.000Z",
                    "utc_departure": "2024-11-18T05:45:00.000Z",
                    "local_arrival": "2024-11-18T08:30:00.000Z",
                    "utc_arrival": "2024-11-18T07:30:00.000Z",
                    "airline": "EW",
                    "flight_no": 7780,
                    "operating_carrier": "EW",
                    "operating_flight_no": "7780",
                    "fare_basis": "",
                    "fare_category": "M",
                    "fare_classes": "",
                    "return": 1,
                    "bags_recheck_required": false,
                    "vi_connection": false,
                    "guarantee": false,
                    "equipment": null,
                    "vehicle_type": "aircraft"
                }
            ],
            "booking_token": "HKUshYL3aJ0VKTm_QP6aMny-ltdPfiqepm_iM-rIuYrvadRjw5LKo1qVCCLnyCSfKJvrMeDKu-vUPI6rfeenhSUgcuQt1KrLfQW-YU32aD3QM__r8uYsI8bzuZGjK74I11bk37drGOJUIapdQ0GMokq510lDWXNZs5WmYTRZesSWoINYyZ98voTBiAgOxjeqZBh9OqAE73QCT9loRm84RU8NpjDurixfE8JFujVOiS1Q8AbVqyrOd5a_F3krPA-gef3WxPFwD2pORNn7WBgV-ECgmhNpt21NG7sE5AZP5wbx4jaoUj7Qd7zgbcOGzyqZch0H1ELzfuyY1P40UFuI5dF9nJiHFgj45TgUipM_pKqJ31Fay3QO5Go9EKCVhDK34rqVafDuTKBNrkkmM-0pmOCdbqKHleH-juohHK80YE9VEKSWDyDq-ye3dKjPirxxlfk29FaNJ5yOpMzKNT992zeDQ0mGWdY8mFlfy7u7WBpaQnGEMEMnkXn4AK7ucg0Zal16bIs0tp_aWwV9oElePxuCFGq92a4FYjHN7vmkH7CYIbRSpftW0gOSYSjJblwSiBsUsgwzOW8bnM0SJAvCXWWzOxzDuSlYycnD1YrGWwSLOcKz01e_iVJVHvjVJebtNRrSWdAWheuuRoJW3xeOHIeHrDKA82aUU1j1ByQvcW2DS93JU2z2JXF7xmnbaeg-NK1u0wFkl1KDLafqj8Xz8gR5MNnTlfoWphxvyIuImgQ-H3AWt_b5dTIRa9TTjP0O89Be2Vk5rnUqRbnKGGXE5aw==",
            "deep_link": "https://www.kiwi.com/deep?affilid=mihalytest&currency=EUR&flightsId=0b7717884e4700009d8bcbcf_0%7C0b7717884e4700009d8bcbcf_1%7C17880b774e4d00001e6e395f_0&from=BUD&lang=en&passengers=1&to=HAM&booking_token=HKUshYL3aJ0VKTm_QP6aMny-ltdPfiqepm_iM-rIuYrvadRjw5LKo1qVCCLnyCSfKJvrMeDKu-vUPI6rfeenhSUgcuQt1KrLfQW-YU32aD3QM__r8uYsI8bzuZGjK74I11bk37drGOJUIapdQ0GMokq510lDWXNZs5WmYTRZesSWoINYyZ98voTBiAgOxjeqZBh9OqAE73QCT9loRm84RU8NpjDurixfE8JFujVOiS1Q8AbVqyrOd5a_F3krPA-gef3WxPFwD2pORNn7WBgV-ECgmhNpt21NG7sE5AZP5wbx4jaoUj7Qd7zgbcOGzyqZch0H1ELzfuyY1P40UFuI5dF9nJiHFgj45TgUipM_pKqJ31Fay3QO5Go9EKCVhDK34rqVafDuTKBNrkkmM-0pmOCdbqKHleH-juohHK80YE9VEKSWDyDq-ye3dKjPirxxlfk29FaNJ5yOpMzKNT992zeDQ0mGWdY8mFlfy7u7WBpaQnGEMEMnkXn4AK7ucg0Zal16bIs0tp_aWwV9oElePxuCFGq92a4FYjHN7vmkH7CYIbRSpftW0gOSYSjJblwSiBsUsgwzOW8bnM0SJAvCXWWzOxzDuSlYycnD1YrGWwSLOcKz01e_iVJVHvjVJebtNRrSWdAWheuuRoJW3xeOHIeHrDKA82aUU1j1ByQvcW2DS93JU2z2JXF7xmnbaeg-NK1u0wFkl1KDLafqj8Xz8gR5MNnTlfoWphxvyIuImgQ-H3AWt_b5dTIRa9TTjP0O89Be2Vk5rnUqRbnKGGXE5aw==",
            "facilitated_booking_available": true,
            "pnr_count": 2,
            "has_airport_change": false,
            "technical_stops": 0,
            "throw_away_ticketing": false,
            "hidden_city_ticketing": false,
            "virtual_interlining": false
        },
        {
            "id": "0b7717884e4a00005703b3b2_0|178807f04e4f0000485762c5_0|07f00b774e4f0000c5fc26cc_0",
            "flyFrom": "BUD",
            "flyTo": "HAM",
            "cityFrom": "Budapest",
            "cityCodeFrom": "BUD",
            "cityTo": "Hamburg",
            "cityCodeTo": "HAM",
            "countryFrom": {
                "code": "HU",
                "name": "Hungary"
            },
            "countryTo": {
                "code": "DE",
                "name": "Germany"
            },
            "local_departure": "2024-11-15T20:35:00.000Z",
            "utc_departure": "2024-11-15T19:35:00.000Z",
            "local_arrival": "2024-11-15T22:25:00.000Z",
            "utc_arrival": "2024-11-15T21:25:00.000Z",
            "nightsInDest": 5,
            "quality": 254.999795,
            "distance": 949.98,
            "duration": {
                "departure": 6600,
                "return": 19500,
                "total": 26100
            },
            "price": 173,
            "conversion": {
                "EUR": 173
            },
            "fare": {
                "adults": 173,
                "children": 173,
                "infants": 173
            },
            "fare_locks": {
                "EUR": [
                    {
                        "default": false,
                        "duration": "P1D",
                        "itinerary_price_limit": 373,
                        "itinerary_price_remaining": 173,
                        "fare_lock_kind": "fee",
                        "price": 8.65,
                        "rule_instance_id": 26749,
                        "version": "v1"
                    },
                    {
                        "default": true,
                        "duration": "P3D",
                        "itinerary_price_limit": 373,
                        "itinerary_price_remaining": 173,
                        "fare_lock_kind": "fee",
                        "price": 17.3,
                        "rule_instance_id": 26748,
                        "version": "v1"
                    },
                    {
                        "default": false,
                        "duration": "P7D",
                        "itinerary_price_limit": 373,
                        "itinerary_price_remaining": 173,
                        "fare_lock_kind": "fee",
                        "price": 43.25,
                        "rule_instance_id": 26750,
                        "version": "v1"
                    }
                ]
            },
            "bags_price": {
                "1": 112,
                "2": 361.2
            },
            "baglimit": {
                "hand_dimensions_sum": 118,
                "hand_height": 40,
                "hand_length": 55,
                "hand_weight": 8,
                "hand_width": 23,
                "hold_dimensions_sum": 158,
                "hold_height": 52,
                "hold_length": 78,
                "hold_weight": 20,
                "hold_width": 28,
                "personal_item_dimension_sum": 90,
                "personal_item_height": 30,
                "personal_item_length": 40,
                "personal_item_weight": 8,
                "personal_item_width": 20
            },
            "availability": {
                "seats": 1
            },
            "airlines": [
                "EW",
                "W6"
            ],
            "route": [
                {
                    "id": "0b7717884e4a00005703b3b2_0",
                    "combination_id": "0b7717884e4a00005703b3b2",
                    "flyFrom": "BUD",
                    "flyTo": "HAM",
                    "cityFrom": "Budapest",
                    "cityCodeFrom": "BUD",
                    "cityTo": "Hamburg",
                    "cityCodeTo": "HAM",
                    "local_departure": "2024-11-15T20:35:00.000Z",
                    "utc_departure": "2024-11-15T19:35:00.000Z",
                    "local_arrival": "2024-11-15T22:25:00.000Z",
                    "utc_arrival": "2024-11-15T21:25:00.000Z",
                    "airline": "EW",
                    "flight_no": 7781,
                    "operating_carrier": "EW",
                    "operating_flight_no": "7781",
                    "fare_basis": "",
                    "fare_category": "M",
                    "fare_classes": "T",
                    "return": 0,
                    "bags_recheck_required": false,
                    "vi_connection": false,
                    "guarantee": false,
                    "equipment": null,
                    "vehicle_type": "aircraft"
                },
                {
                    "id": "178807f04e4f0000485762c5_0",
                    "combination_id": "178807f04e4f0000485762c5",
                    "flyFrom": "HAM",
                    "flyTo": "MXP",
                    "cityFrom": "Hamburg",
                    "cityCodeFrom": "HAM",
                    "cityTo": "Milan",
                    "cityCodeTo": "MIL",
                    "local_departure": "2024-11-20T17:10:00.000Z",
                    "utc_departure": "2024-11-20T16:10:00.000Z",
                    "local_arrival": "2024-11-20T18:55:00.000Z",
                    "utc_arrival": "2024-11-20T17:55:00.000Z",
                    "airline": "EW",
                    "flight_no": 7822,
                    "operating_carrier": "EW",
                    "operating_flight_no": "7822",
                    "fare_basis": "",
                    "fare_category": "M",
                    "fare_classes": "",
                    "return": 1,
                    "bags_recheck_required": false,
                    "vi_connection": false,
                    "guarantee": false,
                    "equipment": null,
                    "vehicle_type": "aircraft"
                },
                {
                    "id": "07f00b774e4f0000c5fc26cc_0",
                    "combination_id": "07f00b774e4f0000c5fc26cc",
                    "flyFrom": "MXP",
                    "flyTo": "BUD",
                    "cityFrom": "Milan",
                    "cityCodeFrom": "MIL",
                    "cityTo": "Budapest",
                    "cityCodeTo": "BUD",
                    "local_departure": "2024-11-20T20:55:00.000Z",
                    "utc_departure": "2024-11-20T19:55:00.000Z",
                    "local_arrival": "2024-11-20T22:35:00.000Z",
                    "utc_arrival": "2024-11-20T21:35:00.000Z",
                    "airline": "W6",
                    "flight_no": 2336,
                    "operating_carrier": "",
                    "operating_flight_no": "",
                    "fare_basis": "",
                    "fare_category": "M",
                    "fare_classes": "",
                    "return": 1,
                    "bags_recheck_required": true,
                    "vi_connection": true,
                    "guarantee": true,
                    "equipment": null,
                    "vehicle_type": "aircraft"
                }
            ],
            "booking_token": "Hc703sbKfVCp0A0EDw7Ep3FXgV1r1-VK_Gijoket5w0SnjZf1AUgEd3mx1zFTRHXaDiFSya9_NjbIqabco6SiatI-amP0kcV_rR2RqJANQ4qgTrswb4N-gWboIxXo8_bWT8SIYZPE1BFwBOraOuZFguo5FiiWkJ7nASp3HyHkLthNlS-JQC0lA69D51k_0gvTZ0_IPkrhA2NJOVS_dM3pMtl-InGqfJRjnXrS7oHbQESTCxLGeXM0IcPOs1hvpJb2WPS_umdZxKFe1pFBBTw7tkdpN4vqH3ip2hkgNEatDrDrHKGnQm_avDG2ud769om63OKyRuuGDZIopv2fccGIwHFnXehVYBj_94NNbk1gxGS53Uk8lm17RObKdsa6NnjEq_VGluTO9TjPGArkSus98YEjXWgGF7jTp1wX5RAGpRLVolaTIyJHeeY7082SYng-ZNqB63c9grMQysMcfqxA9C9y9o1RPIpMjHpr4KL_PS9hiP7ZnSKE7t_5ddv-Zq8GN9j_vl9pVbI_V61ChyCIMy89k0tmnO32XzAlOUDVCdASP1GgKDfzlvN0k5ToyhLFgUt5LdqbuXAokTbZXa1Y5Cn4s6biHgMfWHVanbkzyJK5JSvYURJqeA_MbHhKQmfbDD1ONa-zpIMssJ0FPbnJNGmoJxWuR3y8rv_vuMWBj3tbvlvagFvHre-Bu2LkCSshIWjlnEgRoKRTjb9rmOMDw2HIdXRQlpSQwpI9wPT7MDupCld_Upq1V-gyWpOlc6eyj3P1vxuRhD9W1ak3_L_XQ_bL8npUUvVaxFBsR7NoY_0QcZ0q_lNYTOkQIr5PXBW8",
            "deep_link": "https://www.kiwi.com/deep?affilid=mihalytest&currency=EUR&flightsId=0b7717884e4a00005703b3b2_0%7C178807f04e4f0000485762c5_0%7C07f00b774e4f0000c5fc26cc_0&from=BUD&lang=en&passengers=1&to=HAM&booking_token=Hc703sbKfVCp0A0EDw7Ep3FXgV1r1-VK_Gijoket5w0SnjZf1AUgEd3mx1zFTRHXaDiFSya9_NjbIqabco6SiatI-amP0kcV_rR2RqJANQ4qgTrswb4N-gWboIxXo8_bWT8SIYZPE1BFwBOraOuZFguo5FiiWkJ7nASp3HyHkLthNlS-JQC0lA69D51k_0gvTZ0_IPkrhA2NJOVS_dM3pMtl-InGqfJRjnXrS7oHbQESTCxLGeXM0IcPOs1hvpJb2WPS_umdZxKFe1pFBBTw7tkdpN4vqH3ip2hkgNEatDrDrHKGnQm_avDG2ud769om63OKyRuuGDZIopv2fccGIwHFnXehVYBj_94NNbk1gxGS53Uk8lm17RObKdsa6NnjEq_VGluTO9TjPGArkSus98YEjXWgGF7jTp1wX5RAGpRLVolaTIyJHeeY7082SYng-ZNqB63c9grMQysMcfqxA9C9y9o1RPIpMjHpr4KL_PS9hiP7ZnSKE7t_5ddv-Zq8GN9j_vl9pVbI_V61ChyCIMy89k0tmnO32XzAlOUDVCdASP1GgKDfzlvN0k5ToyhLFgUt5LdqbuXAokTbZXa1Y5Cn4s6biHgMfWHVanbkzyJK5JSvYURJqeA_MbHhKQmfbDD1ONa-zpIMssJ0FPbnJNGmoJxWuR3y8rv_vuMWBj3tbvlvagFvHre-Bu2LkCSshIWjlnEgRoKRTjb9rmOMDw2HIdXRQlpSQwpI9wPT7MDupCld_Upq1V-gyWpOlc6eyj3P1vxuRhD9W1ak3_L_XQ_bL8npUUvVaxFBsR7NoY_0QcZ0q_lNYTOkQIr5PXBW8",
            "facilitated_booking_available": false,
            "pnr_count": 3,
            "has_airport_change": false,
            "technical_stops": 0,
            "throw_away_ticketing": false,
            "hidden_city_ticketing": false,
            "virtual_interlining": true
        },
        {
            "id": "0b7717884e4a00005703b3b2_0|178807f04e4e0000a105a1cd_0|07f00b774e4e00002caee5c4_0",
            "flyFrom": "BUD",
            "flyTo": "HAM",
            "cityFrom": "Budapest",
            "cityCodeFrom": "BUD",
            "cityTo": "Hamburg",
            "cityCodeTo": "HAM",
            "countryFrom": {
                "code": "HU",
                "name": "Hungary"
            },
            "countryTo": {
                "code": "DE",
                "name": "Germany"
            },
            "local_departure": "2024-11-15T20:35:00.000Z",
            "utc_departure": "2024-11-15T19:35:00.000Z",
            "local_arrival": "2024-11-15T22:25:00.000Z",
            "utc_arrival": "2024-11-15T21:25:00.000Z",
            "nightsInDest": 4,
            "quality": 260.333115,
            "distance": 949.98,
            "duration": {
                "departure": 6600,
                "return": 21900,
                "total": 28500
            },
            "price": 173,
            "conversion": {
                "EUR": 173
            },
            "fare": {
                "adults": 173,
                "children": 173,
                "infants": 173
            },
            "fare_locks": {
                "EUR": [
                    {
                        "default": false,
                        "duration": "P1D",
                        "itinerary_price_limit": 373,
                        "itinerary_price_remaining": 173,
                        "fare_lock_kind": "fee",
                        "price": 8.65,
                        "rule_instance_id": 26749,
                        "version": "v1"
                    },
                    {
                        "default": true,
                        "duration": "P3D",
                        "itinerary_price_limit": 373,
                        "itinerary_price_remaining": 173,
                        "fare_lock_kind": "fee",
                        "price": 17.3,
                        "rule_instance_id": 26748,
                        "version": "v1"
                    },
                    {
                        "default": false,
                        "duration": "P7D",
                        "itinerary_price_limit": 373,
                        "itinerary_price_remaining": 173,
                        "fare_lock_kind": "fee",
                        "price": 43.25,
                        "rule_instance_id": 26750,
                        "version": "v1"
                    }
                ]
            },
            "bags_price": {
                "1": 112,
                "2": 361.2
            },
            "baglimit": {
                "hand_dimensions_sum": 118,
                "hand_height": 40,
                "hand_length": 55,
                "hand_weight": 8,
                "hand_width": 23,
                "hold_dimensions_sum": 158,
                "hold_height": 52,
                "hold_length": 78,
                "hold_weight": 20,
                "hold_width": 28,
                "personal_item_dimension_sum": 90,
                "personal_item_height": 30,
                "personal_item_length": 40,
                "personal_item_weight": 8,
                "personal_item_width": 20
            },
            "availability": {
                "seats": 5
            },
            "airlines": [
                "W6",
                "EW"
            ],
            "route": [
                {
                    "id": "0b7717884e4a00005703b3b2_0",
                    "combination_id": "0b7717884e4a00005703b3b2",
                    "flyFrom": "BUD",
                    "flyTo": "HAM",
                    "cityFrom": "Budapest",
                    "cityCodeFrom": "BUD",
                    "cityTo": "Hamburg",
                    "cityCodeTo": "HAM",
                    "local_departure": "2024-11-15T20:35:00.000Z",
                    "utc_departure": "2024-11-15T19:35:00.000Z",
                    "local_arrival": "2024-11-15T22:25:00.000Z",
                    "utc_arrival": "2024-11-15T21:25:00.000Z",
                    "airline": "EW",
                    "flight_no": 7781,
                    "operating_carrier": "EW",
                    "operating_flight_no": "7781",
                    "fare_basis": "",
                    "fare_category": "M",
                    "fare_classes": "T",
                    "return": 0,
                    "bags_recheck_required": false,
                    "vi_connection": false,
                    "guarantee": false,
                    "equipment": null,
                    "vehicle_type": "aircraft"
                },
                {
                    "id": "178807f04e4e0000a105a1cd_0",
                    "combination_id": "178807f04e4e0000a105a1cd",
                    "flyFrom": "HAM",
                    "flyTo": "MXP",
                    "cityFrom": "Hamburg",
                    "cityCodeFrom": "HAM",
                    "cityTo": "Milan",
                    "cityCodeTo": "MIL",
                    "local_departure": "2024-11-19T17:05:00.000Z",
                    "utc_departure": "2024-11-19T16:05:00.000Z",
                    "local_arrival": "2024-11-19T18:50:00.000Z",
                    "utc_arrival": "2024-11-19T17:50:00.000Z",
                    "airline": "EW",
                    "flight_no": 7822,
                    "operating_carrier": "EW",
                    "operating_flight_no": "7822",
                    "fare_basis": "",
                    "fare_category": "M",
                    "fare_classes": "",
                    "return": 1,
                    "bags_recheck_required": false,
                    "vi_connection": false,
                    "guarantee": false,
                    "equipment": null,
                    "vehicle_type": "aircraft"
                },
                {
                    "id": "07f00b774e4e00002caee5c4_0",
                    "combination_id": "07f00b774e4e00002caee5c4",
                    "flyFrom": "MXP",
                    "flyTo": "BUD",
                    "cityFrom": "Milan",
                    "cityCodeFrom": "MIL",
                    "cityTo": "Budapest",
                    "cityCodeTo": "BUD",
                    "local_departure": "2024-11-19T21:30:00.000Z",
                    "utc_departure": "2024-11-19T20:30:00.000Z",
                    "local_arrival": "2024-11-19T23:10:00.000Z",
                    "utc_arrival": "2024-11-19T22:10:00.000Z",
                    "airline": "W6",
                    "flight_no": 2336,
                    "operating_carrier": "",
                    "operating_flight_no": "",
                    "fare_basis": "",
                    "fare_category": "M",
                    "fare_classes": "",
                    "return": 1,
                    "bags_recheck_required": true,
                    "vi_connection": true,
                    "guarantee": true,
                    "equipment": null,
                    "vehicle_type": "aircraft"
                }
            ],
            "booking_token": "HSbafC1WSa7-EQ3TQ-zPySeQUJFmqOCN9K8OmAlLD29ueyfa0c6UCdOH9ORRg4ng04v3VcgkM6NTHvKv8W4VVgNiDUuj_72piMgE91zFxJtMzJdwg3gbZ3qHg76bXz-_EWwDLS1bDrubYJsDVqPlkvy8KaaKLFS7R9f17riNkm99VL6s9cZmI3bWKroVcT-OfrNjZDLjJmcSXswlZdef0idM8TPxzSdF6Dn9Y5Ak-boU1QO5nuRTz6fyhPzcKxgMKZ6YB2WLOaRQbN_uS80V0DPYtx48Kj6nKGlFVXAc6m9Nze0NBhWBteVxt4grlzPeC16OM6FBxqB8tVEEx_No_v3tBnn8MHSPiw3IkIf4RPUmLil4Lt-on64E9m20Tpz80yu9u0UpjjQCsMCGiVYHEqsONmXWTmw-kZVp2cUac8-rsgpPSed5ZAqdpuDSfigMwZq4ErtZ96JmPn2p5pQKYsl8PcrUbwV-wS-yIlx1lmFS0KCyi0U7UHs5MsHnnOFcT9rApYd9QSs8WVIRFvuoIUlJ1NvaAycBlHVJTgBfJZ34zYksJZ8eAmmFgOv7qNgXRfr-uVlFT4dRyLX7Pe2VNPUyNn6BLC91x9DsdOWqrJNlaz1GaQWdm1DlkPoRDeJFgupAqQkE2Zyz8jSKrlufdgKdNNOT_iYGQHdQpB3hJbinSTKw4kcH-DOvYUiB4xpua6Fk4N5RHqgCXNNGLS6WVKMTKrhFWFJQwh9jcsKRuBtA-dZ_y89A2Axe50wUwUMbxkfHPZJ9HkpO7EI78DRnJ0fYXpNcEvFXcbjRvnW63I_fquaN6_uSRU1nvhC3vLFAwM8X-58PoS-0bHGMagATKYg==",
            "deep_link": "https://www.kiwi.com/deep?affilid=mihalytest&currency=EUR&flightsId=0b7717884e4a00005703b3b2_0%7C178807f04e4e0000a105a1cd_0%7C07f00b774e4e00002caee5c4_0&from=BUD&lang=en&passengers=1&to=HAM&booking_token=HSbafC1WSa7-EQ3TQ-zPySeQUJFmqOCN9K8OmAlLD29ueyfa0c6UCdOH9ORRg4ng04v3VcgkM6NTHvKv8W4VVgNiDUuj_72piMgE91zFxJtMzJdwg3gbZ3qHg76bXz-_EWwDLS1bDrubYJsDVqPlkvy8KaaKLFS7R9f17riNkm99VL6s9cZmI3bWKroVcT-OfrNjZDLjJmcSXswlZdef0idM8TPxzSdF6Dn9Y5Ak-boU1QO5nuRTz6fyhPzcKxgMKZ6YB2WLOaRQbN_uS80V0DPYtx48Kj6nKGlFVXAc6m9Nze0NBhWBteVxt4grlzPeC16OM6FBxqB8tVEEx_No_v3tBnn8MHSPiw3IkIf4RPUmLil4Lt-on64E9m20Tpz80yu9u0UpjjQCsMCGiVYHEqsONmXWTmw-kZVp2cUac8-rsgpPSed5ZAqdpuDSfigMwZq4ErtZ96JmPn2p5pQKYsl8PcrUbwV-wS-yIlx1lmFS0KCyi0U7UHs5MsHnnOFcT9rApYd9QSs8WVIRFvuoIUlJ1NvaAycBlHVJTgBfJZ34zYksJZ8eAmmFgOv7qNgXRfr-uVlFT4dRyLX7Pe2VNPUyNn6BLC91x9DsdOWqrJNlaz1GaQWdm1DlkPoRDeJFgupAqQkE2Zyz8jSKrlufdgKdNNOT_iYGQHdQpB3hJbinSTKw4kcH-DOvYUiB4xpua6Fk4N5RHqgCXNNGLS6WVKMTKrhFWFJQwh9jcsKRuBtA-dZ_y89A2Axe50wUwUMbxkfHPZJ9HkpO7EI78DRnJ0fYXpNcEvFXcbjRvnW63I_fquaN6_uSRU1nvhC3vLFAwM8X-58PoS-0bHGMagATKYg==",
            "facilitated_booking_available": false,
            "pnr_count": 3,
            "has_airport_change": false,
            "technical_stops": 0,
            "throw_away_ticketing": false,
            "hidden_city_ticketing": false,
            "virtual_interlining": true
        },
        {
            "id": "0b7717884e170000f9fe42a8_0|17880b774e1c0000ee5edc7b_0",
            "flyFrom": "BUD",
            "flyTo": "HAM",
            "cityFrom": "Budapest",
            "cityCodeFrom": "BUD",
            "cityTo": "Hamburg",
            "cityCodeTo": "HAM",
            "countryFrom": {
                "code": "HU",
                "name": "Hungary"
            },
            "countryTo": {
                "code": "DE",
                "name": "Germany"
            },
            "local_departure": "2024-09-25T20:45:00.000Z",
            "utc_departure": "2024-09-25T18:45:00.000Z",
            "local_arrival": "2024-09-25T22:30:00.000Z",
            "utc_arrival": "2024-09-25T20:30:00.000Z",
            "nightsInDest": 5,
            "quality": 225.333205,
            "distance": 949.98,
            "duration": {
                "departure": 6300,
                "return": 6000,
                "total": 12300
            },
            "price": 174,
            "conversion": {
                "EUR": 174
            },
            "fare": {
                "adults": 174,
                "children": 174,
                "infants": 174
            },
            "fare_locks": {
                "EUR": [
                    {
                        "default": false,
                        "duration": "P1D",
                        "itinerary_price_limit": 374,
                        "itinerary_price_remaining": 174,
                        "fare_lock_kind": "fee",
                        "price": 8.7,
                        "rule_instance_id": 26749,
                        "version": "v1"
                    },
                    {
                        "default": true,
                        "duration": "P3D",
                        "itinerary_price_limit": 374,
                        "itinerary_price_remaining": 174,
                        "fare_lock_kind": "fee",
                        "price": 17.4,
                        "rule_instance_id": 26748,
                        "version": "v1"
                    },
                    {
                        "default": false,
                        "duration": "P7D",
                        "itinerary_price_limit": 374,
                        "itinerary_price_remaining": 174,
                        "fare_lock_kind": "fee",
                        "price": 43.5,
                        "rule_instance_id": 26750,
                        "version": "v1"
                    }
                ]
            },
            "bags_price": {
                "1": 72.8,
                "2": 282.8
            },
            "baglimit": {
                "hand_dimensions_sum": 118,
                "hand_height": 40,
                "hand_length": 55,
                "hand_weight": 8,
                "hand_width": 23,
                "hold_dimensions_sum": 158,
                "hold_height": 52,
                "hold_length": 78,
                "hold_weight": 23,
                "hold_width": 28,
                "personal_item_dimension_sum": 95,
                "personal_item_height": 30,
                "personal_item_length": 40,
                "personal_item_weight": 8,
                "personal_item_width": 25
            },
            "availability": {
                "seats": 8
            },
            "airlines": [
                "EW"
            ],
            "route": [
                {
                    "id": "0b7717884e170000f9fe42a8_0",
                    "combination_id": "0b7717884e170000f9fe42a8",
                    "flyFrom": "BUD",
                    "flyTo": "HAM",
                    "cityFrom": "Budapest",
                    "cityCodeFrom": "BUD",
                    "cityTo": "Hamburg",
                    "cityCodeTo": "HAM",
                    "local_departure": "2024-09-25T20:45:00.000Z",
                    "utc_departure": "2024-09-25T18:45:00.000Z",
                    "local_arrival": "2024-09-25T22:30:00.000Z",
                    "utc_arrival": "2024-09-25T20:30:00.000Z",
                    "airline": "EW",
                    "flight_no": 7783,
                    "operating_carrier": "EW",
                    "operating_flight_no": "7783",
                    "fare_basis": "",
                    "fare_category": "M",
                    "fare_classes": "",
                    "return": 0,
                    "bags_recheck_required": false,
                    "vi_connection": false,
                    "guarantee": false,
                    "equipment": null,
                    "vehicle_type": "aircraft"
                },
                {
                    "id": "17880b774e1c0000ee5edc7b_0",
                    "combination_id": "17880b774e1c0000ee5edc7b",
                    "flyFrom": "HAM",
                    "flyTo": "BUD",
                    "cityFrom": "Hamburg",
                    "cityCodeFrom": "HAM",
                    "cityTo": "Budapest",
                    "cityCodeTo": "BUD",
                    "local_departure": "2024-09-30T11:30:00.000Z",
                    "utc_departure": "2024-09-30T09:30:00.000Z",
                    "local_arrival": "2024-09-30T13:10:00.000Z",
                    "utc_arrival": "2024-09-30T11:10:00.000Z",
                    "airline": "EW",
                    "flight_no": 7784,
                    "operating_carrier": "EW",
                    "operating_flight_no": "7784",
                    "fare_basis": "",
                    "fare_category": "M",
                    "fare_classes": "",
                    "return": 1,
                    "bags_recheck_required": false,
                    "vi_connection": false,
                    "guarantee": false,
                    "equipment": null,
                    "vehicle_type": "aircraft"
                }
            ],
            "booking_token": "Hal_Xo7pXSyw4bc_wI_-clMQghEBlX2ClAPy-0k2rqFqWkyri_srwzd3cwedRGMccbUcYKKO-xXTwoKZfiguS15bRdXfWnmA8_OzQnsSkVxia9-YbuAiLFZ84688NIFaIQ9EKhKiYZ2rCVPjEJOJ3HJgHMNGf2aUmSd_rc1vOLdIwtQpy4U07EjXUWHDz7EfZLUCQFdOtihKMcWuOyLMb_xmcKmiSMvdVJhCGtVipep28oystQ8GP0kPYb-hU3fjOM74Ybms0jI6j-tJV07Z4m3P44-rfmDHNW2FNk9Rwc08qioUVUmMNowiDBBpKutqvsVpYDPtuGk2aGVzwLElWsAwVRo_i2EmaVqJQ5txZGkQVRjWmOSdZH23y4GCWrD34L8B2UJAm896qVpC_q-qAUS82f9V5J6snmVEqRMSLeAeproKG4KvmBhQbhSTjl6owqZ-lRkV03lVHMdKZBlG9yxZlGHXTZUMfWLrva5kQFEu6tQ26tIArQ-C-y93i4AF1iCwQtSFuZb6hS2Iya_yfmfSi11cwr2oftwTsV9LXluN6epUdRz2KzwmLVFOGjR6wxYA3DWgpQf3FleTNwSo_-zwRFhgDTCi9jQhtc6YgJfJF0zsmYWtQ6VzQcBLeIpEd9A9v8Lf0Voz4Np7myFHCeqy3M9w3koRzUC3L20dZ-FmCjKTApcHM7mSw1DzldZCtO1umqM90ryu2tVk6-UCRO1v5B4-eLXIxJvSWO_Y0x4imJ3ulrjvpeR--OSrnr8w_",
            "deep_link": "https://www.kiwi.com/deep?affilid=mihalytest&currency=EUR&flightsId=0b7717884e170000f9fe42a8_0%7C17880b774e1c0000ee5edc7b_0&from=BUD&lang=en&passengers=1&to=HAM&booking_token=Hal_Xo7pXSyw4bc_wI_-clMQghEBlX2ClAPy-0k2rqFqWkyri_srwzd3cwedRGMccbUcYKKO-xXTwoKZfiguS15bRdXfWnmA8_OzQnsSkVxia9-YbuAiLFZ84688NIFaIQ9EKhKiYZ2rCVPjEJOJ3HJgHMNGf2aUmSd_rc1vOLdIwtQpy4U07EjXUWHDz7EfZLUCQFdOtihKMcWuOyLMb_xmcKmiSMvdVJhCGtVipep28oystQ8GP0kPYb-hU3fjOM74Ybms0jI6j-tJV07Z4m3P44-rfmDHNW2FNk9Rwc08qioUVUmMNowiDBBpKutqvsVpYDPtuGk2aGVzwLElWsAwVRo_i2EmaVqJQ5txZGkQVRjWmOSdZH23y4GCWrD34L8B2UJAm896qVpC_q-qAUS82f9V5J6snmVEqRMSLeAeproKG4KvmBhQbhSTjl6owqZ-lRkV03lVHMdKZBlG9yxZlGHXTZUMfWLrva5kQFEu6tQ26tIArQ-C-y93i4AF1iCwQtSFuZb6hS2Iya_yfmfSi11cwr2oftwTsV9LXluN6epUdRz2KzwmLVFOGjR6wxYA3DWgpQf3FleTNwSo_-zwRFhgDTCi9jQhtc6YgJfJF0zsmYWtQ6VzQcBLeIpEd9A9v8Lf0Voz4Np7myFHCeqy3M9w3koRzUC3L20dZ-FmCjKTApcHM7mSw1DzldZCtO1umqM90ryu2tVk6-UCRO1v5B4-eLXIxJvSWO_Y0x4imJ3ulrjvpeR--OSrnr8w_",
            "facilitated_booking_available": true,
            "pnr_count": 2,
            "has_airport_change": false,
            "technical_stops": 0,
            "throw_away_ticketing": false,
            "hidden_city_ticketing": false,
            "virtual_interlining": false
        },
        {
            "id": "0b7717884e4d0000c1b213c8_0|17880b774e5300003cb5ecf4_0",
            "flyFrom": "BUD",
            "flyTo": "HAM",
            "cityFrom": "Budapest",
            "cityCodeFrom": "BUD",
            "cityTo": "Hamburg",
            "cityCodeTo": "HAM",
            "countryFrom": {
                "code": "HU",
                "name": "Hungary"
            },
            "countryTo": {
                "code": "DE",
                "name": "Germany"
            },
            "local_departure": "2024-11-18T09:15:00.000Z",
            "utc_departure": "2024-11-18T08:15:00.000Z",
            "local_arrival": "2024-11-18T11:05:00.000Z",
            "utc_arrival": "2024-11-18T10:05:00.000Z",
            "nightsInDest": 6,
            "quality": 226.666535,
            "distance": 949.98,
            "duration": {
                "departure": 6600,
                "return": 6300,
                "total": 12900
            },
            "price": 174,
            "conversion": {
                "EUR": 174
            },
            "fare": {
                "adults": 174,
                "children": 174,
                "infants": 174
            },
            "fare_locks": {
                "EUR": [
                    {
                        "default": false,
                        "duration": "P1D",
                        "itinerary_price_limit": 374,
                        "itinerary_price_remaining": 174,
                        "fare_lock_kind": "fee",
                        "price": 8.7,
                        "rule_instance_id": 26749,
                        "version": "v1"
                    },
                    {
                        "default": true,
                        "duration": "P3D",
                        "itinerary_price_limit": 374,
                        "itinerary_price_remaining": 174,
                        "fare_lock_kind": "fee",
                        "price": 17.4,
                        "rule_instance_id": 26748,
                        "version": "v1"
                    },
                    {
                        "default": false,
                        "duration": "P7D",
                        "itinerary_price_limit": 374,
                        "itinerary_price_remaining": 174,
                        "fare_lock_kind": "fee",
                        "price": 43.5,
                        "rule_instance_id": 26750,
                        "version": "v1"
                    }
                ]
            },
            "bags_price": {
                "1": 72.8,
                "2": 282.8
            },
            "baglimit": {
                "hand_dimensions_sum": 118,
                "hand_height": 40,
                "hand_length": 55,
                "hand_weight": 8,
                "hand_width": 23,
                "hold_dimensions_sum": 158,
                "hold_height": 52,
                "hold_length": 78,
                "hold_weight": 23,
                "hold_width": 28,
                "personal_item_dimension_sum": 95,
                "personal_item_height": 30,
                "personal_item_length": 40,
                "personal_item_weight": 8,
                "personal_item_width": 25
            },
            "availability": {
                "seats": 9
            },
            "airlines": [
                "EW"
            ],
            "route": [
                {
                    "id": "0b7717884e4d0000c1b213c8_0",
                    "combination_id": "0b7717884e4d0000c1b213c8",
                    "flyFrom": "BUD",
                    "flyTo": "HAM",
                    "cityFrom": "Budapest",
                    "cityCodeFrom": "BUD",
                    "cityTo": "Hamburg",
                    "cityCodeTo": "HAM",
                    "local_departure": "2024-11-18T09:15:00.000Z",
                    "utc_departure": "2024-11-18T08:15:00.000Z",
                    "local_arrival": "2024-11-18T11:05:00.000Z",
                    "utc_arrival": "2024-11-18T10:05:00.000Z",
                    "airline": "EW",
                    "flight_no": 7781,
                    "operating_carrier": "EW",
                    "operating_flight_no": "7781",
                    "fare_basis": "",
                    "fare_category": "M",
                    "fare_classes": "",
                    "return": 0,
                    "bags_recheck_required": false,
                    "vi_connection": false,
                    "guarantee": false,
                    "equipment": null,
                    "vehicle_type": "aircraft"
                },
                {
                    "id": "17880b774e5300003cb5ecf4_0",
                    "combination_id": "17880b774e5300003cb5ecf4",
                    "flyFrom": "HAM",
                    "flyTo": "BUD",
                    "cityFrom": "Hamburg",
                    "cityCodeFrom": "HAM",
                    "cityTo": "Budapest",
                    "cityCodeTo": "BUD",
                    "local_departure": "2024-11-24T13:05:00.000Z",
                    "utc_departure": "2024-11-24T12:05:00.000Z",
                    "local_arrival": "2024-11-24T14:50:00.000Z",
                    "utc_arrival": "2024-11-24T13:50:00.000Z",
                    "airline": "EW",
                    "flight_no": 7780,
                    "operating_carrier": "EW",
                    "operating_flight_no": "7780",
                    "fare_basis": "",
                    "fare_category": "M",
                    "fare_classes": "N",
                    "return": 1,
                    "bags_recheck_required": false,
                    "vi_connection": false,
                    "guarantee": false,
                    "equipment": null,
                    "vehicle_type": "aircraft"
                }
            ],
            "booking_token": "HslTC75uSHX3bqm9AHvtjufKdoe7JMLN2pmgSv4H2T4MjjJsJp8BMVbmPzmg00-rRT1f4YioWtIR35wl5zQd_Oqtcj4pY1dhyvG6j7bZKG1lvbOqe-Px_wvwpNqjuSVG96GzA768oVrBtrOMDaZDOB3l8_By4GePIuI_L0FY5Reahqe3SzN3r_7c4rzfVpH0inbIvm-rancestAN4RxyZF1SJdvNwvEbDc3MAHYN2-93Hl0ai22E_bITy4-bP1LgqlMI3EN25I6dpjK4GO8-pTK-82Fb5PzRh2lw-8jBfE_MR63YXkL4REaUtCAZpuJPdTvKvBXpaaEI-1zl1WtAT7blQHtrzX6--kYU7-pBNIFB75lOHLGe3qf_onKz-AvVVFASxIHy7Vuv6Mp2zWjRThuWsAHQHzAMobI0_e2K_Oq-qmSWpfiD7MSmSNg8bCh6-y1BEQ1VCyg5Z3H5-lss2OCPP7ifeUK_Y3P8kyH0F1817xs8xBX8KqctDllmKkD2vQ4xgvGSFqjq853kvQ7z_qSsrPaIyD-VZriaGB1oLdyUwZIBLWQ24axL5QkdVDADGvx6PKygYjnfxbf6dLkXOgB-HiivcXU4edt84zekwZDdSIX1GdntP7rtyOOGhtK8gfa_TLOBqY7b4G8-XIyi4u00csGS9Ud-qMxg-7gtoGAsm6uUHvIWZWVxDUZe5VnoD",
            "deep_link": "https://www.kiwi.com/deep?affilid=mihalytest&currency=EUR&flightsId=0b7717884e4d0000c1b213c8_0%7C17880b774e5300003cb5ecf4_0&from=BUD&lang=en&passengers=1&to=HAM&booking_token=HslTC75uSHX3bqm9AHvtjufKdoe7JMLN2pmgSv4H2T4MjjJsJp8BMVbmPzmg00-rRT1f4YioWtIR35wl5zQd_Oqtcj4pY1dhyvG6j7bZKG1lvbOqe-Px_wvwpNqjuSVG96GzA768oVrBtrOMDaZDOB3l8_By4GePIuI_L0FY5Reahqe3SzN3r_7c4rzfVpH0inbIvm-rancestAN4RxyZF1SJdvNwvEbDc3MAHYN2-93Hl0ai22E_bITy4-bP1LgqlMI3EN25I6dpjK4GO8-pTK-82Fb5PzRh2lw-8jBfE_MR63YXkL4REaUtCAZpuJPdTvKvBXpaaEI-1zl1WtAT7blQHtrzX6--kYU7-pBNIFB75lOHLGe3qf_onKz-AvVVFASxIHy7Vuv6Mp2zWjRThuWsAHQHzAMobI0_e2K_Oq-qmSWpfiD7MSmSNg8bCh6-y1BEQ1VCyg5Z3H5-lss2OCPP7ifeUK_Y3P8kyH0F1817xs8xBX8KqctDllmKkD2vQ4xgvGSFqjq853kvQ7z_qSsrPaIyD-VZriaGB1oLdyUwZIBLWQ24axL5QkdVDADGvx6PKygYjnfxbf6dLkXOgB-HiivcXU4edt84zekwZDdSIX1GdntP7rtyOOGhtK8gfa_TLOBqY7b4G8-XIyi4u00csGS9Ud-qMxg-7gtoGAsm6uUHvIWZWVxDUZe5VnoD",
            "facilitated_booking_available": true,
            "pnr_count": 2,
            "has_airport_change": false,
            "technical_stops": 0,
            "throw_away_ticketing": false,
            "hidden_city_ticketing": false,
            "virtual_interlining": false
        },
        {
            "id": "0b7717884e4d0000c1b213c8_0|17880b774e540000cae3837d_0",
            "flyFrom": "BUD",
            "flyTo": "HAM",
            "cityFrom": "Budapest",
            "cityCodeFrom": "BUD",
            "cityTo": "Hamburg",
            "cityCodeTo": "HAM",
            "countryFrom": {
                "code": "HU",
                "name": "Hungary"
            },
            "countryTo": {
                "code": "DE",
                "name": "Germany"
            },
            "local_departure": "2024-11-18T09:15:00.000Z",
            "utc_departure": "2024-11-18T08:15:00.000Z",
            "local_arrival": "2024-11-18T11:05:00.000Z",
            "utc_arrival": "2024-11-18T10:05:00.000Z",
            "nightsInDest": 7,
            "quality": 226.666535,
            "distance": 949.98,
            "duration": {
                "departure": 6600,
                "return": 6300,
                "total": 12900
            },
            "price": 174,
            "conversion": {
                "EUR": 174
            },
            "fare": {
                "adults": 174,
                "children": 174,
                "infants": 174
            },
            "fare_locks": {
                "EUR": [
                    {
                        "default": false,
                        "duration": "P1D",
                        "itinerary_price_limit": 374,
                        "itinerary_price_remaining": 174,
                        "fare_lock_kind": "fee",
                        "price": 8.7,
                        "rule_instance_id": 26749,
                        "version": "v1"
                    },
                    {
                        "default": true,
                        "duration": "P3D",
                        "itinerary_price_limit": 374,
                        "itinerary_price_remaining": 174,
                        "fare_lock_kind": "fee",
                        "price": 17.4,
                        "rule_instance_id": 26748,
                        "version": "v1"
                    },
                    {
                        "default": false,
                        "duration": "P7D",
                        "itinerary_price_limit": 374,
                        "itinerary_price_remaining": 174,
                        "fare_lock_kind": "fee",
                        "price": 43.5,
                        "rule_instance_id": 26750,
                        "version": "v1"
                    }
                ]
            },
            "bags_price": {
                "1": 72.8,
                "2": 282.8
            },
            "baglimit": {
                "hand_dimensions_sum": 118,
                "hand_height": 40,
                "hand_length": 55,
                "hand_weight": 8,
                "hand_width": 23,
                "hold_dimensions_sum": 158,
                "hold_height": 52,
                "hold_length": 78,
                "hold_weight": 23,
                "hold_width": 28,
                "personal_item_dimension_sum": 95,
                "personal_item_height": 30,
                "personal_item_length": 40,
                "personal_item_weight": 8,
                "personal_item_width": 25
            },
            "availability": {
                "seats": 9
            },
            "airlines": [
                "EW"
            ],
            "route": [
                {
                    "id": "0b7717884e4d0000c1b213c8_0",
                    "combination_id": "0b7717884e4d0000c1b213c8",
                    "flyFrom": "BUD",
                    "flyTo": "HAM",
                    "cityFrom": "Budapest",
                    "cityCodeFrom": "BUD",
                    "cityTo": "Hamburg",
                    "cityCodeTo": "HAM",
                    "local_departure": "2024-11-18T09:15:00.000Z",
                    "utc_departure": "2024-11-18T08:15:00.000Z",
                    "local_arrival": "2024-11-18T11:05:00.000Z",
                    "utc_arrival": "2024-11-18T10:05:00.000Z",
                    "airline": "EW",
                    "flight_no": 7781,
                    "operating_carrier": "EW",
                    "operating_flight_no": "7781",
                    "fare_basis": "",
                    "fare_category": "M",
                    "fare_classes": "",
                    "return": 0,
                    "bags_recheck_required": false,
                    "vi_connection": false,
                    "guarantee": false,
                    "equipment": null,
                    "vehicle_type": "aircraft"
                },
                {
                    "id": "17880b774e540000cae3837d_0",
                    "combination_id": "17880b774e540000cae3837d",
                    "flyFrom": "HAM",
                    "flyTo": "BUD",
                    "cityFrom": "Hamburg",
                    "cityCodeFrom": "HAM",
                    "cityTo": "Budapest",
                    "cityCodeTo": "BUD",
                    "local_departure": "2024-11-25T06:45:00.000Z",
                    "utc_departure": "2024-11-25T05:45:00.000Z",
                    "local_arrival": "2024-11-25T08:30:00.000Z",
                    "utc_arrival": "2024-11-25T07:30:00.000Z",
                    "airline": "EW",
                    "flight_no": 7780,
                    "operating_carrier": "EW",
                    "operating_flight_no": "7780",
                    "fare_basis": "",
                    "fare_category": "M",
                    "fare_classes": "",
                    "return": 1,
                    "bags_recheck_required": false,
                    "vi_connection": false,
                    "guarantee": false,
                    "equipment": null,
                    "vehicle_type": "aircraft"
                }
            ],
            "booking_token": "HOj5gB8AAGokhJq5hUUIO-P5TNXCsJmcPgWMRM9fgeatsh17NdaMHvZOasYEEp5ErSVOdWlZa_Eq1ADICjxXOo8hGmErGp0MpLfZrBqi08kiNW3qHGV-e5r1_87rbESFMVxr9CGMiZOs1nTzt0Bo2AjjOE1gdZ3YbuPRwSiuo4dyuq7UKww3HkgY_l9jov7NcEIGGdBIj8lAYJTToHSDZNzBDSgNGNl91y1onUk2zrrO8aX3E5Pel5EmyIEZTSwfEK1b8HOTXEf0MJWnl9EJ6TqRZK7_o5UOJ24IPAc6xvhrwXK7iSKXUmk-J0Xe6IAM8BdqvmnbUXWsMpMeIuaM1cPajdoFAZQATWWmrA4gmOZ38iHClcpjL4lDTiqLuaRqTggU7oM8QEiAfzcIFzJCBWAhj89FGHEM-geUt7obwsIzsZ5gIydOuRleA_apMPrJw06A1yEQgHP5JroWQFfFqboPMqR58uYzOnhgMtJ1SLaoHHUgYsg_rngQ-cnGg4RD-eRzLx-lmLcUA_-aAJw0IkU7tKgEAxx8gwB3bveZ4tAz1CidaqnF7igpYLZkcatvAMwHWlhr_a7VsuXZvJu7weZjYFMC9m3Ul5pIG3hDcZzdwQiYTuR9zBdQbd6YXmMvDr_H_B-Za0MGUnEZT7qtUu0Q8JAA6xzpiwOYxDF79-QvHvSKa7crNOwgniawNqrRqVVzUsSq-3zgNLL_BEpR4Sw==",
            "deep_link": "https://www.kiwi.com/deep?affilid=mihalytest&currency=EUR&flightsId=0b7717884e4d0000c1b213c8_0%7C17880b774e540000cae3837d_0&from=BUD&lang=en&passengers=1&to=HAM&booking_token=HOj5gB8AAGokhJq5hUUIO-P5TNXCsJmcPgWMRM9fgeatsh17NdaMHvZOasYEEp5ErSVOdWlZa_Eq1ADICjxXOo8hGmErGp0MpLfZrBqi08kiNW3qHGV-e5r1_87rbESFMVxr9CGMiZOs1nTzt0Bo2AjjOE1gdZ3YbuPRwSiuo4dyuq7UKww3HkgY_l9jov7NcEIGGdBIj8lAYJTToHSDZNzBDSgNGNl91y1onUk2zrrO8aX3E5Pel5EmyIEZTSwfEK1b8HOTXEf0MJWnl9EJ6TqRZK7_o5UOJ24IPAc6xvhrwXK7iSKXUmk-J0Xe6IAM8BdqvmnbUXWsMpMeIuaM1cPajdoFAZQATWWmrA4gmOZ38iHClcpjL4lDTiqLuaRqTggU7oM8QEiAfzcIFzJCBWAhj89FGHEM-geUt7obwsIzsZ5gIydOuRleA_apMPrJw06A1yEQgHP5JroWQFfFqboPMqR58uYzOnhgMtJ1SLaoHHUgYsg_rngQ-cnGg4RD-eRzLx-lmLcUA_-aAJw0IkU7tKgEAxx8gwB3bveZ4tAz1CidaqnF7igpYLZkcatvAMwHWlhr_a7VsuXZvJu7weZjYFMC9m3Ul5pIG3hDcZzdwQiYTuR9zBdQbd6YXmMvDr_H_B-Za0MGUnEZT7qtUu0Q8JAA6xzpiwOYxDF79-QvHvSKa7crNOwgniawNqrRqVVzUsSq-3zgNLL_BEpR4Sw==",
            "facilitated_booking_available": true,
            "pnr_count": 2,
            "has_airport_change": false,
            "technical_stops": 0,
            "throw_away_ticketing": false,
            "hidden_city_ticketing": false,
            "virtual_interlining": false
        },
        {
            "id": "0b7717884e7600000fdced65_0|17880b774e7d00009bbf2a48_0",
            "flyFrom": "BUD",
            "flyTo": "HAM",
            "cityFrom": "Budapest",
            "cityCodeFrom": "BUD",
            "cityTo": "Hamburg",
            "cityCodeTo": "HAM",
            "countryFrom": {
                "code": "HU",
                "name": "Hungary"
            },
            "countryTo": {
                "code": "DE",
                "name": "Germany"
            },
            "local_departure": "2024-12-29T15:35:00.000Z",
            "utc_departure": "2024-12-29T14:35:00.000Z",
            "local_arrival": "2024-12-29T17:25:00.000Z",
            "utc_arrival": "2024-12-29T16:25:00.000Z",
            "nightsInDest": 7,
            "quality": 226.666535,
            "distance": 949.98,
            "duration": {
                "departure": 6600,
                "return": 6300,
                "total": 12900
            },
            "price": 174,
            "conversion": {
                "EUR": 174
            },
            "fare": {
                "adults": 174,
                "children": 174,
                "infants": 174
            },
            "fare_locks": {
                "EUR": [
                    {
                        "default": false,
                        "duration": "P1D",
                        "itinerary_price_limit": 374,
                        "itinerary_price_remaining": 174,
                        "fare_lock_kind": "fee",
                        "price": 8.7,
                        "rule_instance_id": 26749,
                        "version": "v1"
                    },
                    {
                        "default": true,
                        "duration": "P3D",
                        "itinerary_price_limit": 374,
                        "itinerary_price_remaining": 174,
                        "fare_lock_kind": "fee",
                        "price": 17.4,
                        "rule_instance_id": 26748,
                        "version": "v1"
                    },
                    {
                        "default": false,
                        "duration": "P7D",
                        "itinerary_price_limit": 374,
                        "itinerary_price_remaining": 174,
                        "fare_lock_kind": "fee",
                        "price": 43.5,
                        "rule_instance_id": 26750,
                        "version": "v1"
                    }
                ]
            },
            "bags_price": {
                "1": 72.8,
                "2": 282.8
            },
            "baglimit": {
                "hand_dimensions_sum": 118,
                "hand_height": 40,
                "hand_length": 55,
                "hand_weight": 8,
                "hand_width": 23,
                "hold_dimensions_sum": 158,
                "hold_height": 52,
                "hold_length": 78,
                "hold_weight": 23,
                "hold_width": 28,
                "personal_item_dimension_sum": 95,
                "personal_item_height": 30,
                "personal_item_length": 40,
                "personal_item_weight": 8,
                "personal_item_width": 25
            },
            "availability": {
                "seats": 9
            },
            "airlines": [
                "EW"
            ],
            "route": [
                {
                    "id": "0b7717884e7600000fdced65_0",
                    "combination_id": "0b7717884e7600000fdced65",
                    "flyFrom": "BUD",
                    "flyTo": "HAM",
                    "cityFrom": "Budapest",
                    "cityCodeFrom": "BUD",
                    "cityTo": "Hamburg",
                    "cityCodeTo": "HAM",
                    "local_departure": "2024-12-29T15:35:00.000Z",
                    "utc_departure": "2024-12-29T14:35:00.000Z",
                    "local_arrival": "2024-12-29T17:25:00.000Z",
                    "utc_arrival": "2024-12-29T16:25:00.000Z",
                    "airline": "EW",
                    "flight_no": 7781,
                    "operating_carrier": "EW",
                    "operating_flight_no": "7781",
                    "fare_basis": "",
                    "fare_category": "M",
                    "fare_classes": "",
                    "return": 0,
                    "bags_recheck_required": false,
                    "vi_connection": false,
                    "guarantee": false,
                    "equipment": null,
                    "vehicle_type": "aircraft"
                },
                {
                    "id": "17880b774e7d00009bbf2a48_0",
                    "combination_id": "17880b774e7d00009bbf2a48",
                    "flyFrom": "HAM",
                    "flyTo": "BUD",
                    "cityFrom": "Hamburg",
                    "cityCodeFrom": "HAM",
                    "cityTo": "Budapest",
                    "cityCodeTo": "BUD",
                    "local_departure": "2025-01-05T13:05:00.000Z",
                    "utc_departure": "2025-01-05T12:05:00.000Z",
                    "local_arrival": "2025-01-05T14:50:00.000Z",
                    "utc_arrival": "2025-01-05T13:50:00.000Z",
                    "airline": "EW",
                    "flight_no": 7780,
                    "operating_carrier": "EW",
                    "operating_flight_no": "7780",
                    "fare_basis": "",
                    "fare_category": "M",
                    "fare_classes": "",
                    "return": 1,
                    "bags_recheck_required": false,
                    "vi_connection": false,
                    "guarantee": false,
                    "equipment": null,
                    "vehicle_type": "aircraft"
                }
            ],
            "booking_token": "HajAUI9C33pT1urybeZ_IVBpvNbQRnBfTJYHB6hE1Knd-6aFPhscMU0KIsBHDsSjZp44eAdVwsmYs-kvCaCTWFX-VZaRVgVwaqUeHJeXRURsmZDC1R2OH5TdZG95mzBCFjqTG44wTEZSzRehljxB1qMqAiewK4zv1MTpE6kyqV0JKLYAK3JYd6pq5Yisj6wYo9LNg7gv4kMHAlu0ajcVSESp0RGZLVhj91VgJVgdO8gf2W6IenWxfLpoN5TW9qmFsf-5tmH2ZgIBTmMV5FhWS5eaLOdSdrx4eCIJzekze9L3_cLlaVhMesLtmO5qlwev5pPYJD-tFuM-F2Ll3pr82B-j4fpoWGfNmi7u0yxch2rDmHH_6BzawHD5_He5Ao0USnyLY3UX9rIf8Ku-KvSix7MXArnjzsMPYsTmjBZebxHx_qf516NJlT4GK6fPKv-m9dhkoB7iMBteMG_QwpW1DOtkTNtZHS8spu8d7PFWdHddEpwrWQD8eAYlGKzVUC5QO0mnyzTBDA3ASgx8SnNWY546bOVj9pwvBm0BogjRgIuyVfmcEAbyx6DSYUAcuoiawYePHdFbKJSOW6b9k_6BiY4shRBXTDx24r-V8op6k4Hc8zIWc9SYy1az_z5sYb9GxboIQ88Ubwq8Cc4atPLPyLZGUW0-grWE7Z2dHo6vkiPq7r_cY_NvjDzFSHIyT40di",
            "deep_link": "https://www.kiwi.com/deep?affilid=mihalytest&currency=EUR&flightsId=0b7717884e7600000fdced65_0%7C17880b774e7d00009bbf2a48_0&from=BUD&lang=en&passengers=1&to=HAM&booking_token=HajAUI9C33pT1urybeZ_IVBpvNbQRnBfTJYHB6hE1Knd-6aFPhscMU0KIsBHDsSjZp44eAdVwsmYs-kvCaCTWFX-VZaRVgVwaqUeHJeXRURsmZDC1R2OH5TdZG95mzBCFjqTG44wTEZSzRehljxB1qMqAiewK4zv1MTpE6kyqV0JKLYAK3JYd6pq5Yisj6wYo9LNg7gv4kMHAlu0ajcVSESp0RGZLVhj91VgJVgdO8gf2W6IenWxfLpoN5TW9qmFsf-5tmH2ZgIBTmMV5FhWS5eaLOdSdrx4eCIJzekze9L3_cLlaVhMesLtmO5qlwev5pPYJD-tFuM-F2Ll3pr82B-j4fpoWGfNmi7u0yxch2rDmHH_6BzawHD5_He5Ao0USnyLY3UX9rIf8Ku-KvSix7MXArnjzsMPYsTmjBZebxHx_qf516NJlT4GK6fPKv-m9dhkoB7iMBteMG_QwpW1DOtkTNtZHS8spu8d7PFWdHddEpwrWQD8eAYlGKzVUC5QO0mnyzTBDA3ASgx8SnNWY546bOVj9pwvBm0BogjRgIuyVfmcEAbyx6DSYUAcuoiawYePHdFbKJSOW6b9k_6BiY4shRBXTDx24r-V8op6k4Hc8zIWc9SYy1az_z5sYb9GxboIQ88Ubwq8Cc4atPLPyLZGUW0-grWE7Z2dHo6vkiPq7r_cY_NvjDzFSHIyT40di",
            "facilitated_booking_available": true,
            "pnr_count": 2,
            "has_airport_change": false,
            "technical_stops": 0,
            "throw_away_ticketing": false,
            "hidden_city_ticketing": false,
            "virtual_interlining": false
        },
        {
            "id": "0b7717884e2000007d4f9259_0|17880b774e2600000394d350_0",
            "flyFrom": "BUD",
            "flyTo": "HAM",
            "cityFrom": "Budapest",
            "cityCodeFrom": "BUD",
            "cityTo": "Hamburg",
            "cityCodeTo": "HAM",
            "countryFrom": {
                "code": "HU",
                "name": "Hungary"
            },
            "countryTo": {
                "code": "DE",
                "name": "Germany"
            },
            "local_departure": "2024-10-04T20:45:00.000Z",
            "utc_departure": "2024-10-04T18:45:00.000Z",
            "local_arrival": "2024-10-04T22:30:00.000Z",
            "utc_arrival": "2024-10-04T20:30:00.000Z",
            "nightsInDest": 6,
            "quality": 227.333205,
            "distance": 949.98,
            "duration": {
                "departure": 6300,
                "return": 6000,
                "total": 12300
            },
            "price": 176,
            "conversion": {
                "EUR": 176
            },
            "fare": {
                "adults": 176,
                "children": 176,
                "infants": 176
            },
            "fare_locks": {
                "EUR": [
                    {
                        "default": false,
                        "duration": "P1D",
                        "itinerary_price_limit": 376,
                        "itinerary_price_remaining": 176,
                        "fare_lock_kind": "fee",
                        "price": 8.8,
                        "rule_instance_id": 26749,
                        "version": "v1"
                    },
                    {
                        "default": true,
                        "duration": "P3D",
                        "itinerary_price_limit": 376,
                        "itinerary_price_remaining": 176,
                        "fare_lock_kind": "fee",
                        "price": 17.6,
                        "rule_instance_id": 26748,
                        "version": "v1"
                    },
                    {
                        "default": false,
                        "duration": "P7D",
                        "itinerary_price_limit": 376,
                        "itinerary_price_remaining": 176,
                        "fare_lock_kind": "fee",
                        "price": 44,
                        "rule_instance_id": 26750,
                        "version": "v1"
                    }
                ]
            },
            "bags_price": {
                "1": 72.8,
                "2": 282.8
            },
            "baglimit": {
                "hand_dimensions_sum": 118,
                "hand_height": 40,
                "hand_length": 55,
                "hand_weight": 8,
                "hand_width": 23,
                "hold_dimensions_sum": 158,
                "hold_height": 52,
                "hold_length": 78,
                "hold_weight": 23,
                "hold_width": 28,
                "personal_item_dimension_sum": 95,
                "personal_item_height": 30,
                "personal_item_length": 40,
                "personal_item_weight": 8,
                "personal_item_width": 25
            },
            "availability": {
                "seats": 2
            },
            "airlines": [
                "EW"
            ],
            "route": [
                {
                    "id": "0b7717884e2000007d4f9259_0",
                    "combination_id": "0b7717884e2000007d4f9259",
                    "flyFrom": "BUD",
                    "flyTo": "HAM",
                    "cityFrom": "Budapest",
                    "cityCodeFrom": "BUD",
                    "cityTo": "Hamburg",
                    "cityCodeTo": "HAM",
                    "local_departure": "2024-10-04T20:45:00.000Z",
                    "utc_departure": "2024-10-04T18:45:00.000Z",
                    "local_arrival": "2024-10-04T22:30:00.000Z",
                    "utc_arrival": "2024-10-04T20:30:00.000Z",
                    "airline": "EW",
                    "flight_no": 7783,
                    "operating_carrier": "EW",
                    "operating_flight_no": "7783",
                    "fare_basis": "",
                    "fare_category": "M",
                    "fare_classes": "T",
                    "return": 0,
                    "bags_recheck_required": false,
                    "vi_connection": false,
                    "guarantee": false,
                    "equipment": null,
                    "vehicle_type": "aircraft"
                },
                {
                    "id": "17880b774e2600000394d350_0",
                    "combination_id": "17880b774e2600000394d350",
                    "flyFrom": "HAM",
                    "flyTo": "BUD",
                    "cityFrom": "Hamburg",
                    "cityCodeFrom": "HAM",
                    "cityTo": "Budapest",
                    "cityCodeTo": "BUD",
                    "local_departure": "2024-10-10T18:25:00.000Z",
                    "utc_departure": "2024-10-10T16:25:00.000Z",
                    "local_arrival": "2024-10-10T20:05:00.000Z",
                    "utc_arrival": "2024-10-10T18:05:00.000Z",
                    "airline": "EW",
                    "flight_no": 7782,
                    "operating_carrier": "EW",
                    "operating_flight_no": "7782",
                    "fare_basis": "",
                    "fare_category": "M",
                    "fare_classes": "",
                    "return": 1,
                    "bags_recheck_required": false,
                    "vi_connection": false,
                    "guarantee": false,
                    "equipment": null,
                    "vehicle_type": "aircraft"
                }
            ],
            "booking_token": "Hip4Ajd_Nzk1VpRViekbQtOdPVndujHSi_N_cOARohwHsEiuFDwxxHPT1hdVee8PEsAxAbb0Juos1YCVD3R7qfwCzGpcngpzi40_r3pDNaH80N12sQWq6hr11g6WJk6swt8QkkgjQ3zYuCcfLvcwpSX6tXJtWyHr-Qdv0c3j0HPGrV_yembSsr_BkWidzQXPRt9m8ixfHqJgJXc4WNDaUElfyKlF_6VuWs4jPXEXIErNYo40_c9YQVPvGWu3AATRJUHizfVKByzPftreWdC8-AdIFpN0vnRqdcKajSYeAVS89R3N3qm6kF4fTfnHwYYKRbbISlm66X7pAHXJTa6h59WNQmI0Ft49L-FrGchpdJeTbrDBK51N2MOs6LMd1H6kgrnk8EQUGBUzDngUthGkAhfMWVTO9YH8CknxZ9KsmnAKH9yiCr_kJ9UzMEuHWgpbfBFp40iwdamUnQBZp-0o3QU2yqS8AaKsBbv4PI4Ys--wh6uFPz3r272DYi5xpu5scnynktV0T8huVfUHk6jcwoKLxp2PjqBtKYCE4mVUrWKAELWDZTxsiS85TCvX-a5pmuV_jzZwWBWK2HQlpugkDAmiuUayLaDOZHeQSzxI0p6QzS8-qWwoeEo2hHeC1zEm8sXi77dhB8ayrYoxPiVtKNRIieWZ1djliKCL3eh01foSghmhgqQL2DDlhi2WvuU-dT2Yot_jcgWPRIcyMSDCWYQ==",
            "deep_link": "https://www.kiwi.com/deep?affilid=mihalytest&currency=EUR&flightsId=0b7717884e2000007d4f9259_0%7C17880b774e2600000394d350_0&from=BUD&lang=en&passengers=1&to=HAM&booking_token=Hip4Ajd_Nzk1VpRViekbQtOdPVndujHSi_N_cOARohwHsEiuFDwxxHPT1hdVee8PEsAxAbb0Juos1YCVD3R7qfwCzGpcngpzi40_r3pDNaH80N12sQWq6hr11g6WJk6swt8QkkgjQ3zYuCcfLvcwpSX6tXJtWyHr-Qdv0c3j0HPGrV_yembSsr_BkWidzQXPRt9m8ixfHqJgJXc4WNDaUElfyKlF_6VuWs4jPXEXIErNYo40_c9YQVPvGWu3AATRJUHizfVKByzPftreWdC8-AdIFpN0vnRqdcKajSYeAVS89R3N3qm6kF4fTfnHwYYKRbbISlm66X7pAHXJTa6h59WNQmI0Ft49L-FrGchpdJeTbrDBK51N2MOs6LMd1H6kgrnk8EQUGBUzDngUthGkAhfMWVTO9YH8CknxZ9KsmnAKH9yiCr_kJ9UzMEuHWgpbfBFp40iwdamUnQBZp-0o3QU2yqS8AaKsBbv4PI4Ys--wh6uFPz3r272DYi5xpu5scnynktV0T8huVfUHk6jcwoKLxp2PjqBtKYCE4mVUrWKAELWDZTxsiS85TCvX-a5pmuV_jzZwWBWK2HQlpugkDAmiuUayLaDOZHeQSzxI0p6QzS8-qWwoeEo2hHeC1zEm8sXi77dhB8ayrYoxPiVtKNRIieWZ1djliKCL3eh01foSghmhgqQL2DDlhi2WvuU-dT2Yot_jcgWPRIcyMSDCWYQ==",
            "facilitated_booking_available": true,
            "pnr_count": 2,
            "has_airport_change": false,
            "technical_stops": 0,
            "throw_away_ticketing": false,
            "hidden_city_ticketing": false,
            "virtual_interlining": false
        },
        {
            "id": "0b7717884e1f000064b66dd1_0|17880b774e2300001b33de58_0",
            "flyFrom": "BUD",
            "flyTo": "HAM",
            "cityFrom": "Budapest",
            "cityCodeFrom": "BUD",
            "cityTo": "Hamburg",
            "cityCodeTo": "HAM",
            "countryFrom": {
                "code": "HU",
                "name": "Hungary"
            },
            "countryTo": {
                "code": "DE",
                "name": "Germany"
            },
            "local_departure": "2024-10-03T20:45:00.000Z",
            "utc_departure": "2024-10-03T18:45:00.000Z",
            "local_arrival": "2024-10-03T22:30:00.000Z",
            "utc_arrival": "2024-10-03T20:30:00.000Z",
            "nightsInDest": 4,
            "quality": 227.333205,
            "distance": 949.98,
            "duration": {
                "departure": 6300,
                "return": 6000,
                "total": 12300
            },
            "price": 176,
            "conversion": {
                "EUR": 176
            },
            "fare": {
                "adults": 176,
                "children": 176,
                "infants": 176
            },
            "fare_locks": {
                "EUR": [
                    {
                        "default": false,
                        "duration": "P1D",
                        "itinerary_price_limit": 376,
                        "itinerary_price_remaining": 176,
                        "fare_lock_kind": "fee",
                        "price": 8.8,
                        "rule_instance_id": 26749,
                        "version": "v1"
                    },
                    {
                        "default": true,
                        "duration": "P3D",
                        "itinerary_price_limit": 376,
                        "itinerary_price_remaining": 176,
                        "fare_lock_kind": "fee",
                        "price": 17.6,
                        "rule_instance_id": 26748,
                        "version": "v1"
                    },
                    {
                        "default": false,
                        "duration": "P7D",
                        "itinerary_price_limit": 376,
                        "itinerary_price_remaining": 176,
                        "fare_lock_kind": "fee",
                        "price": 44,
                        "rule_instance_id": 26750,
                        "version": "v1"
                    }
                ]
            },
            "bags_price": {
                "1": 72.8,
                "2": 282.8
            },
            "baglimit": {
                "hand_dimensions_sum": 118,
                "hand_height": 40,
                "hand_length": 55,
                "hand_weight": 8,
                "hand_width": 23,
                "hold_dimensions_sum": 158,
                "hold_height": 52,
                "hold_length": 78,
                "hold_weight": 23,
                "hold_width": 28,
                "personal_item_dimension_sum": 95,
                "personal_item_height": 30,
                "personal_item_length": 40,
                "personal_item_weight": 8,
                "personal_item_width": 25
            },
            "availability": {
                "seats": 2
            },
            "airlines": [
                "EW"
            ],
            "route": [
                {
                    "id": "0b7717884e1f000064b66dd1_0",
                    "combination_id": "0b7717884e1f000064b66dd1",
                    "flyFrom": "BUD",
                    "flyTo": "HAM",
                    "cityFrom": "Budapest",
                    "cityCodeFrom": "BUD",
                    "cityTo": "Hamburg",
                    "cityCodeTo": "HAM",
                    "local_departure": "2024-10-03T20:45:00.000Z",
                    "utc_departure": "2024-10-03T18:45:00.000Z",
                    "local_arrival": "2024-10-03T22:30:00.000Z",
                    "utc_arrival": "2024-10-03T20:30:00.000Z",
                    "airline": "EW",
                    "flight_no": 7783,
                    "operating_carrier": "EW",
                    "operating_flight_no": "7783",
                    "fare_basis": "",
                    "fare_category": "M",
                    "fare_classes": "",
                    "return": 0,
                    "bags_recheck_required": false,
                    "vi_connection": false,
                    "guarantee": false,
                    "equipment": null,
                    "vehicle_type": "aircraft"
                },
                {
                    "id": "17880b774e2300001b33de58_0",
                    "combination_id": "17880b774e2300001b33de58",
                    "flyFrom": "HAM",
                    "flyTo": "BUD",
                    "cityFrom": "Hamburg",
                    "cityCodeFrom": "HAM",
                    "cityTo": "Budapest",
                    "cityCodeTo": "BUD",
                    "local_departure": "2024-10-07T11:30:00.000Z",
                    "utc_departure": "2024-10-07T09:30:00.000Z",
                    "local_arrival": "2024-10-07T13:10:00.000Z",
                    "utc_arrival": "2024-10-07T11:10:00.000Z",
                    "airline": "EW",
                    "flight_no": 7784,
                    "operating_carrier": "EW",
                    "operating_flight_no": "7784",
                    "fare_basis": "",
                    "fare_category": "M",
                    "fare_classes": "",
                    "return": 1,
                    "bags_recheck_required": false,
                    "vi_connection": false,
                    "guarantee": false,
                    "equipment": null,
                    "vehicle_type": "aircraft"
                }
            ],
            "booking_token": "H3AZCo5Dzivxu2zw04v9Jaq8RdBF3SZAnGy-SZtIXhZ_C5sMvB3YRFNlh4bcypNi7OrcaGCvWOYtnwwHHLDcypowO4UaZj-tD_DWoe1NKHCAWmnoeXEI8dluG0KdR2G71pLMBL2INutRqSplQ03cZamIYO_Tlr6bir_Fby_u6JoTBbKuNup_zJc5UTvnTZMyTgDkAcaRShSDJRA8chzgo4sK6TM1hn_QBV2VMX7nIbpHTsRQTcsAFwJEn7r5QgXtXhYptkFxXCB2zZJBqz8NprGdXeke8_65ZA4eNFS1de5Q3BGGlel8WtO4yhR03NsI-UPvM15w3DotrInf2DwU6nGGlIIM2_c_vqGXufYjBc-fekUnIrpJTIWAVdn-OUmXMofg_3zGx2FA5zSesqrXPsEbV8NGM4ZhxR_MEsylEluSRHGQW-IvsYM2VIvuL3I6WMPQyLlqv44Bz3NqsA2D31ChTXzFKEnkEndvsNqCxXdK1Jp61cKCABZx95yJNs8MCUovBHgG-io89dZRpM8xwK_tjG6NP2i2tNHkHQUHgxgjxdZNnKxUPfnn_GjWzT71AJYWAUufJ-_1-2FO5yo8tMo5CSJZGNpUV7f2hpHYaFlllFCaKan4_cEMibbpccfgEjbU1LiM8ulfa4r-GURbJfe1LXMZJbeaWq-pIXYJfyR3ildqaibPpTI__yZxxgIk3",
            "deep_link": "https://www.kiwi.com/deep?affilid=mihalytest&currency=EUR&flightsId=0b7717884e1f000064b66dd1_0%7C17880b774e2300001b33de58_0&from=BUD&lang=en&passengers=1&to=HAM&booking_token=H3AZCo5Dzivxu2zw04v9Jaq8RdBF3SZAnGy-SZtIXhZ_C5sMvB3YRFNlh4bcypNi7OrcaGCvWOYtnwwHHLDcypowO4UaZj-tD_DWoe1NKHCAWmnoeXEI8dluG0KdR2G71pLMBL2INutRqSplQ03cZamIYO_Tlr6bir_Fby_u6JoTBbKuNup_zJc5UTvnTZMyTgDkAcaRShSDJRA8chzgo4sK6TM1hn_QBV2VMX7nIbpHTsRQTcsAFwJEn7r5QgXtXhYptkFxXCB2zZJBqz8NprGdXeke8_65ZA4eNFS1de5Q3BGGlel8WtO4yhR03NsI-UPvM15w3DotrInf2DwU6nGGlIIM2_c_vqGXufYjBc-fekUnIrpJTIWAVdn-OUmXMofg_3zGx2FA5zSesqrXPsEbV8NGM4ZhxR_MEsylEluSRHGQW-IvsYM2VIvuL3I6WMPQyLlqv44Bz3NqsA2D31ChTXzFKEnkEndvsNqCxXdK1Jp61cKCABZx95yJNs8MCUovBHgG-io89dZRpM8xwK_tjG6NP2i2tNHkHQUHgxgjxdZNnKxUPfnn_GjWzT71AJYWAUufJ-_1-2FO5yo8tMo5CSJZGNpUV7f2hpHYaFlllFCaKan4_cEMibbpccfgEjbU1LiM8ulfa4r-GURbJfe1LXMZJbeaWq-pIXYJfyR3ildqaibPpTI__yZxxgIk3",
            "facilitated_booking_available": true,
            "pnr_count": 2,
            "has_airport_change": false,
            "technical_stops": 0,
            "throw_away_ticketing": false,
            "hidden_city_ticketing": false,
            "virtual_interlining": false
        },
        {
            "id": "0b7717884e180000fe04d284_0|17880b774e1b0000179659a2_0",
            "flyFrom": "BUD",
            "flyTo": "HAM",
            "cityFrom": "Budapest",
            "cityCodeFrom": "BUD",
            "cityTo": "Hamburg",
            "cityCodeTo": "HAM",
            "countryFrom": {
                "code": "HU",
                "name": "Hungary"
            },
            "countryTo": {
                "code": "DE",
                "name": "Germany"
            },
            "local_departure": "2024-09-26T20:45:00.000Z",
            "utc_departure": "2024-09-26T18:45:00.000Z",
            "local_arrival": "2024-09-26T22:30:00.000Z",
            "utc_arrival": "2024-09-26T20:30:00.000Z",
            "nightsInDest": 3,
            "quality": 227.333205,
            "distance": 949.98,
            "duration": {
                "departure": 6300,
                "return": 6000,
                "total": 12300
            },
            "price": 176,
            "conversion": {
                "EUR": 176
            },
            "fare": {
                "adults": 176,
                "children": 176,
                "infants": 176
            },
            "fare_locks": {
                "EUR": [
                    {
                        "default": false,
                        "duration": "P1D",
                        "itinerary_price_limit": 376,
                        "itinerary_price_remaining": 176,
                        "fare_lock_kind": "fee",
                        "price": 8.8,
                        "rule_instance_id": 26749,
                        "version": "v1"
                    },
                    {
                        "default": true,
                        "duration": "P3D",
                        "itinerary_price_limit": 376,
                        "itinerary_price_remaining": 176,
                        "fare_lock_kind": "fee",
                        "price": 17.6,
                        "rule_instance_id": 26748,
                        "version": "v1"
                    },
                    {
                        "default": false,
                        "duration": "P7D",
                        "itinerary_price_limit": 376,
                        "itinerary_price_remaining": 176,
                        "fare_lock_kind": "fee",
                        "price": 44,
                        "rule_instance_id": 26750,
                        "version": "v1"
                    }
                ]
            },
            "bags_price": {
                "1": 72.8,
                "2": 282.8
            },
            "baglimit": {
                "hand_dimensions_sum": 118,
                "hand_height": 40,
                "hand_length": 55,
                "hand_weight": 8,
                "hand_width": 23,
                "hold_dimensions_sum": 158,
                "hold_height": 52,
                "hold_length": 78,
                "hold_weight": 23,
                "hold_width": 28,
                "personal_item_dimension_sum": 95,
                "personal_item_height": 30,
                "personal_item_length": 40,
                "personal_item_weight": 8,
                "personal_item_width": 25
            },
            "availability": {
                "seats": 1
            },
            "airlines": [
                "EW"
            ],
            "route": [
                {
                    "id": "0b7717884e180000fe04d284_0",
                    "combination_id": "0b7717884e180000fe04d284",
                    "flyFrom": "BUD",
                    "flyTo": "HAM",
                    "cityFrom": "Budapest",
                    "cityCodeFrom": "BUD",
                    "cityTo": "Hamburg",
                    "cityCodeTo": "HAM",
                    "local_departure": "2024-09-26T20:45:00.000Z",
                    "utc_departure": "2024-09-26T18:45:00.000Z",
                    "local_arrival": "2024-09-26T22:30:00.000Z",
                    "utc_arrival": "2024-09-26T20:30:00.000Z",
                    "airline": "EW",
                    "flight_no": 7783,
                    "operating_carrier": "EW",
                    "operating_flight_no": "7783",
                    "fare_basis": "",
                    "fare_category": "M",
                    "fare_classes": "",
                    "return": 0,
                    "bags_recheck_required": false,
                    "vi_connection": false,
                    "guarantee": false,
                    "equipment": null,
                    "vehicle_type": "aircraft"
                },
                {
                    "id": "17880b774e1b0000179659a2_0",
                    "combination_id": "17880b774e1b0000179659a2",
                    "flyFrom": "HAM",
                    "flyTo": "BUD",
                    "cityFrom": "Hamburg",
                    "cityCodeFrom": "HAM",
                    "cityTo": "Budapest",
                    "cityCodeTo": "BUD",
                    "local_departure": "2024-09-29T18:25:00.000Z",
                    "utc_departure": "2024-09-29T16:25:00.000Z",
                    "local_arrival": "2024-09-29T20:05:00.000Z",
                    "utc_arrival": "2024-09-29T18:05:00.000Z",
                    "airline": "EW",
                    "flight_no": 7782,
                    "operating_carrier": "EW",
                    "operating_flight_no": "7782",
                    "fare_basis": "",
                    "fare_category": "M",
                    "fare_classes": "K",
                    "return": 1,
                    "bags_recheck_required": false,
                    "vi_connection": false,
                    "guarantee": false,
                    "equipment": null,
                    "vehicle_type": "aircraft"
                }
            ],
            "booking_token": "HN1RmKlmw4uFRfcp0gKvFJicq8owFh9ur3VcZAoK07u7ZN4TKvFYpdbSDNtyZv1LZD5h5SqscqY3XNR2zeArM1aaOL1Sl_2WZ9Oo4bmrm_-hURLXlWSa7_eg6MBbAd8cc00EDlW-LVvA8rOFGjt94YBvVArE3H-khcHj9eWw2WBQcRjqNxzbT8lIVfN23tqKYa3tTpjqh2jTYYF9uF048ZrJC3CQK_cTJWM8zqrdroZBCVTcApZbx-woZM1l-3mEupcyrxdFQGNX-klydlwSCwvTu5N3MnhaCkbLxwG9exJEXcrZjFdg7VHJWH0L8SzjfJNNVfcNPfxBb-nAWmHo_NS9x3M-IuI9P-Zo7hMPWdYDqNG3VV6GOkPZqIKCSSOsVG3ZBaSZ-5CROL52k27ul-oDIETkrZSL0P03ig3b5wUB4kOO5TxF7WWsQh6zwt8lyRgOshFNjOQLwyT0jZcDj5OaEyvI1B0Ld42-NE_PyNdknaEaL6sIAKnqFYzX15FK8MkSefexFhjxtJ6d9KiWGoWNRXhRQdqmUjpi1kGePKms8Bxi2854bBUNR0PWQvFo9JrO-rVgk7I2cGmKMzEq09PVtLW_wEShHt8w2Q5563YwHSZrt0VgKjm1d1Qx1AWySGHG-Epg9xW2fEr6ryIJZMx19m-7st6rU4FBQAMMaaDzAp0HMHccEcFllii41CiCN408T78xsSnlNmkdmf0Da6Q==",
            "deep_link": "https://www.kiwi.com/deep?affilid=mihalytest&currency=EUR&flightsId=0b7717884e180000fe04d284_0%7C17880b774e1b0000179659a2_0&from=BUD&lang=en&passengers=1&to=HAM&booking_token=HN1RmKlmw4uFRfcp0gKvFJicq8owFh9ur3VcZAoK07u7ZN4TKvFYpdbSDNtyZv1LZD5h5SqscqY3XNR2zeArM1aaOL1Sl_2WZ9Oo4bmrm_-hURLXlWSa7_eg6MBbAd8cc00EDlW-LVvA8rOFGjt94YBvVArE3H-khcHj9eWw2WBQcRjqNxzbT8lIVfN23tqKYa3tTpjqh2jTYYF9uF048ZrJC3CQK_cTJWM8zqrdroZBCVTcApZbx-woZM1l-3mEupcyrxdFQGNX-klydlwSCwvTu5N3MnhaCkbLxwG9exJEXcrZjFdg7VHJWH0L8SzjfJNNVfcNPfxBb-nAWmHo_NS9x3M-IuI9P-Zo7hMPWdYDqNG3VV6GOkPZqIKCSSOsVG3ZBaSZ-5CROL52k27ul-oDIETkrZSL0P03ig3b5wUB4kOO5TxF7WWsQh6zwt8lyRgOshFNjOQLwyT0jZcDj5OaEyvI1B0Ld42-NE_PyNdknaEaL6sIAKnqFYzX15FK8MkSefexFhjxtJ6d9KiWGoWNRXhRQdqmUjpi1kGePKms8Bxi2854bBUNR0PWQvFo9JrO-rVgk7I2cGmKMzEq09PVtLW_wEShHt8w2Q5563YwHSZrt0VgKjm1d1Qx1AWySGHG-Epg9xW2fEr6ryIJZMx19m-7st6rU4FBQAMMaaDzAp0HMHccEcFllii41CiCN408T78xsSnlNmkdmf0Da6Q==",
            "facilitated_booking_available": true,
            "pnr_count": 2,
            "has_airport_change": false,
            "technical_stops": 0,
            "throw_away_ticketing": false,
            "hidden_city_ticketing": false,
            "virtual_interlining": false
        },
        {
            "id": "0b7717884e170000f9fe42a8_0|17880b774e190000bd422846_0",
            "flyFrom": "BUD",
            "flyTo": "HAM",
            "cityFrom": "Budapest",
            "cityCodeFrom": "BUD",
            "cityTo": "Hamburg",
            "cityCodeTo": "HAM",
            "countryFrom": {
                "code": "HU",
                "name": "Hungary"
            },
            "countryTo": {
                "code": "DE",
                "name": "Germany"
            },
            "local_departure": "2024-09-25T20:45:00.000Z",
            "utc_departure": "2024-09-25T18:45:00.000Z",
            "local_arrival": "2024-09-25T22:30:00.000Z",
            "utc_arrival": "2024-09-25T20:30:00.000Z",
            "nightsInDest": 2,
            "quality": 227.333205,
            "distance": 949.98,
            "duration": {
                "departure": 6300,
                "return": 6000,
                "total": 12300
            },
            "price": 176,
            "conversion": {
                "EUR": 176
            },
            "fare": {
                "adults": 176,
                "children": 176,
                "infants": 176
            },
            "fare_locks": {
                "EUR": [
                    {
                        "default": false,
                        "duration": "P1D",
                        "itinerary_price_limit": 376,
                        "itinerary_price_remaining": 176,
                        "fare_lock_kind": "fee",
                        "price": 8.8,
                        "rule_instance_id": 26749,
                        "version": "v1"
                    },
                    {
                        "default": true,
                        "duration": "P3D",
                        "itinerary_price_limit": 376,
                        "itinerary_price_remaining": 176,
                        "fare_lock_kind": "fee",
                        "price": 17.6,
                        "rule_instance_id": 26748,
                        "version": "v1"
                    },
                    {
                        "default": false,
                        "duration": "P7D",
                        "itinerary_price_limit": 376,
                        "itinerary_price_remaining": 176,
                        "fare_lock_kind": "fee",
                        "price": 44,
                        "rule_instance_id": 26750,
                        "version": "v1"
                    }
                ]
            },
            "bags_price": {
                "1": 72.8,
                "2": 282.8
            },
            "baglimit": {
                "hand_dimensions_sum": 118,
                "hand_height": 40,
                "hand_length": 55,
                "hand_weight": 8,
                "hand_width": 23,
                "hold_dimensions_sum": 158,
                "hold_height": 52,
                "hold_length": 78,
                "hold_weight": 23,
                "hold_width": 28,
                "personal_item_dimension_sum": 95,
                "personal_item_height": 30,
                "personal_item_length": 40,
                "personal_item_weight": 8,
                "personal_item_width": 25
            },
            "availability": {
                "seats": 4
            },
            "airlines": [
                "EW"
            ],
            "route": [
                {
                    "id": "0b7717884e170000f9fe42a8_0",
                    "combination_id": "0b7717884e170000f9fe42a8",
                    "flyFrom": "BUD",
                    "flyTo": "HAM",
                    "cityFrom": "Budapest",
                    "cityCodeFrom": "BUD",
                    "cityTo": "Hamburg",
                    "cityCodeTo": "HAM",
                    "local_departure": "2024-09-25T20:45:00.000Z",
                    "utc_departure": "2024-09-25T18:45:00.000Z",
                    "local_arrival": "2024-09-25T22:30:00.000Z",
                    "utc_arrival": "2024-09-25T20:30:00.000Z",
                    "airline": "EW",
                    "flight_no": 7783,
                    "operating_carrier": "EW",
                    "operating_flight_no": "7783",
                    "fare_basis": "",
                    "fare_category": "M",
                    "fare_classes": "",
                    "return": 0,
                    "bags_recheck_required": false,
                    "vi_connection": false,
                    "guarantee": false,
                    "equipment": null,
                    "vehicle_type": "aircraft"
                },
                {
                    "id": "17880b774e190000bd422846_0",
                    "combination_id": "17880b774e190000bd422846",
                    "flyFrom": "HAM",
                    "flyTo": "BUD",
                    "cityFrom": "Hamburg",
                    "cityCodeFrom": "HAM",
                    "cityTo": "Budapest",
                    "cityCodeTo": "BUD",
                    "local_departure": "2024-09-27T18:25:00.000Z",
                    "utc_departure": "2024-09-27T16:25:00.000Z",
                    "local_arrival": "2024-09-27T20:05:00.000Z",
                    "utc_arrival": "2024-09-27T18:05:00.000Z",
                    "airline": "EW",
                    "flight_no": 7782,
                    "operating_carrier": "EW",
                    "operating_flight_no": "7782",
                    "fare_basis": "",
                    "fare_category": "M",
                    "fare_classes": "",
                    "return": 1,
                    "bags_recheck_required": false,
                    "vi_connection": false,
                    "guarantee": false,
                    "equipment": null,
                    "vehicle_type": "aircraft"
                }
            ],
            "booking_token": "H92xgOxD4xzi4n8L7DCZX0TM6a_1lEX_1kw_wGPSBewzgkXiKZwsOgQMDpbkHiqyzpHV3omIqnLH7m6Td3EKFiw_FNXntm35wLcLDzdku2PgvplhcoOjLI3fUFoqjLimvVjGzXjhm6knGBOLSV9kyFDOT510uV32q84EfsGg2Uj2X5nFjJqOu9JUtTzIepk2lpecTQuk5clC8JtJJg4Ez-C_2wtry_ry0ZsoeJM6r7gn8LNolN9J5qXYpv5PZOI5RqF9D88LvwQdM5H5oron1Bpluu8slf2toBbmEycs28Atc7zW7mN1Dl8WHCPScm3c5uacbgMbdL3M_Wlwxdyafnl5xhaHeNt7e6CV_5xXRuUpc8vJzS9UL5nGmrohbviVJ9Fj36DR9v_qVgJ0LXVbTJaJnVMWRpDUQukMoJMxaHL7r66N89U4t6uWJSHiAYjFR3ZUjgMOQhVO6jXx6lfhzDFeYr6q2bHjV5wGuSGQgfWfNE5_VDcMVcthDmMCdw1eQA8dylryLgEOw2ods6YMy9F3o1eYwZv8n2JF0G4e4dMOT7wYwpMIZzPvIZ2V6PegEjkY62lNKYcAJRb-4i-mcxbv4iXfwUEz3SMf6nPhwaupmfj8uzr0EaDhiQMzhFT1ZhTr9FqTPSuRXMT8LHje5PEyXaW6rsMWlrnHdr0Uif9ucIlCoiQBUDL9NJZWE4bER",
            "deep_link": "https://www.kiwi.com/deep?affilid=mihalytest&currency=EUR&flightsId=0b7717884e170000f9fe42a8_0%7C17880b774e190000bd422846_0&from=BUD&lang=en&passengers=1&to=HAM&booking_token=H92xgOxD4xzi4n8L7DCZX0TM6a_1lEX_1kw_wGPSBewzgkXiKZwsOgQMDpbkHiqyzpHV3omIqnLH7m6Td3EKFiw_FNXntm35wLcLDzdku2PgvplhcoOjLI3fUFoqjLimvVjGzXjhm6knGBOLSV9kyFDOT510uV32q84EfsGg2Uj2X5nFjJqOu9JUtTzIepk2lpecTQuk5clC8JtJJg4Ez-C_2wtry_ry0ZsoeJM6r7gn8LNolN9J5qXYpv5PZOI5RqF9D88LvwQdM5H5oron1Bpluu8slf2toBbmEycs28Atc7zW7mN1Dl8WHCPScm3c5uacbgMbdL3M_Wlwxdyafnl5xhaHeNt7e6CV_5xXRuUpc8vJzS9UL5nGmrohbviVJ9Fj36DR9v_qVgJ0LXVbTJaJnVMWRpDUQukMoJMxaHL7r66N89U4t6uWJSHiAYjFR3ZUjgMOQhVO6jXx6lfhzDFeYr6q2bHjV5wGuSGQgfWfNE5_VDcMVcthDmMCdw1eQA8dylryLgEOw2ods6YMy9F3o1eYwZv8n2JF0G4e4dMOT7wYwpMIZzPvIZ2V6PegEjkY62lNKYcAJRb-4i-mcxbv4iXfwUEz3SMf6nPhwaupmfj8uzr0EaDhiQMzhFT1ZhTr9FqTPSuRXMT8LHje5PEyXaW6rsMWlrnHdr0Uif9ucIlCoiQBUDL9NJZWE4bER",
            "facilitated_booking_available": true,
            "pnr_count": 2,
            "has_airport_change": false,
            "technical_stops": 0,
            "throw_away_ticketing": false,
            "hidden_city_ticketing": false,
            "virtual_interlining": false
        },
        {
            "id": "0b7717884e330000d6a0a9cb_0|17880b774e3800008a3958a2_0",
            "flyFrom": "BUD",
            "flyTo": "HAM",
            "cityFrom": "Budapest",
            "cityCodeFrom": "BUD",
            "cityTo": "Hamburg",
            "cityCodeTo": "HAM",
            "countryFrom": {
                "code": "HU",
                "name": "Hungary"
            },
            "countryTo": {
                "code": "DE",
                "name": "Germany"
            },
            "local_departure": "2024-10-23T20:45:00.000Z",
            "utc_departure": "2024-10-23T18:45:00.000Z",
            "local_arrival": "2024-10-23T22:30:00.000Z",
            "utc_arrival": "2024-10-23T20:30:00.000Z",
            "nightsInDest": 5,
            "quality": 227.99987,
            "distance": 949.98,
            "duration": {
                "departure": 6300,
                "return": 6300,
                "total": 12600
            },
            "price": 176,
            "conversion": {
                "EUR": 176
            },
            "fare": {
                "adults": 176,
                "children": 176,
                "infants": 176
            },
            "fare_locks": {
                "EUR": [
                    {
                        "default": false,
                        "duration": "P1D",
                        "itinerary_price_limit": 376,
                        "itinerary_price_remaining": 176,
                        "fare_lock_kind": "fee",
                        "price": 8.8,
                        "rule_instance_id": 26749,
                        "version": "v1"
                    },
                    {
                        "default": true,
                        "duration": "P3D",
                        "itinerary_price_limit": 376,
                        "itinerary_price_remaining": 176,
                        "fare_lock_kind": "fee",
                        "price": 17.6,
                        "rule_instance_id": 26748,
                        "version": "v1"
                    },
                    {
                        "default": false,
                        "duration": "P7D",
                        "itinerary_price_limit": 376,
                        "itinerary_price_remaining": 176,
                        "fare_lock_kind": "fee",
                        "price": 44,
                        "rule_instance_id": 26750,
                        "version": "v1"
                    }
                ]
            },
            "bags_price": {
                "1": 72.8,
                "2": 282.8
            },
            "baglimit": {
                "hand_dimensions_sum": 118,
                "hand_height": 40,
                "hand_length": 55,
                "hand_weight": 8,
                "hand_width": 23,
                "hold_dimensions_sum": 158,
                "hold_height": 52,
                "hold_length": 78,
                "hold_weight": 23,
                "hold_width": 28,
                "personal_item_dimension_sum": 95,
                "personal_item_height": 30,
                "personal_item_length": 40,
                "personal_item_weight": 8,
                "personal_item_width": 25
            },
            "availability": {
                "seats": 9
            },
            "airlines": [
                "EW"
            ],
            "route": [
                {
                    "id": "0b7717884e330000d6a0a9cb_0",
                    "combination_id": "0b7717884e330000d6a0a9cb",
                    "flyFrom": "BUD",
                    "flyTo": "HAM",
                    "cityFrom": "Budapest",
                    "cityCodeFrom": "BUD",
                    "cityTo": "Hamburg",
                    "cityCodeTo": "HAM",
                    "local_departure": "2024-10-23T20:45:00.000Z",
                    "utc_departure": "2024-10-23T18:45:00.000Z",
                    "local_arrival": "2024-10-23T22:30:00.000Z",
                    "utc_arrival": "2024-10-23T20:30:00.000Z",
                    "airline": "EW",
                    "flight_no": 7783,
                    "operating_carrier": "EW",
                    "operating_flight_no": "7783",
                    "fare_basis": "",
                    "fare_category": "M",
                    "fare_classes": "",
                    "return": 0,
                    "bags_recheck_required": false,
                    "vi_connection": false,
                    "guarantee": false,
                    "equipment": null,
                    "vehicle_type": "aircraft"
                },
                {
                    "id": "17880b774e3800008a3958a2_0",
                    "combination_id": "17880b774e3800008a3958a2",
                    "flyFrom": "HAM",
                    "flyTo": "BUD",
                    "cityFrom": "Hamburg",
                    "cityCodeFrom": "HAM",
                    "cityTo": "Budapest",
                    "cityCodeTo": "BUD",
                    "local_departure": "2024-10-28T06:45:00.000Z",
                    "utc_departure": "2024-10-28T05:45:00.000Z",
                    "local_arrival": "2024-10-28T08:30:00.000Z",
                    "utc_arrival": "2024-10-28T07:30:00.000Z",
                    "airline": "EW",
                    "flight_no": 7780,
                    "operating_carrier": "EW",
                    "operating_flight_no": "7780",
                    "fare_basis": "",
                    "fare_category": "M",
                    "fare_classes": "",
                    "return": 1,
                    "bags_recheck_required": false,
                    "vi_connection": false,
                    "guarantee": false,
                    "equipment": null,
                    "vehicle_type": "aircraft"
                }
            ],
            "booking_token": "HqiQGNITek0BQkuS5vdas3aaU7IBHmw9HGmvnwYD_aeY8mV3_GT3zjN0-pE6DtWOd017BjJcWl9ZQI7l8-aYEezTaqF6DNAfLVbr830sGynMjUb8oSM6ktPxJRl7XpFhdIsNA5rixDbF8I81mMYFjM-65Bh0Kb5Vbq155jE248aCSuCPM0zDwcbhRBtk2BHj4pRQI33o_bZJCMZdGduC_cTNf5b2wt2cpBqHlCAnRppAqEO1VUJgO5rjDhtSkHo15KaYX5_KRIQHr66uPZsswNkEkCCHC1MYiVpSYJmyEGXiiFErUxnfjrjgP6gPZhdKu95n_lq5f5k6LHGQot6l27kuF7-5IbyxmQU0zPc-Jx0yljdEOUR64xuiex9foKpwP1BQOL65pQrspEgLl34q6kyxT7kLlmSB2taHiua9S6_XCgEc7RDyPKsqVZ-ryHn2teu57fH_j_rols00p5X8sdL_r43b5WPaFYzCyoQ673mg1EazpbN2_Ppcffd2SoclW2NLEuorazNsczcWQVUBWWt6yG3EzX03NRkNjaya5FM_lg0lpwgUHncOHKWaiLVb2KEI8latx0nhOwd4eXeyUByCi_EITvFouVQEFT0QtH1zug-a1beInD1eJSvjimRbMf2HTi60h5gbVyt1lNmZVO5MnbDuGPppNgsGTBAToCV4EIMwxZm8BKtwHVeeHM4e3pxbwrTuZrxQU8DsEPahO1A==",
            "deep_link": "https://www.kiwi.com/deep?affilid=mihalytest&currency=EUR&flightsId=0b7717884e330000d6a0a9cb_0%7C17880b774e3800008a3958a2_0&from=BUD&lang=en&passengers=1&to=HAM&booking_token=HqiQGNITek0BQkuS5vdas3aaU7IBHmw9HGmvnwYD_aeY8mV3_GT3zjN0-pE6DtWOd017BjJcWl9ZQI7l8-aYEezTaqF6DNAfLVbr830sGynMjUb8oSM6ktPxJRl7XpFhdIsNA5rixDbF8I81mMYFjM-65Bh0Kb5Vbq155jE248aCSuCPM0zDwcbhRBtk2BHj4pRQI33o_bZJCMZdGduC_cTNf5b2wt2cpBqHlCAnRppAqEO1VUJgO5rjDhtSkHo15KaYX5_KRIQHr66uPZsswNkEkCCHC1MYiVpSYJmyEGXiiFErUxnfjrjgP6gPZhdKu95n_lq5f5k6LHGQot6l27kuF7-5IbyxmQU0zPc-Jx0yljdEOUR64xuiex9foKpwP1BQOL65pQrspEgLl34q6kyxT7kLlmSB2taHiua9S6_XCgEc7RDyPKsqVZ-ryHn2teu57fH_j_rols00p5X8sdL_r43b5WPaFYzCyoQ673mg1EazpbN2_Ppcffd2SoclW2NLEuorazNsczcWQVUBWWt6yG3EzX03NRkNjaya5FM_lg0lpwgUHncOHKWaiLVb2KEI8latx0nhOwd4eXeyUByCi_EITvFouVQEFT0QtH1zug-a1beInD1eJSvjimRbMf2HTi60h5gbVyt1lNmZVO5MnbDuGPppNgsGTBAToCV4EIMwxZm8BKtwHVeeHM4e3pxbwrTuZrxQU8DsEPahO1A==",
            "facilitated_booking_available": true,
            "pnr_count": 2,
            "has_airport_change": false,
            "technical_stops": 0,
            "throw_away_ticketing": false,
            "hidden_city_ticketing": false,
            "virtual_interlining": false
        },
        {
            "id": "0b7717884e3500006a4d0bbb_0|17880b774e3800008a3958a2_0",
            "flyFrom": "BUD",
            "flyTo": "HAM",
            "cityFrom": "Budapest",
            "cityCodeFrom": "BUD",
            "cityTo": "Hamburg",
            "cityCodeTo": "HAM",
            "countryFrom": {
                "code": "HU",
                "name": "Hungary"
            },
            "countryTo": {
                "code": "DE",
                "name": "Germany"
            },
            "local_departure": "2024-10-25T20:45:00.000Z",
            "utc_departure": "2024-10-25T18:45:00.000Z",
            "local_arrival": "2024-10-25T22:30:00.000Z",
            "utc_arrival": "2024-10-25T20:30:00.000Z",
            "nightsInDest": 3,
            "quality": 227.99987,
            "distance": 949.98,
            "duration": {
                "departure": 6300,
                "return": 6300,
                "total": 12600
            },
            "price": 176,
            "conversion": {
                "EUR": 176
            },
            "fare": {
                "adults": 176,
                "children": 176,
                "infants": 176
            },
            "fare_locks": {
                "EUR": [
                    {
                        "default": false,
                        "duration": "P1D",
                        "itinerary_price_limit": 376,
                        "itinerary_price_remaining": 176,
                        "fare_lock_kind": "fee",
                        "price": 8.8,
                        "rule_instance_id": 26749,
                        "version": "v1"
                    },
                    {
                        "default": true,
                        "duration": "P3D",
                        "itinerary_price_limit": 376,
                        "itinerary_price_remaining": 176,
                        "fare_lock_kind": "fee",
                        "price": 17.6,
                        "rule_instance_id": 26748,
                        "version": "v1"
                    },
                    {
                        "default": false,
                        "duration": "P7D",
                        "itinerary_price_limit": 376,
                        "itinerary_price_remaining": 176,
                        "fare_lock_kind": "fee",
                        "price": 44,
                        "rule_instance_id": 26750,
                        "version": "v1"
                    }
                ]
            },
            "bags_price": {
                "1": 72.8,
                "2": 282.8
            },
            "baglimit": {
                "hand_dimensions_sum": 118,
                "hand_height": 40,
                "hand_length": 55,
                "hand_weight": 8,
                "hand_width": 23,
                "hold_dimensions_sum": 158,
                "hold_height": 52,
                "hold_length": 78,
                "hold_weight": 23,
                "hold_width": 28,
                "personal_item_dimension_sum": 95,
                "personal_item_height": 30,
                "personal_item_length": 40,
                "personal_item_weight": 8,
                "personal_item_width": 25
            },
            "availability": {
                "seats": 9
            },
            "airlines": [
                "EW"
            ],
            "route": [
                {
                    "id": "0b7717884e3500006a4d0bbb_0",
                    "combination_id": "0b7717884e3500006a4d0bbb",
                    "flyFrom": "BUD",
                    "flyTo": "HAM",
                    "cityFrom": "Budapest",
                    "cityCodeFrom": "BUD",
                    "cityTo": "Hamburg",
                    "cityCodeTo": "HAM",
                    "local_departure": "2024-10-25T20:45:00.000Z",
                    "utc_departure": "2024-10-25T18:45:00.000Z",
                    "local_arrival": "2024-10-25T22:30:00.000Z",
                    "utc_arrival": "2024-10-25T20:30:00.000Z",
                    "airline": "EW",
                    "flight_no": 7783,
                    "operating_carrier": "EW",
                    "operating_flight_no": "7783",
                    "fare_basis": "",
                    "fare_category": "M",
                    "fare_classes": "",
                    "return": 0,
                    "bags_recheck_required": false,
                    "vi_connection": false,
                    "guarantee": false,
                    "equipment": null,
                    "vehicle_type": "aircraft"
                },
                {
                    "id": "17880b774e3800008a3958a2_0",
                    "combination_id": "17880b774e3800008a3958a2",
                    "flyFrom": "HAM",
                    "flyTo": "BUD",
                    "cityFrom": "Hamburg",
                    "cityCodeFrom": "HAM",
                    "cityTo": "Budapest",
                    "cityCodeTo": "BUD",
                    "local_departure": "2024-10-28T06:45:00.000Z",
                    "utc_departure": "2024-10-28T05:45:00.000Z",
                    "local_arrival": "2024-10-28T08:30:00.000Z",
                    "utc_arrival": "2024-10-28T07:30:00.000Z",
                    "airline": "EW",
                    "flight_no": 7780,
                    "operating_carrier": "EW",
                    "operating_flight_no": "7780",
                    "fare_basis": "",
                    "fare_category": "M",
                    "fare_classes": "",
                    "return": 1,
                    "bags_recheck_required": false,
                    "vi_connection": false,
                    "guarantee": false,
                    "equipment": null,
                    "vehicle_type": "aircraft"
                }
            ],
            "booking_token": "HmOmBT-l7cLkatSdw1Mmf3x80SZ2SRSm81qg2nnFNJz-r6dh36jCl7bej7vLuM2nNAKm4_Z1ZIzZHdX5IIuMTiof832giKFLw8MjEgXsayIENM2GG1q3VwsinXia_cANxwflApgs9BzPH9EWO0Q6ZHOslI5cLCdwsMFSbvFVL2dPU2ewae-OEH1WKRdXZxuFQxYbADcBH32BgLk09W44YK8Y9-RTJ4XG3LQqc8B84oD1dqkOgKmO7-sgcaU_tgfABFav0abMjw7EXN3mjU-7APYv2sxewR_pHCumu9JF_EJNdMHSKbZXSvaPVrwHH-eAtG389GE0N1z0oxlnqLtVEiVg3BlPeyMWajFign691F3CYKfx8Dx_wDq6SJcP5kb3hzxWVlYkD78n_DjAKq2tsdvtFW-tVMD8c0zrLdbTI6fOhttE-57CwqmzbAeyC6sHv8q4g62UeVwl2vyM15MJn9C6NBtU7F74PXH81cc_VZuhJ3S33s1WdTS_efXC-_qcVK40wrkIcQueaQPd3go-j2qwfnvdn1s8poy-7Ot-0BVP9v3VBlWR0Dxd5gFoJHLrBkDIPihgr2glTUlr79vn8ZcECfqKpqekqjsV1FTDCjrJqPt_1KNFu_nHqYzYuLly4AS-xjgTMpCUeo-gjBDhvO2xEl9eeGacvzIBUkT_5Uo4ABDJ4osOPTEbJ-9oyVYgP7KBLeE3EU1hId4VLzv4HCO5LyE6mXN4okfnYa6gFr6M=",
            "deep_link": "https://www.kiwi.com/deep?affilid=mihalytest&currency=EUR&flightsId=0b7717884e3500006a4d0bbb_0%7C17880b774e3800008a3958a2_0&from=BUD&lang=en&passengers=1&to=HAM&booking_token=HmOmBT-l7cLkatSdw1Mmf3x80SZ2SRSm81qg2nnFNJz-r6dh36jCl7bej7vLuM2nNAKm4_Z1ZIzZHdX5IIuMTiof832giKFLw8MjEgXsayIENM2GG1q3VwsinXia_cANxwflApgs9BzPH9EWO0Q6ZHOslI5cLCdwsMFSbvFVL2dPU2ewae-OEH1WKRdXZxuFQxYbADcBH32BgLk09W44YK8Y9-RTJ4XG3LQqc8B84oD1dqkOgKmO7-sgcaU_tgfABFav0abMjw7EXN3mjU-7APYv2sxewR_pHCumu9JF_EJNdMHSKbZXSvaPVrwHH-eAtG389GE0N1z0oxlnqLtVEiVg3BlPeyMWajFign691F3CYKfx8Dx_wDq6SJcP5kb3hzxWVlYkD78n_DjAKq2tsdvtFW-tVMD8c0zrLdbTI6fOhttE-57CwqmzbAeyC6sHv8q4g62UeVwl2vyM15MJn9C6NBtU7F74PXH81cc_VZuhJ3S33s1WdTS_efXC-_qcVK40wrkIcQueaQPd3go-j2qwfnvdn1s8poy-7Ot-0BVP9v3VBlWR0Dxd5gFoJHLrBkDIPihgr2glTUlr79vn8ZcECfqKpqekqjsV1FTDCjrJqPt_1KNFu_nHqYzYuLly4AS-xjgTMpCUeo-gjBDhvO2xEl9eeGacvzIBUkT_5Uo4ABDJ4osOPTEbJ-9oyVYgP7KBLeE3EU1hId4VLzv4HCO5LyE6mXN4okfnYa6gFr6M=",
            "facilitated_booking_available": true,
            "pnr_count": 2,
            "has_airport_change": false,
            "technical_stops": 0,
            "throw_away_ticketing": false,
            "hidden_city_ticketing": false,
            "virtual_interlining": false
        },
        {
            "id": "0b7717884e4700009d8bcbcf_0|0b7717884e4700009d8bcbcf_1|17880b774e4c00006775c677_0",
            "flyFrom": "BUD",
            "flyTo": "HAM",
            "cityFrom": "Budapest",
            "cityCodeFrom": "BUD",
            "cityTo": "Hamburg",
            "cityCodeTo": "HAM",
            "countryFrom": {
                "code": "HU",
                "name": "Hungary"
            },
            "countryTo": {
                "code": "DE",
                "name": "Germany"
            },
            "local_departure": "2024-11-12T17:50:00.000Z",
            "utc_departure": "2024-11-12T16:50:00.000Z",
            "local_arrival": "2024-11-12T22:20:00.000Z",
            "utc_arrival": "2024-11-12T21:20:00.000Z",
            "nightsInDest": 5,
            "quality": 249.999815,
            "distance": 949.98,
            "duration": {
                "departure": 16200,
                "return": 6300,
                "total": 22500
            },
            "price": 176,
            "conversion": {
                "EUR": 176
            },
            "fare": {
                "adults": 176,
                "children": 176,
                "infants": 176
            },
            "fare_locks": {
                "EUR": [
                    {
                        "default": false,
                        "duration": "P1D",
                        "itinerary_price_limit": 376,
                        "itinerary_price_remaining": 176,
                        "fare_lock_kind": "fee",
                        "price": 8.8,
                        "rule_instance_id": 26749,
                        "version": "v1"
                    },
                    {
                        "default": true,
                        "duration": "P3D",
                        "itinerary_price_limit": 376,
                        "itinerary_price_remaining": 176,
                        "fare_lock_kind": "fee",
                        "price": 17.6,
                        "rule_instance_id": 26748,
                        "version": "v1"
                    },
                    {
                        "default": false,
                        "duration": "P7D",
                        "itinerary_price_limit": 376,
                        "itinerary_price_remaining": 176,
                        "fare_lock_kind": "fee",
                        "price": 44,
                        "rule_instance_id": 26750,
                        "version": "v1"
                    }
                ]
            },
            "bags_price": {
                "1": 85.4
            },
            "baglimit": {
                "hand_dimensions_sum": 118,
                "hand_height": 40,
                "hand_length": 55,
                "hand_weight": 8,
                "hand_width": 23,
                "hold_dimensions_sum": 158,
                "hold_height": 52,
                "hold_length": 78,
                "hold_weight": 23,
                "hold_width": 28,
                "personal_item_dimension_sum": 82,
                "personal_item_height": 30,
                "personal_item_length": 40,
                "personal_item_weight": 2,
                "personal_item_width": 12
            },
            "availability": {
                "seats": 9
            },
            "airlines": [
                "LO",
                "EW"
            ],
            "route": [
                {
                    "id": "0b7717884e4700009d8bcbcf_0",
                    "combination_id": "0b7717884e4700009d8bcbcf",
                    "flyFrom": "BUD",
                    "flyTo": "WAW",
                    "cityFrom": "Budapest",
                    "cityCodeFrom": "BUD",
                    "cityTo": "Warsaw",
                    "cityCodeTo": "WAW",
                    "local_departure": "2024-11-12T17:50:00.000Z",
                    "utc_departure": "2024-11-12T16:50:00.000Z",
                    "local_arrival": "2024-11-12T19:10:00.000Z",
                    "utc_arrival": "2024-11-12T18:10:00.000Z",
                    "airline": "LO",
                    "flight_no": 538,
                    "operating_carrier": "LO",
                    "operating_flight_no": "538",
                    "fare_basis": "U1SAV35",
                    "fare_category": "M",
                    "fare_classes": "U",
                    "return": 0,
                    "bags_recheck_required": false,
                    "vi_connection": false,
                    "guarantee": false,
                    "equipment": null,
                    "vehicle_type": "aircraft"
                },
                {
                    "id": "0b7717884e4700009d8bcbcf_1",
                    "combination_id": "0b7717884e4700009d8bcbcf",
                    "flyFrom": "WAW",
                    "flyTo": "HAM",
                    "cityFrom": "Warsaw",
                    "cityCodeFrom": "WAW",
                    "cityTo": "Hamburg",
                    "cityCodeTo": "HAM",
                    "local_departure": "2024-11-12T20:35:00.000Z",
                    "utc_departure": "2024-11-12T19:35:00.000Z",
                    "local_arrival": "2024-11-12T22:20:00.000Z",
                    "utc_arrival": "2024-11-12T21:20:00.000Z",
                    "airline": "LO",
                    "flight_no": 397,
                    "operating_carrier": "LO",
                    "operating_flight_no": "397",
                    "fare_basis": "U1SAV35",
                    "fare_category": "M",
                    "fare_classes": "U",
                    "return": 0,
                    "bags_recheck_required": false,
                    "vi_connection": false,
                    "guarantee": false,
                    "equipment": null,
                    "vehicle_type": "aircraft"
                },
                {
                    "id": "17880b774e4c00006775c677_0",
                    "combination_id": "17880b774e4c00006775c677",
                    "flyFrom": "HAM",
                    "flyTo": "BUD",
                    "cityFrom": "Hamburg",
                    "cityCodeFrom": "HAM",
                    "cityTo": "Budapest",
                    "cityCodeTo": "BUD",
                    "local_departure": "2024-11-17T13:05:00.000Z",
                    "utc_departure": "2024-11-17T12:05:00.000Z",
                    "local_arrival": "2024-11-17T14:50:00.000Z",
                    "utc_arrival": "2024-11-17T13:50:00.000Z",
                    "airline": "EW",
                    "flight_no": 7780,
                    "operating_carrier": "EW",
                    "operating_flight_no": "7780",
                    "fare_basis": "",
                    "fare_category": "M",
                    "fare_classes": "",
                    "return": 1,
                    "bags_recheck_required": false,
                    "vi_connection": false,
                    "guarantee": false,
                    "equipment": null,
                    "vehicle_type": "aircraft"
                }
            ],
            "booking_token": "H2dSXidHL2Km0Ik3AKUmpobnDX-Z2LcG4wPMG8IRya9ORXMQJxmTgRMtAw_wQJVVCD7iN1ERZD31qksWXEISVnwsdO3IpjTa0tdmj2Q9L3daHysFbZ7z6Ydt8cEPBe5as59Pn_MpNoAefk8ClgWlank00Kuq70EwRA53GE8sVeQxWtbb5vXdgx9wD2MIYpbZWkmVWKY2iTEyJY8wCsdincMk0b7faI2KboDjP7nPA-289F2O0lZCH5fmx5pGSYLmGSkRJgHGflY-h9gRLywQ2g9A943Bbe2jAhp6-Oe82yD9mJ3uqgLHLJoCCBf__ABRlsH9iCQkltdO2_h46E09vyZ3XHxXPIdvKX2_pZ9hE5VSPef5ySxetBvRGWxx5e6QaQ-c-eDTitl_opbdjy3WNDHd8xqHyo14wu5kV-DX56VF8hUWUjjr-gJtSlEqrYobt6twJxhZW4USJvLF2D0OFIyIDxW_wcnXumooenqbtOclqxL0thzok3fmimPgjvpVUrBQW0eUvWSEYN4L6dtNplOfZA8qV66HeuVhrptaTyjEztSLsjyd3DI5oEWJvc7oLXQEBq_uT4VogUSOM_weHI7Rfh4jsZZMzdPkJXb8l8lWdvA3hNtwmZeH5Oe1qSrCK9Dn_I9zreSxDTzZEMS2Es-eeTqP0iZd6oE2fXeNrKgJVL10SYKnOgxxLgEUGdGKAWtU_Bgx32Uhzl2XnRJdgzWKXZRkmfNkVv1npSnEd_EpuZnfPRRK7ulQtWvjj5Fje",
            "deep_link": "https://www.kiwi.com/deep?affilid=mihalytest&currency=EUR&flightsId=0b7717884e4700009d8bcbcf_0%7C0b7717884e4700009d8bcbcf_1%7C17880b774e4c00006775c677_0&from=BUD&lang=en&passengers=1&to=HAM&booking_token=H2dSXidHL2Km0Ik3AKUmpobnDX-Z2LcG4wPMG8IRya9ORXMQJxmTgRMtAw_wQJVVCD7iN1ERZD31qksWXEISVnwsdO3IpjTa0tdmj2Q9L3daHysFbZ7z6Ydt8cEPBe5as59Pn_MpNoAefk8ClgWlank00Kuq70EwRA53GE8sVeQxWtbb5vXdgx9wD2MIYpbZWkmVWKY2iTEyJY8wCsdincMk0b7faI2KboDjP7nPA-289F2O0lZCH5fmx5pGSYLmGSkRJgHGflY-h9gRLywQ2g9A943Bbe2jAhp6-Oe82yD9mJ3uqgLHLJoCCBf__ABRlsH9iCQkltdO2_h46E09vyZ3XHxXPIdvKX2_pZ9hE5VSPef5ySxetBvRGWxx5e6QaQ-c-eDTitl_opbdjy3WNDHd8xqHyo14wu5kV-DX56VF8hUWUjjr-gJtSlEqrYobt6twJxhZW4USJvLF2D0OFIyIDxW_wcnXumooenqbtOclqxL0thzok3fmimPgjvpVUrBQW0eUvWSEYN4L6dtNplOfZA8qV66HeuVhrptaTyjEztSLsjyd3DI5oEWJvc7oLXQEBq_uT4VogUSOM_weHI7Rfh4jsZZMzdPkJXb8l8lWdvA3hNtwmZeH5Oe1qSrCK9Dn_I9zreSxDTzZEMS2Es-eeTqP0iZd6oE2fXeNrKgJVL10SYKnOgxxLgEUGdGKAWtU_Bgx32Uhzl2XnRJdgzWKXZRkmfNkVv1npSnEd_EpuZnfPRRK7ulQtWvjj5Fje",
            "facilitated_booking_available": true,
            "pnr_count": 2,
            "has_airport_change": false,
            "technical_stops": 0,
            "throw_away_ticketing": false,
            "hidden_city_ticketing": false,
            "virtual_interlining": false
        },
        {
            "id": "0b7717884e510000e859f511_0|178807f04e550000eba10f2a_0|07f00b774e550000660a4b23_0",
            "flyFrom": "BUD",
            "flyTo": "HAM",
            "cityFrom": "Budapest",
            "cityCodeFrom": "BUD",
            "cityTo": "Hamburg",
            "cityCodeTo": "HAM",
            "countryFrom": {
                "code": "HU",
                "name": "Hungary"
            },
            "countryTo": {
                "code": "DE",
                "name": "Germany"
            },
            "local_departure": "2024-11-22T20:35:00.000Z",
            "utc_departure": "2024-11-22T19:35:00.000Z",
            "local_arrival": "2024-11-22T22:25:00.000Z",
            "utc_arrival": "2024-11-22T21:25:00.000Z",
            "nightsInDest": 4,
            "quality": 263.333115,
            "distance": 949.98,
            "duration": {
                "departure": 6600,
                "return": 21900,
                "total": 28500
            },
            "price": 176,
            "conversion": {
                "EUR": 176
            },
            "fare": {
                "adults": 176,
                "children": 176,
                "infants": 176
            },
            "fare_locks": {
                "EUR": [
                    {
                        "default": false,
                        "duration": "P1D",
                        "itinerary_price_limit": 376,
                        "itinerary_price_remaining": 176,
                        "fare_lock_kind": "fee",
                        "price": 8.8,
                        "rule_instance_id": 26749,
                        "version": "v1"
                    },
                    {
                        "default": true,
                        "duration": "P3D",
                        "itinerary_price_limit": 376,
                        "itinerary_price_remaining": 176,
                        "fare_lock_kind": "fee",
                        "price": 17.6,
                        "rule_instance_id": 26748,
                        "version": "v1"
                    },
                    {
                        "default": false,
                        "duration": "P7D",
                        "itinerary_price_limit": 376,
                        "itinerary_price_remaining": 176,
                        "fare_lock_kind": "fee",
                        "price": 44,
                        "rule_instance_id": 26750,
                        "version": "v1"
                    }
                ]
            },
            "bags_price": {
                "1": 112,
                "2": 361.2
            },
            "baglimit": {
                "hand_dimensions_sum": 118,
                "hand_height": 40,
                "hand_length": 55,
                "hand_weight": 8,
                "hand_width": 23,
                "hold_dimensions_sum": 158,
                "hold_height": 52,
                "hold_length": 78,
                "hold_weight": 20,
                "hold_width": 28,
                "personal_item_dimension_sum": 90,
                "personal_item_height": 30,
                "personal_item_length": 40,
                "personal_item_weight": 8,
                "personal_item_width": 20
            },
            "availability": {
                "seats": 2
            },
            "airlines": [
                "EW",
                "W6"
            ],
            "route": [
                {
                    "id": "0b7717884e510000e859f511_0",
                    "combination_id": "0b7717884e510000e859f511",
                    "flyFrom": "BUD",
                    "flyTo": "HAM",
                    "cityFrom": "Budapest",
                    "cityCodeFrom": "BUD",
                    "cityTo": "Hamburg",
                    "cityCodeTo": "HAM",
                    "local_departure": "2024-11-22T20:35:00.000Z",
                    "utc_departure": "2024-11-22T19:35:00.000Z",
                    "local_arrival": "2024-11-22T22:25:00.000Z",
                    "utc_arrival": "2024-11-22T21:25:00.000Z",
                    "airline": "EW",
                    "flight_no": 7781,
                    "operating_carrier": "EW",
                    "operating_flight_no": "7781",
                    "fare_basis": "",
                    "fare_category": "M",
                    "fare_classes": "",
                    "return": 0,
                    "bags_recheck_required": false,
                    "vi_connection": false,
                    "guarantee": false,
                    "equipment": null,
                    "vehicle_type": "aircraft"
                },
                {
                    "id": "178807f04e550000eba10f2a_0",
                    "combination_id": "178807f04e550000eba10f2a",
                    "flyFrom": "HAM",
                    "flyTo": "MXP",
                    "cityFrom": "Hamburg",
                    "cityCodeFrom": "HAM",
                    "cityTo": "Milan",
                    "cityCodeTo": "MIL",
                    "local_departure": "2024-11-26T17:05:00.000Z",
                    "utc_departure": "2024-11-26T16:05:00.000Z",
                    "local_arrival": "2024-11-26T18:50:00.000Z",
                    "utc_arrival": "2024-11-26T17:50:00.000Z",
                    "airline": "EW",
                    "flight_no": 7822,
                    "operating_carrier": "EW",
                    "operating_flight_no": "7822",
                    "fare_basis": "",
                    "fare_category": "M",
                    "fare_classes": "",
                    "return": 1,
                    "bags_recheck_required": false,
                    "vi_connection": false,
                    "guarantee": false,
                    "equipment": null,
                    "vehicle_type": "aircraft"
                },
                {
                    "id": "07f00b774e550000660a4b23_0",
                    "combination_id": "07f00b774e550000660a4b23",
                    "flyFrom": "MXP",
                    "flyTo": "BUD",
                    "cityFrom": "Milan",
                    "cityCodeFrom": "MIL",
                    "cityTo": "Budapest",
                    "cityCodeTo": "BUD",
                    "local_departure": "2024-11-26T21:30:00.000Z",
                    "utc_departure": "2024-11-26T20:30:00.000Z",
                    "local_arrival": "2024-11-26T23:10:00.000Z",
                    "utc_arrival": "2024-11-26T22:10:00.000Z",
                    "airline": "W6",
                    "flight_no": 2336,
                    "operating_carrier": "",
                    "operating_flight_no": "",
                    "fare_basis": "",
                    "fare_category": "M",
                    "fare_classes": "",
                    "return": 1,
                    "bags_recheck_required": true,
                    "vi_connection": true,
                    "guarantee": true,
                    "equipment": null,
                    "vehicle_type": "aircraft"
                }
            ],
            "booking_token": "H--OBMOZP8kvzBbUZAkSa28JR68pjQIIAwf6v0qwga9uBvYN7yjx2XKCDqWIx45aUL7ouegphhMCnVo12gJF_-ZJu42XuWis5_kzQiDDCLgiu4bENVfiv8bCtF6aT9PT4NL3DjTvJGv_DP5f5kyUBGCnC7U_j-Jh75xb6UL0GBF2X3eqhq2Lmrdyiz10x_8sreH8FrbJoT0bxBO4Ovr1i3vTKqtkco3_-B-AQQU4xXDyOMjCnKF5cj50eFkFmVCN1-tZyXW_xuo5tIMBc8eIakh15CVARY80Soy_gg-lnoYIxwzLgZ-iJAOzuyLuoSqU95JDUKHOkXM_FGnnuSH0j5gIU8yTc8qXTsUFx_VQjZid4GvCiTScGyJmaOprwSCc6rwpZCBnzlXTr1Julzle5mAntD801mChH8tGiW1jgPD6hkRyMkz1SXX0qeU0qRIHT2H-h1E0CQ35JR8bqlPD1NMC88Tk64dfhWzKjewJoO06eIhQ3kCUNzIW_1K8XzREt1EhX9kVbT0YfTSNqiag6gviyjaJEL61dcciOrhDRW-rinQB3yaqL2Tt3aqTiBFa4drsFM-FRT6egQFK6AZTOvj0c4WKwj4uEOWn1K6O5hgBikDphTDx2P-8AHFbBq4LHNF8rQcZEz2j5y-RnnzeLM3EA-Xu0HfPR12r0hssnw2WZaAEivkoSFXLenCyZBZwxvBv-2hBjxtoyBo-zVuc7keqNTzK6KMQE3_9ekgCRc602IvKfAURDvwgzFJT5hxQX7bigZ9SUUPkClrz_Q-knWQ==",
            "deep_link": "https://www.kiwi.com/deep?affilid=mihalytest&currency=EUR&flightsId=0b7717884e510000e859f511_0%7C178807f04e550000eba10f2a_0%7C07f00b774e550000660a4b23_0&from=BUD&lang=en&passengers=1&to=HAM&booking_token=H--OBMOZP8kvzBbUZAkSa28JR68pjQIIAwf6v0qwga9uBvYN7yjx2XKCDqWIx45aUL7ouegphhMCnVo12gJF_-ZJu42XuWis5_kzQiDDCLgiu4bENVfiv8bCtF6aT9PT4NL3DjTvJGv_DP5f5kyUBGCnC7U_j-Jh75xb6UL0GBF2X3eqhq2Lmrdyiz10x_8sreH8FrbJoT0bxBO4Ovr1i3vTKqtkco3_-B-AQQU4xXDyOMjCnKF5cj50eFkFmVCN1-tZyXW_xuo5tIMBc8eIakh15CVARY80Soy_gg-lnoYIxwzLgZ-iJAOzuyLuoSqU95JDUKHOkXM_FGnnuSH0j5gIU8yTc8qXTsUFx_VQjZid4GvCiTScGyJmaOprwSCc6rwpZCBnzlXTr1Julzle5mAntD801mChH8tGiW1jgPD6hkRyMkz1SXX0qeU0qRIHT2H-h1E0CQ35JR8bqlPD1NMC88Tk64dfhWzKjewJoO06eIhQ3kCUNzIW_1K8XzREt1EhX9kVbT0YfTSNqiag6gviyjaJEL61dcciOrhDRW-rinQB3yaqL2Tt3aqTiBFa4drsFM-FRT6egQFK6AZTOvj0c4WKwj4uEOWn1K6O5hgBikDphTDx2P-8AHFbBq4LHNF8rQcZEz2j5y-RnnzeLM3EA-Xu0HfPR12r0hssnw2WZaAEivkoSFXLenCyZBZwxvBv-2hBjxtoyBo-zVuc7keqNTzK6KMQE3_9ekgCRc602IvKfAURDvwgzFJT5hxQX7bigZ9SUUPkClrz_Q-knWQ==",
            "facilitated_booking_available": false,
            "pnr_count": 3,
            "has_airport_change": false,
            "technical_stops": 0,
            "throw_away_ticketing": false,
            "hidden_city_ticketing": false,
            "virtual_interlining": true
        },
        {
            "id": "0b7717884e5e4e60c2a6bfcd_0|0b7717884e5e4e60c2a6bfcd_1|0b7717884e5e4e60c2a6bfcd_2|0b7717884e5e4e60c2a6bfcd_3",
            "flyFrom": "BUD",
            "flyTo": "HAM",
            "cityFrom": "Budapest",
            "cityCodeFrom": "BUD",
            "cityTo": "Hamburg",
            "cityCodeTo": "HAM",
            "countryFrom": {
                "code": "HU",
                "name": "Hungary"
            },
            "countryTo": {
                "code": "DE",
                "name": "Germany"
            },
            "local_departure": "2024-12-05T17:50:00.000Z",
            "utc_departure": "2024-12-05T16:50:00.000Z",
            "local_arrival": "2024-12-06T18:55:00.000Z",
            "utc_arrival": "2024-12-06T17:55:00.000Z",
            "nightsInDest": 1,
            "quality": 610.998915,
            "distance": 949.98,
            "duration": {
                "departure": 90300,
                "return": 94200,
                "total": 184500
            },
            "price": 177,
            "conversion": {
                "EUR": 177
            },
            "fare": {
                "adults": 177,
                "children": 177,
                "infants": 177
            },
            "fare_locks": {
                "EUR": [
                    {
                        "default": false,
                        "duration": "P1D",
                        "itinerary_price_limit": 377,
                        "itinerary_price_remaining": 177,
                        "fare_lock_kind": "fee",
                        "price": 8.85,
                        "rule_instance_id": 26749,
                        "version": "v1"
                    },
                    {
                        "default": true,
                        "duration": "P3D",
                        "itinerary_price_limit": 377,
                        "itinerary_price_remaining": 177,
                        "fare_lock_kind": "fee",
                        "price": 17.7,
                        "rule_instance_id": 26748,
                        "version": "v1"
                    },
                    {
                        "default": false,
                        "duration": "P7D",
                        "itinerary_price_limit": 377,
                        "itinerary_price_remaining": 177,
                        "fare_lock_kind": "fee",
                        "price": 44.25,
                        "rule_instance_id": 26750,
                        "version": "v1"
                    }
                ]
            },
            "bags_price": {
                "1": 98
            },
            "baglimit": {
                "hand_dimensions_sum": 118,
                "hand_height": 40,
                "hand_length": 55,
                "hand_weight": 8,
                "hand_width": 23,
                "hold_dimensions_sum": 158,
                "hold_height": 52,
                "hold_length": 78,
                "hold_weight": 23,
                "hold_width": 28,
                "personal_item_dimension_sum": 87,
                "personal_item_height": 35,
                "personal_item_length": 40,
                "personal_item_weight": 2,
                "personal_item_width": 12
            },
            "availability": {
                "seats": null
            },
            "airlines": [
                "LO"
            ],
            "route": [
                {
                    "id": "0b7717884e5e4e60c2a6bfcd_0",
                    "combination_id": "0b7717884e5e4e60c2a6bfcd",
                    "flyFrom": "BUD",
                    "flyTo": "WAW",
                    "cityFrom": "Budapest",
                    "cityCodeFrom": "BUD",
                    "cityTo": "Warsaw",
                    "cityCodeTo": "WAW",
                    "local_departure": "2024-12-05T17:50:00.000Z",
                    "utc_departure": "2024-12-05T16:50:00.000Z",
                    "local_arrival": "2024-12-05T19:10:00.000Z",
                    "utc_arrival": "2024-12-05T18:10:00.000Z",
                    "airline": "LO",
                    "flight_no": 538,
                    "operating_carrier": "LO",
                    "operating_flight_no": "538",
                    "fare_basis": "OSAVI0",
                    "fare_category": "M",
                    "fare_classes": "O",
                    "return": 0,
                    "bags_recheck_required": false,
                    "vi_connection": false,
                    "guarantee": false,
                    "equipment": null,
                    "vehicle_type": "aircraft"
                },
                {
                    "id": "0b7717884e5e4e60c2a6bfcd_1",
                    "combination_id": "0b7717884e5e4e60c2a6bfcd",
                    "flyFrom": "WAW",
                    "flyTo": "HAM",
                    "cityFrom": "Warsaw",
                    "cityCodeFrom": "WAW",
                    "cityTo": "Hamburg",
                    "cityCodeTo": "HAM",
                    "local_departure": "2024-12-06T17:10:00.000Z",
                    "utc_departure": "2024-12-06T16:10:00.000Z",
                    "local_arrival": "2024-12-06T18:55:00.000Z",
                    "utc_arrival": "2024-12-06T17:55:00.000Z",
                    "airline": "LO",
                    "flight_no": 393,
                    "operating_carrier": "LO",
                    "operating_flight_no": "393",
                    "fare_basis": "OSAVI0",
                    "fare_category": "M",
                    "fare_classes": "O",
                    "return": 0,
                    "bags_recheck_required": false,
                    "vi_connection": false,
                    "guarantee": false,
                    "equipment": null,
                    "vehicle_type": "aircraft"
                },
                {
                    "id": "0b7717884e5e4e60c2a6bfcd_2",
                    "combination_id": "0b7717884e5e4e60c2a6bfcd",
                    "flyFrom": "HAM",
                    "flyTo": "WAW",
                    "cityFrom": "Hamburg",
                    "cityCodeFrom": "HAM",
                    "cityTo": "Warsaw",
                    "cityCodeTo": "WAW",
                    "local_departure": "2024-12-07T06:55:00.000Z",
                    "utc_departure": "2024-12-07T05:55:00.000Z",
                    "local_arrival": "2024-12-07T08:25:00.000Z",
                    "utc_arrival": "2024-12-07T07:25:00.000Z",
                    "airline": "LO",
                    "flight_no": 398,
                    "operating_carrier": "LO",
                    "operating_flight_no": "398",
                    "fare_basis": "USAVI0",
                    "fare_category": "M",
                    "fare_classes": "U",
                    "return": 1,
                    "bags_recheck_required": false,
                    "vi_connection": false,
                    "guarantee": false,
                    "equipment": null,
                    "vehicle_type": "aircraft"
                },
                {
                    "id": "0b7717884e5e4e60c2a6bfcd_3",
                    "combination_id": "0b7717884e5e4e60c2a6bfcd",
                    "flyFrom": "WAW",
                    "flyTo": "BUD",
                    "cityFrom": "Warsaw",
                    "cityCodeFrom": "WAW",
                    "cityTo": "Budapest",
                    "cityCodeTo": "BUD",
                    "local_departure": "2024-12-08T07:45:00.000Z",
                    "utc_departure": "2024-12-08T06:45:00.000Z",
                    "local_arrival": "2024-12-08T09:05:00.000Z",
                    "utc_arrival": "2024-12-08T08:05:00.000Z",
                    "airline": "LO",
                    "flight_no": 533,
                    "operating_carrier": "LO",
                    "operating_flight_no": "533",
                    "fare_basis": "USAVI0",
                    "fare_category": "M",
                    "fare_classes": "U",
                    "return": 1,
                    "bags_recheck_required": false,
                    "vi_connection": false,
                    "guarantee": false,
                    "equipment": null,
                    "vehicle_type": "aircraft"
                }
            ],
            "booking_token": "Hv-xXBsXr7S1uCYJZQ886n0v2spYWOyxrQku0pLQMS85ZiqfvihDOuMrpvCGnE4iAXJYk8mXpSTNzXtJ2UEiFyZgY9W8WtIiSjlq1FVBCu34yVBZ7H_5BGWQcycb4kQRSBYscUDBHsxqO782E8xkveVVcWhcL4m4lnPiPOyApy1PioU_bwI-mWunfUpFR-2hbFY87aDxSVhsDyev9Dudx8GSmv9xetQGvHG9VWNf5GwCmLrQazmMA2CcW9FzZJvj6sGaWgf3v74yYQxR3-ezp344-13w3MDw0E2BqexRZrdol_YoVu6NdfIq6poVx_BLpTqF89YgNZPUtYKBkeSSNldug1hStpw0nx-mJPZ_-NFdMz4Xpk6uXnnRRYDsNaM10rzjqUsi3fSU6syK2-SyHjOOup7KPegkUT0g32C8Yl6TYvnWSvrelispDyj9wLKPo4hcNhFNiCgxVvoy-L1-U-WyUKKBG3w8mwwSWCs8i8p_wantCRCceHqnmNO_HPcuVECuuoGbIyxv-uA8Pxq43VBhdQXS-Erqn2e4-kgTfloCfEe9lB78GppWiKzekv8Sao_zJECSK6i0VmJ4sWvCAq5uMSJlSdouq2MIYYtzhPKd3oR43MKzzFTUi5OijuPiIoYjcrz-Td0v6epq2sjASc-a65Z7rezG925A96E3qVLL0S1cYA2PPJ4QJIQKKXxI2",
            "deep_link": "https://www.kiwi.com/deep?affilid=mihalytest&currency=EUR&flightsId=0b7717884e5e4e60c2a6bfcd_0%7C0b7717884e5e4e60c2a6bfcd_1%7C0b7717884e5e4e60c2a6bfcd_2%7C0b7717884e5e4e60c2a6bfcd_3&from=BUD&lang=en&passengers=1&to=HAM&booking_token=Hv-xXBsXr7S1uCYJZQ886n0v2spYWOyxrQku0pLQMS85ZiqfvihDOuMrpvCGnE4iAXJYk8mXpSTNzXtJ2UEiFyZgY9W8WtIiSjlq1FVBCu34yVBZ7H_5BGWQcycb4kQRSBYscUDBHsxqO782E8xkveVVcWhcL4m4lnPiPOyApy1PioU_bwI-mWunfUpFR-2hbFY87aDxSVhsDyev9Dudx8GSmv9xetQGvHG9VWNf5GwCmLrQazmMA2CcW9FzZJvj6sGaWgf3v74yYQxR3-ezp344-13w3MDw0E2BqexRZrdol_YoVu6NdfIq6poVx_BLpTqF89YgNZPUtYKBkeSSNldug1hStpw0nx-mJPZ_-NFdMz4Xpk6uXnnRRYDsNaM10rzjqUsi3fSU6syK2-SyHjOOup7KPegkUT0g32C8Yl6TYvnWSvrelispDyj9wLKPo4hcNhFNiCgxVvoy-L1-U-WyUKKBG3w8mwwSWCs8i8p_wantCRCceHqnmNO_HPcuVECuuoGbIyxv-uA8Pxq43VBhdQXS-Erqn2e4-kgTfloCfEe9lB78GppWiKzekv8Sao_zJECSK6i0VmJ4sWvCAq5uMSJlSdouq2MIYYtzhPKd3oR43MKzzFTUi5OijuPiIoYjcrz-Td0v6epq2sjASc-a65Z7rezG925A96E3qVLL0S1cYA2PPJ4QJIQKKXxI2",
            "facilitated_booking_available": true,
            "pnr_count": 1,
            "has_airport_change": false,
            "technical_stops": 0,
            "throw_away_ticketing": false,
            "hidden_city_ticketing": false,
            "virtual_interlining": false
        },
        {
            "id": "0b7717884e2c0000ad22070a_0|17880b774e330000097c835c_0",
            "flyFrom": "BUD",
            "flyTo": "HAM",
            "cityFrom": "Budapest",
            "cityCodeFrom": "BUD",
            "cityTo": "Hamburg",
            "cityCodeTo": "HAM",
            "countryFrom": {
                "code": "HU",
                "name": "Hungary"
            },
            "countryTo": {
                "code": "DE",
                "name": "Germany"
            },
            "local_departure": "2024-10-16T20:45:00.000Z",
            "utc_departure": "2024-10-16T18:45:00.000Z",
            "local_arrival": "2024-10-16T22:30:00.000Z",
            "utc_arrival": "2024-10-16T20:30:00.000Z",
            "nightsInDest": 7,
            "quality": 229.333205,
            "distance": 949.98,
            "duration": {
                "departure": 6300,
                "return": 6000,
                "total": 12300
            },
            "price": 178,
            "conversion": {
                "EUR": 178
            },
            "fare": {
                "adults": 178,
                "children": 178,
                "infants": 178
            },
            "fare_locks": {
                "EUR": [
                    {
                        "default": false,
                        "duration": "P1D",
                        "itinerary_price_limit": 378,
                        "itinerary_price_remaining": 178,
                        "fare_lock_kind": "fee",
                        "price": 8.9,
                        "rule_instance_id": 26749,
                        "version": "v1"
                    },
                    {
                        "default": true,
                        "duration": "P3D",
                        "itinerary_price_limit": 378,
                        "itinerary_price_remaining": 178,
                        "fare_lock_kind": "fee",
                        "price": 17.8,
                        "rule_instance_id": 26748,
                        "version": "v1"
                    },
                    {
                        "default": false,
                        "duration": "P7D",
                        "itinerary_price_limit": 378,
                        "itinerary_price_remaining": 178,
                        "fare_lock_kind": "fee",
                        "price": 44.5,
                        "rule_instance_id": 26750,
                        "version": "v1"
                    }
                ]
            },
            "bags_price": {
                "1": 72.8,
                "2": 282.8
            },
            "baglimit": {
                "hand_dimensions_sum": 118,
                "hand_height": 40,
                "hand_length": 55,
                "hand_weight": 8,
                "hand_width": 23,
                "hold_dimensions_sum": 158,
                "hold_height": 52,
                "hold_length": 78,
                "hold_weight": 23,
                "hold_width": 28,
                "personal_item_dimension_sum": 95,
                "personal_item_height": 30,
                "personal_item_length": 40,
                "personal_item_weight": 8,
                "personal_item_width": 25
            },
            "availability": {
                "seats": 6
            },
            "airlines": [
                "EW"
            ],
            "route": [
                {
                    "id": "0b7717884e2c0000ad22070a_0",
                    "combination_id": "0b7717884e2c0000ad22070a",
                    "flyFrom": "BUD",
                    "flyTo": "HAM",
                    "cityFrom": "Budapest",
                    "cityCodeFrom": "BUD",
                    "cityTo": "Hamburg",
                    "cityCodeTo": "HAM",
                    "local_departure": "2024-10-16T20:45:00.000Z",
                    "utc_departure": "2024-10-16T18:45:00.000Z",
                    "local_arrival": "2024-10-16T22:30:00.000Z",
                    "utc_arrival": "2024-10-16T20:30:00.000Z",
                    "airline": "EW",
                    "flight_no": 7783,
                    "operating_carrier": "EW",
                    "operating_flight_no": "7783",
                    "fare_basis": "",
                    "fare_category": "M",
                    "fare_classes": "L",
                    "return": 0,
                    "bags_recheck_required": false,
                    "vi_connection": false,
                    "guarantee": false,
                    "equipment": null,
                    "vehicle_type": "aircraft"
                },
                {
                    "id": "17880b774e330000097c835c_0",
                    "combination_id": "17880b774e330000097c835c",
                    "flyFrom": "HAM",
                    "flyTo": "BUD",
                    "cityFrom": "Hamburg",
                    "cityCodeFrom": "HAM",
                    "cityTo": "Budapest",
                    "cityCodeTo": "BUD",
                    "local_departure": "2024-10-23T18:25:00.000Z",
                    "utc_departure": "2024-10-23T16:25:00.000Z",
                    "local_arrival": "2024-10-23T20:05:00.000Z",
                    "utc_arrival": "2024-10-23T18:05:00.000Z",
                    "airline": "EW",
                    "flight_no": 7782,
                    "operating_carrier": "EW",
                    "operating_flight_no": "7782",
                    "fare_basis": "",
                    "fare_category": "M",
                    "fare_classes": "T",
                    "return": 1,
                    "bags_recheck_required": false,
                    "vi_connection": false,
                    "guarantee": false,
                    "equipment": null,
                    "vehicle_type": "aircraft"
                }
            ],
            "booking_token": "Hqy0UWTTWfYOAbXyIuOEX8PkH5ZDdzBE-rNh019vXMXbDJhTum07y7p-qY3taNgFNwTzmFzuRxgSA-rLRHwCmDUm_mj3-RXqf1jPfPYV7voDxQg7rfnAXs4D8S8RfltXgGVNvrbvVpdYOdsB6aNeIFmv77ryHSO8cTPogYvOm6-J54Q7MXcypL3xoZFtDawkCOMYR0VOQAStpBK7l8TRczOLf0sXSr7-yB_FLTS22VGeFo0V6D_QXCwj9PquwVGSDJq37dF6qY_E_R0Q-ygLJYgN-XKem9gedKIfxAolfd4gdzrJnz-G4PeSeF3UOf6S_uzua8F2rJTk6zU3YhcNgHqdgrc0JJ5-sfDROlgReN9UUoznRXjHlFXgqWMUnkSdCDeNOEI9kPvjEQIl2wF0mlYic8440DgZkqOkzWsOcL-nuvtfWktxlnh6WWoBd_-JEu7qLoc5uoo0tez-wf3h78KXJiaOM5uzh-IqU46VA3kE5SS4sFxn0Z-e0Em6wbdX3Ch2a8DRbEKPpJHE9tBMdmTAhLX4K0HUxxqE-xT_kpScoW82yaSVrDrNXHi0uJDBRojuXpi4NntBNeOpa0QSyiOB_Phk9G75MhxipEQMiTql0GVeW8CNzFpw2aYnPCL3_wWxv81Krxx78bf46hxONyOvejgEYG4qeKpKUmggsMPJ3czxJZ-MA7zG1at1owBcg1c3XhJVULdTCzkmBX70AYA==",
            "deep_link": "https://www.kiwi.com/deep?affilid=mihalytest&currency=EUR&flightsId=0b7717884e2c0000ad22070a_0%7C17880b774e330000097c835c_0&from=BUD&lang=en&passengers=1&to=HAM&booking_token=Hqy0UWTTWfYOAbXyIuOEX8PkH5ZDdzBE-rNh019vXMXbDJhTum07y7p-qY3taNgFNwTzmFzuRxgSA-rLRHwCmDUm_mj3-RXqf1jPfPYV7voDxQg7rfnAXs4D8S8RfltXgGVNvrbvVpdYOdsB6aNeIFmv77ryHSO8cTPogYvOm6-J54Q7MXcypL3xoZFtDawkCOMYR0VOQAStpBK7l8TRczOLf0sXSr7-yB_FLTS22VGeFo0V6D_QXCwj9PquwVGSDJq37dF6qY_E_R0Q-ygLJYgN-XKem9gedKIfxAolfd4gdzrJnz-G4PeSeF3UOf6S_uzua8F2rJTk6zU3YhcNgHqdgrc0JJ5-sfDROlgReN9UUoznRXjHlFXgqWMUnkSdCDeNOEI9kPvjEQIl2wF0mlYic8440DgZkqOkzWsOcL-nuvtfWktxlnh6WWoBd_-JEu7qLoc5uoo0tez-wf3h78KXJiaOM5uzh-IqU46VA3kE5SS4sFxn0Z-e0Em6wbdX3Ch2a8DRbEKPpJHE9tBMdmTAhLX4K0HUxxqE-xT_kpScoW82yaSVrDrNXHi0uJDBRojuXpi4NntBNeOpa0QSyiOB_Phk9G75MhxipEQMiTql0GVeW8CNzFpw2aYnPCL3_wWxv81Krxx78bf46hxONyOvejgEYG4qeKpKUmggsMPJ3czxJZ-MA7zG1at1owBcg1c3XhJVULdTCzkmBX70AYA==",
            "facilitated_booking_available": true,
            "pnr_count": 2,
            "has_airport_change": false,
            "technical_stops": 0,
            "throw_away_ticketing": false,
            "hidden_city_ticketing": false,
            "virtual_interlining": false
        },
        {
            "id": "0b7717884e120000c51a71f4_0|17880b774e1700002622683f_0",
            "flyFrom": "BUD",
            "flyTo": "HAM",
            "cityFrom": "Budapest",
            "cityCodeFrom": "BUD",
            "cityTo": "Hamburg",
            "cityCodeTo": "HAM",
            "countryFrom": {
                "code": "HU",
                "name": "Hungary"
            },
            "countryTo": {
                "code": "DE",
                "name": "Germany"
            },
            "local_departure": "2024-09-20T20:45:00.000Z",
            "utc_departure": "2024-09-20T18:45:00.000Z",
            "local_arrival": "2024-09-20T22:30:00.000Z",
            "utc_arrival": "2024-09-20T20:30:00.000Z",
            "nightsInDest": 5,
            "quality": 229.333205,
            "distance": 949.98,
            "duration": {
                "departure": 6300,
                "return": 6000,
                "total": 12300
            },
            "price": 178,
            "conversion": {
                "EUR": 178
            },
            "fare": {
                "adults": 178,
                "children": 178,
                "infants": 178
            },
            "fare_locks": {
                "EUR": [
                    {
                        "default": false,
                        "duration": "P1D",
                        "itinerary_price_limit": 378,
                        "itinerary_price_remaining": 178,
                        "fare_lock_kind": "fee",
                        "price": 8.9,
                        "rule_instance_id": 26749,
                        "version": "v1"
                    },
                    {
                        "default": true,
                        "duration": "P3D",
                        "itinerary_price_limit": 378,
                        "itinerary_price_remaining": 178,
                        "fare_lock_kind": "fee",
                        "price": 17.8,
                        "rule_instance_id": 26748,
                        "version": "v1"
                    },
                    {
                        "default": false,
                        "duration": "P7D",
                        "itinerary_price_limit": 378,
                        "itinerary_price_remaining": 178,
                        "fare_lock_kind": "fee",
                        "price": 44.5,
                        "rule_instance_id": 26750,
                        "version": "v1"
                    }
                ]
            },
            "bags_price": {
                "1": 72.8,
                "2": 282.8
            },
            "baglimit": {
                "hand_dimensions_sum": 118,
                "hand_height": 40,
                "hand_length": 55,
                "hand_weight": 8,
                "hand_width": 23,
                "hold_dimensions_sum": 158,
                "hold_height": 52,
                "hold_length": 78,
                "hold_weight": 23,
                "hold_width": 28,
                "personal_item_dimension_sum": 95,
                "personal_item_height": 30,
                "personal_item_length": 40,
                "personal_item_weight": 8,
                "personal_item_width": 25
            },
            "availability": {
                "seats": 4
            },
            "airlines": [
                "EW"
            ],
            "route": [
                {
                    "id": "0b7717884e120000c51a71f4_0",
                    "combination_id": "0b7717884e120000c51a71f4",
                    "flyFrom": "BUD",
                    "flyTo": "HAM",
                    "cityFrom": "Budapest",
                    "cityCodeFrom": "BUD",
                    "cityTo": "Hamburg",
                    "cityCodeTo": "HAM",
                    "local_departure": "2024-09-20T20:45:00.000Z",
                    "utc_departure": "2024-09-20T18:45:00.000Z",
                    "local_arrival": "2024-09-20T22:30:00.000Z",
                    "utc_arrival": "2024-09-20T20:30:00.000Z",
                    "airline": "EW",
                    "flight_no": 7783,
                    "operating_carrier": "EW",
                    "operating_flight_no": "7783",
                    "fare_basis": "",
                    "fare_category": "M",
                    "fare_classes": "",
                    "return": 0,
                    "bags_recheck_required": false,
                    "vi_connection": false,
                    "guarantee": false,
                    "equipment": null,
                    "vehicle_type": "aircraft"
                },
                {
                    "id": "17880b774e1700002622683f_0",
                    "combination_id": "17880b774e1700002622683f",
                    "flyFrom": "HAM",
                    "flyTo": "BUD",
                    "cityFrom": "Hamburg",
                    "cityCodeFrom": "HAM",
                    "cityTo": "Budapest",
                    "cityCodeTo": "BUD",
                    "local_departure": "2024-09-25T18:25:00.000Z",
                    "utc_departure": "2024-09-25T16:25:00.000Z",
                    "local_arrival": "2024-09-25T20:05:00.000Z",
                    "utc_arrival": "2024-09-25T18:05:00.000Z",
                    "airline": "EW",
                    "flight_no": 7782,
                    "operating_carrier": "EW",
                    "operating_flight_no": "7782",
                    "fare_basis": "",
                    "fare_category": "M",
                    "fare_classes": "L",
                    "return": 1,
                    "bags_recheck_required": false,
                    "vi_connection": false,
                    "guarantee": false,
                    "equipment": null,
                    "vehicle_type": "aircraft"
                }
            ],
            "booking_token": "H7FuwVII_-kwItghk8aGum_QDZtgsaYRsBBvlrmWDZf-b8TyOYiYGEHBUucsGnmL6rCyYHN-nlfNKn0cDM4CW4nJp4FKrLSSkG4cKZBcvnmSK1UuaWigBw3C1L1_d8BAxtGhkByjRVh9zmuyqMaPtyWXd0SXvEqgr6mamra5zYlTLPWXwFM9nqZVaxVTT6lmCv5p4pB9sT-XJqFGc5WnbcbPtDmMpdaAie0mw_8fkPc8SReert33VnpDxcpSwmJw89rdCp-3ZCj33ciYwfdclhNX3MfVJSrdeHszGWKQwk97owWp7wiFCmQn9eeaJS9RPxnk2nCx26fvjgAhh6na-8gXE11rHOUZD9iMR_tNhJ2YdjtHmIvGwSrqW__vlN3sb3c3B34xF-8_-idcASA5j2LWuHI9aV5VuUpwJJ6d3uMaNgS-1KmtFYfYA0u6TGdqL0TcwhPhk0foZk9iQFRwbLX6B_lB12RFYmkCsMYbK2SXhGVXeApJ4W5re72YJCi0wqYiOI0DQyUgHGFYE6pWybbQCmxcnFdxHTnIMMpOZyADSFi63EwQvKsCec_2HboQRi99IMG4GHAVT-H85wIORBCilxGdOWIcYoPoRwY04A1U3keAOuv1NguwBRZd5rVG8NxUma0xqD9PljsuhtZX0LXoBR8z_gYNSuJ2RrRQCLV-Lig-0uQdzFW92xp2nxURgvG_9x9Zvfjb1qzRuo71XLg==",
            "deep_link": "https://www.kiwi.com/deep?affilid=mihalytest&currency=EUR&flightsId=0b7717884e120000c51a71f4_0%7C17880b774e1700002622683f_0&from=BUD&lang=en&passengers=1&to=HAM&booking_token=H7FuwVII_-kwItghk8aGum_QDZtgsaYRsBBvlrmWDZf-b8TyOYiYGEHBUucsGnmL6rCyYHN-nlfNKn0cDM4CW4nJp4FKrLSSkG4cKZBcvnmSK1UuaWigBw3C1L1_d8BAxtGhkByjRVh9zmuyqMaPtyWXd0SXvEqgr6mamra5zYlTLPWXwFM9nqZVaxVTT6lmCv5p4pB9sT-XJqFGc5WnbcbPtDmMpdaAie0mw_8fkPc8SReert33VnpDxcpSwmJw89rdCp-3ZCj33ciYwfdclhNX3MfVJSrdeHszGWKQwk97owWp7wiFCmQn9eeaJS9RPxnk2nCx26fvjgAhh6na-8gXE11rHOUZD9iMR_tNhJ2YdjtHmIvGwSrqW__vlN3sb3c3B34xF-8_-idcASA5j2LWuHI9aV5VuUpwJJ6d3uMaNgS-1KmtFYfYA0u6TGdqL0TcwhPhk0foZk9iQFRwbLX6B_lB12RFYmkCsMYbK2SXhGVXeApJ4W5re72YJCi0wqYiOI0DQyUgHGFYE6pWybbQCmxcnFdxHTnIMMpOZyADSFi63EwQvKsCec_2HboQRi99IMG4GHAVT-H85wIORBCilxGdOWIcYoPoRwY04A1U3keAOuv1NguwBRZd5rVG8NxUma0xqD9PljsuhtZX0LXoBR8z_gYNSuJ2RrRQCLV-Lig-0uQdzFW92xp2nxURgvG_9x9Zvfjb1qzRuo71XLg==",
            "facilitated_booking_available": true,
            "pnr_count": 2,
            "has_airport_change": false,
            "technical_stops": 0,
            "throw_away_ticketing": false,
            "hidden_city_ticketing": false,
            "virtual_interlining": false
        },
        {
            "id": "0b7717884e2000007d4f9259_0|17880b774e250000d78b58c9_0",
            "flyFrom": "BUD",
            "flyTo": "HAM",
            "cityFrom": "Budapest",
            "cityCodeFrom": "BUD",
            "cityTo": "Hamburg",
            "cityCodeTo": "HAM",
            "countryFrom": {
                "code": "HU",
                "name": "Hungary"
            },
            "countryTo": {
                "code": "DE",
                "name": "Germany"
            },
            "local_departure": "2024-10-04T20:45:00.000Z",
            "utc_departure": "2024-10-04T18:45:00.000Z",
            "local_arrival": "2024-10-04T22:30:00.000Z",
            "utc_arrival": "2024-10-04T20:30:00.000Z",
            "nightsInDest": 5,
            "quality": 229.333205,
            "distance": 949.98,
            "duration": {
                "departure": 6300,
                "return": 6000,
                "total": 12300
            },
            "price": 178,
            "conversion": {
                "EUR": 178
            },
            "fare": {
                "adults": 178,
                "children": 178,
                "infants": 178
            },
            "fare_locks": {
                "EUR": [
                    {
                        "default": false,
                        "duration": "P1D",
                        "itinerary_price_limit": 378,
                        "itinerary_price_remaining": 178,
                        "fare_lock_kind": "fee",
                        "price": 8.9,
                        "rule_instance_id": 26749,
                        "version": "v1"
                    },
                    {
                        "default": true,
                        "duration": "P3D",
                        "itinerary_price_limit": 378,
                        "itinerary_price_remaining": 178,
                        "fare_lock_kind": "fee",
                        "price": 17.8,
                        "rule_instance_id": 26748,
                        "version": "v1"
                    },
                    {
                        "default": false,
                        "duration": "P7D",
                        "itinerary_price_limit": 378,
                        "itinerary_price_remaining": 178,
                        "fare_lock_kind": "fee",
                        "price": 44.5,
                        "rule_instance_id": 26750,
                        "version": "v1"
                    }
                ]
            },
            "bags_price": {
                "1": 72.8,
                "2": 282.8
            },
            "baglimit": {
                "hand_dimensions_sum": 118,
                "hand_height": 40,
                "hand_length": 55,
                "hand_weight": 8,
                "hand_width": 23,
                "hold_dimensions_sum": 158,
                "hold_height": 52,
                "hold_length": 78,
                "hold_weight": 23,
                "hold_width": 28,
                "personal_item_dimension_sum": 95,
                "personal_item_height": 30,
                "personal_item_length": 40,
                "personal_item_weight": 8,
                "personal_item_width": 25
            },
            "availability": {
                "seats": 2
            },
            "airlines": [
                "EW"
            ],
            "route": [
                {
                    "id": "0b7717884e2000007d4f9259_0",
                    "combination_id": "0b7717884e2000007d4f9259",
                    "flyFrom": "BUD",
                    "flyTo": "HAM",
                    "cityFrom": "Budapest",
                    "cityCodeFrom": "BUD",
                    "cityTo": "Hamburg",
                    "cityCodeTo": "HAM",
                    "local_departure": "2024-10-04T20:45:00.000Z",
                    "utc_departure": "2024-10-04T18:45:00.000Z",
                    "local_arrival": "2024-10-04T22:30:00.000Z",
                    "utc_arrival": "2024-10-04T20:30:00.000Z",
                    "airline": "EW",
                    "flight_no": 7783,
                    "operating_carrier": "EW",
                    "operating_flight_no": "7783",
                    "fare_basis": "",
                    "fare_category": "M",
                    "fare_classes": "T",
                    "return": 0,
                    "bags_recheck_required": false,
                    "vi_connection": false,
                    "guarantee": false,
                    "equipment": null,
                    "vehicle_type": "aircraft"
                },
                {
                    "id": "17880b774e250000d78b58c9_0",
                    "combination_id": "17880b774e250000d78b58c9",
                    "flyFrom": "HAM",
                    "flyTo": "BUD",
                    "cityFrom": "Hamburg",
                    "cityCodeFrom": "HAM",
                    "cityTo": "Budapest",
                    "cityCodeTo": "BUD",
                    "local_departure": "2024-10-09T18:25:00.000Z",
                    "utc_departure": "2024-10-09T16:25:00.000Z",
                    "local_arrival": "2024-10-09T20:05:00.000Z",
                    "utc_arrival": "2024-10-09T18:05:00.000Z",
                    "airline": "EW",
                    "flight_no": 7782,
                    "operating_carrier": "EW",
                    "operating_flight_no": "7782",
                    "fare_basis": "",
                    "fare_category": "M",
                    "fare_classes": "",
                    "return": 1,
                    "bags_recheck_required": false,
                    "vi_connection": false,
                    "guarantee": false,
                    "equipment": null,
                    "vehicle_type": "aircraft"
                }
            ],
            "booking_token": "HcjfP3VM-IZujJGUOVZcHG5Z2WxAqACmFS5x4EIFMl8Lq-H7jSkQY_iaiDxVfi3c55i1m7gmh6r3aEWEdSEmXj1A2oKfvmDeY2Blfc_6RnbyokAWtl5InDBNyfceHYNHMmtcKeio7j0KtiuctHWmpBJXE6t5B6aLskxS4kZzjUr2mGFnhVSio6THESTBX9PyZUn8Q1upxaEWLhlPn8WpI7_WaIbeByjtDpI0N_yd2vv-Wlu1c9mN7I96StQVJh2un_ib_7vWLvkJjoaksiEGAVCe7QPZzCjasSUM08J7sNBjuf67LwD4Uvq8W2iyVp67rZuozBC5fVr8ZOnLbQomKdaoJ1OBDOAg7IE9Yf1BB_5Wr6PDh0qHF3lbRMNsROtFLBp5tSq6sQDnD36dW3HykxXGrlq_rVkoDdP09-XjFVYsROufxfQ-a-0swkDRL-Y4F6fq5_KmhBZDKzU3pfZf93yCkIKM3nbCqRuAPGswzrC_H_K51GhwB0mPuuFehx_DIlf_AThTjezuufM5-uJHQV1hqIZg4zjwBGivzBYKazNtrJ8d-j00IMnRfeo-lvyhyLwJAwvu0AN9CsBbH5rj9MCVIlF_I9707El8uX51MvBnJ8W9I3TZvmVZY2KVxS2Hj7DfBAxSbQHiGJye9FDFD8BgXJJfyQHVRXWEbB8RvkyckakcmSM3veir8_KwF9_pq",
            "deep_link": "https://www.kiwi.com/deep?affilid=mihalytest&currency=EUR&flightsId=0b7717884e2000007d4f9259_0%7C17880b774e250000d78b58c9_0&from=BUD&lang=en&passengers=1&to=HAM&booking_token=HcjfP3VM-IZujJGUOVZcHG5Z2WxAqACmFS5x4EIFMl8Lq-H7jSkQY_iaiDxVfi3c55i1m7gmh6r3aEWEdSEmXj1A2oKfvmDeY2Blfc_6RnbyokAWtl5InDBNyfceHYNHMmtcKeio7j0KtiuctHWmpBJXE6t5B6aLskxS4kZzjUr2mGFnhVSio6THESTBX9PyZUn8Q1upxaEWLhlPn8WpI7_WaIbeByjtDpI0N_yd2vv-Wlu1c9mN7I96StQVJh2un_ib_7vWLvkJjoaksiEGAVCe7QPZzCjasSUM08J7sNBjuf67LwD4Uvq8W2iyVp67rZuozBC5fVr8ZOnLbQomKdaoJ1OBDOAg7IE9Yf1BB_5Wr6PDh0qHF3lbRMNsROtFLBp5tSq6sQDnD36dW3HykxXGrlq_rVkoDdP09-XjFVYsROufxfQ-a-0swkDRL-Y4F6fq5_KmhBZDKzU3pfZf93yCkIKM3nbCqRuAPGswzrC_H_K51GhwB0mPuuFehx_DIlf_AThTjezuufM5-uJHQV1hqIZg4zjwBGivzBYKazNtrJ8d-j00IMnRfeo-lvyhyLwJAwvu0AN9CsBbH5rj9MCVIlF_I9707El8uX51MvBnJ8W9I3TZvmVZY2KVxS2Hj7DfBAxSbQHiGJye9FDFD8BgXJJfyQHVRXWEbB8RvkyckakcmSM3veir8_KwF9_pq",
            "facilitated_booking_available": true,
            "pnr_count": 2,
            "has_airport_change": false,
            "technical_stops": 0,
            "throw_away_ticketing": false,
            "hidden_city_ticketing": false,
            "virtual_interlining": false
        },
        {
            "id": "0b7717884e2c0000ad22070a_0|17880b774e31000005afebfc_0",
            "flyFrom": "BUD",
            "flyTo": "HAM",
            "cityFrom": "Budapest",
            "cityCodeFrom": "BUD",
            "cityTo": "Hamburg",
            "cityCodeTo": "HAM",
            "countryFrom": {
                "code": "HU",
                "name": "Hungary"
            },
            "countryTo": {
                "code": "DE",
                "name": "Germany"
            },
            "local_departure": "2024-10-16T20:45:00.000Z",
            "utc_departure": "2024-10-16T18:45:00.000Z",
            "local_arrival": "2024-10-16T22:30:00.000Z",
            "utc_arrival": "2024-10-16T20:30:00.000Z",
            "nightsInDest": 5,
            "quality": 229.333205,
            "distance": 949.98,
            "duration": {
                "departure": 6300,
                "return": 6000,
                "total": 12300
            },
            "price": 178,
            "conversion": {
                "EUR": 178
            },
            "fare": {
                "adults": 178,
                "children": 178,
                "infants": 178
            },
            "fare_locks": {
                "EUR": [
                    {
                        "default": false,
                        "duration": "P1D",
                        "itinerary_price_limit": 378,
                        "itinerary_price_remaining": 178,
                        "fare_lock_kind": "fee",
                        "price": 8.9,
                        "rule_instance_id": 26749,
                        "version": "v1"
                    },
                    {
                        "default": true,
                        "duration": "P3D",
                        "itinerary_price_limit": 378,
                        "itinerary_price_remaining": 178,
                        "fare_lock_kind": "fee",
                        "price": 17.8,
                        "rule_instance_id": 26748,
                        "version": "v1"
                    },
                    {
                        "default": false,
                        "duration": "P7D",
                        "itinerary_price_limit": 378,
                        "itinerary_price_remaining": 178,
                        "fare_lock_kind": "fee",
                        "price": 44.5,
                        "rule_instance_id": 26750,
                        "version": "v1"
                    }
                ]
            },
            "bags_price": {
                "1": 72.8,
                "2": 282.8
            },
            "baglimit": {
                "hand_dimensions_sum": 118,
                "hand_height": 40,
                "hand_length": 55,
                "hand_weight": 8,
                "hand_width": 23,
                "hold_dimensions_sum": 158,
                "hold_height": 52,
                "hold_length": 78,
                "hold_weight": 23,
                "hold_width": 28,
                "personal_item_dimension_sum": 95,
                "personal_item_height": 30,
                "personal_item_length": 40,
                "personal_item_weight": 8,
                "personal_item_width": 25
            },
            "availability": {
                "seats": 9
            },
            "airlines": [
                "EW"
            ],
            "route": [
                {
                    "id": "0b7717884e2c0000ad22070a_0",
                    "combination_id": "0b7717884e2c0000ad22070a",
                    "flyFrom": "BUD",
                    "flyTo": "HAM",
                    "cityFrom": "Budapest",
                    "cityCodeFrom": "BUD",
                    "cityTo": "Hamburg",
                    "cityCodeTo": "HAM",
                    "local_departure": "2024-10-16T20:45:00.000Z",
                    "utc_departure": "2024-10-16T18:45:00.000Z",
                    "local_arrival": "2024-10-16T22:30:00.000Z",
                    "utc_arrival": "2024-10-16T20:30:00.000Z",
                    "airline": "EW",
                    "flight_no": 7783,
                    "operating_carrier": "EW",
                    "operating_flight_no": "7783",
                    "fare_basis": "",
                    "fare_category": "M",
                    "fare_classes": "L",
                    "return": 0,
                    "bags_recheck_required": false,
                    "vi_connection": false,
                    "guarantee": false,
                    "equipment": null,
                    "vehicle_type": "aircraft"
                },
                {
                    "id": "17880b774e31000005afebfc_0",
                    "combination_id": "17880b774e31000005afebfc",
                    "flyFrom": "HAM",
                    "flyTo": "BUD",
                    "cityFrom": "Hamburg",
                    "cityCodeFrom": "HAM",
                    "cityTo": "Budapest",
                    "cityCodeTo": "BUD",
                    "local_departure": "2024-10-21T11:15:00.000Z",
                    "utc_departure": "2024-10-21T09:15:00.000Z",
                    "local_arrival": "2024-10-21T12:55:00.000Z",
                    "utc_arrival": "2024-10-21T10:55:00.000Z",
                    "airline": "EW",
                    "flight_no": 7784,
                    "operating_carrier": "EW",
                    "operating_flight_no": "7784",
                    "fare_basis": "",
                    "fare_category": "M",
                    "fare_classes": "",
                    "return": 1,
                    "bags_recheck_required": false,
                    "vi_connection": false,
                    "guarantee": false,
                    "equipment": null,
                    "vehicle_type": "aircraft"
                }
            ],
            "booking_token": "HUZuCthcN9rdOHEDIqu8ozNgwgx2POfS1kZJf23u-94HsI83vX5HYn7AXzPaMT_6_-hXyFwndFzTQsJGW1YBODsJJwtOSolweinHEA_fnUiEmEw7_PtRlKw1mLcNo6dRoCSUyWOZzCylTTVtafnG-ZixS8oBIPsAuTlI0wlbu2ngkSWJe7r8soebpiwPMiOYJNjBHYWXCjdUiaCDck8_gvnYmImP2jsnZudci8jKLlOC-j8flcSg5-TyV9qZ43uwq4iPDNsJPURpo5B-Q2UjhtKABfpzMJP-5IGauZGIwQtZl6qFRg08dFZ1fpl50Xt3ns2uz-PzmLn644DPOdftODpGOve_OcnWUwiqQKVSJifVSC-cg6JfOnPUpxpZgTcFjTuiqS1bqP1UyBiIZYiTQZRBarDzk6WeUQ7xTomEm-kC8wH111q97x-KzsosH3JjTccO8v_WbhYqYeL0OX3pxWgrhtAFWHKG5UijdnbBREDPn_b8Nc0k-8NqD8-imQzuKcnXlSpdobflL92OWr54jDTKM7QxGmWCblrExF1ZEpfTmix_wWMvmzPxuy5rtYxwdKlHzKMtIeB-n5ZD85RK11XzlG2IhJgjTa5awMX9Zmk7QrvH9mkzfrGBXP0GY9_siVVsrbRughXE_IgCHB4JdizEec8ETnuD5SuNqokECiWiUDZFyKhQsFSCpLf9b8ZmYGwP3BMai6WHz-Hs05WYaAA==",
            "deep_link": "https://www.kiwi.com/deep?affilid=mihalytest&currency=EUR&flightsId=0b7717884e2c0000ad22070a_0%7C17880b774e31000005afebfc_0&from=BUD&lang=en&passengers=1&to=HAM&booking_token=HUZuCthcN9rdOHEDIqu8ozNgwgx2POfS1kZJf23u-94HsI83vX5HYn7AXzPaMT_6_-hXyFwndFzTQsJGW1YBODsJJwtOSolweinHEA_fnUiEmEw7_PtRlKw1mLcNo6dRoCSUyWOZzCylTTVtafnG-ZixS8oBIPsAuTlI0wlbu2ngkSWJe7r8soebpiwPMiOYJNjBHYWXCjdUiaCDck8_gvnYmImP2jsnZudci8jKLlOC-j8flcSg5-TyV9qZ43uwq4iPDNsJPURpo5B-Q2UjhtKABfpzMJP-5IGauZGIwQtZl6qFRg08dFZ1fpl50Xt3ns2uz-PzmLn644DPOdftODpGOve_OcnWUwiqQKVSJifVSC-cg6JfOnPUpxpZgTcFjTuiqS1bqP1UyBiIZYiTQZRBarDzk6WeUQ7xTomEm-kC8wH111q97x-KzsosH3JjTccO8v_WbhYqYeL0OX3pxWgrhtAFWHKG5UijdnbBREDPn_b8Nc0k-8NqD8-imQzuKcnXlSpdobflL92OWr54jDTKM7QxGmWCblrExF1ZEpfTmix_wWMvmzPxuy5rtYxwdKlHzKMtIeB-n5ZD85RK11XzlG2IhJgjTa5awMX9Zmk7QrvH9mkzfrGBXP0GY9_siVVsrbRughXE_IgCHB4JdizEec8ETnuD5SuNqokECiWiUDZFyKhQsFSCpLf9b8ZmYGwP3BMai6WHz-Hs05WYaAA==",
            "facilitated_booking_available": true,
            "pnr_count": 2,
            "has_airport_change": false,
            "technical_stops": 0,
            "throw_away_ticketing": false,
            "hidden_city_ticketing": false,
            "virtual_interlining": false
        },
        {
            "id": "0b7717884e120000c51a71f4_0|17880b774e190000bd422846_0",
            "flyFrom": "BUD",
            "flyTo": "HAM",
            "cityFrom": "Budapest",
            "cityCodeFrom": "BUD",
            "cityTo": "Hamburg",
            "cityCodeTo": "HAM",
            "countryFrom": {
                "code": "HU",
                "name": "Hungary"
            },
            "countryTo": {
                "code": "DE",
                "name": "Germany"
            },
            "local_departure": "2024-09-20T20:45:00.000Z",
            "utc_departure": "2024-09-20T18:45:00.000Z",
            "local_arrival": "2024-09-20T22:30:00.000Z",
            "utc_arrival": "2024-09-20T20:30:00.000Z",
            "nightsInDest": 7,
            "quality": 229.333205,
            "distance": 949.98,
            "duration": {
                "departure": 6300,
                "return": 6000,
                "total": 12300
            },
            "price": 178,
            "conversion": {
                "EUR": 178
            },
            "fare": {
                "adults": 178,
                "children": 178,
                "infants": 178
            },
            "fare_locks": {
                "EUR": [
                    {
                        "default": false,
                        "duration": "P1D",
                        "itinerary_price_limit": 378,
                        "itinerary_price_remaining": 178,
                        "fare_lock_kind": "fee",
                        "price": 8.9,
                        "rule_instance_id": 26749,
                        "version": "v1"
                    },
                    {
                        "default": true,
                        "duration": "P3D",
                        "itinerary_price_limit": 378,
                        "itinerary_price_remaining": 178,
                        "fare_lock_kind": "fee",
                        "price": 17.8,
                        "rule_instance_id": 26748,
                        "version": "v1"
                    },
                    {
                        "default": false,
                        "duration": "P7D",
                        "itinerary_price_limit": 378,
                        "itinerary_price_remaining": 178,
                        "fare_lock_kind": "fee",
                        "price": 44.5,
                        "rule_instance_id": 26750,
                        "version": "v1"
                    }
                ]
            },
            "bags_price": {
                "1": 72.8,
                "2": 282.8
            },
            "baglimit": {
                "hand_dimensions_sum": 118,
                "hand_height": 40,
                "hand_length": 55,
                "hand_weight": 8,
                "hand_width": 23,
                "hold_dimensions_sum": 158,
                "hold_height": 52,
                "hold_length": 78,
                "hold_weight": 23,
                "hold_width": 28,
                "personal_item_dimension_sum": 95,
                "personal_item_height": 30,
                "personal_item_length": 40,
                "personal_item_weight": 8,
                "personal_item_width": 25
            },
            "availability": {
                "seats": 4
            },
            "airlines": [
                "EW"
            ],
            "route": [
                {
                    "id": "0b7717884e120000c51a71f4_0",
                    "combination_id": "0b7717884e120000c51a71f4",
                    "flyFrom": "BUD",
                    "flyTo": "HAM",
                    "cityFrom": "Budapest",
                    "cityCodeFrom": "BUD",
                    "cityTo": "Hamburg",
                    "cityCodeTo": "HAM",
                    "local_departure": "2024-09-20T20:45:00.000Z",
                    "utc_departure": "2024-09-20T18:45:00.000Z",
                    "local_arrival": "2024-09-20T22:30:00.000Z",
                    "utc_arrival": "2024-09-20T20:30:00.000Z",
                    "airline": "EW",
                    "flight_no": 7783,
                    "operating_carrier": "EW",
                    "operating_flight_no": "7783",
                    "fare_basis": "",
                    "fare_category": "M",
                    "fare_classes": "",
                    "return": 0,
                    "bags_recheck_required": false,
                    "vi_connection": false,
                    "guarantee": false,
                    "equipment": null,
                    "vehicle_type": "aircraft"
                },
                {
                    "id": "17880b774e190000bd422846_0",
                    "combination_id": "17880b774e190000bd422846",
                    "flyFrom": "HAM",
                    "flyTo": "BUD",
                    "cityFrom": "Hamburg",
                    "cityCodeFrom": "HAM",
                    "cityTo": "Budapest",
                    "cityCodeTo": "BUD",
                    "local_departure": "2024-09-27T18:25:00.000Z",
                    "utc_departure": "2024-09-27T16:25:00.000Z",
                    "local_arrival": "2024-09-27T20:05:00.000Z",
                    "utc_arrival": "2024-09-27T18:05:00.000Z",
                    "airline": "EW",
                    "flight_no": 7782,
                    "operating_carrier": "EW",
                    "operating_flight_no": "7782",
                    "fare_basis": "",
                    "fare_category": "M",
                    "fare_classes": "",
                    "return": 1,
                    "bags_recheck_required": false,
                    "vi_connection": false,
                    "guarantee": false,
                    "equipment": null,
                    "vehicle_type": "aircraft"
                }
            ],
            "booking_token": "HVx07OO2lo5vpiQNNpT5jRZFHAIRiWkDM7gbM7rfmyP-A0LSgpOVt905Z66uaRxrHDLgg2zZzleRAbYWVvrNG5-zpgDYd8CxZTS8RFKvQdnUg_R_xNqjW1xh3BEL9SdI1cK5duOefxbif3Aymu4f5dn_j_GV6LoM_6H8qrkfBarIONEC-UrPE5XQlASmT3aEHx3TBaJcALGKRMusquI4bWjZpg_lXTtjgWCnArtxihlJjddFXekoS_eJBQTKsDB4pvUDPZrGGZS3IuVZC4gv-B5kznsJjq2tQEjuB6KNX-XbKxwj0c1Kc50zNxzjiUPljK9wid-L5Y2zhmswcoHT2GsS96_zEvUn5zExmw0c4q5UmML3q0kbLb6hXNzBBmBynHezcUP4o3p2DtIQ10PC1KLVjtM4x4s7DlSLCbZsat670gC3l3P5Okg4Z9bhVMriZctgGnsOcRZWcCLbb6N68fhgCfDyKd7p_0xwklYaa9xGkE_zBxX9hVgkv0P5-WBHDFgZKn69Qa4hCsIvzdnH7XhmJvlI4G3zCsCzfr55Xc8YdOsa3KIjvdZA1FXHBMz-9KbkthQr-4WG8LauS09v85X_WouE_e_PsXPIi1HDAJw3NoQuYOrS0G4aYYhuSpHE_7Oo2eVmeE5hFcUI-QDQRpHM1v1Hxrq1Cnlm5YHQI35gq47e3z7JBRQw4KCsX_WUk",
            "deep_link": "https://www.kiwi.com/deep?affilid=mihalytest&currency=EUR&flightsId=0b7717884e120000c51a71f4_0%7C17880b774e190000bd422846_0&from=BUD&lang=en&passengers=1&to=HAM&booking_token=HVx07OO2lo5vpiQNNpT5jRZFHAIRiWkDM7gbM7rfmyP-A0LSgpOVt905Z66uaRxrHDLgg2zZzleRAbYWVvrNG5-zpgDYd8CxZTS8RFKvQdnUg_R_xNqjW1xh3BEL9SdI1cK5duOefxbif3Aymu4f5dn_j_GV6LoM_6H8qrkfBarIONEC-UrPE5XQlASmT3aEHx3TBaJcALGKRMusquI4bWjZpg_lXTtjgWCnArtxihlJjddFXekoS_eJBQTKsDB4pvUDPZrGGZS3IuVZC4gv-B5kznsJjq2tQEjuB6KNX-XbKxwj0c1Kc50zNxzjiUPljK9wid-L5Y2zhmswcoHT2GsS96_zEvUn5zExmw0c4q5UmML3q0kbLb6hXNzBBmBynHezcUP4o3p2DtIQ10PC1KLVjtM4x4s7DlSLCbZsat670gC3l3P5Okg4Z9bhVMriZctgGnsOcRZWcCLbb6N68fhgCfDyKd7p_0xwklYaa9xGkE_zBxX9hVgkv0P5-WBHDFgZKn69Qa4hCsIvzdnH7XhmJvlI4G3zCsCzfr55Xc8YdOsa3KIjvdZA1FXHBMz-9KbkthQr-4WG8LauS09v85X_WouE_e_PsXPIi1HDAJw3NoQuYOrS0G4aYYhuSpHE_7Oo2eVmeE5hFcUI-QDQRpHM1v1Hxrq1Cnlm5YHQI35gq47e3z7JBRQw4KCsX_WUk",
            "facilitated_booking_available": true,
            "pnr_count": 2,
            "has_airport_change": false,
            "technical_stops": 0,
            "throw_away_ticketing": false,
            "hidden_city_ticketing": false,
            "virtual_interlining": false
        },
        {
            "id": "0b7717884e1e000097a956e4_0|17880b774e250000d78b58c9_0",
            "flyFrom": "BUD",
            "flyTo": "HAM",
            "cityFrom": "Budapest",
            "cityCodeFrom": "BUD",
            "cityTo": "Hamburg",
            "cityCodeTo": "HAM",
            "countryFrom": {
                "code": "HU",
                "name": "Hungary"
            },
            "countryTo": {
                "code": "DE",
                "name": "Germany"
            },
            "local_departure": "2024-10-02T20:45:00.000Z",
            "utc_departure": "2024-10-02T18:45:00.000Z",
            "local_arrival": "2024-10-02T22:30:00.000Z",
            "utc_arrival": "2024-10-02T20:30:00.000Z",
            "nightsInDest": 7,
            "quality": 229.333205,
            "distance": 949.98,
            "duration": {
                "departure": 6300,
                "return": 6000,
                "total": 12300
            },
            "price": 178,
            "conversion": {
                "EUR": 178
            },
            "fare": {
                "adults": 178,
                "children": 178,
                "infants": 178
            },
            "fare_locks": {
                "EUR": [
                    {
                        "default": false,
                        "duration": "P1D",
                        "itinerary_price_limit": 378,
                        "itinerary_price_remaining": 178,
                        "fare_lock_kind": "fee",
                        "price": 8.9,
                        "rule_instance_id": 26749,
                        "version": "v1"
                    },
                    {
                        "default": true,
                        "duration": "P3D",
                        "itinerary_price_limit": 378,
                        "itinerary_price_remaining": 178,
                        "fare_lock_kind": "fee",
                        "price": 17.8,
                        "rule_instance_id": 26748,
                        "version": "v1"
                    },
                    {
                        "default": false,
                        "duration": "P7D",
                        "itinerary_price_limit": 378,
                        "itinerary_price_remaining": 178,
                        "fare_lock_kind": "fee",
                        "price": 44.5,
                        "rule_instance_id": 26750,
                        "version": "v1"
                    }
                ]
            },
            "bags_price": {
                "1": 72.8,
                "2": 282.8
            },
            "baglimit": {
                "hand_dimensions_sum": 118,
                "hand_height": 40,
                "hand_length": 55,
                "hand_weight": 8,
                "hand_width": 23,
                "hold_dimensions_sum": 158,
                "hold_height": 52,
                "hold_length": 78,
                "hold_weight": 23,
                "hold_width": 28,
                "personal_item_dimension_sum": 95,
                "personal_item_height": 30,
                "personal_item_length": 40,
                "personal_item_weight": 8,
                "personal_item_width": 25
            },
            "availability": {
                "seats": 6
            },
            "airlines": [
                "EW"
            ],
            "route": [
                {
                    "id": "0b7717884e1e000097a956e4_0",
                    "combination_id": "0b7717884e1e000097a956e4",
                    "flyFrom": "BUD",
                    "flyTo": "HAM",
                    "cityFrom": "Budapest",
                    "cityCodeFrom": "BUD",
                    "cityTo": "Hamburg",
                    "cityCodeTo": "HAM",
                    "local_departure": "2024-10-02T20:45:00.000Z",
                    "utc_departure": "2024-10-02T18:45:00.000Z",
                    "local_arrival": "2024-10-02T22:30:00.000Z",
                    "utc_arrival": "2024-10-02T20:30:00.000Z",
                    "airline": "EW",
                    "flight_no": 7783,
                    "operating_carrier": "EW",
                    "operating_flight_no": "7783",
                    "fare_basis": "",
                    "fare_category": "M",
                    "fare_classes": "",
                    "return": 0,
                    "bags_recheck_required": false,
                    "vi_connection": false,
                    "guarantee": false,
                    "equipment": null,
                    "vehicle_type": "aircraft"
                },
                {
                    "id": "17880b774e250000d78b58c9_0",
                    "combination_id": "17880b774e250000d78b58c9",
                    "flyFrom": "HAM",
                    "flyTo": "BUD",
                    "cityFrom": "Hamburg",
                    "cityCodeFrom": "HAM",
                    "cityTo": "Budapest",
                    "cityCodeTo": "BUD",
                    "local_departure": "2024-10-09T18:25:00.000Z",
                    "utc_departure": "2024-10-09T16:25:00.000Z",
                    "local_arrival": "2024-10-09T20:05:00.000Z",
                    "utc_arrival": "2024-10-09T18:05:00.000Z",
                    "airline": "EW",
                    "flight_no": 7782,
                    "operating_carrier": "EW",
                    "operating_flight_no": "7782",
                    "fare_basis": "",
                    "fare_category": "M",
                    "fare_classes": "",
                    "return": 1,
                    "bags_recheck_required": false,
                    "vi_connection": false,
                    "guarantee": false,
                    "equipment": null,
                    "vehicle_type": "aircraft"
                }
            ],
            "booking_token": "HBg1GlllZqJSpqbMk25La6JIlPf17dZAlx4gzYiViZBY_QzP27I4HmFiTOEPI2GW90dZpMqdOJ-RwlytU-AT2t2a0i8k2S5ntwxZNnNUoJSWGjemyHT6vwYiKh3H25vpM_scN8wQrNigr7nYUClm-5U1fqcWktqkOTeP01Ser67WzYyd3JnOaweHNIByMGbB_iUslIaBjAvkomyrwPdISj3s4Q0Rsbge-nX8_OcIJSehU5MiXMsvjZcPKggitdClXezZi9dY5Hmu35Rc59cOFvrJvz14bRTpkonUmWEgCgP0y0E3bQZw-G0celnNdVPot20lFVqBlckCIH_me8stDKJNza2WrjRBjk5FBssRh5Piee8nhLmwOjEZpY8MPUo8uYPUzt_yIIU0pyBAaBbE8Em2IbCBOGJiYKbhYZUKcCWOv80kjme0oS56P2ZJ-gAtpNEdzETsKS2gL1wzWMq7rjUFohMwmWJfwWUGvYfk6O5bjjFHB9n_Vc6YJNhIlay2A9EAUotO-bQB88vi1zDrevl7qZ8qaGNbo_3b2uRAg8xdCxEgoB3rkLiHlEtYNURKaKjZmKIiepKRVsb8MdjXjbrZQ58b-o6eT6Z3_iLCyfRu-oE19VTBcF6f3HBdlZAteHbepW0_50j587JZi2VVkCWRZdnH9j87QphfoZEPqLfwubVrfNThoPL-oBcqH6wyxPdkVmxf5eIWTUzNgP4kWIQ==",
            "deep_link": "https://www.kiwi.com/deep?affilid=mihalytest&currency=EUR&flightsId=0b7717884e1e000097a956e4_0%7C17880b774e250000d78b58c9_0&from=BUD&lang=en&passengers=1&to=HAM&booking_token=HBg1GlllZqJSpqbMk25La6JIlPf17dZAlx4gzYiViZBY_QzP27I4HmFiTOEPI2GW90dZpMqdOJ-RwlytU-AT2t2a0i8k2S5ntwxZNnNUoJSWGjemyHT6vwYiKh3H25vpM_scN8wQrNigr7nYUClm-5U1fqcWktqkOTeP01Ser67WzYyd3JnOaweHNIByMGbB_iUslIaBjAvkomyrwPdISj3s4Q0Rsbge-nX8_OcIJSehU5MiXMsvjZcPKggitdClXezZi9dY5Hmu35Rc59cOFvrJvz14bRTpkonUmWEgCgP0y0E3bQZw-G0celnNdVPot20lFVqBlckCIH_me8stDKJNza2WrjRBjk5FBssRh5Piee8nhLmwOjEZpY8MPUo8uYPUzt_yIIU0pyBAaBbE8Em2IbCBOGJiYKbhYZUKcCWOv80kjme0oS56P2ZJ-gAtpNEdzETsKS2gL1wzWMq7rjUFohMwmWJfwWUGvYfk6O5bjjFHB9n_Vc6YJNhIlay2A9EAUotO-bQB88vi1zDrevl7qZ8qaGNbo_3b2uRAg8xdCxEgoB3rkLiHlEtYNURKaKjZmKIiepKRVsb8MdjXjbrZQ58b-o6eT6Z3_iLCyfRu-oE19VTBcF6f3HBdlZAteHbepW0_50j587JZi2VVkCWRZdnH9j87QphfoZEPqLfwubVrfNThoPL-oBcqH6wyxPdkVmxf5eIWTUzNgP4kWIQ==",
            "facilitated_booking_available": true,
            "pnr_count": 2,
            "has_airport_change": false,
            "technical_stops": 0,
            "throw_away_ticketing": false,
            "hidden_city_ticketing": false,
            "virtual_interlining": false
        },
        {
            "id": "0b7717884e5b0000615ec17a_0|17880b774e61000094f47c9e_0",
            "flyFrom": "BUD",
            "flyTo": "HAM",
            "cityFrom": "Budapest",
            "cityCodeFrom": "BUD",
            "cityTo": "Hamburg",
            "cityCodeTo": "HAM",
            "countryFrom": {
                "code": "HU",
                "name": "Hungary"
            },
            "countryTo": {
                "code": "DE",
                "name": "Germany"
            },
            "local_departure": "2024-12-02T09:15:00.000Z",
            "utc_departure": "2024-12-02T08:15:00.000Z",
            "local_arrival": "2024-12-02T11:05:00.000Z",
            "utc_arrival": "2024-12-02T10:05:00.000Z",
            "nightsInDest": 6,
            "quality": 230.666535,
            "distance": 949.98,
            "duration": {
                "departure": 6600,
                "return": 6300,
                "total": 12900
            },
            "price": 178,
            "conversion": {
                "EUR": 178
            },
            "fare": {
                "adults": 178,
                "children": 178,
                "infants": 178
            },
            "fare_locks": {
                "EUR": [
                    {
                        "default": false,
                        "duration": "P1D",
                        "itinerary_price_limit": 378,
                        "itinerary_price_remaining": 178,
                        "fare_lock_kind": "fee",
                        "price": 8.9,
                        "rule_instance_id": 26749,
                        "version": "v1"
                    },
                    {
                        "default": true,
                        "duration": "P3D",
                        "itinerary_price_limit": 378,
                        "itinerary_price_remaining": 178,
                        "fare_lock_kind": "fee",
                        "price": 17.8,
                        "rule_instance_id": 26748,
                        "version": "v1"
                    },
                    {
                        "default": false,
                        "duration": "P7D",
                        "itinerary_price_limit": 378,
                        "itinerary_price_remaining": 178,
                        "fare_lock_kind": "fee",
                        "price": 44.5,
                        "rule_instance_id": 26750,
                        "version": "v1"
                    }
                ]
            },
            "bags_price": {
                "1": 72.8,
                "2": 282.8
            },
            "baglimit": {
                "hand_dimensions_sum": 118,
                "hand_height": 40,
                "hand_length": 55,
                "hand_weight": 8,
                "hand_width": 23,
                "hold_dimensions_sum": 158,
                "hold_height": 52,
                "hold_length": 78,
                "hold_weight": 23,
                "hold_width": 28,
                "personal_item_dimension_sum": 95,
                "personal_item_height": 30,
                "personal_item_length": 40,
                "personal_item_weight": 8,
                "personal_item_width": 25
            },
            "availability": {
                "seats": 9
            },
            "airlines": [
                "EW"
            ],
            "route": [
                {
                    "id": "0b7717884e5b0000615ec17a_0",
                    "combination_id": "0b7717884e5b0000615ec17a",
                    "flyFrom": "BUD",
                    "flyTo": "HAM",
                    "cityFrom": "Budapest",
                    "cityCodeFrom": "BUD",
                    "cityTo": "Hamburg",
                    "cityCodeTo": "HAM",
                    "local_departure": "2024-12-02T09:15:00.000Z",
                    "utc_departure": "2024-12-02T08:15:00.000Z",
                    "local_arrival": "2024-12-02T11:05:00.000Z",
                    "utc_arrival": "2024-12-02T10:05:00.000Z",
                    "airline": "EW",
                    "flight_no": 7781,
                    "operating_carrier": "EW",
                    "operating_flight_no": "7781",
                    "fare_basis": "",
                    "fare_category": "M",
                    "fare_classes": "",
                    "return": 0,
                    "bags_recheck_required": false,
                    "vi_connection": false,
                    "guarantee": false,
                    "equipment": null,
                    "vehicle_type": "aircraft"
                },
                {
                    "id": "17880b774e61000094f47c9e_0",
                    "combination_id": "17880b774e61000094f47c9e",
                    "flyFrom": "HAM",
                    "flyTo": "BUD",
                    "cityFrom": "Hamburg",
                    "cityCodeFrom": "HAM",
                    "cityTo": "Budapest",
                    "cityCodeTo": "BUD",
                    "local_departure": "2024-12-08T13:05:00.000Z",
                    "utc_departure": "2024-12-08T12:05:00.000Z",
                    "local_arrival": "2024-12-08T14:50:00.000Z",
                    "utc_arrival": "2024-12-08T13:50:00.000Z",
                    "airline": "EW",
                    "flight_no": 7780,
                    "operating_carrier": "EW",
                    "operating_flight_no": "7780",
                    "fare_basis": "",
                    "fare_category": "M",
                    "fare_classes": "",
                    "return": 1,
                    "bags_recheck_required": false,
                    "vi_connection": false,
                    "guarantee": false,
                    "equipment": null,
                    "vehicle_type": "aircraft"
                }
            ],
            "booking_token": "Hq26pF02wFJbomlE7HuAl2qeIZKCs4PzS0IVBjVQ7txJxX0KaEjp8fdUQwFv9AJGRi5I4zB8Alg92KCvRgBgicfAxpk6uUqAG8hEMpTTKQHvg4NlqjNO_btDt23QApNVhDwswpxdZ5mBxMFP91hEFSaJRjlZWHONOO8NGCqAo9QGLgZSGuuRYPiNEAZ54aoNlB49sj7krqFRNmqT46wNsSdqeUGeb8xLw-I2K0nTVrdjiaxfq9IwryJCaFwRI2q1s8h7qE_fZuLzyhcujGh9pgz7jB64ckIYXACosTlsOYsU7dBWkjWhpVgE6P9aKywaFefaAE7cP5D8PLoo5nd3ZkLbdXaIkSsc6Wj5-0vpiZZk_RHfT0FjM7rHrpyMbANLonkRejLqMAKfw5mloB1pmgsl84QqJxZDiECXkuQf_e46rGjdt02l-XqNsJYqrmHebiAywnM5T9XRaU6c0hq6YSvvCrFzPRpq-nQNwUh5DczxCbIdeiexEwx9tv0ufLIHJJ4HbZQifu7pC-E5Dr6Hg-ds2ymSG25R6ZepT1NFqPO1Kn-bMAYDNnGGD3LVaMIv3YaNEMEXOXQgCK5XiEHB72A_6tTQGthkynbGpE-_cMOy848MuMFJxw16c_rwwups904akw4SM2pdd160vDTKFaeON_wu88BCscdmOax2UpHnw_o7_BKw5wYApOZd3HcvK",
            "deep_link": "https://www.kiwi.com/deep?affilid=mihalytest&currency=EUR&flightsId=0b7717884e5b0000615ec17a_0%7C17880b774e61000094f47c9e_0&from=BUD&lang=en&passengers=1&to=HAM&booking_token=Hq26pF02wFJbomlE7HuAl2qeIZKCs4PzS0IVBjVQ7txJxX0KaEjp8fdUQwFv9AJGRi5I4zB8Alg92KCvRgBgicfAxpk6uUqAG8hEMpTTKQHvg4NlqjNO_btDt23QApNVhDwswpxdZ5mBxMFP91hEFSaJRjlZWHONOO8NGCqAo9QGLgZSGuuRYPiNEAZ54aoNlB49sj7krqFRNmqT46wNsSdqeUGeb8xLw-I2K0nTVrdjiaxfq9IwryJCaFwRI2q1s8h7qE_fZuLzyhcujGh9pgz7jB64ckIYXACosTlsOYsU7dBWkjWhpVgE6P9aKywaFefaAE7cP5D8PLoo5nd3ZkLbdXaIkSsc6Wj5-0vpiZZk_RHfT0FjM7rHrpyMbANLonkRejLqMAKfw5mloB1pmgsl84QqJxZDiECXkuQf_e46rGjdt02l-XqNsJYqrmHebiAywnM5T9XRaU6c0hq6YSvvCrFzPRpq-nQNwUh5DczxCbIdeiexEwx9tv0ufLIHJJ4HbZQifu7pC-E5Dr6Hg-ds2ymSG25R6ZepT1NFqPO1Kn-bMAYDNnGGD3LVaMIv3YaNEMEXOXQgCK5XiEHB72A_6tTQGthkynbGpE-_cMOy848MuMFJxw16c_rwwups904akw4SM2pdd160vDTKFaeON_wu88BCscdmOax2UpHnw_o7_BKw5wYApOZd3HcvK",
            "facilitated_booking_available": true,
            "pnr_count": 2,
            "has_airport_change": false,
            "technical_stops": 0,
            "throw_away_ticketing": false,
            "hidden_city_ticketing": false,
            "virtual_interlining": false
        },
        {
            "id": "0b7717884e5a000085d9f6fe_0|17880b774e61000094f47c9e_0",
            "flyFrom": "BUD",
            "flyTo": "HAM",
            "cityFrom": "Budapest",
            "cityCodeFrom": "BUD",
            "cityTo": "Hamburg",
            "cityCodeTo": "HAM",
            "countryFrom": {
                "code": "HU",
                "name": "Hungary"
            },
            "countryTo": {
                "code": "DE",
                "name": "Germany"
            },
            "local_departure": "2024-12-01T15:35:00.000Z",
            "utc_departure": "2024-12-01T14:35:00.000Z",
            "local_arrival": "2024-12-01T17:25:00.000Z",
            "utc_arrival": "2024-12-01T16:25:00.000Z",
            "nightsInDest": 7,
            "quality": 230.666535,
            "distance": 949.98,
            "duration": {
                "departure": 6600,
                "return": 6300,
                "total": 12900
            },
            "price": 178,
            "conversion": {
                "EUR": 178
            },
            "fare": {
                "adults": 178,
                "children": 178,
                "infants": 178
            },
            "fare_locks": {
                "EUR": [
                    {
                        "default": false,
                        "duration": "P1D",
                        "itinerary_price_limit": 378,
                        "itinerary_price_remaining": 178,
                        "fare_lock_kind": "fee",
                        "price": 8.9,
                        "rule_instance_id": 26749,
                        "version": "v1"
                    },
                    {
                        "default": true,
                        "duration": "P3D",
                        "itinerary_price_limit": 378,
                        "itinerary_price_remaining": 178,
                        "fare_lock_kind": "fee",
                        "price": 17.8,
                        "rule_instance_id": 26748,
                        "version": "v1"
                    },
                    {
                        "default": false,
                        "duration": "P7D",
                        "itinerary_price_limit": 378,
                        "itinerary_price_remaining": 178,
                        "fare_lock_kind": "fee",
                        "price": 44.5,
                        "rule_instance_id": 26750,
                        "version": "v1"
                    }
                ]
            },
            "bags_price": {
                "1": 72.8,
                "2": 282.8
            },
            "baglimit": {
                "hand_dimensions_sum": 118,
                "hand_height": 40,
                "hand_length": 55,
                "hand_weight": 8,
                "hand_width": 23,
                "hold_dimensions_sum": 158,
                "hold_height": 52,
                "hold_length": 78,
                "hold_weight": 23,
                "hold_width": 28,
                "personal_item_dimension_sum": 95,
                "personal_item_height": 30,
                "personal_item_length": 40,
                "personal_item_weight": 8,
                "personal_item_width": 25
            },
            "availability": {
                "seats": 9
            },
            "airlines": [
                "EW"
            ],
            "route": [
                {
                    "id": "0b7717884e5a000085d9f6fe_0",
                    "combination_id": "0b7717884e5a000085d9f6fe",
                    "flyFrom": "BUD",
                    "flyTo": "HAM",
                    "cityFrom": "Budapest",
                    "cityCodeFrom": "BUD",
                    "cityTo": "Hamburg",
                    "cityCodeTo": "HAM",
                    "local_departure": "2024-12-01T15:35:00.000Z",
                    "utc_departure": "2024-12-01T14:35:00.000Z",
                    "local_arrival": "2024-12-01T17:25:00.000Z",
                    "utc_arrival": "2024-12-01T16:25:00.000Z",
                    "airline": "EW",
                    "flight_no": 7781,
                    "operating_carrier": "EW",
                    "operating_flight_no": "7781",
                    "fare_basis": "",
                    "fare_category": "M",
                    "fare_classes": "",
                    "return": 0,
                    "bags_recheck_required": false,
                    "vi_connection": false,
                    "guarantee": false,
                    "equipment": null,
                    "vehicle_type": "aircraft"
                },
                {
                    "id": "17880b774e61000094f47c9e_0",
                    "combination_id": "17880b774e61000094f47c9e",
                    "flyFrom": "HAM",
                    "flyTo": "BUD",
                    "cityFrom": "Hamburg",
                    "cityCodeFrom": "HAM",
                    "cityTo": "Budapest",
                    "cityCodeTo": "BUD",
                    "local_departure": "2024-12-08T13:05:00.000Z",
                    "utc_departure": "2024-12-08T12:05:00.000Z",
                    "local_arrival": "2024-12-08T14:50:00.000Z",
                    "utc_arrival": "2024-12-08T13:50:00.000Z",
                    "airline": "EW",
                    "flight_no": 7780,
                    "operating_carrier": "EW",
                    "operating_flight_no": "7780",
                    "fare_basis": "",
                    "fare_category": "M",
                    "fare_classes": "",
                    "return": 1,
                    "bags_recheck_required": false,
                    "vi_connection": false,
                    "guarantee": false,
                    "equipment": null,
                    "vehicle_type": "aircraft"
                }
            ],
            "booking_token": "HjyzweK8LLksrQZhv-Nl7nmRAQjtull8WqLbt_SoZdiKqo3HUgxk8uTa-E25qG9ccEHsSPzPpCxgRKVrv-G1L3OJd2axdfUy9uinMcFO3tr1roYJ8w0FljWNOoyOcJ_6xVWOfDix0eAaTMqJccLut9EubU_yirLo-KuX7ku2V8XPF8HAEMXJ94t2l2qTzTY6D6vhkwHQ_2Mh-zOPA0qYSTH-6XKDYRgs18qPzpc_nVROhbaPPmAyM_0a1Ie2_7SNOPM6j0Yv0WISQM8C-fpbpMjM9kmr8aoOaZrzYHa4B1ASTvwYnrquLsJEgCEsVfd57aWq51CRNq0SgbG_7nj_HRROZfHRTGcXyOhGKDNl7LP55H3OyckGrQjrz6yvILNpHhO4WWMMt_b1m0n3UbvoeB9RBlwi67xZBUr061BR_8lW2pRg1FtRDs9XfWRr0e-zr4CIsLOj5kcCh5hQYZkcKeIZKgKbvy9Iy5VSB6QQIFq6ypTfNcmBvL0BTW5cIOOZQf4yFuKUvQS2lb93kuGi7qUMqD7KM3vNPQ67VnATZECZiWWs8N7kuuT4GylTyfOWKheun7dmoWYtIAIyruABnEqyg599JsctAIHXAc2Gbi5xzJzDjJ_WEEsYbnkYsxPSVsNjmCwUhJZhQTx0HmyqYFycC8cxvnAE_io5aWcvCVNh4vBwmQF9FoFN_AkDzcodd0YI3GU2jhVaNSviWsc4wsw==",
            "deep_link": "https://www.kiwi.com/deep?affilid=mihalytest&currency=EUR&flightsId=0b7717884e5a000085d9f6fe_0%7C17880b774e61000094f47c9e_0&from=BUD&lang=en&passengers=1&to=HAM&booking_token=HjyzweK8LLksrQZhv-Nl7nmRAQjtull8WqLbt_SoZdiKqo3HUgxk8uTa-E25qG9ccEHsSPzPpCxgRKVrv-G1L3OJd2axdfUy9uinMcFO3tr1roYJ8w0FljWNOoyOcJ_6xVWOfDix0eAaTMqJccLut9EubU_yirLo-KuX7ku2V8XPF8HAEMXJ94t2l2qTzTY6D6vhkwHQ_2Mh-zOPA0qYSTH-6XKDYRgs18qPzpc_nVROhbaPPmAyM_0a1Ie2_7SNOPM6j0Yv0WISQM8C-fpbpMjM9kmr8aoOaZrzYHa4B1ASTvwYnrquLsJEgCEsVfd57aWq51CRNq0SgbG_7nj_HRROZfHRTGcXyOhGKDNl7LP55H3OyckGrQjrz6yvILNpHhO4WWMMt_b1m0n3UbvoeB9RBlwi67xZBUr061BR_8lW2pRg1FtRDs9XfWRr0e-zr4CIsLOj5kcCh5hQYZkcKeIZKgKbvy9Iy5VSB6QQIFq6ypTfNcmBvL0BTW5cIOOZQf4yFuKUvQS2lb93kuGi7qUMqD7KM3vNPQ67VnATZECZiWWs8N7kuuT4GylTyfOWKheun7dmoWYtIAIyruABnEqyg599JsctAIHXAc2Gbi5xzJzDjJ_WEEsYbnkYsxPSVsNjmCwUhJZhQTx0HmyqYFycC8cxvnAE_io5aWcvCVNh4vBwmQF9FoFN_AkDzcodd0YI3GU2jhVaNSviWsc4wsw==",
            "facilitated_booking_available": true,
            "pnr_count": 2,
            "has_airport_change": false,
            "technical_stops": 0,
            "throw_away_ticketing": false,
            "hidden_city_ticketing": false,
            "virtual_interlining": false
        },
        {
            "id": "0b7717884e680000c4a11538_0|17880b774e6900002ba74153_0",
            "flyFrom": "BUD",
            "flyTo": "HAM",
            "cityFrom": "Budapest",
            "cityCodeFrom": "BUD",
            "cityTo": "Hamburg",
            "cityCodeTo": "HAM",
            "countryFrom": {
                "code": "HU",
                "name": "Hungary"
            },
            "countryTo": {
                "code": "DE",
                "name": "Germany"
            },
            "local_departure": "2024-12-15T15:35:00.000Z",
            "utc_departure": "2024-12-15T14:35:00.000Z",
            "local_arrival": "2024-12-15T17:25:00.000Z",
            "utc_arrival": "2024-12-15T16:25:00.000Z",
            "nightsInDest": 1,
            "quality": 230.666535,
            "distance": 949.98,
            "duration": {
                "departure": 6600,
                "return": 6300,
                "total": 12900
            },
            "price": 178,
            "conversion": {
                "EUR": 178
            },
            "fare": {
                "adults": 178,
                "children": 178,
                "infants": 178
            },
            "fare_locks": {
                "EUR": [
                    {
                        "default": false,
                        "duration": "P1D",
                        "itinerary_price_limit": 378,
                        "itinerary_price_remaining": 178,
                        "fare_lock_kind": "fee",
                        "price": 8.9,
                        "rule_instance_id": 26749,
                        "version": "v1"
                    },
                    {
                        "default": true,
                        "duration": "P3D",
                        "itinerary_price_limit": 378,
                        "itinerary_price_remaining": 178,
                        "fare_lock_kind": "fee",
                        "price": 17.8,
                        "rule_instance_id": 26748,
                        "version": "v1"
                    },
                    {
                        "default": false,
                        "duration": "P7D",
                        "itinerary_price_limit": 378,
                        "itinerary_price_remaining": 178,
                        "fare_lock_kind": "fee",
                        "price": 44.5,
                        "rule_instance_id": 26750,
                        "version": "v1"
                    }
                ]
            },
            "bags_price": {
                "1": 72.8,
                "2": 282.8
            },
            "baglimit": {
                "hand_dimensions_sum": 118,
                "hand_height": 40,
                "hand_length": 55,
                "hand_weight": 8,
                "hand_width": 23,
                "hold_dimensions_sum": 158,
                "hold_height": 52,
                "hold_length": 78,
                "hold_weight": 23,
                "hold_width": 28,
                "personal_item_dimension_sum": 95,
                "personal_item_height": 30,
                "personal_item_length": 40,
                "personal_item_weight": 8,
                "personal_item_width": 25
            },
            "availability": {
                "seats": 7
            },
            "airlines": [
                "EW"
            ],
            "route": [
                {
                    "id": "0b7717884e680000c4a11538_0",
                    "combination_id": "0b7717884e680000c4a11538",
                    "flyFrom": "BUD",
                    "flyTo": "HAM",
                    "cityFrom": "Budapest",
                    "cityCodeFrom": "BUD",
                    "cityTo": "Hamburg",
                    "cityCodeTo": "HAM",
                    "local_departure": "2024-12-15T15:35:00.000Z",
                    "utc_departure": "2024-12-15T14:35:00.000Z",
                    "local_arrival": "2024-12-15T17:25:00.000Z",
                    "utc_arrival": "2024-12-15T16:25:00.000Z",
                    "airline": "EW",
                    "flight_no": 7781,
                    "operating_carrier": "EW",
                    "operating_flight_no": "7781",
                    "fare_basis": "",
                    "fare_category": "M",
                    "fare_classes": "",
                    "return": 0,
                    "bags_recheck_required": false,
                    "vi_connection": false,
                    "guarantee": false,
                    "equipment": null,
                    "vehicle_type": "aircraft"
                },
                {
                    "id": "17880b774e6900002ba74153_0",
                    "combination_id": "17880b774e6900002ba74153",
                    "flyFrom": "HAM",
                    "flyTo": "BUD",
                    "cityFrom": "Hamburg",
                    "cityCodeFrom": "HAM",
                    "cityTo": "Budapest",
                    "cityCodeTo": "BUD",
                    "local_departure": "2024-12-16T06:45:00.000Z",
                    "utc_departure": "2024-12-16T05:45:00.000Z",
                    "local_arrival": "2024-12-16T08:30:00.000Z",
                    "utc_arrival": "2024-12-16T07:30:00.000Z",
                    "airline": "EW",
                    "flight_no": 7780,
                    "operating_carrier": "EW",
                    "operating_flight_no": "7780",
                    "fare_basis": "",
                    "fare_category": "M",
                    "fare_classes": "X",
                    "return": 1,
                    "bags_recheck_required": false,
                    "vi_connection": false,
                    "guarantee": false,
                    "equipment": null,
                    "vehicle_type": "aircraft"
                }
            ],
            "booking_token": "Hmu2BaGwfg79MIWmuZEphZ2qPR6ddxCED4NB1XhSCbFsFDp5-6JaBrCtVQdiVCB6QFG7lnCLZZjG-CZWHO5CPMv8qh7n8gFcFhDkRG5QPO3ZT1m_m-DJbbHxplygF-atAbaR4MEGlupZGAYlVJDf9FOmOE71pkhmNlTd5N27b80ztgLSkECx6_NDHy65XSkx30PdeLHdm3cYxYeCL6iaDhVsUOaHfvAV71t5BVN-XKm3_eThJHi2eyNB-lGNgY6Rvo9WUPxxdA4JzmWWiISVkln5DL5f9K4zPE0hB0DHm_RhtDEOJASUXKZeBPdmIk1UXLEy1XGVBp5rnUxl5jd_TNb1kHVC9Pdo0_hP2kMB-_rw5h-ZK4T5wsijU9HCkpHpB_0KCRNhiR2Vjsv805Vi0nvoDBc_Py5VHi03EnGYZsmkudN2caYx3z3k59NycuHHS93t8NeGAnqvin3F0CrtQHSVd1bMB7YIc6lkenPvVdnCIDEQgTOVMJbAO3HJ9ycrEZgSW_1M3XwfeMd-hD8XL7DuGQdY3bk6AQp49cABpDTDXl8QotjUCYDo4AxNXyYCnH8xz3DDeyA2kgIFFfZmw7DxYHMzLR9lWe29CF71OkTN8H3o9Erqj-8JyhvcacEiu9JJrnzwd_WgMJ8nD9DMAKO9eQiLKt1OfFrMtKWjPJTc=",
            "deep_link": "https://www.kiwi.com/deep?affilid=mihalytest&currency=EUR&flightsId=0b7717884e680000c4a11538_0%7C17880b774e6900002ba74153_0&from=BUD&lang=en&passengers=1&to=HAM&booking_token=Hmu2BaGwfg79MIWmuZEphZ2qPR6ddxCED4NB1XhSCbFsFDp5-6JaBrCtVQdiVCB6QFG7lnCLZZjG-CZWHO5CPMv8qh7n8gFcFhDkRG5QPO3ZT1m_m-DJbbHxplygF-atAbaR4MEGlupZGAYlVJDf9FOmOE71pkhmNlTd5N27b80ztgLSkECx6_NDHy65XSkx30PdeLHdm3cYxYeCL6iaDhVsUOaHfvAV71t5BVN-XKm3_eThJHi2eyNB-lGNgY6Rvo9WUPxxdA4JzmWWiISVkln5DL5f9K4zPE0hB0DHm_RhtDEOJASUXKZeBPdmIk1UXLEy1XGVBp5rnUxl5jd_TNb1kHVC9Pdo0_hP2kMB-_rw5h-ZK4T5wsijU9HCkpHpB_0KCRNhiR2Vjsv805Vi0nvoDBc_Py5VHi03EnGYZsmkudN2caYx3z3k59NycuHHS93t8NeGAnqvin3F0CrtQHSVd1bMB7YIc6lkenPvVdnCIDEQgTOVMJbAO3HJ9ycrEZgSW_1M3XwfeMd-hD8XL7DuGQdY3bk6AQp49cABpDTDXl8QotjUCYDo4AxNXyYCnH8xz3DDeyA2kgIFFfZmw7DxYHMzLR9lWe29CF71OkTN8H3o9Erqj-8JyhvcacEiu9JJrnzwd_WgMJ8nD9DMAKO9eQiLKt1OfFrMtKWjPJTc=",
            "facilitated_booking_available": true,
            "pnr_count": 2,
            "has_airport_change": false,
            "technical_stops": 0,
            "throw_away_ticketing": false,
            "hidden_city_ticketing": false,
            "virtual_interlining": false
        },
        {
            "id": "0b7717884e6100004b285609_0|17880b774e6800001b7d3faf_0",
            "flyFrom": "BUD",
            "flyTo": "HAM",
            "cityFrom": "Budapest",
            "cityCodeFrom": "BUD",
            "cityTo": "Hamburg",
            "cityCodeTo": "HAM",
            "countryFrom": {
                "code": "HU",
                "name": "Hungary"
            },
            "countryTo": {
                "code": "DE",
                "name": "Germany"
            },
            "local_departure": "2024-12-08T15:35:00.000Z",
            "utc_departure": "2024-12-08T14:35:00.000Z",
            "local_arrival": "2024-12-08T17:25:00.000Z",
            "utc_arrival": "2024-12-08T16:25:00.000Z",
            "nightsInDest": 7,
            "quality": 230.666535,
            "distance": 949.98,
            "duration": {
                "departure": 6600,
                "return": 6300,
                "total": 12900
            },
            "price": 178,
            "conversion": {
                "EUR": 178
            },
            "fare": {
                "adults": 178,
                "children": 178,
                "infants": 178
            },
            "fare_locks": {
                "EUR": [
                    {
                        "default": false,
                        "duration": "P1D",
                        "itinerary_price_limit": 378,
                        "itinerary_price_remaining": 178,
                        "fare_lock_kind": "fee",
                        "price": 8.9,
                        "rule_instance_id": 26749,
                        "version": "v1"
                    },
                    {
                        "default": true,
                        "duration": "P3D",
                        "itinerary_price_limit": 378,
                        "itinerary_price_remaining": 178,
                        "fare_lock_kind": "fee",
                        "price": 17.8,
                        "rule_instance_id": 26748,
                        "version": "v1"
                    },
                    {
                        "default": false,
                        "duration": "P7D",
                        "itinerary_price_limit": 378,
                        "itinerary_price_remaining": 178,
                        "fare_lock_kind": "fee",
                        "price": 44.5,
                        "rule_instance_id": 26750,
                        "version": "v1"
                    }
                ]
            },
            "bags_price": {
                "1": 72.8,
                "2": 282.8
            },
            "baglimit": {
                "hand_dimensions_sum": 118,
                "hand_height": 40,
                "hand_length": 55,
                "hand_weight": 8,
                "hand_width": 23,
                "hold_dimensions_sum": 158,
                "hold_height": 52,
                "hold_length": 78,
                "hold_weight": 23,
                "hold_width": 28,
                "personal_item_dimension_sum": 95,
                "personal_item_height": 30,
                "personal_item_length": 40,
                "personal_item_weight": 8,
                "personal_item_width": 25
            },
            "availability": {
                "seats": 9
            },
            "airlines": [
                "EW"
            ],
            "route": [
                {
                    "id": "0b7717884e6100004b285609_0",
                    "combination_id": "0b7717884e6100004b285609",
                    "flyFrom": "BUD",
                    "flyTo": "HAM",
                    "cityFrom": "Budapest",
                    "cityCodeFrom": "BUD",
                    "cityTo": "Hamburg",
                    "cityCodeTo": "HAM",
                    "local_departure": "2024-12-08T15:35:00.000Z",
                    "utc_departure": "2024-12-08T14:35:00.000Z",
                    "local_arrival": "2024-12-08T17:25:00.000Z",
                    "utc_arrival": "2024-12-08T16:25:00.000Z",
                    "airline": "EW",
                    "flight_no": 7781,
                    "operating_carrier": "EW",
                    "operating_flight_no": "7781",
                    "fare_basis": "",
                    "fare_category": "M",
                    "fare_classes": "",
                    "return": 0,
                    "bags_recheck_required": false,
                    "vi_connection": false,
                    "guarantee": false,
                    "equipment": null,
                    "vehicle_type": "aircraft"
                },
                {
                    "id": "17880b774e6800001b7d3faf_0",
                    "combination_id": "17880b774e6800001b7d3faf",
                    "flyFrom": "HAM",
                    "flyTo": "BUD",
                    "cityFrom": "Hamburg",
                    "cityCodeFrom": "HAM",
                    "cityTo": "Budapest",
                    "cityCodeTo": "BUD",
                    "local_departure": "2024-12-15T13:05:00.000Z",
                    "utc_departure": "2024-12-15T12:05:00.000Z",
                    "local_arrival": "2024-12-15T14:50:00.000Z",
                    "utc_arrival": "2024-12-15T13:50:00.000Z",
                    "airline": "EW",
                    "flight_no": 7780,
                    "operating_carrier": "EW",
                    "operating_flight_no": "7780",
                    "fare_basis": "",
                    "fare_category": "M",
                    "fare_classes": "X",
                    "return": 1,
                    "bags_recheck_required": false,
                    "vi_connection": false,
                    "guarantee": false,
                    "equipment": null,
                    "vehicle_type": "aircraft"
                }
            ],
            "booking_token": "HuDyxQSDn0Fwq3mw9kJ-Vu2rvj_1c0iAM-HuYPBqCpTvJiaknTRxLWdV-2jcg3_CJQu7phnPcHA1RdshoMOxdhEs81Yxfkp-tt3LP_Fr5DcvMv5rJ1cAHOOEBzLB1mgPp4pU-_iG7QADooYym_ExLdNy_lrhh-Pbfoy835VbMrBZbRsm-Mw37QT3HlDilqmT3NrWgIg_EtMl0KhKKbw872c6ouJoEXg1s7aNQZ6Xelud3-1_n3AZ-uhLLnEYRk-1Z-Gyf3rflFdZ5FF3k6koU2U-8VB5H7vK4kJoZepMUEDmOT27pWBR8D2ofrf2Vh_8xupWEJZccuY9B1YwFVynBVXGHSopQWDZYjoB1qZXyLMo4HG_OJNsu3eqHRoKvM4JKfFrVi7m5rQtBaoyPwbzKmL35KdN7WAx-1mQ7zWkVJiClyavif5vEy7bMDLQSuSV6-7YmZvqxxjOyiCo22DvRwClfJid2-fr0_lUJp-RVtzeHba9o9UJ9g2_G5Cl6hCkIFhs6tHSJYVDAClA0_BUdtPZZAVM2a2MXlPN20L5QaCt5RCisyHxY_rTgj53H6OfER53dzkh8IJbR3-qqt-iVggopNzMNrrvZ0_JZIOKNj7rU3ZINd5pbx1sIpi1H0dPP3xhYIbh6SWmObHwQyDgSkSdVff7noc3LyiieLmWNH_LpP9O5d4Rhd9ygbxfgIan3",
            "deep_link": "https://www.kiwi.com/deep?affilid=mihalytest&currency=EUR&flightsId=0b7717884e6100004b285609_0%7C17880b774e6800001b7d3faf_0&from=BUD&lang=en&passengers=1&to=HAM&booking_token=HuDyxQSDn0Fwq3mw9kJ-Vu2rvj_1c0iAM-HuYPBqCpTvJiaknTRxLWdV-2jcg3_CJQu7phnPcHA1RdshoMOxdhEs81Yxfkp-tt3LP_Fr5DcvMv5rJ1cAHOOEBzLB1mgPp4pU-_iG7QADooYym_ExLdNy_lrhh-Pbfoy835VbMrBZbRsm-Mw37QT3HlDilqmT3NrWgIg_EtMl0KhKKbw872c6ouJoEXg1s7aNQZ6Xelud3-1_n3AZ-uhLLnEYRk-1Z-Gyf3rflFdZ5FF3k6koU2U-8VB5H7vK4kJoZepMUEDmOT27pWBR8D2ofrf2Vh_8xupWEJZccuY9B1YwFVynBVXGHSopQWDZYjoB1qZXyLMo4HG_OJNsu3eqHRoKvM4JKfFrVi7m5rQtBaoyPwbzKmL35KdN7WAx-1mQ7zWkVJiClyavif5vEy7bMDLQSuSV6-7YmZvqxxjOyiCo22DvRwClfJid2-fr0_lUJp-RVtzeHba9o9UJ9g2_G5Cl6hCkIFhs6tHSJYVDAClA0_BUdtPZZAVM2a2MXlPN20L5QaCt5RCisyHxY_rTgj53H6OfER53dzkh8IJbR3-qqt-iVggopNzMNrrvZ0_JZIOKNj7rU3ZINd5pbx1sIpi1H0dPP3xhYIbh6SWmObHwQyDgSkSdVff7noc3LyiieLmWNH_LpP9O5d4Rhd9ygbxfgIan3",
            "facilitated_booking_available": true,
            "pnr_count": 2,
            "has_airport_change": false,
            "technical_stops": 0,
            "throw_away_ticketing": false,
            "hidden_city_ticketing": false,
            "virtual_interlining": false
        },
        {
            "id": "0b7717884e580000ca863435_0|17880b774e5f000022034c29_0",
            "flyFrom": "BUD",
            "flyTo": "HAM",
            "cityFrom": "Budapest",
            "cityCodeFrom": "BUD",
            "cityTo": "Hamburg",
            "cityCodeTo": "HAM",
            "countryFrom": {
                "code": "HU",
                "name": "Hungary"
            },
            "countryTo": {
                "code": "DE",
                "name": "Germany"
            },
            "local_departure": "2024-11-29T20:35:00.000Z",
            "utc_departure": "2024-11-29T19:35:00.000Z",
            "local_arrival": "2024-11-29T22:25:00.000Z",
            "utc_arrival": "2024-11-29T21:25:00.000Z",
            "nightsInDest": 7,
            "quality": 230.666535,
            "distance": 949.98,
            "duration": {
                "departure": 6600,
                "return": 6300,
                "total": 12900
            },
            "price": 178,
            "conversion": {
                "EUR": 178
            },
            "fare": {
                "adults": 178,
                "children": 178,
                "infants": 178
            },
            "fare_locks": {
                "EUR": [
                    {
                        "default": false,
                        "duration": "P1D",
                        "itinerary_price_limit": 378,
                        "itinerary_price_remaining": 178,
                        "fare_lock_kind": "fee",
                        "price": 8.9,
                        "rule_instance_id": 26749,
                        "version": "v1"
                    },
                    {
                        "default": true,
                        "duration": "P3D",
                        "itinerary_price_limit": 378,
                        "itinerary_price_remaining": 178,
                        "fare_lock_kind": "fee",
                        "price": 17.8,
                        "rule_instance_id": 26748,
                        "version": "v1"
                    },
                    {
                        "default": false,
                        "duration": "P7D",
                        "itinerary_price_limit": 378,
                        "itinerary_price_remaining": 178,
                        "fare_lock_kind": "fee",
                        "price": 44.5,
                        "rule_instance_id": 26750,
                        "version": "v1"
                    }
                ]
            },
            "bags_price": {
                "1": 72.8,
                "2": 282.8
            },
            "baglimit": {
                "hand_dimensions_sum": 118,
                "hand_height": 40,
                "hand_length": 55,
                "hand_weight": 8,
                "hand_width": 23,
                "hold_dimensions_sum": 158,
                "hold_height": 52,
                "hold_length": 78,
                "hold_weight": 23,
                "hold_width": 28,
                "personal_item_dimension_sum": 95,
                "personal_item_height": 30,
                "personal_item_length": 40,
                "personal_item_weight": 8,
                "personal_item_width": 25
            },
            "availability": {
                "seats": 9
            },
            "airlines": [
                "EW"
            ],
            "route": [
                {
                    "id": "0b7717884e580000ca863435_0",
                    "combination_id": "0b7717884e580000ca863435",
                    "flyFrom": "BUD",
                    "flyTo": "HAM",
                    "cityFrom": "Budapest",
                    "cityCodeFrom": "BUD",
                    "cityTo": "Hamburg",
                    "cityCodeTo": "HAM",
                    "local_departure": "2024-11-29T20:35:00.000Z",
                    "utc_departure": "2024-11-29T19:35:00.000Z",
                    "local_arrival": "2024-11-29T22:25:00.000Z",
                    "utc_arrival": "2024-11-29T21:25:00.000Z",
                    "airline": "EW",
                    "flight_no": 7781,
                    "operating_carrier": "EW",
                    "operating_flight_no": "7781",
                    "fare_basis": "",
                    "fare_category": "M",
                    "fare_classes": "",
                    "return": 0,
                    "bags_recheck_required": false,
                    "vi_connection": false,
                    "guarantee": false,
                    "equipment": null,
                    "vehicle_type": "aircraft"
                },
                {
                    "id": "17880b774e5f000022034c29_0",
                    "combination_id": "17880b774e5f000022034c29",
                    "flyFrom": "HAM",
                    "flyTo": "BUD",
                    "cityFrom": "Hamburg",
                    "cityCodeFrom": "HAM",
                    "cityTo": "Budapest",
                    "cityCodeTo": "BUD",
                    "local_departure": "2024-12-06T18:10:00.000Z",
                    "utc_departure": "2024-12-06T17:10:00.000Z",
                    "local_arrival": "2024-12-06T19:55:00.000Z",
                    "utc_arrival": "2024-12-06T18:55:00.000Z",
                    "airline": "EW",
                    "flight_no": 7780,
                    "operating_carrier": "EW",
                    "operating_flight_no": "7780",
                    "fare_basis": "",
                    "fare_category": "M",
                    "fare_classes": "K",
                    "return": 1,
                    "bags_recheck_required": false,
                    "vi_connection": false,
                    "guarantee": false,
                    "equipment": null,
                    "vehicle_type": "aircraft"
                }
            ],
            "booking_token": "HmRqcMycDANUwuQfA7cXDMdzeB2juRx6pqXLBPRjHkLMMNUGW2dydgUKfSe7h9s1Xe_G8vJQG0zpNxPie8_rS_UM-Nb4IdV1NohEUQd_bFCTjgdx_D3jozxKoymgHQFxSXAVWq-FKuLBPsgg49Uwfow1WovPAYOadsbKA8N6sQi1JQvIB74lkBrwHxZaw7ZKrn2hQG0mEcFj9x-ljosqBoBSenTZuH7SdvkwX4g6gjUAIMAjyTMZNeQwAMuElyvgxSyX0kvpIgLxnKL67oj0fbvatTt1Yqp3MxZ-r3EuXbST-YOFaUFeMCejtHDXBDaKcyCPzWk7Mkpj_qs7cuRlOkch8eATVMCBqE4L72jSh-irBBF_cdX5mTAtfzuwRxX8LU5VQ01rrtKRCpXT6ojgq4VPDxMQnQmqwqefkafr-cgAAZqbSE3QL5L7XDs7RW-S-mnHAaMDXq1NpIEWmmSJRvzr3fkEyDcLapHTU_0YOZnSvP8AlWrE76pbfguujWOPfib28c56rwcg1wLbacHwQspFAhTOErFidNvmczfBSRG0tXKEgPBhKn2aHviz8zJ_BI1pJ45gQAEx2_5wR6kqrWRFzhEY-zOOL4G1NxJHRTFmw1KUygvwaSc6YgjysjDJmSG3spCCJQ1hJ5x5KFSE_VFqqLDu1FgddLSCuPGj0UMI-w-iEZGhXjrLaMBCdGkEd",
            "deep_link": "https://www.kiwi.com/deep?affilid=mihalytest&currency=EUR&flightsId=0b7717884e580000ca863435_0%7C17880b774e5f000022034c29_0&from=BUD&lang=en&passengers=1&to=HAM&booking_token=HmRqcMycDANUwuQfA7cXDMdzeB2juRx6pqXLBPRjHkLMMNUGW2dydgUKfSe7h9s1Xe_G8vJQG0zpNxPie8_rS_UM-Nb4IdV1NohEUQd_bFCTjgdx_D3jozxKoymgHQFxSXAVWq-FKuLBPsgg49Uwfow1WovPAYOadsbKA8N6sQi1JQvIB74lkBrwHxZaw7ZKrn2hQG0mEcFj9x-ljosqBoBSenTZuH7SdvkwX4g6gjUAIMAjyTMZNeQwAMuElyvgxSyX0kvpIgLxnKL67oj0fbvatTt1Yqp3MxZ-r3EuXbST-YOFaUFeMCejtHDXBDaKcyCPzWk7Mkpj_qs7cuRlOkch8eATVMCBqE4L72jSh-irBBF_cdX5mTAtfzuwRxX8LU5VQ01rrtKRCpXT6ojgq4VPDxMQnQmqwqefkafr-cgAAZqbSE3QL5L7XDs7RW-S-mnHAaMDXq1NpIEWmmSJRvzr3fkEyDcLapHTU_0YOZnSvP8AlWrE76pbfguujWOPfib28c56rwcg1wLbacHwQspFAhTOErFidNvmczfBSRG0tXKEgPBhKn2aHviz8zJ_BI1pJ45gQAEx2_5wR6kqrWRFzhEY-zOOL4G1NxJHRTFmw1KUygvwaSc6YgjysjDJmSG3spCCJQ1hJ5x5KFSE_VFqqLDu1FgddLSCuPGj0UMI-w-iEZGhXjrLaMBCdGkEd",
            "facilitated_booking_available": true,
            "pnr_count": 2,
            "has_airport_change": false,
            "technical_stops": 0,
            "throw_away_ticketing": false,
            "hidden_city_ticketing": false,
            "virtual_interlining": false
        },
        {
            "id": "0b7717884e2500000857725e_0|17880b774e290000cb7ad27a_0",
            "flyFrom": "BUD",
            "flyTo": "HAM",
            "cityFrom": "Budapest",
            "cityCodeFrom": "BUD",
            "cityTo": "Hamburg",
            "cityCodeTo": "HAM",
            "countryFrom": {
                "code": "HU",
                "name": "Hungary"
            },
            "countryTo": {
                "code": "DE",
                "name": "Germany"
            },
            "local_departure": "2024-10-09T20:45:00.000Z",
            "utc_departure": "2024-10-09T18:45:00.000Z",
            "local_arrival": "2024-10-09T22:30:00.000Z",
            "utc_arrival": "2024-10-09T20:30:00.000Z",
            "nightsInDest": 4,
            "quality": 230.333205,
            "distance": 949.98,
            "duration": {
                "departure": 6300,
                "return": 6000,
                "total": 12300
            },
            "price": 179,
            "conversion": {
                "EUR": 179
            },
            "fare": {
                "adults": 179,
                "children": 179,
                "infants": 179
            },
            "fare_locks": {
                "EUR": [
                    {
                        "default": false,
                        "duration": "P1D",
                        "itinerary_price_limit": 379,
                        "itinerary_price_remaining": 179,
                        "fare_lock_kind": "fee",
                        "price": 8.95,
                        "rule_instance_id": 26749,
                        "version": "v1"
                    },
                    {
                        "default": true,
                        "duration": "P3D",
                        "itinerary_price_limit": 379,
                        "itinerary_price_remaining": 179,
                        "fare_lock_kind": "fee",
                        "price": 17.9,
                        "rule_instance_id": 26748,
                        "version": "v1"
                    },
                    {
                        "default": false,
                        "duration": "P7D",
                        "itinerary_price_limit": 379,
                        "itinerary_price_remaining": 179,
                        "fare_lock_kind": "fee",
                        "price": 44.75,
                        "rule_instance_id": 26750,
                        "version": "v1"
                    }
                ]
            },
            "bags_price": {
                "1": 72.8,
                "2": 282.8
            },
            "baglimit": {
                "hand_dimensions_sum": 118,
                "hand_height": 40,
                "hand_length": 55,
                "hand_weight": 8,
                "hand_width": 23,
                "hold_dimensions_sum": 158,
                "hold_height": 52,
                "hold_length": 78,
                "hold_weight": 23,
                "hold_width": 28,
                "personal_item_dimension_sum": 95,
                "personal_item_height": 30,
                "personal_item_length": 40,
                "personal_item_weight": 8,
                "personal_item_width": 25
            },
            "availability": {
                "seats": 9
            },
            "airlines": [
                "EW"
            ],
            "route": [
                {
                    "id": "0b7717884e2500000857725e_0",
                    "combination_id": "0b7717884e2500000857725e",
                    "flyFrom": "BUD",
                    "flyTo": "HAM",
                    "cityFrom": "Budapest",
                    "cityCodeFrom": "BUD",
                    "cityTo": "Hamburg",
                    "cityCodeTo": "HAM",
                    "local_departure": "2024-10-09T20:45:00.000Z",
                    "utc_departure": "2024-10-09T18:45:00.000Z",
                    "local_arrival": "2024-10-09T22:30:00.000Z",
                    "utc_arrival": "2024-10-09T20:30:00.000Z",
                    "airline": "EW",
                    "flight_no": 7783,
                    "operating_carrier": "EW",
                    "operating_flight_no": "7783",
                    "fare_basis": "",
                    "fare_category": "M",
                    "fare_classes": "",
                    "return": 0,
                    "bags_recheck_required": false,
                    "vi_connection": false,
                    "guarantee": false,
                    "equipment": null,
                    "vehicle_type": "aircraft"
                },
                {
                    "id": "17880b774e290000cb7ad27a_0",
                    "combination_id": "17880b774e290000cb7ad27a",
                    "flyFrom": "HAM",
                    "flyTo": "BUD",
                    "cityFrom": "Hamburg",
                    "cityCodeFrom": "HAM",
                    "cityTo": "Budapest",
                    "cityCodeTo": "BUD",
                    "local_departure": "2024-10-13T18:25:00.000Z",
                    "utc_departure": "2024-10-13T16:25:00.000Z",
                    "local_arrival": "2024-10-13T20:05:00.000Z",
                    "utc_arrival": "2024-10-13T18:05:00.000Z",
                    "airline": "EW",
                    "flight_no": 7782,
                    "operating_carrier": "EW",
                    "operating_flight_no": "7782",
                    "fare_basis": "",
                    "fare_category": "M",
                    "fare_classes": "",
                    "return": 1,
                    "bags_recheck_required": false,
                    "vi_connection": false,
                    "guarantee": false,
                    "equipment": null,
                    "vehicle_type": "aircraft"
                }
            ],
            "booking_token": "H9xwXbI9QIeD80A1S3aIiXDR9LO5sH3VD8Oq_JmoD5MiHYdBcl9cKlSo58nFRRkV2ajJ3LLHTF1qlTCaHFnfXQ7H3W1oxtxH3eWXrEzAyyX499XFGaVfEKNQruSjMlL9chQJ0Ys-dECjLoYPzBmsuSC2eUMsibK2ZRo1SLwOiZdnwEm6gTlGzoIqYLB-LnNIoARiEGdgpd0-2MgE1VzwVUzCo-Sg-rD_fVTVD3SOlC8TRMeUr5SxQguy7zZSHhTBoBT9Fy2RI_88FFVhfif-lE_y3lC5E21nOLxPFDNDwU4EpJ3JNzJDCbI79xxQ2BVvgmWi41lS40b16Kdt6Oa4zDZPjKHTJLwTFEBDe5x04ifWELTaqc1LafTzw9Neidjt4YAnvuS0-DnB_a8dWjsPTJ-gBj-Pdb7ZBjBF0clYx0UiEsP2bOVEIc6Nt7HGoch7gI--4pclIY11jJni_L9YfdNRWX5ELZL-Rzt7OHPXWLxSNb55KGT80Ev-Kxk8myyrjHfpbiS7wXmuIlYqkZZI9_AQ_s1iiWIgVEmOB0fmlCgC9VNxjd_aWaH9kl3e1m3yHJynekW7An7mZTv-uIWWgphYdM7HSUrE5Pnsn2Nm64gGZrUjMXNWtDe66H2Ka8qlCxeplF4RPGkRAjzRKhCU3EhVQdlTEHt0yGQb1razpkJoIjYHounCHGs6ST6Wi0DhPGaBYZ5nCCxS3szeryHjjgA==",
            "deep_link": "https://www.kiwi.com/deep?affilid=mihalytest&currency=EUR&flightsId=0b7717884e2500000857725e_0%7C17880b774e290000cb7ad27a_0&from=BUD&lang=en&passengers=1&to=HAM&booking_token=H9xwXbI9QIeD80A1S3aIiXDR9LO5sH3VD8Oq_JmoD5MiHYdBcl9cKlSo58nFRRkV2ajJ3LLHTF1qlTCaHFnfXQ7H3W1oxtxH3eWXrEzAyyX499XFGaVfEKNQruSjMlL9chQJ0Ys-dECjLoYPzBmsuSC2eUMsibK2ZRo1SLwOiZdnwEm6gTlGzoIqYLB-LnNIoARiEGdgpd0-2MgE1VzwVUzCo-Sg-rD_fVTVD3SOlC8TRMeUr5SxQguy7zZSHhTBoBT9Fy2RI_88FFVhfif-lE_y3lC5E21nOLxPFDNDwU4EpJ3JNzJDCbI79xxQ2BVvgmWi41lS40b16Kdt6Oa4zDZPjKHTJLwTFEBDe5x04ifWELTaqc1LafTzw9Neidjt4YAnvuS0-DnB_a8dWjsPTJ-gBj-Pdb7ZBjBF0clYx0UiEsP2bOVEIc6Nt7HGoch7gI--4pclIY11jJni_L9YfdNRWX5ELZL-Rzt7OHPXWLxSNb55KGT80Ev-Kxk8myyrjHfpbiS7wXmuIlYqkZZI9_AQ_s1iiWIgVEmOB0fmlCgC9VNxjd_aWaH9kl3e1m3yHJynekW7An7mZTv-uIWWgphYdM7HSUrE5Pnsn2Nm64gGZrUjMXNWtDe66H2Ka8qlCxeplF4RPGkRAjzRKhCU3EhVQdlTEHt0yGQb1razpkJoIjYHounCHGs6ST6Wi0DhPGaBYZ5nCCxS3szeryHjjgA==",
            "facilitated_booking_available": true,
            "pnr_count": 2,
            "has_airport_change": false,
            "technical_stops": 0,
            "throw_away_ticketing": false,
            "hidden_city_ticketing": false,
            "virtual_interlining": false
        },
        {
            "id": "0b7717884e4a00005703b3b2_0|17880b774e5100003785df86_0",
            "flyFrom": "BUD",
            "flyTo": "HAM",
            "cityFrom": "Budapest",
            "cityCodeFrom": "BUD",
            "cityTo": "Hamburg",
            "cityCodeTo": "HAM",
            "countryFrom": {
                "code": "HU",
                "name": "Hungary"
            },
            "countryTo": {
                "code": "DE",
                "name": "Germany"
            },
            "local_departure": "2024-11-15T20:35:00.000Z",
            "utc_departure": "2024-11-15T19:35:00.000Z",
            "local_arrival": "2024-11-15T22:25:00.000Z",
            "utc_arrival": "2024-11-15T21:25:00.000Z",
            "nightsInDest": 7,
            "quality": 232.666535,
            "distance": 949.98,
            "duration": {
                "departure": 6600,
                "return": 6300,
                "total": 12900
            },
            "price": 180,
            "conversion": {
                "EUR": 180
            },
            "fare": {
                "adults": 180,
                "children": 180,
                "infants": 180
            },
            "fare_locks": {
                "EUR": [
                    {
                        "default": false,
                        "duration": "P1D",
                        "itinerary_price_limit": 380,
                        "itinerary_price_remaining": 180,
                        "fare_lock_kind": "fee",
                        "price": 9,
                        "rule_instance_id": 26749,
                        "version": "v1"
                    },
                    {
                        "default": true,
                        "duration": "P3D",
                        "itinerary_price_limit": 380,
                        "itinerary_price_remaining": 180,
                        "fare_lock_kind": "fee",
                        "price": 18,
                        "rule_instance_id": 26748,
                        "version": "v1"
                    },
                    {
                        "default": false,
                        "duration": "P7D",
                        "itinerary_price_limit": 380,
                        "itinerary_price_remaining": 180,
                        "fare_lock_kind": "fee",
                        "price": 45,
                        "rule_instance_id": 26750,
                        "version": "v1"
                    }
                ]
            },
            "bags_price": {
                "1": 72.8,
                "2": 282.8
            },
            "baglimit": {
                "hand_dimensions_sum": 118,
                "hand_height": 40,
                "hand_length": 55,
                "hand_weight": 8,
                "hand_width": 23,
                "hold_dimensions_sum": 158,
                "hold_height": 52,
                "hold_length": 78,
                "hold_weight": 23,
                "hold_width": 28,
                "personal_item_dimension_sum": 95,
                "personal_item_height": 30,
                "personal_item_length": 40,
                "personal_item_weight": 8,
                "personal_item_width": 25
            },
            "availability": {
                "seats": 9
            },
            "airlines": [
                "EW"
            ],
            "route": [
                {
                    "id": "0b7717884e4a00005703b3b2_0",
                    "combination_id": "0b7717884e4a00005703b3b2",
                    "flyFrom": "BUD",
                    "flyTo": "HAM",
                    "cityFrom": "Budapest",
                    "cityCodeFrom": "BUD",
                    "cityTo": "Hamburg",
                    "cityCodeTo": "HAM",
                    "local_departure": "2024-11-15T20:35:00.000Z",
                    "utc_departure": "2024-11-15T19:35:00.000Z",
                    "local_arrival": "2024-11-15T22:25:00.000Z",
                    "utc_arrival": "2024-11-15T21:25:00.000Z",
                    "airline": "EW",
                    "flight_no": 7781,
                    "operating_carrier": "EW",
                    "operating_flight_no": "7781",
                    "fare_basis": "",
                    "fare_category": "M",
                    "fare_classes": "T",
                    "return": 0,
                    "bags_recheck_required": false,
                    "vi_connection": false,
                    "guarantee": false,
                    "equipment": null,
                    "vehicle_type": "aircraft"
                },
                {
                    "id": "17880b774e5100003785df86_0",
                    "combination_id": "17880b774e5100003785df86",
                    "flyFrom": "HAM",
                    "flyTo": "BUD",
                    "cityFrom": "Hamburg",
                    "cityCodeFrom": "HAM",
                    "cityTo": "Budapest",
                    "cityCodeTo": "BUD",
                    "local_departure": "2024-11-22T18:10:00.000Z",
                    "utc_departure": "2024-11-22T17:10:00.000Z",
                    "local_arrival": "2024-11-22T19:55:00.000Z",
                    "utc_arrival": "2024-11-22T18:55:00.000Z",
                    "airline": "EW",
                    "flight_no": 7780,
                    "operating_carrier": "EW",
                    "operating_flight_no": "7780",
                    "fare_basis": "",
                    "fare_category": "M",
                    "fare_classes": "",
                    "return": 1,
                    "bags_recheck_required": false,
                    "vi_connection": false,
                    "guarantee": false,
                    "equipment": null,
                    "vehicle_type": "aircraft"
                }
            ],
            "booking_token": "HTbEzJ3WEoQNIkTp0w33EPctclffSbz1v-qWjxkVJTpJvqTk6jnEnfilpna-EVoYp6GDlasSadT60KJdud7ZmIIrQoi71-nSiS2P9jpe1-MlDJ9KoIa5KEVFBTSK7FeEmH0C1nE479njEhIHLgAg8IQSMmlNr-8hWJJH235QFvG_2_N4hNvetb_czUn8VeqeiH-kBBr2CoUh4-JSWO9GAVwJVh3g7fS676PuPY9y7X0yz_hrDgtf2C4wm0maK4gcEPMIcrflzVkzGcY9c1Su71HTllk30T88jGyLchJYAjsWAojYaihLpKhpC_P1E-ZU8Fb_nf1PZLoVSoXXee_PNPnqsv3ZLz9TXk15YKNYVpzibdG_8ganK7Xe5XWTtRmXrHWST9RKf5SB1ixh4imVoO4oqABjZcC44HQviDdPSjnpWsb0mZ0WbH3SC4kTxc3-QBPsim5eNIMqM8tG-eh8ltbA6nQdq7iroWC4BeN6ysqjI9ahH2ZzyEsdvjBl7438sLrcWKuk-n8V4GRe5XlPYmGwxmZS94mb2fcblXUIglNe5npjf9pov7zFycLtGQNZd8Vroo8tIsqG9Pa8FK_mTAhbXhz-LpQC22B9BH9BAfFJIAX3Umy8OxApt0izHRVEAm4XT_N5dDyGOyIvBfhU8sVEyF8Gi6SuI9AUkvLW1SdGw4P4ekF08nYW64QgziVeV",
            "deep_link": "https://www.kiwi.com/deep?affilid=mihalytest&currency=EUR&flightsId=0b7717884e4a00005703b3b2_0%7C17880b774e5100003785df86_0&from=BUD&lang=en&passengers=1&to=HAM&booking_token=HTbEzJ3WEoQNIkTp0w33EPctclffSbz1v-qWjxkVJTpJvqTk6jnEnfilpna-EVoYp6GDlasSadT60KJdud7ZmIIrQoi71-nSiS2P9jpe1-MlDJ9KoIa5KEVFBTSK7FeEmH0C1nE479njEhIHLgAg8IQSMmlNr-8hWJJH235QFvG_2_N4hNvetb_czUn8VeqeiH-kBBr2CoUh4-JSWO9GAVwJVh3g7fS676PuPY9y7X0yz_hrDgtf2C4wm0maK4gcEPMIcrflzVkzGcY9c1Su71HTllk30T88jGyLchJYAjsWAojYaihLpKhpC_P1E-ZU8Fb_nf1PZLoVSoXXee_PNPnqsv3ZLz9TXk15YKNYVpzibdG_8ganK7Xe5XWTtRmXrHWST9RKf5SB1ixh4imVoO4oqABjZcC44HQviDdPSjnpWsb0mZ0WbH3SC4kTxc3-QBPsim5eNIMqM8tG-eh8ltbA6nQdq7iroWC4BeN6ysqjI9ahH2ZzyEsdvjBl7438sLrcWKuk-n8V4GRe5XlPYmGwxmZS94mb2fcblXUIglNe5npjf9pov7zFycLtGQNZd8Vroo8tIsqG9Pa8FK_mTAhbXhz-LpQC22B9BH9BAfFJIAX3Umy8OxApt0izHRVEAm4XT_N5dDyGOyIvBfhU8sVEyF8Gi6SuI9AUkvLW1SdGw4P4ekF08nYW64QgziVeV",
            "facilitated_booking_available": true,
            "pnr_count": 2,
            "has_airport_change": false,
            "technical_stops": 0,
            "throw_away_ticketing": false,
            "hidden_city_ticketing": false,
            "virtual_interlining": false
        },
        {
            "id": "0b7717884df20000192be618_0|17880b774df90000c9322fc0_0",
            "flyFrom": "BUD",
            "flyTo": "HAM",
            "cityFrom": "Budapest",
            "cityCodeFrom": "BUD",
            "cityTo": "Hamburg",
            "cityCodeTo": "HAM",
            "countryFrom": {
                "code": "HU",
                "name": "Hungary"
            },
            "countryTo": {
                "code": "DE",
                "name": "Germany"
            },
            "local_departure": "2024-08-19T08:40:00.000Z",
            "utc_departure": "2024-08-19T06:40:00.000Z",
            "local_arrival": "2024-08-19T10:25:00.000Z",
            "utc_arrival": "2024-08-19T08:25:00.000Z",
            "nightsInDest": 7,
            "quality": 232.333205,
            "distance": 949.98,
            "duration": {
                "departure": 6300,
                "return": 6000,
                "total": 12300
            },
            "price": 181,
            "conversion": {
                "EUR": 181
            },
            "fare": {
                "adults": 181,
                "children": 181,
                "infants": 181
            },
            "fare_locks": {
                "EUR": [
                    {
                        "default": false,
                        "duration": "P1D",
                        "itinerary_price_limit": 381,
                        "itinerary_price_remaining": 181,
                        "fare_lock_kind": "fee",
                        "price": 9.05,
                        "rule_instance_id": 26749,
                        "version": "v1"
                    },
                    {
                        "default": true,
                        "duration": "P3D",
                        "itinerary_price_limit": 381,
                        "itinerary_price_remaining": 181,
                        "fare_lock_kind": "fee",
                        "price": 18.1,
                        "rule_instance_id": 26748,
                        "version": "v1"
                    },
                    {
                        "default": false,
                        "duration": "P7D",
                        "itinerary_price_limit": 381,
                        "itinerary_price_remaining": 181,
                        "fare_lock_kind": "fee",
                        "price": 45.25,
                        "rule_instance_id": 26750,
                        "version": "v1"
                    }
                ]
            },
            "bags_price": {
                "1": 72.8,
                "2": 282.8
            },
            "baglimit": {
                "hand_dimensions_sum": 118,
                "hand_height": 40,
                "hand_length": 55,
                "hand_weight": 8,
                "hand_width": 23,
                "hold_dimensions_sum": 158,
                "hold_height": 52,
                "hold_length": 78,
                "hold_weight": 23,
                "hold_width": 28,
                "personal_item_dimension_sum": 95,
                "personal_item_height": 30,
                "personal_item_length": 40,
                "personal_item_weight": 8,
                "personal_item_width": 25
            },
            "availability": {
                "seats": 1
            },
            "airlines": [
                "EW"
            ],
            "route": [
                {
                    "id": "0b7717884df20000192be618_0",
                    "combination_id": "0b7717884df20000192be618",
                    "flyFrom": "BUD",
                    "flyTo": "HAM",
                    "cityFrom": "Budapest",
                    "cityCodeFrom": "BUD",
                    "cityTo": "Hamburg",
                    "cityCodeTo": "HAM",
                    "local_departure": "2024-08-19T08:40:00.000Z",
                    "utc_departure": "2024-08-19T06:40:00.000Z",
                    "local_arrival": "2024-08-19T10:25:00.000Z",
                    "utc_arrival": "2024-08-19T08:25:00.000Z",
                    "airline": "EW",
                    "flight_no": 7785,
                    "operating_carrier": "EW",
                    "operating_flight_no": "7785",
                    "fare_basis": "",
                    "fare_category": "M",
                    "fare_classes": "",
                    "return": 0,
                    "bags_recheck_required": false,
                    "vi_connection": false,
                    "guarantee": false,
                    "equipment": null,
                    "vehicle_type": "aircraft"
                },
                {
                    "id": "17880b774df90000c9322fc0_0",
                    "combination_id": "17880b774df90000c9322fc0",
                    "flyFrom": "HAM",
                    "flyTo": "BUD",
                    "cityFrom": "Hamburg",
                    "cityCodeFrom": "HAM",
                    "cityTo": "Budapest",
                    "cityCodeTo": "BUD",
                    "local_departure": "2024-08-26T06:15:00.000Z",
                    "utc_departure": "2024-08-26T04:15:00.000Z",
                    "local_arrival": "2024-08-26T07:55:00.000Z",
                    "utc_arrival": "2024-08-26T05:55:00.000Z",
                    "airline": "EW",
                    "flight_no": 7784,
                    "operating_carrier": "EW",
                    "operating_flight_no": "7784",
                    "fare_basis": "",
                    "fare_category": "M",
                    "fare_classes": "",
                    "return": 1,
                    "bags_recheck_required": false,
                    "vi_connection": false,
                    "guarantee": false,
                    "equipment": null,
                    "vehicle_type": "aircraft"
                }
            ],
            "booking_token": "H9m-41naKZvtko1UTt0tB1V-PSDouMx7vx0avtTZUy5ifRK0TZE8RddhEAPXOJtF_F61baaX-mhvXFFm8w9PjWIRJYbrfcWLBH_0-E3VqpLRVDQNf0n0kEVlIzdGunoX8BfA5GIi_fvbueb8bD-gi6OvcxKALYqx3u1oJsIWe4Dg-jxvGp7KM5XvmmHsXFb3zKdGnow4LJU66nn0Y70qV-xk-XlGh683x53lot1T1kMHh68PZM0pVUsojQOZhh8JNDPZOle9JvQDSmjlgKXUCF6L-48Veut-aKaRxyU_2DGCHyZp14__X-YhdTDg23I_sb1XNNPDhJnTEnvkWqtAXr70zEVDaYMiOuBvKPWt340j31WU44VWSOVqBwEUl6dY-eNhcyNu5TpiF1SgizAnbw-tKflvqVBo2Ik6TZo-O9iFBCgN0bLP5hN5K7GTYmBl_i0MSkdInoAceDW1PgWqTh-OPob082ivCgHrAHnbRdNR1Lq5MutcKQDahrHG60OM4pp61XXrGGvHcVp0DAyGL3NN7Eap3Uo4fbMoXFrMhR6x3gaSredFvVNmI_4GhWovxd25HFjc9gvOdDdcfAnYLKnZGx6L-xJR3wgKG2-nrE6ZgrlCgvd173o_D0beKiSeq9vEY4lL7yAqAe-Fa-zUq95RYYn9DeZoj8-Dw_lYD5TyM86jS-ty4R7Vtqw6AvTkW",
            "deep_link": "https://www.kiwi.com/deep?affilid=mihalytest&currency=EUR&flightsId=0b7717884df20000192be618_0%7C17880b774df90000c9322fc0_0&from=BUD&lang=en&passengers=1&to=HAM&booking_token=H9m-41naKZvtko1UTt0tB1V-PSDouMx7vx0avtTZUy5ifRK0TZE8RddhEAPXOJtF_F61baaX-mhvXFFm8w9PjWIRJYbrfcWLBH_0-E3VqpLRVDQNf0n0kEVlIzdGunoX8BfA5GIi_fvbueb8bD-gi6OvcxKALYqx3u1oJsIWe4Dg-jxvGp7KM5XvmmHsXFb3zKdGnow4LJU66nn0Y70qV-xk-XlGh683x53lot1T1kMHh68PZM0pVUsojQOZhh8JNDPZOle9JvQDSmjlgKXUCF6L-48Veut-aKaRxyU_2DGCHyZp14__X-YhdTDg23I_sb1XNNPDhJnTEnvkWqtAXr70zEVDaYMiOuBvKPWt340j31WU44VWSOVqBwEUl6dY-eNhcyNu5TpiF1SgizAnbw-tKflvqVBo2Ik6TZo-O9iFBCgN0bLP5hN5K7GTYmBl_i0MSkdInoAceDW1PgWqTh-OPob082ivCgHrAHnbRdNR1Lq5MutcKQDahrHG60OM4pp61XXrGGvHcVp0DAyGL3NN7Eap3Uo4fbMoXFrMhR6x3gaSredFvVNmI_4GhWovxd25HFjc9gvOdDdcfAnYLKnZGx6L-xJR3wgKG2-nrE6ZgrlCgvd173o_D0beKiSeq9vEY4lL7yAqAe-Fa-zUq95RYYn9DeZoj8-Dw_lYD5TyM86jS-ty4R7Vtqw6AvTkW",
            "facilitated_booking_available": true,
            "pnr_count": 2,
            "has_airport_change": false,
            "technical_stops": 0,
            "throw_away_ticketing": false,
            "hidden_city_ticketing": false,
            "virtual_interlining": false
        },
        {
            "id": "0b7703344e3300002e263d79_0|033417884e330000c0e9b79e_0|17880b774e37000099e68148_0",
            "flyFrom": "BUD",
            "flyTo": "HAM",
            "cityFrom": "Budapest",
            "cityCodeFrom": "BUD",
            "cityTo": "Hamburg",
            "cityCodeTo": "HAM",
            "countryFrom": {
                "code": "HU",
                "name": "Hungary"
            },
            "countryTo": {
                "code": "DE",
                "name": "Germany"
            },
            "local_departure": "2024-10-23T12:40:00.000Z",
            "utc_departure": "2024-10-23T10:40:00.000Z",
            "local_arrival": "2024-10-23T17:45:00.000Z",
            "utc_arrival": "2024-10-23T15:45:00.000Z",
            "nightsInDest": 4,
            "quality": 259.66647,
            "distance": 949.98,
            "duration": {
                "departure": 18300,
                "return": 6300,
                "total": 24600
            },
            "price": 181,
            "conversion": {
                "EUR": 181
            },
            "fare": {
                "adults": 181,
                "children": 181,
                "infants": 181
            },
            "fare_locks": {
                "EUR": [
                    {
                        "default": false,
                        "duration": "P1D",
                        "itinerary_price_limit": 381,
                        "itinerary_price_remaining": 181,
                        "fare_lock_kind": "fee",
                        "price": 9.05,
                        "rule_instance_id": 26749,
                        "version": "v1"
                    },
                    {
                        "default": true,
                        "duration": "P3D",
                        "itinerary_price_limit": 381,
                        "itinerary_price_remaining": 181,
                        "fare_lock_kind": "fee",
                        "price": 18.1,
                        "rule_instance_id": 26748,
                        "version": "v1"
                    },
                    {
                        "default": false,
                        "duration": "P7D",
                        "itinerary_price_limit": 381,
                        "itinerary_price_remaining": 181,
                        "fare_lock_kind": "fee",
                        "price": 45.25,
                        "rule_instance_id": 26750,
                        "version": "v1"
                    }
                ]
            },
            "bags_price": {
                "1": 121.66,
                "2": 380.52
            },
            "baglimit": {
                "hand_dimensions_sum": 118,
                "hand_height": 40,
                "hand_length": 55,
                "hand_weight": 8,
                "hand_width": 23,
                "hold_dimensions_sum": 158,
                "hold_height": 52,
                "hold_length": 78,
                "hold_weight": 20,
                "hold_width": 28,
                "personal_item_dimension_sum": 90,
                "personal_item_height": 30,
                "personal_item_length": 40,
                "personal_item_weight": 8,
                "personal_item_width": 20
            },
            "availability": {
                "seats": 1
            },
            "airlines": [
                "W6",
                "EW"
            ],
            "route": [
                {
                    "id": "0b7703344e3300002e263d79_0",
                    "combination_id": "0b7703344e3300002e263d79",
                    "flyFrom": "BUD",
                    "flyTo": "STR",
                    "cityFrom": "Budapest",
                    "cityCodeFrom": "BUD",
                    "cityTo": "Stuttgart",
                    "cityCodeTo": "STR",
                    "local_departure": "2024-10-23T12:40:00.000Z",
                    "utc_departure": "2024-10-23T10:40:00.000Z",
                    "local_arrival": "2024-10-23T14:20:00.000Z",
                    "utc_arrival": "2024-10-23T12:20:00.000Z",
                    "airline": "W6",
                    "flight_no": 2289,
                    "operating_carrier": "",
                    "operating_flight_no": "",
                    "fare_basis": "",
                    "fare_category": "M",
                    "fare_classes": "",
                    "return": 0,
                    "bags_recheck_required": false,
                    "vi_connection": false,
                    "guarantee": false,
                    "equipment": null,
                    "vehicle_type": "aircraft"
                },
                {
                    "id": "033417884e330000c0e9b79e_0",
                    "combination_id": "033417884e330000c0e9b79e",
                    "flyFrom": "STR",
                    "flyTo": "HAM",
                    "cityFrom": "Stuttgart",
                    "cityCodeFrom": "STR",
                    "cityTo": "Hamburg",
                    "cityCodeTo": "HAM",
                    "local_departure": "2024-10-23T16:35:00.000Z",
                    "utc_departure": "2024-10-23T14:35:00.000Z",
                    "local_arrival": "2024-10-23T17:45:00.000Z",
                    "utc_arrival": "2024-10-23T15:45:00.000Z",
                    "airline": "EW",
                    "flight_no": 7043,
                    "operating_carrier": "EW",
                    "operating_flight_no": "7043",
                    "fare_basis": "",
                    "fare_category": "M",
                    "fare_classes": "N",
                    "return": 0,
                    "bags_recheck_required": true,
                    "vi_connection": true,
                    "guarantee": true,
                    "equipment": null,
                    "vehicle_type": "aircraft"
                },
                {
                    "id": "17880b774e37000099e68148_0",
                    "combination_id": "17880b774e37000099e68148",
                    "flyFrom": "HAM",
                    "flyTo": "BUD",
                    "cityFrom": "Hamburg",
                    "cityCodeFrom": "HAM",
                    "cityTo": "Budapest",
                    "cityCodeTo": "BUD",
                    "local_departure": "2024-10-27T13:05:00.000Z",
                    "utc_departure": "2024-10-27T12:05:00.000Z",
                    "local_arrival": "2024-10-27T14:50:00.000Z",
                    "utc_arrival": "2024-10-27T13:50:00.000Z",
                    "airline": "EW",
                    "flight_no": 7780,
                    "operating_carrier": "EW",
                    "operating_flight_no": "7780",
                    "fare_basis": "",
                    "fare_category": "M",
                    "fare_classes": "",
                    "return": 1,
                    "bags_recheck_required": false,
                    "vi_connection": false,
                    "guarantee": false,
                    "equipment": null,
                    "vehicle_type": "aircraft"
                }
            ],
            "booking_token": "H3z-_IoiQPPiaKQO7Nwt2h2GcszsBWi9qTZEjZxnWZ5HjdDQyMt5F01_SCYm-AeLVKH-WQnOZdWquvFCDWjR6i-7rlhPzAbThv6bnA3Hah89TMRZEpc19kGGxlspcaM0rkOO6-kFtefXhx3_HK2yNF_gWtE2tH0-iZmJU6sst5_YcpW3Ebm-5uGnB8OJLi0wwSzsJjijjiBt4KIo6I-shBD5qbZZ8r3VMhFC7jgOFXS30Mb_jzxZ-OH5MsU2sqGhhtEUU5nZkOZwb586Amnyq4ppRC-0Mgt3ULrNnvM8Q_NfqlUpcLIMAN1EzR4qQKZG88W53acVvlDD5fF0jXdYkCMtmi9D6Ih-3Es6o9XPtEm1Zw4fHQG6zSl4gMVpQFbsFqEtVTSL9xC1t34oiJGYFTIGQ76Ul7d2k8E53ckv-fXberCxHqLk59H8mznLIOR2I_KQsIjMqhkUEDo3xZA2PNwgKCm7Th5P_khouc3jSEu2BcXsQ6aD5pTdRc16iBJonxTbPfTCBRuwk3T2lRQRKyaXw1pqhARKMYPBdNKWn-AIogxbba12vm5-GYLLDM_Ru5vc-bSbl9K96jB8XJITBT9mlQoFbrNe69uH9vf_EWlYPl0N-foHrnqIa0zsUh34JJMTjs4RqAGlzdkCxvgTKnpz9f3M3zMTbm6tHXxI_pRypFoWw3jC01EcFWWvpHRh7-6o7DRNI5Gc2aWVHqYfGUgQWmu5xhV-JWcZvMixeJOgeDbCl-uDrWf0_HjgZCzshatCB8NJSWs3MHQom_C7hoqaDDR9Zzs-DjUhap2OIvHhFXcXXwnFvAb9eNglwEdoz",
            "deep_link": "https://www.kiwi.com/deep?affilid=mihalytest&currency=EUR&flightsId=0b7703344e3300002e263d79_0%7C033417884e330000c0e9b79e_0%7C17880b774e37000099e68148_0&from=BUD&lang=en&passengers=1&to=HAM&booking_token=H3z-_IoiQPPiaKQO7Nwt2h2GcszsBWi9qTZEjZxnWZ5HjdDQyMt5F01_SCYm-AeLVKH-WQnOZdWquvFCDWjR6i-7rlhPzAbThv6bnA3Hah89TMRZEpc19kGGxlspcaM0rkOO6-kFtefXhx3_HK2yNF_gWtE2tH0-iZmJU6sst5_YcpW3Ebm-5uGnB8OJLi0wwSzsJjijjiBt4KIo6I-shBD5qbZZ8r3VMhFC7jgOFXS30Mb_jzxZ-OH5MsU2sqGhhtEUU5nZkOZwb586Amnyq4ppRC-0Mgt3ULrNnvM8Q_NfqlUpcLIMAN1EzR4qQKZG88W53acVvlDD5fF0jXdYkCMtmi9D6Ih-3Es6o9XPtEm1Zw4fHQG6zSl4gMVpQFbsFqEtVTSL9xC1t34oiJGYFTIGQ76Ul7d2k8E53ckv-fXberCxHqLk59H8mznLIOR2I_KQsIjMqhkUEDo3xZA2PNwgKCm7Th5P_khouc3jSEu2BcXsQ6aD5pTdRc16iBJonxTbPfTCBRuwk3T2lRQRKyaXw1pqhARKMYPBdNKWn-AIogxbba12vm5-GYLLDM_Ru5vc-bSbl9K96jB8XJITBT9mlQoFbrNe69uH9vf_EWlYPl0N-foHrnqIa0zsUh34JJMTjs4RqAGlzdkCxvgTKnpz9f3M3zMTbm6tHXxI_pRypFoWw3jC01EcFWWvpHRh7-6o7DRNI5Gc2aWVHqYfGUgQWmu5xhV-JWcZvMixeJOgeDbCl-uDrWf0_HjgZCzshatCB8NJSWs3MHQom_C7hoqaDDR9Zzs-DjUhap2OIvHhFXcXXwnFvAb9eNglwEdoz",
            "facilitated_booking_available": false,
            "pnr_count": 3,
            "has_airport_change": false,
            "technical_stops": 0,
            "throw_away_ticketing": false,
            "hidden_city_ticketing": false,
            "virtual_interlining": true
        },
        {
            "id": "0b7717884e040000528564b4_0|17880b774e090000597333dd_0",
            "flyFrom": "BUD",
            "flyTo": "HAM",
            "cityFrom": "Budapest",
            "cityCodeFrom": "BUD",
            "cityTo": "Hamburg",
            "cityCodeTo": "HAM",
            "countryFrom": {
                "code": "HU",
                "name": "Hungary"
            },
            "countryTo": {
                "code": "DE",
                "name": "Germany"
            },
            "local_departure": "2024-09-06T20:45:00.000Z",
            "utc_departure": "2024-09-06T18:45:00.000Z",
            "local_arrival": "2024-09-06T22:30:00.000Z",
            "utc_arrival": "2024-09-06T20:30:00.000Z",
            "nightsInDest": 5,
            "quality": 233.333205,
            "distance": 949.98,
            "duration": {
                "departure": 6300,
                "return": 6000,
                "total": 12300
            },
            "price": 182,
            "conversion": {
                "EUR": 182
            },
            "fare": {
                "adults": 182,
                "children": 182,
                "infants": 182
            },
            "fare_locks": {
                "EUR": [
                    {
                        "default": false,
                        "duration": "P1D",
                        "itinerary_price_limit": 382,
                        "itinerary_price_remaining": 182,
                        "fare_lock_kind": "fee",
                        "price": 9.1,
                        "rule_instance_id": 26749,
                        "version": "v1"
                    },
                    {
                        "default": true,
                        "duration": "P3D",
                        "itinerary_price_limit": 382,
                        "itinerary_price_remaining": 182,
                        "fare_lock_kind": "fee",
                        "price": 18.2,
                        "rule_instance_id": 26748,
                        "version": "v1"
                    },
                    {
                        "default": false,
                        "duration": "P7D",
                        "itinerary_price_limit": 382,
                        "itinerary_price_remaining": 182,
                        "fare_lock_kind": "fee",
                        "price": 45.5,
                        "rule_instance_id": 26750,
                        "version": "v1"
                    }
                ]
            },
            "bags_price": {
                "1": 72.8,
                "2": 282.8
            },
            "baglimit": {
                "hand_dimensions_sum": 118,
                "hand_height": 40,
                "hand_length": 55,
                "hand_weight": 8,
                "hand_width": 23,
                "hold_dimensions_sum": 158,
                "hold_height": 52,
                "hold_length": 78,
                "hold_weight": 23,
                "hold_width": 28,
                "personal_item_dimension_sum": 95,
                "personal_item_height": 30,
                "personal_item_length": 40,
                "personal_item_weight": 8,
                "personal_item_width": 25
            },
            "availability": {
                "seats": 9
            },
            "airlines": [
                "EW"
            ],
            "route": [
                {
                    "id": "0b7717884e040000528564b4_0",
                    "combination_id": "0b7717884e040000528564b4",
                    "flyFrom": "BUD",
                    "flyTo": "HAM",
                    "cityFrom": "Budapest",
                    "cityCodeFrom": "BUD",
                    "cityTo": "Hamburg",
                    "cityCodeTo": "HAM",
                    "local_departure": "2024-09-06T20:45:00.000Z",
                    "utc_departure": "2024-09-06T18:45:00.000Z",
                    "local_arrival": "2024-09-06T22:30:00.000Z",
                    "utc_arrival": "2024-09-06T20:30:00.000Z",
                    "airline": "EW",
                    "flight_no": 7783,
                    "operating_carrier": "EW",
                    "operating_flight_no": "7783",
                    "fare_basis": "",
                    "fare_category": "M",
                    "fare_classes": "",
                    "return": 0,
                    "bags_recheck_required": false,
                    "vi_connection": false,
                    "guarantee": false,
                    "equipment": null,
                    "vehicle_type": "aircraft"
                },
                {
                    "id": "17880b774e090000597333dd_0",
                    "combination_id": "17880b774e090000597333dd",
                    "flyFrom": "HAM",
                    "flyTo": "BUD",
                    "cityFrom": "Hamburg",
                    "cityCodeFrom": "HAM",
                    "cityTo": "Budapest",
                    "cityCodeTo": "BUD",
                    "local_departure": "2024-09-11T18:25:00.000Z",
                    "utc_departure": "2024-09-11T16:25:00.000Z",
                    "local_arrival": "2024-09-11T20:05:00.000Z",
                    "utc_arrival": "2024-09-11T18:05:00.000Z",
                    "airline": "EW",
                    "flight_no": 7782,
                    "operating_carrier": "EW",
                    "operating_flight_no": "7782",
                    "fare_basis": "",
                    "fare_category": "M",
                    "fare_classes": "",
                    "return": 1,
                    "bags_recheck_required": false,
                    "vi_connection": false,
                    "guarantee": false,
                    "equipment": null,
                    "vehicle_type": "aircraft"
                }
            ],
            "booking_token": "HPQS6McrrjwHFQdBmtxMUW4-06tsWU2eOqLRu783GV7-NCIsMdQXsB0C5L7A5G9gRrQb_3pm8Nv07VqiB1kPBNXPB8X3474y0c4x3Q9_9gOxxdr6LBQiMj_maFxlP_LYa7QB6GEuQ3ee_bvFrrZuwT2NSeyAMqwmWg8p8bfGSc7mhILuFLhlKFsn3sRrYKH0UaScW3SjtPloHKPjWXFwgp4YS3qULaAUVMFOZV8CYmblnZDBTp0m0_XVtZz6Zb7AQ3NdOd8BDoscmATAG3jaKi6QFd63oZygQiEkmIWW-qaF--bYZUtLHhKs1VRov4eXY1c7A6V_vNuMVFV5hamR_bXv9efUVFFLc77rXMQh4JMzgGec06pdnHqFlf5C7VBTD1TwWcDPDzqFXCvRvgC0DG9-MJlEjhzI1rPVVKKRSdqEC0UTeqL8t3hsxRD5ljtv-1n92MlLZJZ-GnTzoQv3gzUe2q2yMG_9Jzk4x00S0lQSl1wThLp7qS1C8keIgsk9e97Uc1mvnni2ve1EKzOmRtrY1MjQ-SZvAfbp0q8Jf9Z_KJxSIsjRb8FKNt3_awzhcS8Cm_tAx-MxUSmEefH-rsaej2KAJtYVSIR18KjT4vCj-aOjSWjAVudUbRym_sfLKGxGYgBQ8HBSd2dtURUBL2yWR9BPrl8QUPVjU4UJQUDX1UVj0QHlaU0IpZir1PvFaaoGfudoe4mDFXJsFTDLv6A==",
            "deep_link": "https://www.kiwi.com/deep?affilid=mihalytest&currency=EUR&flightsId=0b7717884e040000528564b4_0%7C17880b774e090000597333dd_0&from=BUD&lang=en&passengers=1&to=HAM&booking_token=HPQS6McrrjwHFQdBmtxMUW4-06tsWU2eOqLRu783GV7-NCIsMdQXsB0C5L7A5G9gRrQb_3pm8Nv07VqiB1kPBNXPB8X3474y0c4x3Q9_9gOxxdr6LBQiMj_maFxlP_LYa7QB6GEuQ3ee_bvFrrZuwT2NSeyAMqwmWg8p8bfGSc7mhILuFLhlKFsn3sRrYKH0UaScW3SjtPloHKPjWXFwgp4YS3qULaAUVMFOZV8CYmblnZDBTp0m0_XVtZz6Zb7AQ3NdOd8BDoscmATAG3jaKi6QFd63oZygQiEkmIWW-qaF--bYZUtLHhKs1VRov4eXY1c7A6V_vNuMVFV5hamR_bXv9efUVFFLc77rXMQh4JMzgGec06pdnHqFlf5C7VBTD1TwWcDPDzqFXCvRvgC0DG9-MJlEjhzI1rPVVKKRSdqEC0UTeqL8t3hsxRD5ljtv-1n92MlLZJZ-GnTzoQv3gzUe2q2yMG_9Jzk4x00S0lQSl1wThLp7qS1C8keIgsk9e97Uc1mvnni2ve1EKzOmRtrY1MjQ-SZvAfbp0q8Jf9Z_KJxSIsjRb8FKNt3_awzhcS8Cm_tAx-MxUSmEefH-rsaej2KAJtYVSIR18KjT4vCj-aOjSWjAVudUbRym_sfLKGxGYgBQ8HBSd2dtURUBL2yWR9BPrl8QUPVjU4UJQUDX1UVj0QHlaU0IpZir1PvFaaoGfudoe4mDFXJsFTDLv6A==",
            "facilitated_booking_available": true,
            "pnr_count": 2,
            "has_airport_change": false,
            "technical_stops": 0,
            "throw_away_ticketing": false,
            "hidden_city_ticketing": false,
            "virtual_interlining": false
        },
        {
            "id": "0b7717884e09000086af194a_0|17880b774e0a00005931f13c_0",
            "flyFrom": "BUD",
            "flyTo": "HAM",
            "cityFrom": "Budapest",
            "cityCodeFrom": "BUD",
            "cityTo": "Hamburg",
            "cityCodeTo": "HAM",
            "countryFrom": {
                "code": "HU",
                "name": "Hungary"
            },
            "countryTo": {
                "code": "DE",
                "name": "Germany"
            },
            "local_departure": "2024-09-11T20:45:00.000Z",
            "utc_departure": "2024-09-11T18:45:00.000Z",
            "local_arrival": "2024-09-11T22:30:00.000Z",
            "utc_arrival": "2024-09-11T20:30:00.000Z",
            "nightsInDest": 1,
            "quality": 234.333205,
            "distance": 949.98,
            "duration": {
                "departure": 6300,
                "return": 6000,
                "total": 12300
            },
            "price": 183,
            "conversion": {
                "EUR": 183
            },
            "fare": {
                "adults": 183,
                "children": 183,
                "infants": 183
            },
            "fare_locks": {
                "EUR": [
                    {
                        "default": false,
                        "duration": "P1D",
                        "itinerary_price_limit": 383,
                        "itinerary_price_remaining": 183,
                        "fare_lock_kind": "fee",
                        "price": 9.15,
                        "rule_instance_id": 26749,
                        "version": "v1"
                    },
                    {
                        "default": true,
                        "duration": "P3D",
                        "itinerary_price_limit": 383,
                        "itinerary_price_remaining": 183,
                        "fare_lock_kind": "fee",
                        "price": 18.3,
                        "rule_instance_id": 26748,
                        "version": "v1"
                    },
                    {
                        "default": false,
                        "duration": "P7D",
                        "itinerary_price_limit": 383,
                        "itinerary_price_remaining": 183,
                        "fare_lock_kind": "fee",
                        "price": 45.75,
                        "rule_instance_id": 26750,
                        "version": "v1"
                    }
                ]
            },
            "bags_price": {
                "1": 72.8,
                "2": 282.8
            },
            "baglimit": {
                "hand_dimensions_sum": 118,
                "hand_height": 40,
                "hand_length": 55,
                "hand_weight": 8,
                "hand_width": 23,
                "hold_dimensions_sum": 158,
                "hold_height": 52,
                "hold_length": 78,
                "hold_weight": 23,
                "hold_width": 28,
                "personal_item_dimension_sum": 95,
                "personal_item_height": 30,
                "personal_item_length": 40,
                "personal_item_weight": 8,
                "personal_item_width": 25
            },
            "availability": {
                "seats": 1
            },
            "airlines": [
                "EW"
            ],
            "route": [
                {
                    "id": "0b7717884e09000086af194a_0",
                    "combination_id": "0b7717884e09000086af194a",
                    "flyFrom": "BUD",
                    "flyTo": "HAM",
                    "cityFrom": "Budapest",
                    "cityCodeFrom": "BUD",
                    "cityTo": "Hamburg",
                    "cityCodeTo": "HAM",
                    "local_departure": "2024-09-11T20:45:00.000Z",
                    "utc_departure": "2024-09-11T18:45:00.000Z",
                    "local_arrival": "2024-09-11T22:30:00.000Z",
                    "utc_arrival": "2024-09-11T20:30:00.000Z",
                    "airline": "EW",
                    "flight_no": 7783,
                    "operating_carrier": "EW",
                    "operating_flight_no": "7783",
                    "fare_basis": "",
                    "fare_category": "M",
                    "fare_classes": "",
                    "return": 0,
                    "bags_recheck_required": false,
                    "vi_connection": false,
                    "guarantee": false,
                    "equipment": null,
                    "vehicle_type": "aircraft"
                },
                {
                    "id": "17880b774e0a00005931f13c_0",
                    "combination_id": "17880b774e0a00005931f13c",
                    "flyFrom": "HAM",
                    "flyTo": "BUD",
                    "cityFrom": "Hamburg",
                    "cityCodeFrom": "HAM",
                    "cityTo": "Budapest",
                    "cityCodeTo": "BUD",
                    "local_departure": "2024-09-12T18:25:00.000Z",
                    "utc_departure": "2024-09-12T16:25:00.000Z",
                    "local_arrival": "2024-09-12T20:05:00.000Z",
                    "utc_arrival": "2024-09-12T18:05:00.000Z",
                    "airline": "EW",
                    "flight_no": 7782,
                    "operating_carrier": "EW",
                    "operating_flight_no": "7782",
                    "fare_basis": "",
                    "fare_category": "M",
                    "fare_classes": "",
                    "return": 1,
                    "bags_recheck_required": false,
                    "vi_connection": false,
                    "guarantee": false,
                    "equipment": null,
                    "vehicle_type": "aircraft"
                }
            ],
            "booking_token": "HHWiMLQuV8kW1yAe9_v194xkHaueMMwcgP11fLp3DpjVb_y88n04_ha2ML0uBnE-xxsJkBYgt9ZVYXOzpQNtoc71ccroZMn8VaonXpm_2QjA62qXkL6U2drvJEL-H73M0HUfu01BtB35TobtHlD7SQICncNzyv_eVZtDtkORZ_PN8AwnWp-_S6eec-QkDVrhtl8-TgpE2HsMQAwf10gRqhM4jqMf2OWMmZPp5fPW-BGv1sAHauLyaY0MeRbtEbvKw-3Zy_auGsvEI_1-OEvBjVl0dLzSEmfc49vS7sCOXveGpCuw2c11ZuSSKl2UcxENpLsfOetwp8lTX8jmf03Ol8bbN7AYwoGl9Mz8HPTYNX90le8lZ783Bm6XLVqGK9_vpw40POJESdVUS7Px0KA893y0bWYT2sLxVW_IchRXxbY73zs8vcgFt2NN3DaudSiI7pCd-gYXWjvOkFqjCD06NnDOno0ZqE2fsFJLcQRtBI5tWoIyjN1NqH2GlhvHKb24vVTVuY2vAveOZKzS7lKCWbIIop-XyyWsY5-5R9rXT7_CwS_15mBxc8xbu1qHxHodBx6hcH2AdqvhSksD2ELU-E97fzmwLjWTtLjO9ydVfjpQAP77l4Cv6hG1w58tco1zK9Y42zRjBPwnW0fC3Gn_b7diC3tpDLMGcN62aQDBxzC2mWcjZ7qI9rV-UjY8SePiP",
            "deep_link": "https://www.kiwi.com/deep?affilid=mihalytest&currency=EUR&flightsId=0b7717884e09000086af194a_0%7C17880b774e0a00005931f13c_0&from=BUD&lang=en&passengers=1&to=HAM&booking_token=HHWiMLQuV8kW1yAe9_v194xkHaueMMwcgP11fLp3DpjVb_y88n04_ha2ML0uBnE-xxsJkBYgt9ZVYXOzpQNtoc71ccroZMn8VaonXpm_2QjA62qXkL6U2drvJEL-H73M0HUfu01BtB35TobtHlD7SQICncNzyv_eVZtDtkORZ_PN8AwnWp-_S6eec-QkDVrhtl8-TgpE2HsMQAwf10gRqhM4jqMf2OWMmZPp5fPW-BGv1sAHauLyaY0MeRbtEbvKw-3Zy_auGsvEI_1-OEvBjVl0dLzSEmfc49vS7sCOXveGpCuw2c11ZuSSKl2UcxENpLsfOetwp8lTX8jmf03Ol8bbN7AYwoGl9Mz8HPTYNX90le8lZ783Bm6XLVqGK9_vpw40POJESdVUS7Px0KA893y0bWYT2sLxVW_IchRXxbY73zs8vcgFt2NN3DaudSiI7pCd-gYXWjvOkFqjCD06NnDOno0ZqE2fsFJLcQRtBI5tWoIyjN1NqH2GlhvHKb24vVTVuY2vAveOZKzS7lKCWbIIop-XyyWsY5-5R9rXT7_CwS_15mBxc8xbu1qHxHodBx6hcH2AdqvhSksD2ELU-E97fzmwLjWTtLjO9ydVfjpQAP77l4Cv6hG1w58tco1zK9Y42zRjBPwnW0fC3Gn_b7diC3tpDLMGcN62aQDBxzC2mWcjZ7qI9rV-UjY8SePiP",
            "facilitated_booking_available": true,
            "pnr_count": 2,
            "has_airport_change": false,
            "technical_stops": 0,
            "throw_away_ticketing": false,
            "hidden_city_ticketing": false,
            "virtual_interlining": false
        },
        {
            "id": "0b7717884e5e4e60be9565f4_0|0b7717884e5e4e60be9565f4_1|0b7717884e5e4e60be9565f4_2|0b7717884e5e4e60be9565f4_3",
            "flyFrom": "BUD",
            "flyTo": "HAM",
            "cityFrom": "Budapest",
            "cityCodeFrom": "BUD",
            "cityTo": "Hamburg",
            "cityCodeTo": "HAM",
            "countryFrom": {
                "code": "HU",
                "name": "Hungary"
            },
            "countryTo": {
                "code": "DE",
                "name": "Germany"
            },
            "local_departure": "2024-12-05T20:45:00.000Z",
            "utc_departure": "2024-12-05T19:45:00.000Z",
            "local_arrival": "2024-12-06T18:55:00.000Z",
            "utc_arrival": "2024-12-06T17:55:00.000Z",
            "nightsInDest": 1,
            "quality": 593.66564,
            "distance": 949.98,
            "duration": {
                "departure": 79800,
                "return": 94200,
                "total": 174000
            },
            "price": 183,
            "conversion": {
                "EUR": 183
            },
            "fare": {
                "adults": 183,
                "children": 183,
                "infants": 183
            },
            "fare_locks": {
                "EUR": [
                    {
                        "default": false,
                        "duration": "P1D",
                        "itinerary_price_limit": 383,
                        "itinerary_price_remaining": 183,
                        "fare_lock_kind": "fee",
                        "price": 9.15,
                        "rule_instance_id": 26749,
                        "version": "v1"
                    },
                    {
                        "default": true,
                        "duration": "P3D",
                        "itinerary_price_limit": 383,
                        "itinerary_price_remaining": 183,
                        "fare_lock_kind": "fee",
                        "price": 18.3,
                        "rule_instance_id": 26748,
                        "version": "v1"
                    },
                    {
                        "default": false,
                        "duration": "P7D",
                        "itinerary_price_limit": 383,
                        "itinerary_price_remaining": 183,
                        "fare_lock_kind": "fee",
                        "price": 45.75,
                        "rule_instance_id": 26750,
                        "version": "v1"
                    }
                ]
            },
            "bags_price": {
                "1": 98
            },
            "baglimit": {
                "hand_dimensions_sum": 118,
                "hand_height": 40,
                "hand_length": 55,
                "hand_weight": 8,
                "hand_width": 23,
                "hold_dimensions_sum": 158,
                "hold_height": 52,
                "hold_length": 78,
                "hold_weight": 23,
                "hold_width": 28,
                "personal_item_dimension_sum": 87,
                "personal_item_height": 35,
                "personal_item_length": 40,
                "personal_item_weight": 2,
                "personal_item_width": 12
            },
            "availability": {
                "seats": null
            },
            "airlines": [
                "LO"
            ],
            "route": [
                {
                    "id": "0b7717884e5e4e60be9565f4_0",
                    "combination_id": "0b7717884e5e4e60be9565f4",
                    "flyFrom": "BUD",
                    "flyTo": "WAW",
                    "cityFrom": "Budapest",
                    "cityCodeFrom": "BUD",
                    "cityTo": "Warsaw",
                    "cityCodeTo": "WAW",
                    "local_departure": "2024-12-05T20:45:00.000Z",
                    "utc_departure": "2024-12-05T19:45:00.000Z",
                    "local_arrival": "2024-12-05T22:00:00.000Z",
                    "utc_arrival": "2024-12-05T21:00:00.000Z",
                    "airline": "LO",
                    "flight_no": 532,
                    "operating_carrier": "LO",
                    "operating_flight_no": "532",
                    "fare_basis": "USAVI0",
                    "fare_category": "M",
                    "fare_classes": "U",
                    "return": 0,
                    "bags_recheck_required": false,
                    "vi_connection": false,
                    "guarantee": false,
                    "equipment": null,
                    "vehicle_type": "aircraft"
                },
                {
                    "id": "0b7717884e5e4e60be9565f4_1",
                    "combination_id": "0b7717884e5e4e60be9565f4",
                    "flyFrom": "WAW",
                    "flyTo": "HAM",
                    "cityFrom": "Warsaw",
                    "cityCodeFrom": "WAW",
                    "cityTo": "Hamburg",
                    "cityCodeTo": "HAM",
                    "local_departure": "2024-12-06T17:10:00.000Z",
                    "utc_departure": "2024-12-06T16:10:00.000Z",
                    "local_arrival": "2024-12-06T18:55:00.000Z",
                    "utc_arrival": "2024-12-06T17:55:00.000Z",
                    "airline": "LO",
                    "flight_no": 393,
                    "operating_carrier": "LO",
                    "operating_flight_no": "393",
                    "fare_basis": "USAVI0",
                    "fare_category": "M",
                    "fare_classes": "U",
                    "return": 0,
                    "bags_recheck_required": false,
                    "vi_connection": false,
                    "guarantee": false,
                    "equipment": null,
                    "vehicle_type": "aircraft"
                },
                {
                    "id": "0b7717884e5e4e60be9565f4_2",
                    "combination_id": "0b7717884e5e4e60be9565f4",
                    "flyFrom": "HAM",
                    "flyTo": "WAW",
                    "cityFrom": "Hamburg",
                    "cityCodeFrom": "HAM",
                    "cityTo": "Warsaw",
                    "cityCodeTo": "WAW",
                    "local_departure": "2024-12-07T06:55:00.000Z",
                    "utc_departure": "2024-12-07T05:55:00.000Z",
                    "local_arrival": "2024-12-07T08:25:00.000Z",
                    "utc_arrival": "2024-12-07T07:25:00.000Z",
                    "airline": "LO",
                    "flight_no": 398,
                    "operating_carrier": "LO",
                    "operating_flight_no": "398",
                    "fare_basis": "USAVI0",
                    "fare_category": "M",
                    "fare_classes": "U",
                    "return": 1,
                    "bags_recheck_required": false,
                    "vi_connection": false,
                    "guarantee": false,
                    "equipment": null,
                    "vehicle_type": "aircraft"
                },
                {
                    "id": "0b7717884e5e4e60be9565f4_3",
                    "combination_id": "0b7717884e5e4e60be9565f4",
                    "flyFrom": "WAW",
                    "flyTo": "BUD",
                    "cityFrom": "Warsaw",
                    "cityCodeFrom": "WAW",
                    "cityTo": "Budapest",
                    "cityCodeTo": "BUD",
                    "local_departure": "2024-12-08T07:45:00.000Z",
                    "utc_departure": "2024-12-08T06:45:00.000Z",
                    "local_arrival": "2024-12-08T09:05:00.000Z",
                    "utc_arrival": "2024-12-08T08:05:00.000Z",
                    "airline": "LO",
                    "flight_no": 533,
                    "operating_carrier": "LO",
                    "operating_flight_no": "533",
                    "fare_basis": "USAVI0",
                    "fare_category": "M",
                    "fare_classes": "U",
                    "return": 1,
                    "bags_recheck_required": false,
                    "vi_connection": false,
                    "guarantee": false,
                    "equipment": null,
                    "vehicle_type": "aircraft"
                }
            ],
            "booking_token": "H12xAW9HFsOVk_XMIloFiK_wVJkU8KTSLJ_41_FBxumO0BzW8lyWBigMmxH1m0oU2ykk2igr9fsPogACsEib1-csoJErsRWQDRK4r4mnmiQm7pQXEXHOtTWEj8zgF_E0pfdtG6C12g3UOl3mJOkA7gVZ3nB2ONc1HtrjbPiwcOXRS3Tstbe4PaVjPI55874SsMk7rNhJ5d0ixGY4AuLCJi3AWQ1Y8bLCSs4wxh8jNk0Qmznx51K-zMRCU2niBLhNExqaSByOF6j3OM1dfbl7_5_rWpF5NGHK3GcG9SlghsQ2qunxBizbDyPf8oRWeJ7N2Zxr4KigqqAwFlumPhnoEwbTbi739XPYdEZS4qDIZ6r88MkqWKC3I_xOmEH7aMIv2nuqXn3MD3kBTS__wEHf1psSMG72MKLxnLrkQW1fgKn480piJxIAs1FbqRVQdJLdhpaAflxjcUURM_JWjqbdJEeactTbEXocGp5es2JDjdn2V7rz63h2QIeQTAwPj-oNARnCfapWAf5jrFnspJk7GfjQ7FQB5yKck_9b-iuEi7RAN-VmIMT78BPA2Ig3PHWtBWKilAwHNHsicUCPD8FmrQ6NVPx4VgSulLkg4CQHSxt4c-mbNVQw2CybWAw8_eoF7Z40-JxUZtblswrqclYEl8bKvQIvSDPdsc8BL2JVKHLxsSz0Dn4GLy743fCyv1Ras",
            "deep_link": "https://www.kiwi.com/deep?affilid=mihalytest&currency=EUR&flightsId=0b7717884e5e4e60be9565f4_0%7C0b7717884e5e4e60be9565f4_1%7C0b7717884e5e4e60be9565f4_2%7C0b7717884e5e4e60be9565f4_3&from=BUD&lang=en&passengers=1&to=HAM&booking_token=H12xAW9HFsOVk_XMIloFiK_wVJkU8KTSLJ_41_FBxumO0BzW8lyWBigMmxH1m0oU2ykk2igr9fsPogACsEib1-csoJErsRWQDRK4r4mnmiQm7pQXEXHOtTWEj8zgF_E0pfdtG6C12g3UOl3mJOkA7gVZ3nB2ONc1HtrjbPiwcOXRS3Tstbe4PaVjPI55874SsMk7rNhJ5d0ixGY4AuLCJi3AWQ1Y8bLCSs4wxh8jNk0Qmznx51K-zMRCU2niBLhNExqaSByOF6j3OM1dfbl7_5_rWpF5NGHK3GcG9SlghsQ2qunxBizbDyPf8oRWeJ7N2Zxr4KigqqAwFlumPhnoEwbTbi739XPYdEZS4qDIZ6r88MkqWKC3I_xOmEH7aMIv2nuqXn3MD3kBTS__wEHf1psSMG72MKLxnLrkQW1fgKn480piJxIAs1FbqRVQdJLdhpaAflxjcUURM_JWjqbdJEeactTbEXocGp5es2JDjdn2V7rz63h2QIeQTAwPj-oNARnCfapWAf5jrFnspJk7GfjQ7FQB5yKck_9b-iuEi7RAN-VmIMT78BPA2Ig3PHWtBWKilAwHNHsicUCPD8FmrQ6NVPx4VgSulLkg4CQHSxt4c-mbNVQw2CybWAw8_eoF7Z40-JxUZtblswrqclYEl8bKvQIvSDPdsc8BL2JVKHLxsSz0Dn4GLy743fCyv1Ras",
            "facilitated_booking_available": true,
            "pnr_count": 1,
            "has_airport_change": false,
            "technical_stops": 0,
            "throw_away_ticketing": false,
            "hidden_city_ticketing": false,
            "virtual_interlining": false
        },
        {
            "id": "0b7717884e0a000086eddbab_0|17880b774e1100003f752f5f_0",
            "flyFrom": "BUD",
            "flyTo": "HAM",
            "cityFrom": "Budapest",
            "cityCodeFrom": "BUD",
            "cityTo": "Hamburg",
            "cityCodeTo": "HAM",
            "countryFrom": {
                "code": "HU",
                "name": "Hungary"
            },
            "countryTo": {
                "code": "DE",
                "name": "Germany"
            },
            "local_departure": "2024-09-12T20:45:00.000Z",
            "utc_departure": "2024-09-12T18:45:00.000Z",
            "local_arrival": "2024-09-12T22:30:00.000Z",
            "utc_arrival": "2024-09-12T20:30:00.000Z",
            "nightsInDest": 7,
            "quality": 236.333205,
            "distance": 949.98,
            "duration": {
                "departure": 6300,
                "return": 6000,
                "total": 12300
            },
            "price": 185,
            "conversion": {
                "EUR": 185
            },
            "fare": {
                "adults": 185,
                "children": 185,
                "infants": 185
            },
            "fare_locks": {
                "EUR": [
                    {
                        "default": false,
                        "duration": "P1D",
                        "itinerary_price_limit": 385,
                        "itinerary_price_remaining": 185,
                        "fare_lock_kind": "fee",
                        "price": 9.25,
                        "rule_instance_id": 26749,
                        "version": "v1"
                    },
                    {
                        "default": true,
                        "duration": "P3D",
                        "itinerary_price_limit": 385,
                        "itinerary_price_remaining": 185,
                        "fare_lock_kind": "fee",
                        "price": 18.5,
                        "rule_instance_id": 26748,
                        "version": "v1"
                    },
                    {
                        "default": false,
                        "duration": "P7D",
                        "itinerary_price_limit": 385,
                        "itinerary_price_remaining": 185,
                        "fare_lock_kind": "fee",
                        "price": 46.25,
                        "rule_instance_id": 26750,
                        "version": "v1"
                    }
                ]
            },
            "bags_price": {
                "1": 72.8,
                "2": 282.8
            },
            "baglimit": {
                "hand_dimensions_sum": 118,
                "hand_height": 40,
                "hand_length": 55,
                "hand_weight": 8,
                "hand_width": 23,
                "hold_dimensions_sum": 158,
                "hold_height": 52,
                "hold_length": 78,
                "hold_weight": 23,
                "hold_width": 28,
                "personal_item_dimension_sum": 95,
                "personal_item_height": 30,
                "personal_item_length": 40,
                "personal_item_weight": 8,
                "personal_item_width": 25
            },
            "availability": {
                "seats": 9
            },
            "airlines": [
                "EW"
            ],
            "route": [
                {
                    "id": "0b7717884e0a000086eddbab_0",
                    "combination_id": "0b7717884e0a000086eddbab",
                    "flyFrom": "BUD",
                    "flyTo": "HAM",
                    "cityFrom": "Budapest",
                    "cityCodeFrom": "BUD",
                    "cityTo": "Hamburg",
                    "cityCodeTo": "HAM",
                    "local_departure": "2024-09-12T20:45:00.000Z",
                    "utc_departure": "2024-09-12T18:45:00.000Z",
                    "local_arrival": "2024-09-12T22:30:00.000Z",
                    "utc_arrival": "2024-09-12T20:30:00.000Z",
                    "airline": "EW",
                    "flight_no": 7783,
                    "operating_carrier": "EW",
                    "operating_flight_no": "7783",
                    "fare_basis": "",
                    "fare_category": "M",
                    "fare_classes": "",
                    "return": 0,
                    "bags_recheck_required": false,
                    "vi_connection": false,
                    "guarantee": false,
                    "equipment": null,
                    "vehicle_type": "aircraft"
                },
                {
                    "id": "17880b774e1100003f752f5f_0",
                    "combination_id": "17880b774e1100003f752f5f",
                    "flyFrom": "HAM",
                    "flyTo": "BUD",
                    "cityFrom": "Hamburg",
                    "cityCodeFrom": "HAM",
                    "cityTo": "Budapest",
                    "cityCodeTo": "BUD",
                    "local_departure": "2024-09-19T18:25:00.000Z",
                    "utc_departure": "2024-09-19T16:25:00.000Z",
                    "local_arrival": "2024-09-19T20:05:00.000Z",
                    "utc_arrival": "2024-09-19T18:05:00.000Z",
                    "airline": "EW",
                    "flight_no": 7782,
                    "operating_carrier": "EW",
                    "operating_flight_no": "7782",
                    "fare_basis": "",
                    "fare_category": "M",
                    "fare_classes": "",
                    "return": 1,
                    "bags_recheck_required": false,
                    "vi_connection": false,
                    "guarantee": false,
                    "equipment": null,
                    "vehicle_type": "aircraft"
                }
            ],
            "booking_token": "HJvxrcaiuXsgZQ_i0GVdK3cG5B10DynY03v6oL7YwyqfsZglargY-2_Anfj3JzKynsLgZ-ih0mXvdZV4UefgtZkVd2_X8MarkDESd_npJp-v-8bzdmMU2fCRFNuzJww1YlYIgQlDzwkkdFag3X7G6xOKHLXw26WHzXYiWfOVRWbdFX7E2ZvKac2trYKwat8NDjAup19SE9pLYOoZEoX6OASQphVLFR6g8gPxMAQgDe2N7infRKyKALeEYl8wlsm0Il68HaNzaWnrU_pHI1RVw7NDdDT3LSnCk_MwR3hi0a-uexhhoy_9VzbTdWMCGXqe7JvV3vEjjnUzwPJY4uEFY2VXxUY_7J6eMaG-zj8eFwwuQD0uTTQbUMYOxSYqo7mFiHF1hh5kTIlNv4gmUO-VL5KcOD3qszFPmlB3rxB9rSjAbKiJ_V9p15w9pGJ6J2KN8paIWUtY4yFSr2xKgQ1QlCRalbo1TtGq0Aa7fKiHIlI0cdtoJtgujShcZsSFTmcBXh4TGblzw3UmMXusYb9GTkIeJcLm9eZTldOLDbJ2DIWEkGj0Oh11ukqpYJwBSYY6awMqozIOY6hG5CdS6PEvC-b5ER9ZZIXtq-MbZXkhvXhoI0OnOTZk00mgPv5HJQ5PrhSIf8evVB0X5bSXljtUGr7pXupa7R0v8y4mXjjcbjH4I1Rc53_VJ4trJeMi2h_RT",
            "deep_link": "https://www.kiwi.com/deep?affilid=mihalytest&currency=EUR&flightsId=0b7717884e0a000086eddbab_0%7C17880b774e1100003f752f5f_0&from=BUD&lang=en&passengers=1&to=HAM&booking_token=HJvxrcaiuXsgZQ_i0GVdK3cG5B10DynY03v6oL7YwyqfsZglargY-2_Anfj3JzKynsLgZ-ih0mXvdZV4UefgtZkVd2_X8MarkDESd_npJp-v-8bzdmMU2fCRFNuzJww1YlYIgQlDzwkkdFag3X7G6xOKHLXw26WHzXYiWfOVRWbdFX7E2ZvKac2trYKwat8NDjAup19SE9pLYOoZEoX6OASQphVLFR6g8gPxMAQgDe2N7infRKyKALeEYl8wlsm0Il68HaNzaWnrU_pHI1RVw7NDdDT3LSnCk_MwR3hi0a-uexhhoy_9VzbTdWMCGXqe7JvV3vEjjnUzwPJY4uEFY2VXxUY_7J6eMaG-zj8eFwwuQD0uTTQbUMYOxSYqo7mFiHF1hh5kTIlNv4gmUO-VL5KcOD3qszFPmlB3rxB9rSjAbKiJ_V9p15w9pGJ6J2KN8paIWUtY4yFSr2xKgQ1QlCRalbo1TtGq0Aa7fKiHIlI0cdtoJtgujShcZsSFTmcBXh4TGblzw3UmMXusYb9GTkIeJcLm9eZTldOLDbJ2DIWEkGj0Oh11ukqpYJwBSYY6awMqozIOY6hG5CdS6PEvC-b5ER9ZZIXtq-MbZXkhvXhoI0OnOTZk00mgPv5HJQ5PrhSIf8evVB0X5bSXljtUGr7pXupa7R0v8y4mXjjcbjH4I1Rc53_VJ4trJeMi2h_RT",
            "facilitated_booking_available": true,
            "pnr_count": 2,
            "has_airport_change": false,
            "technical_stops": 0,
            "throw_away_ticketing": false,
            "hidden_city_ticketing": false,
            "virtual_interlining": false
        },
        {
            "id": "0b7717884e330000d6a0a9cb_0|17880b774e350000b591212c_0",
            "flyFrom": "BUD",
            "flyTo": "HAM",
            "cityFrom": "Budapest",
            "cityCodeFrom": "BUD",
            "cityTo": "Hamburg",
            "cityCodeTo": "HAM",
            "countryFrom": {
                "code": "HU",
                "name": "Hungary"
            },
            "countryTo": {
                "code": "DE",
                "name": "Germany"
            },
            "local_departure": "2024-10-23T20:45:00.000Z",
            "utc_departure": "2024-10-23T18:45:00.000Z",
            "local_arrival": "2024-10-23T22:30:00.000Z",
            "utc_arrival": "2024-10-23T20:30:00.000Z",
            "nightsInDest": 2,
            "quality": 236.333205,
            "distance": 949.98,
            "duration": {
                "departure": 6300,
                "return": 6000,
                "total": 12300
            },
            "price": 185,
            "conversion": {
                "EUR": 185
            },
            "fare": {
                "adults": 185,
                "children": 185,
                "infants": 185
            },
            "fare_locks": {
                "EUR": [
                    {
                        "default": false,
                        "duration": "P1D",
                        "itinerary_price_limit": 385,
                        "itinerary_price_remaining": 185,
                        "fare_lock_kind": "fee",
                        "price": 9.25,
                        "rule_instance_id": 26749,
                        "version": "v1"
                    },
                    {
                        "default": true,
                        "duration": "P3D",
                        "itinerary_price_limit": 385,
                        "itinerary_price_remaining": 185,
                        "fare_lock_kind": "fee",
                        "price": 18.5,
                        "rule_instance_id": 26748,
                        "version": "v1"
                    },
                    {
                        "default": false,
                        "duration": "P7D",
                        "itinerary_price_limit": 385,
                        "itinerary_price_remaining": 185,
                        "fare_lock_kind": "fee",
                        "price": 46.25,
                        "rule_instance_id": 26750,
                        "version": "v1"
                    }
                ]
            },
            "bags_price": {
                "1": 72.8,
                "2": 282.8
            },
            "baglimit": {
                "hand_dimensions_sum": 118,
                "hand_height": 40,
                "hand_length": 55,
                "hand_weight": 8,
                "hand_width": 23,
                "hold_dimensions_sum": 158,
                "hold_height": 52,
                "hold_length": 78,
                "hold_weight": 23,
                "hold_width": 28,
                "personal_item_dimension_sum": 95,
                "personal_item_height": 30,
                "personal_item_length": 40,
                "personal_item_weight": 8,
                "personal_item_width": 25
            },
            "availability": {
                "seats": 9
            },
            "airlines": [
                "EW"
            ],
            "route": [
                {
                    "id": "0b7717884e330000d6a0a9cb_0",
                    "combination_id": "0b7717884e330000d6a0a9cb",
                    "flyFrom": "BUD",
                    "flyTo": "HAM",
                    "cityFrom": "Budapest",
                    "cityCodeFrom": "BUD",
                    "cityTo": "Hamburg",
                    "cityCodeTo": "HAM",
                    "local_departure": "2024-10-23T20:45:00.000Z",
                    "utc_departure": "2024-10-23T18:45:00.000Z",
                    "local_arrival": "2024-10-23T22:30:00.000Z",
                    "utc_arrival": "2024-10-23T20:30:00.000Z",
                    "airline": "EW",
                    "flight_no": 7783,
                    "operating_carrier": "EW",
                    "operating_flight_no": "7783",
                    "fare_basis": "",
                    "fare_category": "M",
                    "fare_classes": "",
                    "return": 0,
                    "bags_recheck_required": false,
                    "vi_connection": false,
                    "guarantee": false,
                    "equipment": null,
                    "vehicle_type": "aircraft"
                },
                {
                    "id": "17880b774e350000b591212c_0",
                    "combination_id": "17880b774e350000b591212c",
                    "flyFrom": "HAM",
                    "flyTo": "BUD",
                    "cityFrom": "Hamburg",
                    "cityCodeFrom": "HAM",
                    "cityTo": "Budapest",
                    "cityCodeTo": "BUD",
                    "local_departure": "2024-10-25T18:25:00.000Z",
                    "utc_departure": "2024-10-25T16:25:00.000Z",
                    "local_arrival": "2024-10-25T20:05:00.000Z",
                    "utc_arrival": "2024-10-25T18:05:00.000Z",
                    "airline": "EW",
                    "flight_no": 7782,
                    "operating_carrier": "EW",
                    "operating_flight_no": "7782",
                    "fare_basis": "",
                    "fare_category": "M",
                    "fare_classes": "",
                    "return": 1,
                    "bags_recheck_required": false,
                    "vi_connection": false,
                    "guarantee": false,
                    "equipment": null,
                    "vehicle_type": "aircraft"
                }
            ],
            "booking_token": "HIAV4QEb23zxcbh7tmMAsN_UX-osOdOGwVNWhvxoHSqSgYbqm3yXIqRBbJneGYmx5HB-dO4PNblUwPqlvTx6ho8pS5wLHu1ZT4kw7ACp98l3oIgkzeVXVJk_u6LhkE5zzW2dTNOpvg5Mam6n6yj3AKdZ3tGDm9tLRTysmTl6oHpO6YF3aHZKcRB_omGgBx-8rXifF7cOHpBRJD5ecCDTO5LxfKR2Q7ZbM56BfvqxUoxanPgIYzAMGTuJ_QGhIPYgfbDgCVbhqW4eAhC1YooAQQNok1WXsuq3EdPcNn1U2d6DSIZgqGDt0SRzcOYzIPnaRA60p8FpTk3SFzb1JNHgxI4kN2LOdz0J8oGqkik3jzJ9_08V8S1yXRy2htTN2CWFGkBsTzCWEQDe2FBkT8XecDBmylr1as54AUu-SbGMUV0ncQMp5qGJj1ODn2KvDg6uHaNdK6BXfvFlbGZC-Y-GrnLgkuJDWlQtAoZuxOpRCL0Kr3RZyLOzO-UEOdPK4-gKaVeVsFkC3fhLQbdmyCTj_3RMTh0Vt0SsM9RAUV29q5S0P6VJsFm2BvA-aAeHKFsLjzPKiATpg2Ta-aFWRHBiZOwihnYL2R-reHbC6WJlj_h9cCcSABBDVTw32ZK5ZB9MzV-RcAU2tUzcaDhW6uVwoX5kKSUEkOXc6njU7XyXa7ohQOwDjUWPRgUQNqXDVIxcWXDsTrJA87CTY-689bWiJTqA8zvYQbxAhye9vD5_4mK8=",
            "deep_link": "https://www.kiwi.com/deep?affilid=mihalytest&currency=EUR&flightsId=0b7717884e330000d6a0a9cb_0%7C17880b774e350000b591212c_0&from=BUD&lang=en&passengers=1&to=HAM&booking_token=HIAV4QEb23zxcbh7tmMAsN_UX-osOdOGwVNWhvxoHSqSgYbqm3yXIqRBbJneGYmx5HB-dO4PNblUwPqlvTx6ho8pS5wLHu1ZT4kw7ACp98l3oIgkzeVXVJk_u6LhkE5zzW2dTNOpvg5Mam6n6yj3AKdZ3tGDm9tLRTysmTl6oHpO6YF3aHZKcRB_omGgBx-8rXifF7cOHpBRJD5ecCDTO5LxfKR2Q7ZbM56BfvqxUoxanPgIYzAMGTuJ_QGhIPYgfbDgCVbhqW4eAhC1YooAQQNok1WXsuq3EdPcNn1U2d6DSIZgqGDt0SRzcOYzIPnaRA60p8FpTk3SFzb1JNHgxI4kN2LOdz0J8oGqkik3jzJ9_08V8S1yXRy2htTN2CWFGkBsTzCWEQDe2FBkT8XecDBmylr1as54AUu-SbGMUV0ncQMp5qGJj1ODn2KvDg6uHaNdK6BXfvFlbGZC-Y-GrnLgkuJDWlQtAoZuxOpRCL0Kr3RZyLOzO-UEOdPK4-gKaVeVsFkC3fhLQbdmyCTj_3RMTh0Vt0SsM9RAUV29q5S0P6VJsFm2BvA-aAeHKFsLjzPKiATpg2Ta-aFWRHBiZOwihnYL2R-reHbC6WJlj_h9cCcSABBDVTw32ZK5ZB9MzV-RcAU2tUzcaDhW6uVwoX5kKSUEkOXc6njU7XyXa7ohQOwDjUWPRgUQNqXDVIxcWXDsTrJA87CTY-689bWiJTqA8zvYQbxAhye9vD5_4mK8=",
            "facilitated_booking_available": true,
            "pnr_count": 2,
            "has_airport_change": false,
            "technical_stops": 0,
            "throw_away_ticketing": false,
            "hidden_city_ticketing": false,
            "virtual_interlining": false
        },
        {
            "id": "0b7717884e0a000086eddbab_0|17880b774e100000eedbaee3_0",
            "flyFrom": "BUD",
            "flyTo": "HAM",
            "cityFrom": "Budapest",
            "cityCodeFrom": "BUD",
            "cityTo": "Hamburg",
            "cityCodeTo": "HAM",
            "countryFrom": {
                "code": "HU",
                "name": "Hungary"
            },
            "countryTo": {
                "code": "DE",
                "name": "Germany"
            },
            "local_departure": "2024-09-12T20:45:00.000Z",
            "utc_departure": "2024-09-12T18:45:00.000Z",
            "local_arrival": "2024-09-12T22:30:00.000Z",
            "utc_arrival": "2024-09-12T20:30:00.000Z",
            "nightsInDest": 6,
            "quality": 236.333205,
            "distance": 949.98,
            "duration": {
                "departure": 6300,
                "return": 6000,
                "total": 12300
            },
            "price": 185,
            "conversion": {
                "EUR": 185
            },
            "fare": {
                "adults": 185,
                "children": 185,
                "infants": 185
            },
            "fare_locks": {
                "EUR": [
                    {
                        "default": false,
                        "duration": "P1D",
                        "itinerary_price_limit": 385,
                        "itinerary_price_remaining": 185,
                        "fare_lock_kind": "fee",
                        "price": 9.25,
                        "rule_instance_id": 26749,
                        "version": "v1"
                    },
                    {
                        "default": true,
                        "duration": "P3D",
                        "itinerary_price_limit": 385,
                        "itinerary_price_remaining": 185,
                        "fare_lock_kind": "fee",
                        "price": 18.5,
                        "rule_instance_id": 26748,
                        "version": "v1"
                    },
                    {
                        "default": false,
                        "duration": "P7D",
                        "itinerary_price_limit": 385,
                        "itinerary_price_remaining": 185,
                        "fare_lock_kind": "fee",
                        "price": 46.25,
                        "rule_instance_id": 26750,
                        "version": "v1"
                    }
                ]
            },
            "bags_price": {
                "1": 72.8,
                "2": 282.8
            },
            "baglimit": {
                "hand_dimensions_sum": 118,
                "hand_height": 40,
                "hand_length": 55,
                "hand_weight": 8,
                "hand_width": 23,
                "hold_dimensions_sum": 158,
                "hold_height": 52,
                "hold_length": 78,
                "hold_weight": 23,
                "hold_width": 28,
                "personal_item_dimension_sum": 95,
                "personal_item_height": 30,
                "personal_item_length": 40,
                "personal_item_weight": 8,
                "personal_item_width": 25
            },
            "availability": {
                "seats": 5
            },
            "airlines": [
                "EW"
            ],
            "route": [
                {
                    "id": "0b7717884e0a000086eddbab_0",
                    "combination_id": "0b7717884e0a000086eddbab",
                    "flyFrom": "BUD",
                    "flyTo": "HAM",
                    "cityFrom": "Budapest",
                    "cityCodeFrom": "BUD",
                    "cityTo": "Hamburg",
                    "cityCodeTo": "HAM",
                    "local_departure": "2024-09-12T20:45:00.000Z",
                    "utc_departure": "2024-09-12T18:45:00.000Z",
                    "local_arrival": "2024-09-12T22:30:00.000Z",
                    "utc_arrival": "2024-09-12T20:30:00.000Z",
                    "airline": "EW",
                    "flight_no": 7783,
                    "operating_carrier": "EW",
                    "operating_flight_no": "7783",
                    "fare_basis": "",
                    "fare_category": "M",
                    "fare_classes": "",
                    "return": 0,
                    "bags_recheck_required": false,
                    "vi_connection": false,
                    "guarantee": false,
                    "equipment": null,
                    "vehicle_type": "aircraft"
                },
                {
                    "id": "17880b774e100000eedbaee3_0",
                    "combination_id": "17880b774e100000eedbaee3",
                    "flyFrom": "HAM",
                    "flyTo": "BUD",
                    "cityFrom": "Hamburg",
                    "cityCodeFrom": "HAM",
                    "cityTo": "Budapest",
                    "cityCodeTo": "BUD",
                    "local_departure": "2024-09-18T18:25:00.000Z",
                    "utc_departure": "2024-09-18T16:25:00.000Z",
                    "local_arrival": "2024-09-18T20:05:00.000Z",
                    "utc_arrival": "2024-09-18T18:05:00.000Z",
                    "airline": "EW",
                    "flight_no": 7782,
                    "operating_carrier": "EW",
                    "operating_flight_no": "7782",
                    "fare_basis": "",
                    "fare_category": "M",
                    "fare_classes": "L",
                    "return": 1,
                    "bags_recheck_required": false,
                    "vi_connection": false,
                    "guarantee": false,
                    "equipment": null,
                    "vehicle_type": "aircraft"
                }
            ],
            "booking_token": "H_rtICVHwk4DGqY4zEcA2mYaNLuZBE8cx9MQi4-0PAU-Jvjru0yPD0PV3IWTG18-qF-5_gfrztOfAiR_1QdTQwqq4Jr2RGgLLafn6479kzlXM2rzF3XwOe5X4H5XP2mZdcJjjresbYmlzVs-oEoxj1hJ2_KqQKxImYLXkB_H3UGG9AoGeHWbsynxeKpFREBmixjzDX2ZJ3LGuqHcrwDsl_S2VO4XRAal4tH3fyD_komKSZRbs3bhsUMHiHUO31f3D5015SAJVHxcj9OHN96i3CCP1VeM6ulePLvY5cSVfOEoaIMui9UFgdwMW4VlAL-rW-PJJbrKd2knH9pMvXI7wE3bpTE9_DvIRj3tUJ4Oi6LAqFvEPmeLm69mISDiMUvmMdWgPNImMk91NF_QIsi7BVGkfaoeqysuysVxSSx-jGog8Vn9-PuwbfAHIMrRo4dSGydNQiqh9rd8x0sIwYXKtTlytw8eXUZmVQ_h1c9tbJwuZbaCxWbVQ4nyQRcYaheWhjTaOOTPIsawlHhvnbRr6F7XRnM5tnlzOjKL3gtrB4GiwUSNd6drWxykeYp_epg-aQASqpnehb2zDFAjkiRrMi2lNggp1Bqpw_KozalPvr1_9Ho_yX61nOwbKE_kL2LXxMchwrBSMtoQQT6-hP6ezcfSOrUQJzjROhQqTc6Fyvk8ns9zI7J2Dzvr55j89tfJUUqj75bMj8MUXXkBOJni16w==",
            "deep_link": "https://www.kiwi.com/deep?affilid=mihalytest&currency=EUR&flightsId=0b7717884e0a000086eddbab_0%7C17880b774e100000eedbaee3_0&from=BUD&lang=en&passengers=1&to=HAM&booking_token=H_rtICVHwk4DGqY4zEcA2mYaNLuZBE8cx9MQi4-0PAU-Jvjru0yPD0PV3IWTG18-qF-5_gfrztOfAiR_1QdTQwqq4Jr2RGgLLafn6479kzlXM2rzF3XwOe5X4H5XP2mZdcJjjresbYmlzVs-oEoxj1hJ2_KqQKxImYLXkB_H3UGG9AoGeHWbsynxeKpFREBmixjzDX2ZJ3LGuqHcrwDsl_S2VO4XRAal4tH3fyD_komKSZRbs3bhsUMHiHUO31f3D5015SAJVHxcj9OHN96i3CCP1VeM6ulePLvY5cSVfOEoaIMui9UFgdwMW4VlAL-rW-PJJbrKd2knH9pMvXI7wE3bpTE9_DvIRj3tUJ4Oi6LAqFvEPmeLm69mISDiMUvmMdWgPNImMk91NF_QIsi7BVGkfaoeqysuysVxSSx-jGog8Vn9-PuwbfAHIMrRo4dSGydNQiqh9rd8x0sIwYXKtTlytw8eXUZmVQ_h1c9tbJwuZbaCxWbVQ4nyQRcYaheWhjTaOOTPIsawlHhvnbRr6F7XRnM5tnlzOjKL3gtrB4GiwUSNd6drWxykeYp_epg-aQASqpnehb2zDFAjkiRrMi2lNggp1Bqpw_KozalPvr1_9Ho_yX61nOwbKE_kL2LXxMchwrBSMtoQQT6-hP6ezcfSOrUQJzjROhQqTc6Fyvk8ns9zI7J2Dzvr55j89tfJUUqj75bMj8MUXXkBOJni16w==",
            "facilitated_booking_available": true,
            "pnr_count": 2,
            "has_airport_change": false,
            "technical_stops": 0,
            "throw_away_ticketing": false,
            "hidden_city_ticketing": false,
            "virtual_interlining": false
        },
        {
            "id": "0b7717884e2e0000d44ad82b_0|17880b774e30000019bff428_0",
            "flyFrom": "BUD",
            "flyTo": "HAM",
            "cityFrom": "Budapest",
            "cityCodeFrom": "BUD",
            "cityTo": "Hamburg",
            "cityCodeTo": "HAM",
            "countryFrom": {
                "code": "HU",
                "name": "Hungary"
            },
            "countryTo": {
                "code": "DE",
                "name": "Germany"
            },
            "local_departure": "2024-10-18T20:45:00.000Z",
            "utc_departure": "2024-10-18T18:45:00.000Z",
            "local_arrival": "2024-10-18T22:30:00.000Z",
            "utc_arrival": "2024-10-18T20:30:00.000Z",
            "nightsInDest": 2,
            "quality": 236.333205,
            "distance": 949.98,
            "duration": {
                "departure": 6300,
                "return": 6000,
                "total": 12300
            },
            "price": 185,
            "conversion": {
                "EUR": 185
            },
            "fare": {
                "adults": 185,
                "children": 185,
                "infants": 185
            },
            "fare_locks": {
                "EUR": [
                    {
                        "default": false,
                        "duration": "P1D",
                        "itinerary_price_limit": 385,
                        "itinerary_price_remaining": 185,
                        "fare_lock_kind": "fee",
                        "price": 9.25,
                        "rule_instance_id": 26749,
                        "version": "v1"
                    },
                    {
                        "default": true,
                        "duration": "P3D",
                        "itinerary_price_limit": 385,
                        "itinerary_price_remaining": 185,
                        "fare_lock_kind": "fee",
                        "price": 18.5,
                        "rule_instance_id": 26748,
                        "version": "v1"
                    },
                    {
                        "default": false,
                        "duration": "P7D",
                        "itinerary_price_limit": 385,
                        "itinerary_price_remaining": 185,
                        "fare_lock_kind": "fee",
                        "price": 46.25,
                        "rule_instance_id": 26750,
                        "version": "v1"
                    }
                ]
            },
            "bags_price": {
                "1": 72.8,
                "2": 282.8
            },
            "baglimit": {
                "hand_dimensions_sum": 118,
                "hand_height": 40,
                "hand_length": 55,
                "hand_weight": 8,
                "hand_width": 23,
                "hold_dimensions_sum": 158,
                "hold_height": 52,
                "hold_length": 78,
                "hold_weight": 23,
                "hold_width": 28,
                "personal_item_dimension_sum": 95,
                "personal_item_height": 30,
                "personal_item_length": 40,
                "personal_item_weight": 8,
                "personal_item_width": 25
            },
            "availability": {
                "seats": 7
            },
            "airlines": [
                "EW"
            ],
            "route": [
                {
                    "id": "0b7717884e2e0000d44ad82b_0",
                    "combination_id": "0b7717884e2e0000d44ad82b",
                    "flyFrom": "BUD",
                    "flyTo": "HAM",
                    "cityFrom": "Budapest",
                    "cityCodeFrom": "BUD",
                    "cityTo": "Hamburg",
                    "cityCodeTo": "HAM",
                    "local_departure": "2024-10-18T20:45:00.000Z",
                    "utc_departure": "2024-10-18T18:45:00.000Z",
                    "local_arrival": "2024-10-18T22:30:00.000Z",
                    "utc_arrival": "2024-10-18T20:30:00.000Z",
                    "airline": "EW",
                    "flight_no": 7783,
                    "operating_carrier": "EW",
                    "operating_flight_no": "7783",
                    "fare_basis": "",
                    "fare_category": "M",
                    "fare_classes": "",
                    "return": 0,
                    "bags_recheck_required": false,
                    "vi_connection": false,
                    "guarantee": false,
                    "equipment": null,
                    "vehicle_type": "aircraft"
                },
                {
                    "id": "17880b774e30000019bff428_0",
                    "combination_id": "17880b774e30000019bff428",
                    "flyFrom": "HAM",
                    "flyTo": "BUD",
                    "cityFrom": "Hamburg",
                    "cityCodeFrom": "HAM",
                    "cityTo": "Budapest",
                    "cityCodeTo": "BUD",
                    "local_departure": "2024-10-20T18:25:00.000Z",
                    "utc_departure": "2024-10-20T16:25:00.000Z",
                    "local_arrival": "2024-10-20T20:05:00.000Z",
                    "utc_arrival": "2024-10-20T18:05:00.000Z",
                    "airline": "EW",
                    "flight_no": 7782,
                    "operating_carrier": "EW",
                    "operating_flight_no": "7782",
                    "fare_basis": "",
                    "fare_category": "M",
                    "fare_classes": "",
                    "return": 1,
                    "bags_recheck_required": false,
                    "vi_connection": false,
                    "guarantee": false,
                    "equipment": null,
                    "vehicle_type": "aircraft"
                }
            ],
            "booking_token": "HkKWoYMft4lCu39D1wFWCqupaoolYc-uHFDk9dkcxZKoaI3_Vw8SRFGxQmw0rcWMqxnJsaoTyWCJd_BoOf5OVRMlukvz3lxYiRaMQrgWrtPDt4qtXZRw8g3QHWmoKA8XuR0Q_04HMET9vWedd5UdknHu9OtSzbQ6HMyCw3_0aS8NFauI5wTTc5XEUqeWjsssOSm2dse9SYhiGVSkTQMYHULsZcMBsa8DEyyqjRmnSTJer9oOjEa78fiIINtKYe3wx4ZcjO3tRh9NGxsDpH_bhL9i7xez1dmjt-gLo_5Ef1u1LXJgv8Op5L-UWdxKOC4qln-vp8rVe62hjS-NGOLpkvvt-kh03Zjgb_ZxpTKw_bSpcN4A6FBEaDwUOQAdzh4zNRba6Evq2rs1atRXqToMwqPQ8xXwaoLHosyLCbOGfvcHLHKkct4i1QH3bFOxlHUo1ZcIQIBBXB2lod5z8OytHJHlEC9OovLVEEhDsXHrGdK4ylt6zF8JPrKTrzslmW-PRAAoGCCYvUNY8M8ZoJ875L9R6KemwXqqsvQ5LKjjkpKxJLj0zALeFJg0CQFzph_VRDr8kJJKY5tTJOWNFyiONU-T-tih-6xViJ_C8kiUGOhaBwMBUGUqFScT18o7ZuByAcD2_7TDzvf7GsW040v435R4BdJrkixtgoEozNiFWcdTUoWDtvxLMO7CJxSKcgEhJb0ciPQh0YPQOiLkEQrJNKw==",
            "deep_link": "https://www.kiwi.com/deep?affilid=mihalytest&currency=EUR&flightsId=0b7717884e2e0000d44ad82b_0%7C17880b774e30000019bff428_0&from=BUD&lang=en&passengers=1&to=HAM&booking_token=HkKWoYMft4lCu39D1wFWCqupaoolYc-uHFDk9dkcxZKoaI3_Vw8SRFGxQmw0rcWMqxnJsaoTyWCJd_BoOf5OVRMlukvz3lxYiRaMQrgWrtPDt4qtXZRw8g3QHWmoKA8XuR0Q_04HMET9vWedd5UdknHu9OtSzbQ6HMyCw3_0aS8NFauI5wTTc5XEUqeWjsssOSm2dse9SYhiGVSkTQMYHULsZcMBsa8DEyyqjRmnSTJer9oOjEa78fiIINtKYe3wx4ZcjO3tRh9NGxsDpH_bhL9i7xez1dmjt-gLo_5Ef1u1LXJgv8Op5L-UWdxKOC4qln-vp8rVe62hjS-NGOLpkvvt-kh03Zjgb_ZxpTKw_bSpcN4A6FBEaDwUOQAdzh4zNRba6Evq2rs1atRXqToMwqPQ8xXwaoLHosyLCbOGfvcHLHKkct4i1QH3bFOxlHUo1ZcIQIBBXB2lod5z8OytHJHlEC9OovLVEEhDsXHrGdK4ylt6zF8JPrKTrzslmW-PRAAoGCCYvUNY8M8ZoJ875L9R6KemwXqqsvQ5LKjjkpKxJLj0zALeFJg0CQFzph_VRDr8kJJKY5tTJOWNFyiONU-T-tih-6xViJ_C8kiUGOhaBwMBUGUqFScT18o7ZuByAcD2_7TDzvf7GsW040v435R4BdJrkixtgoEozNiFWcdTUoWDtvxLMO7CJxSKcgEhJb0ciPQh0YPQOiLkEQrJNKw==",
            "facilitated_booking_available": true,
            "pnr_count": 2,
            "has_airport_change": false,
            "technical_stops": 0,
            "throw_away_ticketing": false,
            "hidden_city_ticketing": false,
            "virtual_interlining": false
        },
        {
            "id": "0b7717884e2e0000d44ad82b_0|17880b774e350000b591212c_0",
            "flyFrom": "BUD",
            "flyTo": "HAM",
            "cityFrom": "Budapest",
            "cityCodeFrom": "BUD",
            "cityTo": "Hamburg",
            "cityCodeTo": "HAM",
            "countryFrom": {
                "code": "HU",
                "name": "Hungary"
            },
            "countryTo": {
                "code": "DE",
                "name": "Germany"
            },
            "local_departure": "2024-10-18T20:45:00.000Z",
            "utc_departure": "2024-10-18T18:45:00.000Z",
            "local_arrival": "2024-10-18T22:30:00.000Z",
            "utc_arrival": "2024-10-18T20:30:00.000Z",
            "nightsInDest": 7,
            "quality": 236.333205,
            "distance": 949.98,
            "duration": {
                "departure": 6300,
                "return": 6000,
                "total": 12300
            },
            "price": 185,
            "conversion": {
                "EUR": 185
            },
            "fare": {
                "adults": 185,
                "children": 185,
                "infants": 185
            },
            "fare_locks": {
                "EUR": [
                    {
                        "default": false,
                        "duration": "P1D",
                        "itinerary_price_limit": 385,
                        "itinerary_price_remaining": 185,
                        "fare_lock_kind": "fee",
                        "price": 9.25,
                        "rule_instance_id": 26749,
                        "version": "v1"
                    },
                    {
                        "default": true,
                        "duration": "P3D",
                        "itinerary_price_limit": 385,
                        "itinerary_price_remaining": 185,
                        "fare_lock_kind": "fee",
                        "price": 18.5,
                        "rule_instance_id": 26748,
                        "version": "v1"
                    },
                    {
                        "default": false,
                        "duration": "P7D",
                        "itinerary_price_limit": 385,
                        "itinerary_price_remaining": 185,
                        "fare_lock_kind": "fee",
                        "price": 46.25,
                        "rule_instance_id": 26750,
                        "version": "v1"
                    }
                ]
            },
            "bags_price": {
                "1": 72.8,
                "2": 282.8
            },
            "baglimit": {
                "hand_dimensions_sum": 118,
                "hand_height": 40,
                "hand_length": 55,
                "hand_weight": 8,
                "hand_width": 23,
                "hold_dimensions_sum": 158,
                "hold_height": 52,
                "hold_length": 78,
                "hold_weight": 23,
                "hold_width": 28,
                "personal_item_dimension_sum": 95,
                "personal_item_height": 30,
                "personal_item_length": 40,
                "personal_item_weight": 8,
                "personal_item_width": 25
            },
            "availability": {
                "seats": 7
            },
            "airlines": [
                "EW"
            ],
            "route": [
                {
                    "id": "0b7717884e2e0000d44ad82b_0",
                    "combination_id": "0b7717884e2e0000d44ad82b",
                    "flyFrom": "BUD",
                    "flyTo": "HAM",
                    "cityFrom": "Budapest",
                    "cityCodeFrom": "BUD",
                    "cityTo": "Hamburg",
                    "cityCodeTo": "HAM",
                    "local_departure": "2024-10-18T20:45:00.000Z",
                    "utc_departure": "2024-10-18T18:45:00.000Z",
                    "local_arrival": "2024-10-18T22:30:00.000Z",
                    "utc_arrival": "2024-10-18T20:30:00.000Z",
                    "airline": "EW",
                    "flight_no": 7783,
                    "operating_carrier": "EW",
                    "operating_flight_no": "7783",
                    "fare_basis": "",
                    "fare_category": "M",
                    "fare_classes": "",
                    "return": 0,
                    "bags_recheck_required": false,
                    "vi_connection": false,
                    "guarantee": false,
                    "equipment": null,
                    "vehicle_type": "aircraft"
                },
                {
                    "id": "17880b774e350000b591212c_0",
                    "combination_id": "17880b774e350000b591212c",
                    "flyFrom": "HAM",
                    "flyTo": "BUD",
                    "cityFrom": "Hamburg",
                    "cityCodeFrom": "HAM",
                    "cityTo": "Budapest",
                    "cityCodeTo": "BUD",
                    "local_departure": "2024-10-25T18:25:00.000Z",
                    "utc_departure": "2024-10-25T16:25:00.000Z",
                    "local_arrival": "2024-10-25T20:05:00.000Z",
                    "utc_arrival": "2024-10-25T18:05:00.000Z",
                    "airline": "EW",
                    "flight_no": 7782,
                    "operating_carrier": "EW",
                    "operating_flight_no": "7782",
                    "fare_basis": "",
                    "fare_category": "M",
                    "fare_classes": "",
                    "return": 1,
                    "bags_recheck_required": false,
                    "vi_connection": false,
                    "guarantee": false,
                    "equipment": null,
                    "vehicle_type": "aircraft"
                }
            ],
            "booking_token": "HW__nrgsulPxBa8NPHK4q_NOFG36NksA72faAsnYW--RrC7jnKEUIo143a70bRogS0eYvdzHObcJ8w2Ja5V_bjIBZw_tIXqve5wBrB1KSTNFO3LVQIlTQK8_k7JPp2eezilS1_Tdr7heDeVeD9BiqBT1YOrkWOcwwAYMAwJMx6jgnFxPwkKe9H_ImyPB1Pn7uF7YE6cEqkwbiY8eKMH_OlwVmPjT-E5Y-fzel3O87710u0FKgZ0FQ8PwKB2zz-KU9kURdEUM-GERloL9Uzz95dk8amBjlJry3GM6QQKt82-l8uPR72Jlxy_uz9pImap_ntKTAN2ATMY-AyGvXRrVRUFwtDZSgHIaEslfosGfy7o77IO-RYlBwXm4q-YZqL0Y22d4IoZ1CT-8l_MrmlVGjrZ0Qq4YxKoFVwKt2fyNJLlG9_FVrfs2p0Hfsy-KgxJWecIYp2QXOCy0xcNrjfabje2EIOTVn5tf78vxD3cuWxuJy0CLnEfi-WvLMyX3kxunvz4EEcdVw7idh4Wkrf41F_f5G-qtYvRdCeg_gBdyeZN0OQsa_eaD3S9HUqHo2cyWfl5iud-rDNhUlvtYnxkPxTZe3wQPwpBDVXfF1Gry4iExMXtvlqbyPunbb-bu_mTk6aiWQrN_WGjwrtA5-pIWz1rTYiwJ-B0UyXjmn-got7zETfqTTQNpJXrmwS8zbN9l3L9wcvTxHgjrNbbuhAjbqbQ==",
            "deep_link": "https://www.kiwi.com/deep?affilid=mihalytest&currency=EUR&flightsId=0b7717884e2e0000d44ad82b_0%7C17880b774e350000b591212c_0&from=BUD&lang=en&passengers=1&to=HAM&booking_token=HW__nrgsulPxBa8NPHK4q_NOFG36NksA72faAsnYW--RrC7jnKEUIo143a70bRogS0eYvdzHObcJ8w2Ja5V_bjIBZw_tIXqve5wBrB1KSTNFO3LVQIlTQK8_k7JPp2eezilS1_Tdr7heDeVeD9BiqBT1YOrkWOcwwAYMAwJMx6jgnFxPwkKe9H_ImyPB1Pn7uF7YE6cEqkwbiY8eKMH_OlwVmPjT-E5Y-fzel3O87710u0FKgZ0FQ8PwKB2zz-KU9kURdEUM-GERloL9Uzz95dk8amBjlJry3GM6QQKt82-l8uPR72Jlxy_uz9pImap_ntKTAN2ATMY-AyGvXRrVRUFwtDZSgHIaEslfosGfy7o77IO-RYlBwXm4q-YZqL0Y22d4IoZ1CT-8l_MrmlVGjrZ0Qq4YxKoFVwKt2fyNJLlG9_FVrfs2p0Hfsy-KgxJWecIYp2QXOCy0xcNrjfabje2EIOTVn5tf78vxD3cuWxuJy0CLnEfi-WvLMyX3kxunvz4EEcdVw7idh4Wkrf41F_f5G-qtYvRdCeg_gBdyeZN0OQsa_eaD3S9HUqHo2cyWfl5iud-rDNhUlvtYnxkPxTZe3wQPwpBDVXfF1Gry4iExMXtvlqbyPunbb-bu_mTk6aiWQrN_WGjwrtA5-pIWz1rTYiwJ-B0UyXjmn-got7zETfqTTQNpJXrmwS8zbN9l3L9wcvTxHgjrNbbuhAjbqbQ==",
            "facilitated_booking_available": true,
            "pnr_count": 2,
            "has_airport_change": false,
            "technical_stops": 0,
            "throw_away_ticketing": false,
            "hidden_city_ticketing": false,
            "virtual_interlining": false
        },
        {
            "id": "0b7717884e1f000064b66dd1_0|17880b774e2600000394d350_0",
            "flyFrom": "BUD",
            "flyTo": "HAM",
            "cityFrom": "Budapest",
            "cityCodeFrom": "BUD",
            "cityTo": "Hamburg",
            "cityCodeTo": "HAM",
            "countryFrom": {
                "code": "HU",
                "name": "Hungary"
            },
            "countryTo": {
                "code": "DE",
                "name": "Germany"
            },
            "local_departure": "2024-10-03T20:45:00.000Z",
            "utc_departure": "2024-10-03T18:45:00.000Z",
            "local_arrival": "2024-10-03T22:30:00.000Z",
            "utc_arrival": "2024-10-03T20:30:00.000Z",
            "nightsInDest": 7,
            "quality": 236.333205,
            "distance": 949.98,
            "duration": {
                "departure": 6300,
                "return": 6000,
                "total": 12300
            },
            "price": 185,
            "conversion": {
                "EUR": 185
            },
            "fare": {
                "adults": 185,
                "children": 185,
                "infants": 185
            },
            "fare_locks": {
                "EUR": [
                    {
                        "default": false,
                        "duration": "P1D",
                        "itinerary_price_limit": 385,
                        "itinerary_price_remaining": 185,
                        "fare_lock_kind": "fee",
                        "price": 9.25,
                        "rule_instance_id": 26749,
                        "version": "v1"
                    },
                    {
                        "default": true,
                        "duration": "P3D",
                        "itinerary_price_limit": 385,
                        "itinerary_price_remaining": 185,
                        "fare_lock_kind": "fee",
                        "price": 18.5,
                        "rule_instance_id": 26748,
                        "version": "v1"
                    },
                    {
                        "default": false,
                        "duration": "P7D",
                        "itinerary_price_limit": 385,
                        "itinerary_price_remaining": 185,
                        "fare_lock_kind": "fee",
                        "price": 46.25,
                        "rule_instance_id": 26750,
                        "version": "v1"
                    }
                ]
            },
            "bags_price": {
                "1": 72.8,
                "2": 282.8
            },
            "baglimit": {
                "hand_dimensions_sum": 118,
                "hand_height": 40,
                "hand_length": 55,
                "hand_weight": 8,
                "hand_width": 23,
                "hold_dimensions_sum": 158,
                "hold_height": 52,
                "hold_length": 78,
                "hold_weight": 23,
                "hold_width": 28,
                "personal_item_dimension_sum": 95,
                "personal_item_height": 30,
                "personal_item_length": 40,
                "personal_item_weight": 8,
                "personal_item_width": 25
            },
            "availability": {
                "seats": 2
            },
            "airlines": [
                "EW"
            ],
            "route": [
                {
                    "id": "0b7717884e1f000064b66dd1_0",
                    "combination_id": "0b7717884e1f000064b66dd1",
                    "flyFrom": "BUD",
                    "flyTo": "HAM",
                    "cityFrom": "Budapest",
                    "cityCodeFrom": "BUD",
                    "cityTo": "Hamburg",
                    "cityCodeTo": "HAM",
                    "local_departure": "2024-10-03T20:45:00.000Z",
                    "utc_departure": "2024-10-03T18:45:00.000Z",
                    "local_arrival": "2024-10-03T22:30:00.000Z",
                    "utc_arrival": "2024-10-03T20:30:00.000Z",
                    "airline": "EW",
                    "flight_no": 7783,
                    "operating_carrier": "EW",
                    "operating_flight_no": "7783",
                    "fare_basis": "",
                    "fare_category": "M",
                    "fare_classes": "",
                    "return": 0,
                    "bags_recheck_required": false,
                    "vi_connection": false,
                    "guarantee": false,
                    "equipment": null,
                    "vehicle_type": "aircraft"
                },
                {
                    "id": "17880b774e2600000394d350_0",
                    "combination_id": "17880b774e2600000394d350",
                    "flyFrom": "HAM",
                    "flyTo": "BUD",
                    "cityFrom": "Hamburg",
                    "cityCodeFrom": "HAM",
                    "cityTo": "Budapest",
                    "cityCodeTo": "BUD",
                    "local_departure": "2024-10-10T18:25:00.000Z",
                    "utc_departure": "2024-10-10T16:25:00.000Z",
                    "local_arrival": "2024-10-10T20:05:00.000Z",
                    "utc_arrival": "2024-10-10T18:05:00.000Z",
                    "airline": "EW",
                    "flight_no": 7782,
                    "operating_carrier": "EW",
                    "operating_flight_no": "7782",
                    "fare_basis": "",
                    "fare_category": "M",
                    "fare_classes": "",
                    "return": 1,
                    "bags_recheck_required": false,
                    "vi_connection": false,
                    "guarantee": false,
                    "equipment": null,
                    "vehicle_type": "aircraft"
                }
            ],
            "booking_token": "H2K_RD6gTCYccqeZeBFIWH2hPOd-x3_HTfxVoWLH2P8g88nDMkZh81pHYzfk7LHxui3c91j9S5kmVShei0kTYDIxuN4gzYSnq0o7Kcsda27gWMYGevD7g1JvBEaqnvHRl0WfsJdYe8X9eWyvlF9h_1dwg9dtjKr0wVDy_kCZ7LvlmChGQB6S60fmNYxIBlnl0cjO5Zz5WV2hdzBVocGFReRKIGLInWzOTdi2u4Pgnhzucxrfabnhj9cFcEjVr5f3ACeXBR2PDjf7UUm_wz9zpAd-w2qNMAeKoEnX7TLrw9W--ZY_EzakJwWkK9UTpdyCDx7haZygC4dF9nHkFkOYvH8dN5sgu_-kENOB_0ODXCeXr3WC_kQ-qvuBfs_6es8G3eV4UiRbsHwnYj23gmuydeq8B7Gisxt6cA08fj7Ju0g8NSWgQsvCqv4lj04t3ZU7_K-QRjfy0fYw8CDekike31AC4m188tGK2oKx6B-2VpxH6oK6QtF544CZsbR5Agv-vZvQ9yQHk1lK_4ZQ7wiPXWdXaj_aLuWvgLDBuUG141TXQCldElw78dchskvKHRvb95mwJdcpWoQ0Q6tTYrXf_MP__slUU7xI01JUR9cFJPW6fj-nZ4kJjqWrKR1xtK-JAhKVTBLoCSm-FtPH9rXLsn2rwPq7o2wSdEu-wVWQ2E_NFEh66BRMp2ugXD0DRMzCyyvVBENUA5XFvujCre74uqQ==",
            "deep_link": "https://www.kiwi.com/deep?affilid=mihalytest&currency=EUR&flightsId=0b7717884e1f000064b66dd1_0%7C17880b774e2600000394d350_0&from=BUD&lang=en&passengers=1&to=HAM&booking_token=H2K_RD6gTCYccqeZeBFIWH2hPOd-x3_HTfxVoWLH2P8g88nDMkZh81pHYzfk7LHxui3c91j9S5kmVShei0kTYDIxuN4gzYSnq0o7Kcsda27gWMYGevD7g1JvBEaqnvHRl0WfsJdYe8X9eWyvlF9h_1dwg9dtjKr0wVDy_kCZ7LvlmChGQB6S60fmNYxIBlnl0cjO5Zz5WV2hdzBVocGFReRKIGLInWzOTdi2u4Pgnhzucxrfabnhj9cFcEjVr5f3ACeXBR2PDjf7UUm_wz9zpAd-w2qNMAeKoEnX7TLrw9W--ZY_EzakJwWkK9UTpdyCDx7haZygC4dF9nHkFkOYvH8dN5sgu_-kENOB_0ODXCeXr3WC_kQ-qvuBfs_6es8G3eV4UiRbsHwnYj23gmuydeq8B7Gisxt6cA08fj7Ju0g8NSWgQsvCqv4lj04t3ZU7_K-QRjfy0fYw8CDekike31AC4m188tGK2oKx6B-2VpxH6oK6QtF544CZsbR5Agv-vZvQ9yQHk1lK_4ZQ7wiPXWdXaj_aLuWvgLDBuUG141TXQCldElw78dchskvKHRvb95mwJdcpWoQ0Q6tTYrXf_MP__slUU7xI01JUR9cFJPW6fj-nZ4kJjqWrKR1xtK-JAhKVTBLoCSm-FtPH9rXLsn2rwPq7o2wSdEu-wVWQ2E_NFEh66BRMp2ugXD0DRMzCyyvVBENUA5XFvujCre74uqQ==",
            "facilitated_booking_available": true,
            "pnr_count": 2,
            "has_airport_change": false,
            "technical_stops": 0,
            "throw_away_ticketing": false,
            "hidden_city_ticketing": false,
            "virtual_interlining": false
        },
        {
            "id": "0b7717884e09000086af194a_0|17880b774e100000eedbaee3_0",
            "flyFrom": "BUD",
            "flyTo": "HAM",
            "cityFrom": "Budapest",
            "cityCodeFrom": "BUD",
            "cityTo": "Hamburg",
            "cityCodeTo": "HAM",
            "countryFrom": {
                "code": "HU",
                "name": "Hungary"
            },
            "countryTo": {
                "code": "DE",
                "name": "Germany"
            },
            "local_departure": "2024-09-11T20:45:00.000Z",
            "utc_departure": "2024-09-11T18:45:00.000Z",
            "local_arrival": "2024-09-11T22:30:00.000Z",
            "utc_arrival": "2024-09-11T20:30:00.000Z",
            "nightsInDest": 7,
            "quality": 236.333205,
            "distance": 949.98,
            "duration": {
                "departure": 6300,
                "return": 6000,
                "total": 12300
            },
            "price": 185,
            "conversion": {
                "EUR": 185
            },
            "fare": {
                "adults": 185,
                "children": 185,
                "infants": 185
            },
            "fare_locks": {
                "EUR": [
                    {
                        "default": false,
                        "duration": "P1D",
                        "itinerary_price_limit": 385,
                        "itinerary_price_remaining": 185,
                        "fare_lock_kind": "fee",
                        "price": 9.25,
                        "rule_instance_id": 26749,
                        "version": "v1"
                    },
                    {
                        "default": true,
                        "duration": "P3D",
                        "itinerary_price_limit": 385,
                        "itinerary_price_remaining": 185,
                        "fare_lock_kind": "fee",
                        "price": 18.5,
                        "rule_instance_id": 26748,
                        "version": "v1"
                    },
                    {
                        "default": false,
                        "duration": "P7D",
                        "itinerary_price_limit": 385,
                        "itinerary_price_remaining": 185,
                        "fare_lock_kind": "fee",
                        "price": 46.25,
                        "rule_instance_id": 26750,
                        "version": "v1"
                    }
                ]
            },
            "bags_price": {
                "1": 72.8,
                "2": 282.8
            },
            "baglimit": {
                "hand_dimensions_sum": 118,
                "hand_height": 40,
                "hand_length": 55,
                "hand_weight": 8,
                "hand_width": 23,
                "hold_dimensions_sum": 158,
                "hold_height": 52,
                "hold_length": 78,
                "hold_weight": 23,
                "hold_width": 28,
                "personal_item_dimension_sum": 95,
                "personal_item_height": 30,
                "personal_item_length": 40,
                "personal_item_weight": 8,
                "personal_item_width": 25
            },
            "availability": {
                "seats": 1
            },
            "airlines": [
                "EW"
            ],
            "route": [
                {
                    "id": "0b7717884e09000086af194a_0",
                    "combination_id": "0b7717884e09000086af194a",
                    "flyFrom": "BUD",
                    "flyTo": "HAM",
                    "cityFrom": "Budapest",
                    "cityCodeFrom": "BUD",
                    "cityTo": "Hamburg",
                    "cityCodeTo": "HAM",
                    "local_departure": "2024-09-11T20:45:00.000Z",
                    "utc_departure": "2024-09-11T18:45:00.000Z",
                    "local_arrival": "2024-09-11T22:30:00.000Z",
                    "utc_arrival": "2024-09-11T20:30:00.000Z",
                    "airline": "EW",
                    "flight_no": 7783,
                    "operating_carrier": "EW",
                    "operating_flight_no": "7783",
                    "fare_basis": "",
                    "fare_category": "M",
                    "fare_classes": "",
                    "return": 0,
                    "bags_recheck_required": false,
                    "vi_connection": false,
                    "guarantee": false,
                    "equipment": null,
                    "vehicle_type": "aircraft"
                },
                {
                    "id": "17880b774e100000eedbaee3_0",
                    "combination_id": "17880b774e100000eedbaee3",
                    "flyFrom": "HAM",
                    "flyTo": "BUD",
                    "cityFrom": "Hamburg",
                    "cityCodeFrom": "HAM",
                    "cityTo": "Budapest",
                    "cityCodeTo": "BUD",
                    "local_departure": "2024-09-18T18:25:00.000Z",
                    "utc_departure": "2024-09-18T16:25:00.000Z",
                    "local_arrival": "2024-09-18T20:05:00.000Z",
                    "utc_arrival": "2024-09-18T18:05:00.000Z",
                    "airline": "EW",
                    "flight_no": 7782,
                    "operating_carrier": "EW",
                    "operating_flight_no": "7782",
                    "fare_basis": "",
                    "fare_category": "M",
                    "fare_classes": "L",
                    "return": 1,
                    "bags_recheck_required": false,
                    "vi_connection": false,
                    "guarantee": false,
                    "equipment": null,
                    "vehicle_type": "aircraft"
                }
            ],
            "booking_token": "HSWdYnED3q6TRdXHH-JeX0rKd8_BoRtQT_v2kKaLra_tefqL5Yb_EEyzLLyvWb-9AXi5v1xa4ZQO34iIMjdcWYMz31igQ1zq7_DgQtEycvtIl3ElW9tzeNioT48ngXg4DceyJJJMruUwOQKU9Dsr1ndczlrdkV3R9SuJOWZMtB3OIPYYWGL3vb0tqqfzdw43x5zNq74swGScbkZgkUSxQMDehEAqTDCbX1zN1lgbspdpPrY4SAp1J3NdXx6YmoqZDc8-9c8ht_Fqcjsrp7Ezf40y1QaPyCEcD4PL9tk2LGitPRxHRUtIofSM2KilAcv2grAnqbsxR-geACcYBnePL9JKvKz5Q4G_bxi49QJiA14kisehYmtqucjc_4e89st2ZEjlc12c2PRC3QVehhVqBsFiGQcVl223Wf2T-SLwiiIR0fBae2STGxmCmG9O42OAoOFPTBFM4CPV5lh2yEQqPklPWQqj75j50xWngCD1qL3alcNuuSUDhA83OEvu6oxlt84MmaPuwdvUcVapT9pe-bcEb1rZDGeMyGOqsX4XClEnaC2PRYhYEX-076CVid33sC97UiKwj1fK4CIjlOno-EgKm1yEXs_FS9b2JrWP6xxBV5rtj4zAZ_8QokFR4svIJXTk5AWRVeDmqmuRtgdst_g19Kz-e87As3Jfx4-X5BrjDtWFUJFH8AiTL_sjekrSs",
            "deep_link": "https://www.kiwi.com/deep?affilid=mihalytest&currency=EUR&flightsId=0b7717884e09000086af194a_0%7C17880b774e100000eedbaee3_0&from=BUD&lang=en&passengers=1&to=HAM&booking_token=HSWdYnED3q6TRdXHH-JeX0rKd8_BoRtQT_v2kKaLra_tefqL5Yb_EEyzLLyvWb-9AXi5v1xa4ZQO34iIMjdcWYMz31igQ1zq7_DgQtEycvtIl3ElW9tzeNioT48ngXg4DceyJJJMruUwOQKU9Dsr1ndczlrdkV3R9SuJOWZMtB3OIPYYWGL3vb0tqqfzdw43x5zNq74swGScbkZgkUSxQMDehEAqTDCbX1zN1lgbspdpPrY4SAp1J3NdXx6YmoqZDc8-9c8ht_Fqcjsrp7Ezf40y1QaPyCEcD4PL9tk2LGitPRxHRUtIofSM2KilAcv2grAnqbsxR-geACcYBnePL9JKvKz5Q4G_bxi49QJiA14kisehYmtqucjc_4e89st2ZEjlc12c2PRC3QVehhVqBsFiGQcVl223Wf2T-SLwiiIR0fBae2STGxmCmG9O42OAoOFPTBFM4CPV5lh2yEQqPklPWQqj75j50xWngCD1qL3alcNuuSUDhA83OEvu6oxlt84MmaPuwdvUcVapT9pe-bcEb1rZDGeMyGOqsX4XClEnaC2PRYhYEX-076CVid33sC97UiKwj1fK4CIjlOno-EgKm1yEXs_FS9b2JrWP6xxBV5rtj4zAZ_8QokFR4svIJXTk5AWRVeDmqmuRtgdst_g19Kz-e87As3Jfx4-X5BrjDtWFUJFH8AiTL_sjekrSs",
            "facilitated_booking_available": true,
            "pnr_count": 2,
            "has_airport_change": false,
            "technical_stops": 0,
            "throw_away_ticketing": false,
            "hidden_city_ticketing": false,
            "virtual_interlining": false
        },
        {
            "id": "0b7717884e150000859fb7bb_0|17880b774e1c0000ee5edc7b_0",
            "flyFrom": "BUD",
            "flyTo": "HAM",
            "cityFrom": "Budapest",
            "cityCodeFrom": "BUD",
            "cityTo": "Hamburg",
            "cityCodeTo": "HAM",
            "countryFrom": {
                "code": "HU",
                "name": "Hungary"
            },
            "countryTo": {
                "code": "DE",
                "name": "Germany"
            },
            "local_departure": "2024-09-23T13:55:00.000Z",
            "utc_departure": "2024-09-23T11:55:00.000Z",
            "local_arrival": "2024-09-23T15:40:00.000Z",
            "utc_arrival": "2024-09-23T13:40:00.000Z",
            "nightsInDest": 7,
            "quality": 236.333205,
            "distance": 949.98,
            "duration": {
                "departure": 6300,
                "return": 6000,
                "total": 12300
            },
            "price": 185,
            "conversion": {
                "EUR": 185
            },
            "fare": {
                "adults": 185,
                "children": 185,
                "infants": 185
            },
            "fare_locks": {
                "EUR": [
                    {
                        "default": false,
                        "duration": "P1D",
                        "itinerary_price_limit": 385,
                        "itinerary_price_remaining": 185,
                        "fare_lock_kind": "fee",
                        "price": 9.25,
                        "rule_instance_id": 26749,
                        "version": "v1"
                    },
                    {
                        "default": true,
                        "duration": "P3D",
                        "itinerary_price_limit": 385,
                        "itinerary_price_remaining": 185,
                        "fare_lock_kind": "fee",
                        "price": 18.5,
                        "rule_instance_id": 26748,
                        "version": "v1"
                    },
                    {
                        "default": false,
                        "duration": "P7D",
                        "itinerary_price_limit": 385,
                        "itinerary_price_remaining": 185,
                        "fare_lock_kind": "fee",
                        "price": 46.25,
                        "rule_instance_id": 26750,
                        "version": "v1"
                    }
                ]
            },
            "bags_price": {
                "1": 72.8,
                "2": 282.8
            },
            "baglimit": {
                "hand_dimensions_sum": 118,
                "hand_height": 40,
                "hand_length": 55,
                "hand_weight": 8,
                "hand_width": 23,
                "hold_dimensions_sum": 158,
                "hold_height": 52,
                "hold_length": 78,
                "hold_weight": 23,
                "hold_width": 28,
                "personal_item_dimension_sum": 95,
                "personal_item_height": 30,
                "personal_item_length": 40,
                "personal_item_weight": 8,
                "personal_item_width": 25
            },
            "availability": {
                "seats": 8
            },
            "airlines": [
                "EW"
            ],
            "route": [
                {
                    "id": "0b7717884e150000859fb7bb_0",
                    "combination_id": "0b7717884e150000859fb7bb",
                    "flyFrom": "BUD",
                    "flyTo": "HAM",
                    "cityFrom": "Budapest",
                    "cityCodeFrom": "BUD",
                    "cityTo": "Hamburg",
                    "cityCodeTo": "HAM",
                    "local_departure": "2024-09-23T13:55:00.000Z",
                    "utc_departure": "2024-09-23T11:55:00.000Z",
                    "local_arrival": "2024-09-23T15:40:00.000Z",
                    "utc_arrival": "2024-09-23T13:40:00.000Z",
                    "airline": "EW",
                    "flight_no": 7785,
                    "operating_carrier": "EW",
                    "operating_flight_no": "7785",
                    "fare_basis": "",
                    "fare_category": "M",
                    "fare_classes": "",
                    "return": 0,
                    "bags_recheck_required": false,
                    "vi_connection": false,
                    "guarantee": false,
                    "equipment": null,
                    "vehicle_type": "aircraft"
                },
                {
                    "id": "17880b774e1c0000ee5edc7b_0",
                    "combination_id": "17880b774e1c0000ee5edc7b",
                    "flyFrom": "HAM",
                    "flyTo": "BUD",
                    "cityFrom": "Hamburg",
                    "cityCodeFrom": "HAM",
                    "cityTo": "Budapest",
                    "cityCodeTo": "BUD",
                    "local_departure": "2024-09-30T11:30:00.000Z",
                    "utc_departure": "2024-09-30T09:30:00.000Z",
                    "local_arrival": "2024-09-30T13:10:00.000Z",
                    "utc_arrival": "2024-09-30T11:10:00.000Z",
                    "airline": "EW",
                    "flight_no": 7784,
                    "operating_carrier": "EW",
                    "operating_flight_no": "7784",
                    "fare_basis": "",
                    "fare_category": "M",
                    "fare_classes": "",
                    "return": 1,
                    "bags_recheck_required": false,
                    "vi_connection": false,
                    "guarantee": false,
                    "equipment": null,
                    "vehicle_type": "aircraft"
                }
            ],
            "booking_token": "Hqml5afLkmd8JFiUvZZD_n5xWC4DszmkuVKOQ3Ztg2O2zmDxEe9PCJDdZucbADuD-zsg9UsD5zQBcv-ntaYMMdQYp2C5GABobDypX_5TE0U3PHCb7dcjxk8L01vrGmB-wO3Njjch2BzPXXQLcb2h2DBJy2H0RmIQ5t7hXerx2YWxxkDlCBnC4efm8EtifHnAzLRv7eKKwdKcL7ckeIt2J1ZLe8eas2Fw01_bzFlw0BT2gV2zG2OJtOhzjwOJOMHPD9SGeMgpgyINQDgDbaMvW6zcLnwPnAyO7mXNpAuRUGdA9sLngZ1eNPYAEwdrTNMsPBnsKZo2d4dfhb9_6uLlWoF1dTLpAH_nvAqxeUV0_fxahpMi_70O70fOO0SJf69z87a4dF9bMvfLHsy2UJspZE-0-eJRRHJLbnnkIllHsnU2ifBQ66vAxy5TPPZT8qpt2rMLKAjFEbUfv_LKtT2-_31w11J_6mjT72ELIwPi4LQUnnJMeKyr0qA2TKhRjqXlTR3tw9Dr4VLsbeOEld7C4PiYELtM0oym3pCSqOIWwjPgKlps4_9Vwm_L0V6kIE52knAlrAFHg9OxWweQvJtRIGOAD2BhptOXBu2umYobUT-nliEzAUQv7abUUf1-xv45H3DHXyWWcfozK-Yafe7VabuZrRKgwQZyT3xiTlyAYkKvg37kIBg-0Q47kU1AiitbgEK_eMD45LloMqCo3yarYDA==",
            "deep_link": "https://www.kiwi.com/deep?affilid=mihalytest&currency=EUR&flightsId=0b7717884e150000859fb7bb_0%7C17880b774e1c0000ee5edc7b_0&from=BUD&lang=en&passengers=1&to=HAM&booking_token=Hqml5afLkmd8JFiUvZZD_n5xWC4DszmkuVKOQ3Ztg2O2zmDxEe9PCJDdZucbADuD-zsg9UsD5zQBcv-ntaYMMdQYp2C5GABobDypX_5TE0U3PHCb7dcjxk8L01vrGmB-wO3Njjch2BzPXXQLcb2h2DBJy2H0RmIQ5t7hXerx2YWxxkDlCBnC4efm8EtifHnAzLRv7eKKwdKcL7ckeIt2J1ZLe8eas2Fw01_bzFlw0BT2gV2zG2OJtOhzjwOJOMHPD9SGeMgpgyINQDgDbaMvW6zcLnwPnAyO7mXNpAuRUGdA9sLngZ1eNPYAEwdrTNMsPBnsKZo2d4dfhb9_6uLlWoF1dTLpAH_nvAqxeUV0_fxahpMi_70O70fOO0SJf69z87a4dF9bMvfLHsy2UJspZE-0-eJRRHJLbnnkIllHsnU2ifBQ66vAxy5TPPZT8qpt2rMLKAjFEbUfv_LKtT2-_31w11J_6mjT72ELIwPi4LQUnnJMeKyr0qA2TKhRjqXlTR3tw9Dr4VLsbeOEld7C4PiYELtM0oym3pCSqOIWwjPgKlps4_9Vwm_L0V6kIE52knAlrAFHg9OxWweQvJtRIGOAD2BhptOXBu2umYobUT-nliEzAUQv7abUUf1-xv45H3DHXyWWcfozK-Yafe7VabuZrRKgwQZyT3xiTlyAYkKvg37kIBg-0Q47kU1AiitbgEK_eMD45LloMqCo3yarYDA==",
            "facilitated_booking_available": true,
            "pnr_count": 2,
            "has_airport_change": false,
            "technical_stops": 0,
            "throw_away_ticketing": false,
            "hidden_city_ticketing": false,
            "virtual_interlining": false
        },
        {
            "id": "0b7717884e3500006a4d0bbb_0|17880b774e3c0000269adf03_0",
            "flyFrom": "BUD",
            "flyTo": "HAM",
            "cityFrom": "Budapest",
            "cityCodeFrom": "BUD",
            "cityTo": "Hamburg",
            "cityCodeTo": "HAM",
            "countryFrom": {
                "code": "HU",
                "name": "Hungary"
            },
            "countryTo": {
                "code": "DE",
                "name": "Germany"
            },
            "local_departure": "2024-10-25T20:45:00.000Z",
            "utc_departure": "2024-10-25T18:45:00.000Z",
            "local_arrival": "2024-10-25T22:30:00.000Z",
            "utc_arrival": "2024-10-25T20:30:00.000Z",
            "nightsInDest": 7,
            "quality": 236.99987,
            "distance": 949.98,
            "duration": {
                "departure": 6300,
                "return": 6300,
                "total": 12600
            },
            "price": 185,
            "conversion": {
                "EUR": 185
            },
            "fare": {
                "adults": 185,
                "children": 185,
                "infants": 185
            },
            "fare_locks": {
                "EUR": [
                    {
                        "default": false,
                        "duration": "P1D",
                        "itinerary_price_limit": 385,
                        "itinerary_price_remaining": 185,
                        "fare_lock_kind": "fee",
                        "price": 9.25,
                        "rule_instance_id": 26749,
                        "version": "v1"
                    },
                    {
                        "default": true,
                        "duration": "P3D",
                        "itinerary_price_limit": 385,
                        "itinerary_price_remaining": 185,
                        "fare_lock_kind": "fee",
                        "price": 18.5,
                        "rule_instance_id": 26748,
                        "version": "v1"
                    },
                    {
                        "default": false,
                        "duration": "P7D",
                        "itinerary_price_limit": 385,
                        "itinerary_price_remaining": 185,
                        "fare_lock_kind": "fee",
                        "price": 46.25,
                        "rule_instance_id": 26750,
                        "version": "v1"
                    }
                ]
            },
            "bags_price": {
                "1": 72.8,
                "2": 282.8
            },
            "baglimit": {
                "hand_dimensions_sum": 118,
                "hand_height": 40,
                "hand_length": 55,
                "hand_weight": 8,
                "hand_width": 23,
                "hold_dimensions_sum": 158,
                "hold_height": 52,
                "hold_length": 78,
                "hold_weight": 23,
                "hold_width": 28,
                "personal_item_dimension_sum": 95,
                "personal_item_height": 30,
                "personal_item_length": 40,
                "personal_item_weight": 8,
                "personal_item_width": 25
            },
            "availability": {
                "seats": 9
            },
            "airlines": [
                "EW"
            ],
            "route": [
                {
                    "id": "0b7717884e3500006a4d0bbb_0",
                    "combination_id": "0b7717884e3500006a4d0bbb",
                    "flyFrom": "BUD",
                    "flyTo": "HAM",
                    "cityFrom": "Budapest",
                    "cityCodeFrom": "BUD",
                    "cityTo": "Hamburg",
                    "cityCodeTo": "HAM",
                    "local_departure": "2024-10-25T20:45:00.000Z",
                    "utc_departure": "2024-10-25T18:45:00.000Z",
                    "local_arrival": "2024-10-25T22:30:00.000Z",
                    "utc_arrival": "2024-10-25T20:30:00.000Z",
                    "airline": "EW",
                    "flight_no": 7783,
                    "operating_carrier": "EW",
                    "operating_flight_no": "7783",
                    "fare_basis": "",
                    "fare_category": "M",
                    "fare_classes": "",
                    "return": 0,
                    "bags_recheck_required": false,
                    "vi_connection": false,
                    "guarantee": false,
                    "equipment": null,
                    "vehicle_type": "aircraft"
                },
                {
                    "id": "17880b774e3c0000269adf03_0",
                    "combination_id": "17880b774e3c0000269adf03",
                    "flyFrom": "HAM",
                    "flyTo": "BUD",
                    "cityFrom": "Hamburg",
                    "cityCodeFrom": "HAM",
                    "cityTo": "Budapest",
                    "cityCodeTo": "BUD",
                    "local_departure": "2024-11-01T18:10:00.000Z",
                    "utc_departure": "2024-11-01T17:10:00.000Z",
                    "local_arrival": "2024-11-01T19:55:00.000Z",
                    "utc_arrival": "2024-11-01T18:55:00.000Z",
                    "airline": "EW",
                    "flight_no": 7780,
                    "operating_carrier": "EW",
                    "operating_flight_no": "7780",
                    "fare_basis": "",
                    "fare_category": "M",
                    "fare_classes": "",
                    "return": 1,
                    "bags_recheck_required": false,
                    "vi_connection": false,
                    "guarantee": false,
                    "equipment": null,
                    "vehicle_type": "aircraft"
                }
            ],
            "booking_token": "HAZOmJlAOd34AMe8ok3aUi-RURT6xs6igmm5feMTwKaOZObN89yuOc_qeauaXkAN2FZ1kM3_UgqTg-iKBUnp7l6cUW8Z1xW4_JnA4TmlLH_MkwOZPOuFC6B7M5dMIXF2GpOImoNlDBpvZzngnhhPqFyahQHmt2kkGhJ7jIRHD1jwcs6NcGxItbrD3taYZVPi73M12QCPDEYTinohHjh_NQo62jjbXjXp6FE1h1IymQe5bZ5HZl7-Q1KFqCxKiJ26XlQCFnj0aZqXvOG1hPRImteieRipwpChUYOACn9uxReUMHyhZQ2ae7tpuZIniqqEiFDvU-pKC-a-TrbptqzrEtHBfPItfX6kw-Yb0_X58QOi8qnorwSibOFAuyOYqLjAbLzZkm87QcRc0mRu3PeIH_NItdi2NcAuJcCqbtnCKF7eXY1UcQh0jNvq9XxgYzCk8hRvZ9LiB5qWpSb16_BHERTKdfZQP44YxS5sMbcZfpMqKWPEs4he0BFABZebxKwoDWvzDNbLVJV_u-dCXsNclzSWBSiSKw-Ywn5vYTS-OKYouBrgqQ0r8eIwxnTuQUQyXbTbiZQ-KdNSv_s8Xp5BwmkJoQp8melv8N2gsi-SRNzMA5w6l-r3IGsPh7R8MQWqxitZSf-WhBUskNtOABJhQQXfjxL8Z4fGY_Qro9m5fYhKqadBw-ZLZoe9s1hIizPvMoRXp_rlXUHhA84p8W3CDGums7VVFLaqxWE0kWLbpyj8=",
            "deep_link": "https://www.kiwi.com/deep?affilid=mihalytest&currency=EUR&flightsId=0b7717884e3500006a4d0bbb_0%7C17880b774e3c0000269adf03_0&from=BUD&lang=en&passengers=1&to=HAM&booking_token=HAZOmJlAOd34AMe8ok3aUi-RURT6xs6igmm5feMTwKaOZObN89yuOc_qeauaXkAN2FZ1kM3_UgqTg-iKBUnp7l6cUW8Z1xW4_JnA4TmlLH_MkwOZPOuFC6B7M5dMIXF2GpOImoNlDBpvZzngnhhPqFyahQHmt2kkGhJ7jIRHD1jwcs6NcGxItbrD3taYZVPi73M12QCPDEYTinohHjh_NQo62jjbXjXp6FE1h1IymQe5bZ5HZl7-Q1KFqCxKiJ26XlQCFnj0aZqXvOG1hPRImteieRipwpChUYOACn9uxReUMHyhZQ2ae7tpuZIniqqEiFDvU-pKC-a-TrbptqzrEtHBfPItfX6kw-Yb0_X58QOi8qnorwSibOFAuyOYqLjAbLzZkm87QcRc0mRu3PeIH_NItdi2NcAuJcCqbtnCKF7eXY1UcQh0jNvq9XxgYzCk8hRvZ9LiB5qWpSb16_BHERTKdfZQP44YxS5sMbcZfpMqKWPEs4he0BFABZebxKwoDWvzDNbLVJV_u-dCXsNclzSWBSiSKw-Ywn5vYTS-OKYouBrgqQ0r8eIwxnTuQUQyXbTbiZQ-KdNSv_s8Xp5BwmkJoQp8melv8N2gsi-SRNzMA5w6l-r3IGsPh7R8MQWqxitZSf-WhBUskNtOABJhQQXfjxL8Z4fGY_Qro9m5fYhKqadBw-ZLZoe9s1hIizPvMoRXp_rlXUHhA84p8W3CDGums7VVFLaqxWE0kWLbpyj8=",
            "facilitated_booking_available": true,
            "pnr_count": 2,
            "has_airport_change": false,
            "technical_stops": 0,
            "throw_away_ticketing": false,
            "hidden_city_ticketing": false,
            "virtual_interlining": false
        },
        {
            "id": "0b7717884e4d000048aa930e_0|0b7717884e4d000048aa930e_1|17880b774e5100003785df86_0",
            "flyFrom": "BUD",
            "flyTo": "HAM",
            "cityFrom": "Budapest",
            "cityCodeFrom": "BUD",
            "cityTo": "Hamburg",
            "cityCodeTo": "HAM",
            "countryFrom": {
                "code": "HU",
                "name": "Hungary"
            },
            "countryTo": {
                "code": "DE",
                "name": "Germany"
            },
            "local_departure": "2024-11-18T15:15:00.000Z",
            "utc_departure": "2024-11-18T14:15:00.000Z",
            "local_arrival": "2024-11-18T19:45:00.000Z",
            "utc_arrival": "2024-11-18T18:45:00.000Z",
            "nightsInDest": 4,
            "quality": 259.999815,
            "distance": 949.98,
            "duration": {
                "departure": 16200,
                "return": 6300,
                "total": 22500
            },
            "price": 186,
            "conversion": {
                "EUR": 186
            },
            "fare": {
                "adults": 186,
                "children": 186,
                "infants": 186
            },
            "fare_locks": {
                "EUR": [
                    {
                        "default": false,
                        "duration": "P1D",
                        "itinerary_price_limit": 386,
                        "itinerary_price_remaining": 186,
                        "fare_lock_kind": "fee",
                        "price": 9.3,
                        "rule_instance_id": 26749,
                        "version": "v1"
                    },
                    {
                        "default": true,
                        "duration": "P3D",
                        "itinerary_price_limit": 386,
                        "itinerary_price_remaining": 186,
                        "fare_lock_kind": "fee",
                        "price": 18.6,
                        "rule_instance_id": 26748,
                        "version": "v1"
                    },
                    {
                        "default": false,
                        "duration": "P7D",
                        "itinerary_price_limit": 386,
                        "itinerary_price_remaining": 186,
                        "fare_lock_kind": "fee",
                        "price": 46.5,
                        "rule_instance_id": 26750,
                        "version": "v1"
                    }
                ]
            },
            "bags_price": {
                "1": 113.4
            },
            "baglimit": {
                "hand_dimensions_sum": 118,
                "hand_height": 40,
                "hand_length": 55,
                "hand_weight": 8,
                "hand_width": 23,
                "hold_dimensions_sum": 158,
                "hold_height": 52,
                "hold_length": 78,
                "hold_weight": 23,
                "hold_width": 28,
                "personal_item_dimension_sum": 80,
                "personal_item_height": 30,
                "personal_item_length": 40,
                "personal_item_weight": 4,
                "personal_item_width": 10
            },
            "availability": {
                "seats": 4
            },
            "airlines": [
                "EW",
                "JU"
            ],
            "route": [
                {
                    "id": "0b7717884e4d000048aa930e_0",
                    "combination_id": "0b7717884e4d000048aa930e",
                    "flyFrom": "BUD",
                    "flyTo": "BEG",
                    "cityFrom": "Budapest",
                    "cityCodeFrom": "BUD",
                    "cityTo": "Belgrade",
                    "cityCodeTo": "BEG",
                    "local_departure": "2024-11-18T15:15:00.000Z",
                    "utc_departure": "2024-11-18T14:15:00.000Z",
                    "local_arrival": "2024-11-18T16:20:00.000Z",
                    "utc_arrival": "2024-11-18T15:20:00.000Z",
                    "airline": "JU",
                    "flight_no": 143,
                    "operating_carrier": "JU",
                    "operating_flight_no": "143",
                    "fare_basis": "TNB14OHU",
                    "fare_category": "M",
                    "fare_classes": "T",
                    "return": 0,
                    "bags_recheck_required": false,
                    "vi_connection": false,
                    "guarantee": false,
                    "equipment": null,
                    "vehicle_type": "aircraft"
                },
                {
                    "id": "0b7717884e4d000048aa930e_1",
                    "combination_id": "0b7717884e4d000048aa930e",
                    "flyFrom": "BEG",
                    "flyTo": "HAM",
                    "cityFrom": "Belgrade",
                    "cityCodeFrom": "BEG",
                    "cityTo": "Hamburg",
                    "cityCodeTo": "HAM",
                    "local_departure": "2024-11-18T17:30:00.000Z",
                    "utc_departure": "2024-11-18T16:30:00.000Z",
                    "local_arrival": "2024-11-18T19:45:00.000Z",
                    "utc_arrival": "2024-11-18T18:45:00.000Z",
                    "airline": "JU",
                    "flight_no": 292,
                    "operating_carrier": "JU",
                    "operating_flight_no": "292",
                    "fare_basis": "TNB14OHU",
                    "fare_category": "M",
                    "fare_classes": "T",
                    "return": 0,
                    "bags_recheck_required": false,
                    "vi_connection": false,
                    "guarantee": false,
                    "equipment": null,
                    "vehicle_type": "aircraft"
                },
                {
                    "id": "17880b774e5100003785df86_0",
                    "combination_id": "17880b774e5100003785df86",
                    "flyFrom": "HAM",
                    "flyTo": "BUD",
                    "cityFrom": "Hamburg",
                    "cityCodeFrom": "HAM",
                    "cityTo": "Budapest",
                    "cityCodeTo": "BUD",
                    "local_departure": "2024-11-22T18:10:00.000Z",
                    "utc_departure": "2024-11-22T17:10:00.000Z",
                    "local_arrival": "2024-11-22T19:55:00.000Z",
                    "utc_arrival": "2024-11-22T18:55:00.000Z",
                    "airline": "EW",
                    "flight_no": 7780,
                    "operating_carrier": "EW",
                    "operating_flight_no": "7780",
                    "fare_basis": "",
                    "fare_category": "M",
                    "fare_classes": "",
                    "return": 1,
                    "bags_recheck_required": false,
                    "vi_connection": false,
                    "guarantee": false,
                    "equipment": null,
                    "vehicle_type": "aircraft"
                }
            ],
            "booking_token": "HfFpVkMtWZinxkW-JCunH938JEXLiYx2YIRpwLa53KyY1OlPfFbaEhrHkvN9nlkOJtgBllE78ggNY5MmMv4W2pOF5Nnxf6u9isfJCChv7AHZxcQG6sZdj-dqO-QZxOVrkpi_9-icQ_OVqKOM-cvcUIlTxUxjIpoBQsbdr3-Frv0cgm1DP5tF5TnnhtcY7ONkCb9yJsvZ0EPfZcl8Zz18F898QTjGabSqDU6iXv8vpIxVwqP-VHj6jrMLE0emjq68uGD8SifJ27C7q9FC_OR8VwDVzVBkLGs6-IWFVkk3fmm2pS4ZtyoNHhcDfDHPOYjARLE2Pf961BpbQ7ZPL4zmw6OJdNSEVkBQGfmS9DCi2E1sscUFokG8EYxBiMijcFV-dRJxR_15HDXKiPnGDA64SJkRnwUfhWRjf2zvz9D6m4Aof24anYVL5zx3EQzGy96FDZf1bdQdfBb2i0gTU_ksppGXdNYJ4NPocqvXzmn7bV43FjviIEBYorMSMq4weCXCiO4AKVlv_jU_Y2b7L3RIfw1X0a3LOqrNUIVHYwjl3g6jKM5bDs7YrC18vCCcZf5ufaES0HV8i_vMOSeL8BSpQiDHXvQRuU7TtlfORzXrxyogj8eCJ_-8iLbDqKL8DcOgk4uYqUMt1JDJ3SQs_VA3J76s7ZIou4FSB8KjU5xx_2dhiq_o578wwBpDLaB_Wrh2zzEy0LmpNtQTP65buXkjXqHuOUWMB7T0XHoqvPkDHNvI=",
            "deep_link": "https://www.kiwi.com/deep?affilid=mihalytest&currency=EUR&flightsId=0b7717884e4d000048aa930e_0%7C0b7717884e4d000048aa930e_1%7C17880b774e5100003785df86_0&from=BUD&lang=en&passengers=1&to=HAM&booking_token=HfFpVkMtWZinxkW-JCunH938JEXLiYx2YIRpwLa53KyY1OlPfFbaEhrHkvN9nlkOJtgBllE78ggNY5MmMv4W2pOF5Nnxf6u9isfJCChv7AHZxcQG6sZdj-dqO-QZxOVrkpi_9-icQ_OVqKOM-cvcUIlTxUxjIpoBQsbdr3-Frv0cgm1DP5tF5TnnhtcY7ONkCb9yJsvZ0EPfZcl8Zz18F898QTjGabSqDU6iXv8vpIxVwqP-VHj6jrMLE0emjq68uGD8SifJ27C7q9FC_OR8VwDVzVBkLGs6-IWFVkk3fmm2pS4ZtyoNHhcDfDHPOYjARLE2Pf961BpbQ7ZPL4zmw6OJdNSEVkBQGfmS9DCi2E1sscUFokG8EYxBiMijcFV-dRJxR_15HDXKiPnGDA64SJkRnwUfhWRjf2zvz9D6m4Aof24anYVL5zx3EQzGy96FDZf1bdQdfBb2i0gTU_ksppGXdNYJ4NPocqvXzmn7bV43FjviIEBYorMSMq4weCXCiO4AKVlv_jU_Y2b7L3RIfw1X0a3LOqrNUIVHYwjl3g6jKM5bDs7YrC18vCCcZf5ufaES0HV8i_vMOSeL8BSpQiDHXvQRuU7TtlfORzXrxyogj8eCJ_-8iLbDqKL8DcOgk4uYqUMt1JDJ3SQs_VA3J76s7ZIou4FSB8KjU5xx_2dhiq_o578wwBpDLaB_Wrh2zzEy0LmpNtQTP65buXkjXqHuOUWMB7T0XHoqvPkDHNvI=",
            "facilitated_booking_available": true,
            "pnr_count": 2,
            "has_airport_change": false,
            "technical_stops": 0,
            "throw_away_ticketing": false,
            "hidden_city_ticketing": false,
            "virtual_interlining": false
        },
        {
            "id": "0b7717884e190000629e02d1_0|17880b774e1c0000ee5edc7b_0",
            "flyFrom": "BUD",
            "flyTo": "HAM",
            "cityFrom": "Budapest",
            "cityCodeFrom": "BUD",
            "cityTo": "Hamburg",
            "cityCodeTo": "HAM",
            "countryFrom": {
                "code": "HU",
                "name": "Hungary"
            },
            "countryTo": {
                "code": "DE",
                "name": "Germany"
            },
            "local_departure": "2024-09-27T20:45:00.000Z",
            "utc_departure": "2024-09-27T18:45:00.000Z",
            "local_arrival": "2024-09-27T22:30:00.000Z",
            "utc_arrival": "2024-09-27T20:30:00.000Z",
            "nightsInDest": 3,
            "quality": 238.333205,
            "distance": 949.98,
            "duration": {
                "departure": 6300,
                "return": 6000,
                "total": 12300
            },
            "price": 187,
            "conversion": {
                "EUR": 187
            },
            "fare": {
                "adults": 187,
                "children": 187,
                "infants": 187
            },
            "fare_locks": {
                "EUR": [
                    {
                        "default": false,
                        "duration": "P1D",
                        "itinerary_price_limit": 387,
                        "itinerary_price_remaining": 187,
                        "fare_lock_kind": "fee",
                        "price": 9.35,
                        "rule_instance_id": 26749,
                        "version": "v1"
                    },
                    {
                        "default": true,
                        "duration": "P3D",
                        "itinerary_price_limit": 387,
                        "itinerary_price_remaining": 187,
                        "fare_lock_kind": "fee",
                        "price": 18.7,
                        "rule_instance_id": 26748,
                        "version": "v1"
                    },
                    {
                        "default": false,
                        "duration": "P7D",
                        "itinerary_price_limit": 387,
                        "itinerary_price_remaining": 187,
                        "fare_lock_kind": "fee",
                        "price": 46.75,
                        "rule_instance_id": 26750,
                        "version": "v1"
                    }
                ]
            },
            "bags_price": {
                "1": 72.8,
                "2": 282.8
            },
            "baglimit": {
                "hand_dimensions_sum": 118,
                "hand_height": 40,
                "hand_length": 55,
                "hand_weight": 8,
                "hand_width": 23,
                "hold_dimensions_sum": 158,
                "hold_height": 52,
                "hold_length": 78,
                "hold_weight": 23,
                "hold_width": 28,
                "personal_item_dimension_sum": 95,
                "personal_item_height": 30,
                "personal_item_length": 40,
                "personal_item_weight": 8,
                "personal_item_width": 25
            },
            "availability": {
                "seats": 8
            },
            "airlines": [
                "EW"
            ],
            "route": [
                {
                    "id": "0b7717884e190000629e02d1_0",
                    "combination_id": "0b7717884e190000629e02d1",
                    "flyFrom": "BUD",
                    "flyTo": "HAM",
                    "cityFrom": "Budapest",
                    "cityCodeFrom": "BUD",
                    "cityTo": "Hamburg",
                    "cityCodeTo": "HAM",
                    "local_departure": "2024-09-27T20:45:00.000Z",
                    "utc_departure": "2024-09-27T18:45:00.000Z",
                    "local_arrival": "2024-09-27T22:30:00.000Z",
                    "utc_arrival": "2024-09-27T20:30:00.000Z",
                    "airline": "EW",
                    "flight_no": 7783,
                    "operating_carrier": "EW",
                    "operating_flight_no": "7783",
                    "fare_basis": "",
                    "fare_category": "M",
                    "fare_classes": "",
                    "return": 0,
                    "bags_recheck_required": false,
                    "vi_connection": false,
                    "guarantee": false,
                    "equipment": null,
                    "vehicle_type": "aircraft"
                },
                {
                    "id": "17880b774e1c0000ee5edc7b_0",
                    "combination_id": "17880b774e1c0000ee5edc7b",
                    "flyFrom": "HAM",
                    "flyTo": "BUD",
                    "cityFrom": "Hamburg",
                    "cityCodeFrom": "HAM",
                    "cityTo": "Budapest",
                    "cityCodeTo": "BUD",
                    "local_departure": "2024-09-30T11:30:00.000Z",
                    "utc_departure": "2024-09-30T09:30:00.000Z",
                    "local_arrival": "2024-09-30T13:10:00.000Z",
                    "utc_arrival": "2024-09-30T11:10:00.000Z",
                    "airline": "EW",
                    "flight_no": 7784,
                    "operating_carrier": "EW",
                    "operating_flight_no": "7784",
                    "fare_basis": "",
                    "fare_category": "M",
                    "fare_classes": "",
                    "return": 1,
                    "bags_recheck_required": false,
                    "vi_connection": false,
                    "guarantee": false,
                    "equipment": null,
                    "vehicle_type": "aircraft"
                }
            ],
            "booking_token": "HWcsJPsje_9QYk26I5EsGfde1G7XqnixBBKwl3v-isTmKURqY46u1IRHQbS1oHE5_TQzrQuhL9U7JF7J-O9rRhX08qg_D1FPfCvg_iDH5enfJ8UJYIqV9vwu3obv7Zht5SnvOaEDgtNoBiJEgDaOm95aXUK8kvZkcnkMMA1aX8Jvta8_EluQmhQwb8h8mgCvt4jUkDzPqfFCnwKMxKuQ869tjncTtb76Q0jCfggcwUcxTDG5eMeftpw1DrrBT_0k66NXcRFiE6rl_FLeD-5w9X-GtXvG_3g-uuk2coP097sXANV8IBbZ7mGQ10CnJR9wqxe5d2sudnbiPc48lAI3cNxsh8o8Gp5-Aax60Lbuv19InrOiC2BvdeIvK-bo3l--GBPnuNCCgAJ2jl0hPa-3HOPt37pODmQ1tAUZFeZNHWUz3CcEBLgCQJIcZ1Uo2ZQxwDZXLTPSFabhM0En2pOu6op95kGelkSLqK86DAwGnJIn9MLeCW-g42ygz2zChyLrJO754y70ucP5aiJ8oKcre3tBAacP-E-D0LgwbKWemSWp5IDF8FoiyJMNvQKfFt4xIQKTlg-KFUfLq8juW772T6_J0Oi44p62YVDr73M_l7pl8kXSPg-STG8Hk4U5ZEW_8tUSezfdDz5ij2sQTm97RJp1FZxcpyB5tj6lum4HpcEfHoawLn_D6pbru1Ay3vKjRvck24eey-9VZ2EvLj-0rQQ==",
            "deep_link": "https://www.kiwi.com/deep?affilid=mihalytest&currency=EUR&flightsId=0b7717884e190000629e02d1_0%7C17880b774e1c0000ee5edc7b_0&from=BUD&lang=en&passengers=1&to=HAM&booking_token=HWcsJPsje_9QYk26I5EsGfde1G7XqnixBBKwl3v-isTmKURqY46u1IRHQbS1oHE5_TQzrQuhL9U7JF7J-O9rRhX08qg_D1FPfCvg_iDH5enfJ8UJYIqV9vwu3obv7Zht5SnvOaEDgtNoBiJEgDaOm95aXUK8kvZkcnkMMA1aX8Jvta8_EluQmhQwb8h8mgCvt4jUkDzPqfFCnwKMxKuQ869tjncTtb76Q0jCfggcwUcxTDG5eMeftpw1DrrBT_0k66NXcRFiE6rl_FLeD-5w9X-GtXvG_3g-uuk2coP097sXANV8IBbZ7mGQ10CnJR9wqxe5d2sudnbiPc48lAI3cNxsh8o8Gp5-Aax60Lbuv19InrOiC2BvdeIvK-bo3l--GBPnuNCCgAJ2jl0hPa-3HOPt37pODmQ1tAUZFeZNHWUz3CcEBLgCQJIcZ1Uo2ZQxwDZXLTPSFabhM0En2pOu6op95kGelkSLqK86DAwGnJIn9MLeCW-g42ygz2zChyLrJO754y70ucP5aiJ8oKcre3tBAacP-E-D0LgwbKWemSWp5IDF8FoiyJMNvQKfFt4xIQKTlg-KFUfLq8juW772T6_J0Oi44p62YVDr73M_l7pl8kXSPg-STG8Hk4U5ZEW_8tUSezfdDz5ij2sQTm97RJp1FZxcpyB5tj6lum4HpcEfHoawLn_D6pbru1Ay3vKjRvck24eey-9VZ2EvLj-0rQQ==",
            "facilitated_booking_available": true,
            "pnr_count": 2,
            "has_airport_change": false,
            "technical_stops": 0,
            "throw_away_ticketing": false,
            "hidden_city_ticketing": false,
            "virtual_interlining": false
        },
        {
            "id": "0b7717884e1f000064b66dd1_0|17880b774e250000d78b58c9_0",
            "flyFrom": "BUD",
            "flyTo": "HAM",
            "cityFrom": "Budapest",
            "cityCodeFrom": "BUD",
            "cityTo": "Hamburg",
            "cityCodeTo": "HAM",
            "countryFrom": {
                "code": "HU",
                "name": "Hungary"
            },
            "countryTo": {
                "code": "DE",
                "name": "Germany"
            },
            "local_departure": "2024-10-03T20:45:00.000Z",
            "utc_departure": "2024-10-03T18:45:00.000Z",
            "local_arrival": "2024-10-03T22:30:00.000Z",
            "utc_arrival": "2024-10-03T20:30:00.000Z",
            "nightsInDest": 6,
            "quality": 238.333205,
            "distance": 949.98,
            "duration": {
                "departure": 6300,
                "return": 6000,
                "total": 12300
            },
            "price": 187,
            "conversion": {
                "EUR": 187
            },
            "fare": {
                "adults": 187,
                "children": 187,
                "infants": 187
            },
            "fare_locks": {
                "EUR": [
                    {
                        "default": false,
                        "duration": "P1D",
                        "itinerary_price_limit": 387,
                        "itinerary_price_remaining": 187,
                        "fare_lock_kind": "fee",
                        "price": 9.35,
                        "rule_instance_id": 26749,
                        "version": "v1"
                    },
                    {
                        "default": true,
                        "duration": "P3D",
                        "itinerary_price_limit": 387,
                        "itinerary_price_remaining": 187,
                        "fare_lock_kind": "fee",
                        "price": 18.7,
                        "rule_instance_id": 26748,
                        "version": "v1"
                    },
                    {
                        "default": false,
                        "duration": "P7D",
                        "itinerary_price_limit": 387,
                        "itinerary_price_remaining": 187,
                        "fare_lock_kind": "fee",
                        "price": 46.75,
                        "rule_instance_id": 26750,
                        "version": "v1"
                    }
                ]
            },
            "bags_price": {
                "1": 72.8,
                "2": 282.8
            },
            "baglimit": {
                "hand_dimensions_sum": 118,
                "hand_height": 40,
                "hand_length": 55,
                "hand_weight": 8,
                "hand_width": 23,
                "hold_dimensions_sum": 158,
                "hold_height": 52,
                "hold_length": 78,
                "hold_weight": 23,
                "hold_width": 28,
                "personal_item_dimension_sum": 95,
                "personal_item_height": 30,
                "personal_item_length": 40,
                "personal_item_weight": 8,
                "personal_item_width": 25
            },
            "availability": {
                "seats": 2
            },
            "airlines": [
                "EW"
            ],
            "route": [
                {
                    "id": "0b7717884e1f000064b66dd1_0",
                    "combination_id": "0b7717884e1f000064b66dd1",
                    "flyFrom": "BUD",
                    "flyTo": "HAM",
                    "cityFrom": "Budapest",
                    "cityCodeFrom": "BUD",
                    "cityTo": "Hamburg",
                    "cityCodeTo": "HAM",
                    "local_departure": "2024-10-03T20:45:00.000Z",
                    "utc_departure": "2024-10-03T18:45:00.000Z",
                    "local_arrival": "2024-10-03T22:30:00.000Z",
                    "utc_arrival": "2024-10-03T20:30:00.000Z",
                    "airline": "EW",
                    "flight_no": 7783,
                    "operating_carrier": "EW",
                    "operating_flight_no": "7783",
                    "fare_basis": "",
                    "fare_category": "M",
                    "fare_classes": "",
                    "return": 0,
                    "bags_recheck_required": false,
                    "vi_connection": false,
                    "guarantee": false,
                    "equipment": null,
                    "vehicle_type": "aircraft"
                },
                {
                    "id": "17880b774e250000d78b58c9_0",
                    "combination_id": "17880b774e250000d78b58c9",
                    "flyFrom": "HAM",
                    "flyTo": "BUD",
                    "cityFrom": "Hamburg",
                    "cityCodeFrom": "HAM",
                    "cityTo": "Budapest",
                    "cityCodeTo": "BUD",
                    "local_departure": "2024-10-09T18:25:00.000Z",
                    "utc_departure": "2024-10-09T16:25:00.000Z",
                    "local_arrival": "2024-10-09T20:05:00.000Z",
                    "utc_arrival": "2024-10-09T18:05:00.000Z",
                    "airline": "EW",
                    "flight_no": 7782,
                    "operating_carrier": "EW",
                    "operating_flight_no": "7782",
                    "fare_basis": "",
                    "fare_category": "M",
                    "fare_classes": "",
                    "return": 1,
                    "bags_recheck_required": false,
                    "vi_connection": false,
                    "guarantee": false,
                    "equipment": null,
                    "vehicle_type": "aircraft"
                }
            ],
            "booking_token": "H5VAmLRxonYjyov1U7ggUZVGE9wswof5NDNVEhbk7vVBLk0yGpdmL-r7mYF6KUkr8kZW26ZdIGs49K6SZZ5PkNgV9F011wDfHDEQ_P_v6QFnjFBY9Qw32mmc09jYY-FjsMdfrGtfx_6JevfKEumsER47vXrYpFKN_mx4XsF1vxfl-fQmBNl9x1y9fvFH9Upt2MxmAvlXxDN37321DapDRNn6Drvsmfpo1oe2ff0iX1XHiUT79O-KrbBMOsls1CLPaSvRvCf431585RzNuEK413cBlZJz_ICgmtJFWT4-dfNID2puoDROCtHYQVtfBTkfLtv6f2QdviBAeOuhffDWmcTySUJLe7KgnZ9A-br7acf_DZBuTWVwdG8sX2O4Ln0rzv81ydqojbXHR8FWl9WgzlI9fSoVwpd0n2U46HHzqqQVRfXKC6h3SWXTeqMYw6N0bI9z4x1xUGW-r0CvZmJasOQ1F_SGjOz2_yc6mfQ8GmWAFhqxb2b_PHu4axCf122oCgWBNKiUIZ4bGF_NyJPT8aIZU_ftHTK8E_9vQtDLrHSw6yrh2PD7RltsRxiLYOlJpK_zJofAq048ZqQCBZBlPhtjEq-6WWDGl1ruMKRcYRTg9BUc5ipEXdzVj5hvPFld9FJqSH3caDfjXPlCLR5pzrP3-hoHZMkvkm4BNGLv90aoZlD9fdD7PpmziHPwFMZphLWtpVrf_F4O_ItbXM5Jk_Q==",
            "deep_link": "https://www.kiwi.com/deep?affilid=mihalytest&currency=EUR&flightsId=0b7717884e1f000064b66dd1_0%7C17880b774e250000d78b58c9_0&from=BUD&lang=en&passengers=1&to=HAM&booking_token=H5VAmLRxonYjyov1U7ggUZVGE9wswof5NDNVEhbk7vVBLk0yGpdmL-r7mYF6KUkr8kZW26ZdIGs49K6SZZ5PkNgV9F011wDfHDEQ_P_v6QFnjFBY9Qw32mmc09jYY-FjsMdfrGtfx_6JevfKEumsER47vXrYpFKN_mx4XsF1vxfl-fQmBNl9x1y9fvFH9Upt2MxmAvlXxDN37321DapDRNn6Drvsmfpo1oe2ff0iX1XHiUT79O-KrbBMOsls1CLPaSvRvCf431585RzNuEK413cBlZJz_ICgmtJFWT4-dfNID2puoDROCtHYQVtfBTkfLtv6f2QdviBAeOuhffDWmcTySUJLe7KgnZ9A-br7acf_DZBuTWVwdG8sX2O4Ln0rzv81ydqojbXHR8FWl9WgzlI9fSoVwpd0n2U46HHzqqQVRfXKC6h3SWXTeqMYw6N0bI9z4x1xUGW-r0CvZmJasOQ1F_SGjOz2_yc6mfQ8GmWAFhqxb2b_PHu4axCf122oCgWBNKiUIZ4bGF_NyJPT8aIZU_ftHTK8E_9vQtDLrHSw6yrh2PD7RltsRxiLYOlJpK_zJofAq048ZqQCBZBlPhtjEq-6WWDGl1ruMKRcYRTg9BUc5ipEXdzVj5hvPFld9FJqSH3caDfjXPlCLR5pzrP3-hoHZMkvkm4BNGLv90aoZlD9fdD7PpmziHPwFMZphLWtpVrf_F4O_ItbXM5Jk_Q==",
            "facilitated_booking_available": true,
            "pnr_count": 2,
            "has_airport_change": false,
            "technical_stops": 0,
            "throw_away_ticketing": false,
            "hidden_city_ticketing": false,
            "virtual_interlining": false
        },
        {
            "id": "0b7717884e150000859fb7bb_0|17880b774e1700002622683f_0",
            "flyFrom": "BUD",
            "flyTo": "HAM",
            "cityFrom": "Budapest",
            "cityCodeFrom": "BUD",
            "cityTo": "Hamburg",
            "cityCodeTo": "HAM",
            "countryFrom": {
                "code": "HU",
                "name": "Hungary"
            },
            "countryTo": {
                "code": "DE",
                "name": "Germany"
            },
            "local_departure": "2024-09-23T13:55:00.000Z",
            "utc_departure": "2024-09-23T11:55:00.000Z",
            "local_arrival": "2024-09-23T15:40:00.000Z",
            "utc_arrival": "2024-09-23T13:40:00.000Z",
            "nightsInDest": 2,
            "quality": 238.333205,
            "distance": 949.98,
            "duration": {
                "departure": 6300,
                "return": 6000,
                "total": 12300
            },
            "price": 187,
            "conversion": {
                "EUR": 187
            },
            "fare": {
                "adults": 187,
                "children": 187,
                "infants": 187
            },
            "fare_locks": {
                "EUR": [
                    {
                        "default": false,
                        "duration": "P1D",
                        "itinerary_price_limit": 387,
                        "itinerary_price_remaining": 187,
                        "fare_lock_kind": "fee",
                        "price": 9.35,
                        "rule_instance_id": 26749,
                        "version": "v1"
                    },
                    {
                        "default": true,
                        "duration": "P3D",
                        "itinerary_price_limit": 387,
                        "itinerary_price_remaining": 187,
                        "fare_lock_kind": "fee",
                        "price": 18.7,
                        "rule_instance_id": 26748,
                        "version": "v1"
                    },
                    {
                        "default": false,
                        "duration": "P7D",
                        "itinerary_price_limit": 387,
                        "itinerary_price_remaining": 187,
                        "fare_lock_kind": "fee",
                        "price": 46.75,
                        "rule_instance_id": 26750,
                        "version": "v1"
                    }
                ]
            },
            "bags_price": {
                "1": 72.8,
                "2": 282.8
            },
            "baglimit": {
                "hand_dimensions_sum": 118,
                "hand_height": 40,
                "hand_length": 55,
                "hand_weight": 8,
                "hand_width": 23,
                "hold_dimensions_sum": 158,
                "hold_height": 52,
                "hold_length": 78,
                "hold_weight": 23,
                "hold_width": 28,
                "personal_item_dimension_sum": 95,
                "personal_item_height": 30,
                "personal_item_length": 40,
                "personal_item_weight": 8,
                "personal_item_width": 25
            },
            "availability": {
                "seats": 8
            },
            "airlines": [
                "EW"
            ],
            "route": [
                {
                    "id": "0b7717884e150000859fb7bb_0",
                    "combination_id": "0b7717884e150000859fb7bb",
                    "flyFrom": "BUD",
                    "flyTo": "HAM",
                    "cityFrom": "Budapest",
                    "cityCodeFrom": "BUD",
                    "cityTo": "Hamburg",
                    "cityCodeTo": "HAM",
                    "local_departure": "2024-09-23T13:55:00.000Z",
                    "utc_departure": "2024-09-23T11:55:00.000Z",
                    "local_arrival": "2024-09-23T15:40:00.000Z",
                    "utc_arrival": "2024-09-23T13:40:00.000Z",
                    "airline": "EW",
                    "flight_no": 7785,
                    "operating_carrier": "EW",
                    "operating_flight_no": "7785",
                    "fare_basis": "",
                    "fare_category": "M",
                    "fare_classes": "",
                    "return": 0,
                    "bags_recheck_required": false,
                    "vi_connection": false,
                    "guarantee": false,
                    "equipment": null,
                    "vehicle_type": "aircraft"
                },
                {
                    "id": "17880b774e1700002622683f_0",
                    "combination_id": "17880b774e1700002622683f",
                    "flyFrom": "HAM",
                    "flyTo": "BUD",
                    "cityFrom": "Hamburg",
                    "cityCodeFrom": "HAM",
                    "cityTo": "Budapest",
                    "cityCodeTo": "BUD",
                    "local_departure": "2024-09-25T18:25:00.000Z",
                    "utc_departure": "2024-09-25T16:25:00.000Z",
                    "local_arrival": "2024-09-25T20:05:00.000Z",
                    "utc_arrival": "2024-09-25T18:05:00.000Z",
                    "airline": "EW",
                    "flight_no": 7782,
                    "operating_carrier": "EW",
                    "operating_flight_no": "7782",
                    "fare_basis": "",
                    "fare_category": "M",
                    "fare_classes": "L",
                    "return": 1,
                    "bags_recheck_required": false,
                    "vi_connection": false,
                    "guarantee": false,
                    "equipment": null,
                    "vehicle_type": "aircraft"
                }
            ],
            "booking_token": "HipJqdPzR_LFazCyPC9fIGqA-trf2w5kaJIKJo6PcaqJ5eaXF0mGhu2HB0qndrKHMMHueNkTUzB_UNoBz_VNBGqKiCTzcrGOnzZD_hm2CHWHUQtw4wMVhyO5buJVzJkpyVivVPy4RgmN-wIvZWT06Np3iByPhM1RgV4GuiBs1xXooTU6YSOJJ1opgGAprV7LiKhMZl11YWc9zi3ePJdwgXTIG8TP97we7RknC7ip0ep6Ll4FlQWl0OWd0_HaoeS3-BtRLB5DjS88XCgj-EUUq6KMzvh2D79dD70WzoZxjVsE2R5TY0gTdiB-c_OttbnUVcNBt5JZNGu2s7lcwyD3vFV0I3szhOJhDyGcO4JXfgCgdffZbp6xrhmyYRBr1RsDmSGO6DWOKcNckq0JX_Uy_Mm7ovkBAhp0OIuDGI9ZhiCs3SRRvX72FfHUwUUuqdVtZ7mCFCPiGZ007bpQVvHGq2f3LrYmYzHOyA5kzmVlctaoqQlHDZtg0IUmyv_n8m0lCraFXTbfXzfAGDKujtXp09elmafIxhPqWf87BLvyrBZZlTTxmM27SjQOOL3gUhzM4Ct4WmxhYtSXyp7natZOCCQUXdP3gPB9On0AvWRoAKC6N0mucdUlWpLTF8P93IYy5M8gNAXuhkUuy0IDhvDDPYtVi7wgPLTH9YZOsjijGVrenpikbEx_vAhQOs4nzWDEawsTjhu34FhbqHe2nRhSpLw==",
            "deep_link": "https://www.kiwi.com/deep?affilid=mihalytest&currency=EUR&flightsId=0b7717884e150000859fb7bb_0%7C17880b774e1700002622683f_0&from=BUD&lang=en&passengers=1&to=HAM&booking_token=HipJqdPzR_LFazCyPC9fIGqA-trf2w5kaJIKJo6PcaqJ5eaXF0mGhu2HB0qndrKHMMHueNkTUzB_UNoBz_VNBGqKiCTzcrGOnzZD_hm2CHWHUQtw4wMVhyO5buJVzJkpyVivVPy4RgmN-wIvZWT06Np3iByPhM1RgV4GuiBs1xXooTU6YSOJJ1opgGAprV7LiKhMZl11YWc9zi3ePJdwgXTIG8TP97we7RknC7ip0ep6Ll4FlQWl0OWd0_HaoeS3-BtRLB5DjS88XCgj-EUUq6KMzvh2D79dD70WzoZxjVsE2R5TY0gTdiB-c_OttbnUVcNBt5JZNGu2s7lcwyD3vFV0I3szhOJhDyGcO4JXfgCgdffZbp6xrhmyYRBr1RsDmSGO6DWOKcNckq0JX_Uy_Mm7ovkBAhp0OIuDGI9ZhiCs3SRRvX72FfHUwUUuqdVtZ7mCFCPiGZ007bpQVvHGq2f3LrYmYzHOyA5kzmVlctaoqQlHDZtg0IUmyv_n8m0lCraFXTbfXzfAGDKujtXp09elmafIxhPqWf87BLvyrBZZlTTxmM27SjQOOL3gUhzM4Ct4WmxhYtSXyp7natZOCCQUXdP3gPB9On0AvWRoAKC6N0mucdUlWpLTF8P93IYy5M8gNAXuhkUuy0IDhvDDPYtVi7wgPLTH9YZOsjijGVrenpikbEx_vAhQOs4nzWDEawsTjhu34FhbqHe2nRhSpLw==",
            "facilitated_booking_available": true,
            "pnr_count": 2,
            "has_airport_change": false,
            "technical_stops": 0,
            "throw_away_ticketing": false,
            "hidden_city_ticketing": false,
            "virtual_interlining": false
        },
        {
            "id": "0b7717884e150000859fb7bb_0|17880b774e190000bd422846_0",
            "flyFrom": "BUD",
            "flyTo": "HAM",
            "cityFrom": "Budapest",
            "cityCodeFrom": "BUD",
            "cityTo": "Hamburg",
            "cityCodeTo": "HAM",
            "countryFrom": {
                "code": "HU",
                "name": "Hungary"
            },
            "countryTo": {
                "code": "DE",
                "name": "Germany"
            },
            "local_departure": "2024-09-23T13:55:00.000Z",
            "utc_departure": "2024-09-23T11:55:00.000Z",
            "local_arrival": "2024-09-23T15:40:00.000Z",
            "utc_arrival": "2024-09-23T13:40:00.000Z",
            "nightsInDest": 4,
            "quality": 238.333205,
            "distance": 949.98,
            "duration": {
                "departure": 6300,
                "return": 6000,
                "total": 12300
            },
            "price": 187,
            "conversion": {
                "EUR": 187
            },
            "fare": {
                "adults": 187,
                "children": 187,
                "infants": 187
            },
            "fare_locks": {
                "EUR": [
                    {
                        "default": false,
                        "duration": "P1D",
                        "itinerary_price_limit": 387,
                        "itinerary_price_remaining": 187,
                        "fare_lock_kind": "fee",
                        "price": 9.35,
                        "rule_instance_id": 26749,
                        "version": "v1"
                    },
                    {
                        "default": true,
                        "duration": "P3D",
                        "itinerary_price_limit": 387,
                        "itinerary_price_remaining": 187,
                        "fare_lock_kind": "fee",
                        "price": 18.7,
                        "rule_instance_id": 26748,
                        "version": "v1"
                    },
                    {
                        "default": false,
                        "duration": "P7D",
                        "itinerary_price_limit": 387,
                        "itinerary_price_remaining": 187,
                        "fare_lock_kind": "fee",
                        "price": 46.75,
                        "rule_instance_id": 26750,
                        "version": "v1"
                    }
                ]
            },
            "bags_price": {
                "1": 72.8,
                "2": 282.8
            },
            "baglimit": {
                "hand_dimensions_sum": 118,
                "hand_height": 40,
                "hand_length": 55,
                "hand_weight": 8,
                "hand_width": 23,
                "hold_dimensions_sum": 158,
                "hold_height": 52,
                "hold_length": 78,
                "hold_weight": 23,
                "hold_width": 28,
                "personal_item_dimension_sum": 95,
                "personal_item_height": 30,
                "personal_item_length": 40,
                "personal_item_weight": 8,
                "personal_item_width": 25
            },
            "availability": {
                "seats": 4
            },
            "airlines": [
                "EW"
            ],
            "route": [
                {
                    "id": "0b7717884e150000859fb7bb_0",
                    "combination_id": "0b7717884e150000859fb7bb",
                    "flyFrom": "BUD",
                    "flyTo": "HAM",
                    "cityFrom": "Budapest",
                    "cityCodeFrom": "BUD",
                    "cityTo": "Hamburg",
                    "cityCodeTo": "HAM",
                    "local_departure": "2024-09-23T13:55:00.000Z",
                    "utc_departure": "2024-09-23T11:55:00.000Z",
                    "local_arrival": "2024-09-23T15:40:00.000Z",
                    "utc_arrival": "2024-09-23T13:40:00.000Z",
                    "airline": "EW",
                    "flight_no": 7785,
                    "operating_carrier": "EW",
                    "operating_flight_no": "7785",
                    "fare_basis": "",
                    "fare_category": "M",
                    "fare_classes": "",
                    "return": 0,
                    "bags_recheck_required": false,
                    "vi_connection": false,
                    "guarantee": false,
                    "equipment": null,
                    "vehicle_type": "aircraft"
                },
                {
                    "id": "17880b774e190000bd422846_0",
                    "combination_id": "17880b774e190000bd422846",
                    "flyFrom": "HAM",
                    "flyTo": "BUD",
                    "cityFrom": "Hamburg",
                    "cityCodeFrom": "HAM",
                    "cityTo": "Budapest",
                    "cityCodeTo": "BUD",
                    "local_departure": "2024-09-27T18:25:00.000Z",
                    "utc_departure": "2024-09-27T16:25:00.000Z",
                    "local_arrival": "2024-09-27T20:05:00.000Z",
                    "utc_arrival": "2024-09-27T18:05:00.000Z",
                    "airline": "EW",
                    "flight_no": 7782,
                    "operating_carrier": "EW",
                    "operating_flight_no": "7782",
                    "fare_basis": "",
                    "fare_category": "M",
                    "fare_classes": "",
                    "return": 1,
                    "bags_recheck_required": false,
                    "vi_connection": false,
                    "guarantee": false,
                    "equipment": null,
                    "vehicle_type": "aircraft"
                }
            ],
            "booking_token": "HmBkzBQdf6aIT6iTk351jxeFjikt6Ti0HaVodVL36_EWc5AVdOlgV5u9bCOoBF4A2oo0mhDBfPSXh_m223hv8bO_EEiyMDXgLDfXr9RosbPCemEC1eIiDwKH0e7Ql-avdfjl1XusPA4BtZdqVa-iNmVJU12imm63UvwHsJw1DAnhCP2ZtVQIM8pNlkTAs6a8jlD4CtKVuOz0p2vfwSYXRfoWnL_CY-UMSJPp2oBzRKxM2X8Tyi1UEeMKwXTnKM3hyga2C-DHu5jBnAt5MU_L89Q5yBE4csyBeSyese_NJo6-zgdo5flIvg6DduhOYOwGrtTmLclRr54F4Q0hd3gYe2bGiBttA5WhtRpgOvSH_rh8hEz37zubqrqoBpkP7Ip8NbRpkF9c-ky8640Byi9xRCy4rH5D8ztwIfYbB062fsxon9z9J7b9GuyjFONSjCCoeFC7TUyWkqTB1msTcZ2lvGwAPECnDwAAKPIZxacuIkX38U_OlDBFAxArz0gnAPowjkY8oIsLdpfktIl-2i3J9oR9rQZlFlhe03V61XLvzIF-D0iZodF6eGF7WlTgNYV6f2JnvS0RP9i6W8eKy8ogvhH1MbHNWarSfEOHXIqMxaoYK4GjxOFisOnM848mnk-JxRlV0rvqgp1Udu_69iL-gHgGiwNwjEup9RjfKHg4vT3VnN3JwhqUxS4Bnsgg5UnBlV0DnJoDUJjTuKKXuzeq3bQ==",
            "deep_link": "https://www.kiwi.com/deep?affilid=mihalytest&currency=EUR&flightsId=0b7717884e150000859fb7bb_0%7C17880b774e190000bd422846_0&from=BUD&lang=en&passengers=1&to=HAM&booking_token=HmBkzBQdf6aIT6iTk351jxeFjikt6Ti0HaVodVL36_EWc5AVdOlgV5u9bCOoBF4A2oo0mhDBfPSXh_m223hv8bO_EEiyMDXgLDfXr9RosbPCemEC1eIiDwKH0e7Ql-avdfjl1XusPA4BtZdqVa-iNmVJU12imm63UvwHsJw1DAnhCP2ZtVQIM8pNlkTAs6a8jlD4CtKVuOz0p2vfwSYXRfoWnL_CY-UMSJPp2oBzRKxM2X8Tyi1UEeMKwXTnKM3hyga2C-DHu5jBnAt5MU_L89Q5yBE4csyBeSyese_NJo6-zgdo5flIvg6DduhOYOwGrtTmLclRr54F4Q0hd3gYe2bGiBttA5WhtRpgOvSH_rh8hEz37zubqrqoBpkP7Ip8NbRpkF9c-ky8640Byi9xRCy4rH5D8ztwIfYbB062fsxon9z9J7b9GuyjFONSjCCoeFC7TUyWkqTB1msTcZ2lvGwAPECnDwAAKPIZxacuIkX38U_OlDBFAxArz0gnAPowjkY8oIsLdpfktIl-2i3J9oR9rQZlFlhe03V61XLvzIF-D0iZodF6eGF7WlTgNYV6f2JnvS0RP9i6W8eKy8ogvhH1MbHNWarSfEOHXIqMxaoYK4GjxOFisOnM848mnk-JxRlV0rvqgp1Udu_69iL-gHgGiwNwjEup9RjfKHg4vT3VnN3JwhqUxS4Bnsgg5UnBlV0DnJoDUJjTuKKXuzeq3bQ==",
            "facilitated_booking_available": true,
            "pnr_count": 2,
            "has_airport_change": false,
            "technical_stops": 0,
            "throw_away_ticketing": false,
            "hidden_city_ticketing": false,
            "virtual_interlining": false
        },
        {
            "id": "0b7717884e170000f9fe42a8_0|17880b774e18000021d8f813_0",
            "flyFrom": "BUD",
            "flyTo": "HAM",
            "cityFrom": "Budapest",
            "cityCodeFrom": "BUD",
            "cityTo": "Hamburg",
            "cityCodeTo": "HAM",
            "countryFrom": {
                "code": "HU",
                "name": "Hungary"
            },
            "countryTo": {
                "code": "DE",
                "name": "Germany"
            },
            "local_departure": "2024-09-25T20:45:00.000Z",
            "utc_departure": "2024-09-25T18:45:00.000Z",
            "local_arrival": "2024-09-25T22:30:00.000Z",
            "utc_arrival": "2024-09-25T20:30:00.000Z",
            "nightsInDest": 1,
            "quality": 238.333205,
            "distance": 949.98,
            "duration": {
                "departure": 6300,
                "return": 6000,
                "total": 12300
            },
            "price": 187,
            "conversion": {
                "EUR": 187
            },
            "fare": {
                "adults": 187,
                "children": 187,
                "infants": 187
            },
            "fare_locks": {
                "EUR": [
                    {
                        "default": false,
                        "duration": "P1D",
                        "itinerary_price_limit": 387,
                        "itinerary_price_remaining": 187,
                        "fare_lock_kind": "fee",
                        "price": 9.35,
                        "rule_instance_id": 26749,
                        "version": "v1"
                    },
                    {
                        "default": true,
                        "duration": "P3D",
                        "itinerary_price_limit": 387,
                        "itinerary_price_remaining": 187,
                        "fare_lock_kind": "fee",
                        "price": 18.7,
                        "rule_instance_id": 26748,
                        "version": "v1"
                    },
                    {
                        "default": false,
                        "duration": "P7D",
                        "itinerary_price_limit": 387,
                        "itinerary_price_remaining": 187,
                        "fare_lock_kind": "fee",
                        "price": 46.75,
                        "rule_instance_id": 26750,
                        "version": "v1"
                    }
                ]
            },
            "bags_price": {
                "1": 72.8,
                "2": 282.8
            },
            "baglimit": {
                "hand_dimensions_sum": 118,
                "hand_height": 40,
                "hand_length": 55,
                "hand_weight": 8,
                "hand_width": 23,
                "hold_dimensions_sum": 158,
                "hold_height": 52,
                "hold_length": 78,
                "hold_weight": 23,
                "hold_width": 28,
                "personal_item_dimension_sum": 95,
                "personal_item_height": 30,
                "personal_item_length": 40,
                "personal_item_weight": 8,
                "personal_item_width": 25
            },
            "availability": {
                "seats": 8
            },
            "airlines": [
                "EW"
            ],
            "route": [
                {
                    "id": "0b7717884e170000f9fe42a8_0",
                    "combination_id": "0b7717884e170000f9fe42a8",
                    "flyFrom": "BUD",
                    "flyTo": "HAM",
                    "cityFrom": "Budapest",
                    "cityCodeFrom": "BUD",
                    "cityTo": "Hamburg",
                    "cityCodeTo": "HAM",
                    "local_departure": "2024-09-25T20:45:00.000Z",
                    "utc_departure": "2024-09-25T18:45:00.000Z",
                    "local_arrival": "2024-09-25T22:30:00.000Z",
                    "utc_arrival": "2024-09-25T20:30:00.000Z",
                    "airline": "EW",
                    "flight_no": 7783,
                    "operating_carrier": "EW",
                    "operating_flight_no": "7783",
                    "fare_basis": "",
                    "fare_category": "M",
                    "fare_classes": "",
                    "return": 0,
                    "bags_recheck_required": false,
                    "vi_connection": false,
                    "guarantee": false,
                    "equipment": null,
                    "vehicle_type": "aircraft"
                },
                {
                    "id": "17880b774e18000021d8f813_0",
                    "combination_id": "17880b774e18000021d8f813",
                    "flyFrom": "HAM",
                    "flyTo": "BUD",
                    "cityFrom": "Hamburg",
                    "cityCodeFrom": "HAM",
                    "cityTo": "Budapest",
                    "cityCodeTo": "BUD",
                    "local_departure": "2024-09-26T18:25:00.000Z",
                    "utc_departure": "2024-09-26T16:25:00.000Z",
                    "local_arrival": "2024-09-26T20:05:00.000Z",
                    "utc_arrival": "2024-09-26T18:05:00.000Z",
                    "airline": "EW",
                    "flight_no": 7782,
                    "operating_carrier": "EW",
                    "operating_flight_no": "7782",
                    "fare_basis": "",
                    "fare_category": "M",
                    "fare_classes": "K",
                    "return": 1,
                    "bags_recheck_required": false,
                    "vi_connection": false,
                    "guarantee": false,
                    "equipment": null,
                    "vehicle_type": "aircraft"
                }
            ],
            "booking_token": "HuzoldZsz1dWvNyGUR9W-pl7L_gookgCVxa9NEJlp_SQH3lTAGSZ_WGP_qfFQcYsBQLe_d6v19iaG9-QqcVokbsiYcZI6PAGgY39I-hUjRvF6T45b2XU2cAGnwrAyLm__lZHL2VWjjGdTuY8dl2GEZ3KODB6vGG59Av0X56VELRKrSdNC0Wojr57YvjtJi2oWfLE6Oqj5d5ljy7y1nTmEHW5FjCuXRNPCWZRXXpzLknp2-XZ5iw0oz8yI-BpWWFIpcSEgAkhGud5SWP0b4yelmfl2-KxIDchiZCpoxh2VmyxbKQuK6jEygzvEdJYmo5P8SiGfwV2AQF-ZlFgLqVo2mFBgW15Pgts6OJl96W-Y6b-vkXnXk4vtX10C349eaYTPov0vaDyTDOqXwfjZpejH6S7FxHV1uwOciIZK0JNCvMNAEVPky_M9up5gT008MHwfy69SgeAYZPknhxDt0ZKMI9Ie26-tpHEflbYIaGLfkRXR26kjPQFfvOgT-omH4SHD--nnuzOKGsf5pMZakUigRQnuFq5kl8vdKWT3Id8SZbrMOMB2IS0G-tzFABg3uKrOCO89XKWttbOAeKAKveK5XKne5gOUydVakLif2Rcbl-5XkJDK3QOwCOlTabwx1cvGcaHAwk8TkX2A_CpZV_MPSrSW-IBJ9-kPyOXzOQB06Q0YxwVNU8SlEQ2sNa7ctgkEvFl-qgOntHuAJGM742e6Rg==",
            "deep_link": "https://www.kiwi.com/deep?affilid=mihalytest&currency=EUR&flightsId=0b7717884e170000f9fe42a8_0%7C17880b774e18000021d8f813_0&from=BUD&lang=en&passengers=1&to=HAM&booking_token=HuzoldZsz1dWvNyGUR9W-pl7L_gookgCVxa9NEJlp_SQH3lTAGSZ_WGP_qfFQcYsBQLe_d6v19iaG9-QqcVokbsiYcZI6PAGgY39I-hUjRvF6T45b2XU2cAGnwrAyLm__lZHL2VWjjGdTuY8dl2GEZ3KODB6vGG59Av0X56VELRKrSdNC0Wojr57YvjtJi2oWfLE6Oqj5d5ljy7y1nTmEHW5FjCuXRNPCWZRXXpzLknp2-XZ5iw0oz8yI-BpWWFIpcSEgAkhGud5SWP0b4yelmfl2-KxIDchiZCpoxh2VmyxbKQuK6jEygzvEdJYmo5P8SiGfwV2AQF-ZlFgLqVo2mFBgW15Pgts6OJl96W-Y6b-vkXnXk4vtX10C349eaYTPov0vaDyTDOqXwfjZpejH6S7FxHV1uwOciIZK0JNCvMNAEVPky_M9up5gT008MHwfy69SgeAYZPknhxDt0ZKMI9Ie26-tpHEflbYIaGLfkRXR26kjPQFfvOgT-omH4SHD--nnuzOKGsf5pMZakUigRQnuFq5kl8vdKWT3Id8SZbrMOMB2IS0G-tzFABg3uKrOCO89XKWttbOAeKAKveK5XKne5gOUydVakLif2Rcbl-5XkJDK3QOwCOlTabwx1cvGcaHAwk8TkX2A_CpZV_MPSrSW-IBJ9-kPyOXzOQB06Q0YxwVNU8SlEQ2sNa7ctgkEvFl-qgOntHuAJGM742e6Rg==",
            "facilitated_booking_available": true,
            "pnr_count": 2,
            "has_airport_change": false,
            "technical_stops": 0,
            "throw_away_ticketing": false,
            "hidden_city_ticketing": false,
            "virtual_interlining": false
        },
        {
            "id": "0b7717884e170000f9fe42a8_0|17880b774e1b0000179659a2_0",
            "flyFrom": "BUD",
            "flyTo": "HAM",
            "cityFrom": "Budapest",
            "cityCodeFrom": "BUD",
            "cityTo": "Hamburg",
            "cityCodeTo": "HAM",
            "countryFrom": {
                "code": "HU",
                "name": "Hungary"
            },
            "countryTo": {
                "code": "DE",
                "name": "Germany"
            },
            "local_departure": "2024-09-25T20:45:00.000Z",
            "utc_departure": "2024-09-25T18:45:00.000Z",
            "local_arrival": "2024-09-25T22:30:00.000Z",
            "utc_arrival": "2024-09-25T20:30:00.000Z",
            "nightsInDest": 4,
            "quality": 238.333205,
            "distance": 949.98,
            "duration": {
                "departure": 6300,
                "return": 6000,
                "total": 12300
            },
            "price": 187,
            "conversion": {
                "EUR": 187
            },
            "fare": {
                "adults": 187,
                "children": 187,
                "infants": 187
            },
            "fare_locks": {
                "EUR": [
                    {
                        "default": false,
                        "duration": "P1D",
                        "itinerary_price_limit": 387,
                        "itinerary_price_remaining": 187,
                        "fare_lock_kind": "fee",
                        "price": 9.35,
                        "rule_instance_id": 26749,
                        "version": "v1"
                    },
                    {
                        "default": true,
                        "duration": "P3D",
                        "itinerary_price_limit": 387,
                        "itinerary_price_remaining": 187,
                        "fare_lock_kind": "fee",
                        "price": 18.7,
                        "rule_instance_id": 26748,
                        "version": "v1"
                    },
                    {
                        "default": false,
                        "duration": "P7D",
                        "itinerary_price_limit": 387,
                        "itinerary_price_remaining": 187,
                        "fare_lock_kind": "fee",
                        "price": 46.75,
                        "rule_instance_id": 26750,
                        "version": "v1"
                    }
                ]
            },
            "bags_price": {
                "1": 72.8,
                "2": 282.8
            },
            "baglimit": {
                "hand_dimensions_sum": 118,
                "hand_height": 40,
                "hand_length": 55,
                "hand_weight": 8,
                "hand_width": 23,
                "hold_dimensions_sum": 158,
                "hold_height": 52,
                "hold_length": 78,
                "hold_weight": 23,
                "hold_width": 28,
                "personal_item_dimension_sum": 95,
                "personal_item_height": 30,
                "personal_item_length": 40,
                "personal_item_weight": 8,
                "personal_item_width": 25
            },
            "availability": {
                "seats": 6
            },
            "airlines": [
                "EW"
            ],
            "route": [
                {
                    "id": "0b7717884e170000f9fe42a8_0",
                    "combination_id": "0b7717884e170000f9fe42a8",
                    "flyFrom": "BUD",
                    "flyTo": "HAM",
                    "cityFrom": "Budapest",
                    "cityCodeFrom": "BUD",
                    "cityTo": "Hamburg",
                    "cityCodeTo": "HAM",
                    "local_departure": "2024-09-25T20:45:00.000Z",
                    "utc_departure": "2024-09-25T18:45:00.000Z",
                    "local_arrival": "2024-09-25T22:30:00.000Z",
                    "utc_arrival": "2024-09-25T20:30:00.000Z",
                    "airline": "EW",
                    "flight_no": 7783,
                    "operating_carrier": "EW",
                    "operating_flight_no": "7783",
                    "fare_basis": "",
                    "fare_category": "M",
                    "fare_classes": "",
                    "return": 0,
                    "bags_recheck_required": false,
                    "vi_connection": false,
                    "guarantee": false,
                    "equipment": null,
                    "vehicle_type": "aircraft"
                },
                {
                    "id": "17880b774e1b0000179659a2_0",
                    "combination_id": "17880b774e1b0000179659a2",
                    "flyFrom": "HAM",
                    "flyTo": "BUD",
                    "cityFrom": "Hamburg",
                    "cityCodeFrom": "HAM",
                    "cityTo": "Budapest",
                    "cityCodeTo": "BUD",
                    "local_departure": "2024-09-29T18:25:00.000Z",
                    "utc_departure": "2024-09-29T16:25:00.000Z",
                    "local_arrival": "2024-09-29T20:05:00.000Z",
                    "utc_arrival": "2024-09-29T18:05:00.000Z",
                    "airline": "EW",
                    "flight_no": 7782,
                    "operating_carrier": "EW",
                    "operating_flight_no": "7782",
                    "fare_basis": "",
                    "fare_category": "M",
                    "fare_classes": "K",
                    "return": 1,
                    "bags_recheck_required": false,
                    "vi_connection": false,
                    "guarantee": false,
                    "equipment": null,
                    "vehicle_type": "aircraft"
                }
            ],
            "booking_token": "HvXW-5WCEw5qQaUJWSFLVF-2BWasiFHuFP60LFAC87QNkwGWiQDDudnz6alblAPlb6O_x495PAPnAU7kiXeheoUf4w1tBDfK9DcHHQ6aQPsArV-BZryxAx8iHhrpYIx6r-8x7ox3hByE0By8pOGlISqbX7l0RnfnHaXbxknlXLZiTfaagtFDQO4RPqe2kPsg38nHWpLEyk5525CxqtmgA8bN2xYi-kKK-8mNNC4iVP2znYfDHXSxGYLXy7DTQDF8tBx9l50MEYiIICEt77Yil0lSgofLz_0jqEil41kd8b1tWXLGXuJTZgXixMDDHCJ1NOawUa9PkKdLM8dhFZqyFS6hxZLFjTZwBq9N8XKhJvWgJWz3dtZ1Hui9H5KeftfA71Wrd-uuiIkgCH1R9kxaLWHvxiGHlPZnMn_byLa1RLrXAJbMCVil230ntOpDB89Dde2gn1MmpOoIi51kEDFhR8GznqMJSVDLafojQPixEBUqVOGUUlDEu8_tj_IXdDQPJcen1gRB4WWL0P3n_Qzj8kw7hIXJqkp3o--pB4or68Snjf_ylwKJ9-y4uwQ-ZpIArGDpG7K4HnM1R7HPzir3DVh73Q-anLKHVnOAwHPx3vZyltdAaGSnXmm9RK_DVCGUyisKi4Ji_UX_2I_tFt8UvZhSYa3KCTOj5c8GxccPAeIdm-uOBKbc6IgK34nrvYHIx",
            "deep_link": "https://www.kiwi.com/deep?affilid=mihalytest&currency=EUR&flightsId=0b7717884e170000f9fe42a8_0%7C17880b774e1b0000179659a2_0&from=BUD&lang=en&passengers=1&to=HAM&booking_token=HvXW-5WCEw5qQaUJWSFLVF-2BWasiFHuFP60LFAC87QNkwGWiQDDudnz6alblAPlb6O_x495PAPnAU7kiXeheoUf4w1tBDfK9DcHHQ6aQPsArV-BZryxAx8iHhrpYIx6r-8x7ox3hByE0By8pOGlISqbX7l0RnfnHaXbxknlXLZiTfaagtFDQO4RPqe2kPsg38nHWpLEyk5525CxqtmgA8bN2xYi-kKK-8mNNC4iVP2znYfDHXSxGYLXy7DTQDF8tBx9l50MEYiIICEt77Yil0lSgofLz_0jqEil41kd8b1tWXLGXuJTZgXixMDDHCJ1NOawUa9PkKdLM8dhFZqyFS6hxZLFjTZwBq9N8XKhJvWgJWz3dtZ1Hui9H5KeftfA71Wrd-uuiIkgCH1R9kxaLWHvxiGHlPZnMn_byLa1RLrXAJbMCVil230ntOpDB89Dde2gn1MmpOoIi51kEDFhR8GznqMJSVDLafojQPixEBUqVOGUUlDEu8_tj_IXdDQPJcen1gRB4WWL0P3n_Qzj8kw7hIXJqkp3o--pB4or68Snjf_ylwKJ9-y4uwQ-ZpIArGDpG7K4HnM1R7HPzir3DVh73Q-anLKHVnOAwHPx3vZyltdAaGSnXmm9RK_DVCGUyisKi4Ji_UX_2I_tFt8UvZhSYa3KCTOj5c8GxccPAeIdm-uOBKbc6IgK34nrvYHIx",
            "facilitated_booking_available": true,
            "pnr_count": 2,
            "has_airport_change": false,
            "technical_stops": 0,
            "throw_away_ticketing": false,
            "hidden_city_ticketing": false,
            "virtual_interlining": false
        },
        {
            "id": "0b7717884e5f0000fddf66be_0|17880b774e66000026324f84_0",
            "flyFrom": "BUD",
            "flyTo": "HAM",
            "cityFrom": "Budapest",
            "cityCodeFrom": "BUD",
            "cityTo": "Hamburg",
            "cityCodeTo": "HAM",
            "countryFrom": {
                "code": "HU",
                "name": "Hungary"
            },
            "countryTo": {
                "code": "DE",
                "name": "Germany"
            },
            "local_departure": "2024-12-06T20:35:00.000Z",
            "utc_departure": "2024-12-06T19:35:00.000Z",
            "local_arrival": "2024-12-06T22:25:00.000Z",
            "utc_arrival": "2024-12-06T21:25:00.000Z",
            "nightsInDest": 7,
            "quality": 239.666535,
            "distance": 949.98,
            "duration": {
                "departure": 6600,
                "return": 6300,
                "total": 12900
            },
            "price": 187,
            "conversion": {
                "EUR": 187
            },
            "fare": {
                "adults": 187,
                "children": 187,
                "infants": 187
            },
            "fare_locks": {
                "EUR": [
                    {
                        "default": false,
                        "duration": "P1D",
                        "itinerary_price_limit": 387,
                        "itinerary_price_remaining": 187,
                        "fare_lock_kind": "fee",
                        "price": 9.35,
                        "rule_instance_id": 26749,
                        "version": "v1"
                    },
                    {
                        "default": true,
                        "duration": "P3D",
                        "itinerary_price_limit": 387,
                        "itinerary_price_remaining": 187,
                        "fare_lock_kind": "fee",
                        "price": 18.7,
                        "rule_instance_id": 26748,
                        "version": "v1"
                    },
                    {
                        "default": false,
                        "duration": "P7D",
                        "itinerary_price_limit": 387,
                        "itinerary_price_remaining": 187,
                        "fare_lock_kind": "fee",
                        "price": 46.75,
                        "rule_instance_id": 26750,
                        "version": "v1"
                    }
                ]
            },
            "bags_price": {
                "1": 72.8,
                "2": 282.8
            },
            "baglimit": {
                "hand_dimensions_sum": 118,
                "hand_height": 40,
                "hand_length": 55,
                "hand_weight": 8,
                "hand_width": 23,
                "hold_dimensions_sum": 158,
                "hold_height": 52,
                "hold_length": 78,
                "hold_weight": 23,
                "hold_width": 28,
                "personal_item_dimension_sum": 95,
                "personal_item_height": 30,
                "personal_item_length": 40,
                "personal_item_weight": 8,
                "personal_item_width": 25
            },
            "availability": {
                "seats": 9
            },
            "airlines": [
                "EW"
            ],
            "route": [
                {
                    "id": "0b7717884e5f0000fddf66be_0",
                    "combination_id": "0b7717884e5f0000fddf66be",
                    "flyFrom": "BUD",
                    "flyTo": "HAM",
                    "cityFrom": "Budapest",
                    "cityCodeFrom": "BUD",
                    "cityTo": "Hamburg",
                    "cityCodeTo": "HAM",
                    "local_departure": "2024-12-06T20:35:00.000Z",
                    "utc_departure": "2024-12-06T19:35:00.000Z",
                    "local_arrival": "2024-12-06T22:25:00.000Z",
                    "utc_arrival": "2024-12-06T21:25:00.000Z",
                    "airline": "EW",
                    "flight_no": 7781,
                    "operating_carrier": "EW",
                    "operating_flight_no": "7781",
                    "fare_basis": "",
                    "fare_category": "M",
                    "fare_classes": "T",
                    "return": 0,
                    "bags_recheck_required": false,
                    "vi_connection": false,
                    "guarantee": false,
                    "equipment": null,
                    "vehicle_type": "aircraft"
                },
                {
                    "id": "17880b774e66000026324f84_0",
                    "combination_id": "17880b774e66000026324f84",
                    "flyFrom": "HAM",
                    "flyTo": "BUD",
                    "cityFrom": "Hamburg",
                    "cityCodeFrom": "HAM",
                    "cityTo": "Budapest",
                    "cityCodeTo": "BUD",
                    "local_departure": "2024-12-13T18:10:00.000Z",
                    "utc_departure": "2024-12-13T17:10:00.000Z",
                    "local_arrival": "2024-12-13T19:55:00.000Z",
                    "utc_arrival": "2024-12-13T18:55:00.000Z",
                    "airline": "EW",
                    "flight_no": 7780,
                    "operating_carrier": "EW",
                    "operating_flight_no": "7780",
                    "fare_basis": "",
                    "fare_category": "M",
                    "fare_classes": "",
                    "return": 1,
                    "bags_recheck_required": false,
                    "vi_connection": false,
                    "guarantee": false,
                    "equipment": null,
                    "vehicle_type": "aircraft"
                }
            ],
            "booking_token": "Hw5GqL4YkI6lEKFd7Q9rfhjsyS1b5fBNCY1Xq7hIo6CAYysNqfLuv542v_pg716fpK2o_JPLith5trJ6ODSysU4vTPGCo88R5-y-ctWmXC8DsfkaTs7F9azRtXa_T1_iBK6dB18rp8NrLjD2ytTwB7konTgkIx5P6gXsJAMLumCo5NIE2ZTfn5ufLaQ71GA3Io_6b-Isu3Y5dGNyNAd0Cb62ei6xGiLOSYRGS8oxpHMo4Ls3XhYl1hooghp4Jk7v4Fy6pcdz9XnKQLTDJGyPR3bLr4rYaYVtE8UeEi4s2CcShl2ndSL_CHKXpoDG4bUOLLdLpBPT96-IzRcPZonF_50S9eKPXcMvHMv-TTYw4OysgpYFOOR6XHw0oFqLa8AOaznDsOnGTaFsGkb5noTpKaO3zn7s9E3s77o5cD8DYkRGX5llvUgzTosFPwCyNupklQDAlD5Q6yLSG49-pXaFh9iex4nwEKQDHdc4ahMKIXnuAOGvpEZM32Gpf7tdT77T7jcCJh0VmhciQRfrvYkEHs0C2dr8XLuEvr8JnJ8lqOf0fXGdqc5qDbjJx_OMLT2KN5GD1538BFoknKGwJQzNMD4jZTdHaXMVvaOx8b22_a-qsEPlmHRXeQwvWT3uwjUdwzKfhwqPr2eSc0nRE2oEyF29ZduGcriU-5y7lrbJqKKnAQz1EgNBxW8hAsIB4_BoYwflkvjJS_EyZHmoz5wSiIw==",
            "deep_link": "https://www.kiwi.com/deep?affilid=mihalytest&currency=EUR&flightsId=0b7717884e5f0000fddf66be_0%7C17880b774e66000026324f84_0&from=BUD&lang=en&passengers=1&to=HAM&booking_token=Hw5GqL4YkI6lEKFd7Q9rfhjsyS1b5fBNCY1Xq7hIo6CAYysNqfLuv542v_pg716fpK2o_JPLith5trJ6ODSysU4vTPGCo88R5-y-ctWmXC8DsfkaTs7F9azRtXa_T1_iBK6dB18rp8NrLjD2ytTwB7konTgkIx5P6gXsJAMLumCo5NIE2ZTfn5ufLaQ71GA3Io_6b-Isu3Y5dGNyNAd0Cb62ei6xGiLOSYRGS8oxpHMo4Ls3XhYl1hooghp4Jk7v4Fy6pcdz9XnKQLTDJGyPR3bLr4rYaYVtE8UeEi4s2CcShl2ndSL_CHKXpoDG4bUOLLdLpBPT96-IzRcPZonF_50S9eKPXcMvHMv-TTYw4OysgpYFOOR6XHw0oFqLa8AOaznDsOnGTaFsGkb5noTpKaO3zn7s9E3s77o5cD8DYkRGX5llvUgzTosFPwCyNupklQDAlD5Q6yLSG49-pXaFh9iex4nwEKQDHdc4ahMKIXnuAOGvpEZM32Gpf7tdT77T7jcCJh0VmhciQRfrvYkEHs0C2dr8XLuEvr8JnJ8lqOf0fXGdqc5qDbjJx_OMLT2KN5GD1538BFoknKGwJQzNMD4jZTdHaXMVvaOx8b22_a-qsEPlmHRXeQwvWT3uwjUdwzKfhwqPr2eSc0nRE2oEyF29ZduGcriU-5y7lrbJqKKnAQz1EgNBxW8hAsIB4_BoYwflkvjJS_EyZHmoz5wSiIw==",
            "facilitated_booking_available": true,
            "pnr_count": 2,
            "has_airport_change": false,
            "technical_stops": 0,
            "throw_away_ticketing": false,
            "hidden_city_ticketing": false,
            "virtual_interlining": false
        },
        {
            "id": "0b7717884e260000dc48f9c7_0|17880b774e2c000072fe2d9d_0",
            "flyFrom": "BUD",
            "flyTo": "HAM",
            "cityFrom": "Budapest",
            "cityCodeFrom": "BUD",
            "cityTo": "Hamburg",
            "cityCodeTo": "HAM",
            "countryFrom": {
                "code": "HU",
                "name": "Hungary"
            },
            "countryTo": {
                "code": "DE",
                "name": "Germany"
            },
            "local_departure": "2024-10-10T20:45:00.000Z",
            "utc_departure": "2024-10-10T18:45:00.000Z",
            "local_arrival": "2024-10-10T22:30:00.000Z",
            "utc_arrival": "2024-10-10T20:30:00.000Z",
            "nightsInDest": 6,
            "quality": 239.333205,
            "distance": 949.98,
            "duration": {
                "departure": 6300,
                "return": 6000,
                "total": 12300
            },
            "price": 188,
            "conversion": {
                "EUR": 188
            },
            "fare": {
                "adults": 188,
                "children": 188,
                "infants": 188
            },
            "fare_locks": {
                "EUR": [
                    {
                        "default": false,
                        "duration": "P1D",
                        "itinerary_price_limit": 388,
                        "itinerary_price_remaining": 188,
                        "fare_lock_kind": "fee",
                        "price": 9.4,
                        "rule_instance_id": 26749,
                        "version": "v1"
                    },
                    {
                        "default": true,
                        "duration": "P3D",
                        "itinerary_price_limit": 388,
                        "itinerary_price_remaining": 188,
                        "fare_lock_kind": "fee",
                        "price": 18.8,
                        "rule_instance_id": 26748,
                        "version": "v1"
                    },
                    {
                        "default": false,
                        "duration": "P7D",
                        "itinerary_price_limit": 388,
                        "itinerary_price_remaining": 188,
                        "fare_lock_kind": "fee",
                        "price": 47,
                        "rule_instance_id": 26750,
                        "version": "v1"
                    }
                ]
            },
            "bags_price": {
                "1": 72.8,
                "2": 282.8
            },
            "baglimit": {
                "hand_dimensions_sum": 118,
                "hand_height": 40,
                "hand_length": 55,
                "hand_weight": 8,
                "hand_width": 23,
                "hold_dimensions_sum": 158,
                "hold_height": 52,
                "hold_length": 78,
                "hold_weight": 23,
                "hold_width": 28,
                "personal_item_dimension_sum": 95,
                "personal_item_height": 30,
                "personal_item_length": 40,
                "personal_item_weight": 8,
                "personal_item_width": 25
            },
            "availability": {
                "seats": 8
            },
            "airlines": [
                "EW"
            ],
            "route": [
                {
                    "id": "0b7717884e260000dc48f9c7_0",
                    "combination_id": "0b7717884e260000dc48f9c7",
                    "flyFrom": "BUD",
                    "flyTo": "HAM",
                    "cityFrom": "Budapest",
                    "cityCodeFrom": "BUD",
                    "cityTo": "Hamburg",
                    "cityCodeTo": "HAM",
                    "local_departure": "2024-10-10T20:45:00.000Z",
                    "utc_departure": "2024-10-10T18:45:00.000Z",
                    "local_arrival": "2024-10-10T22:30:00.000Z",
                    "utc_arrival": "2024-10-10T20:30:00.000Z",
                    "airline": "EW",
                    "flight_no": 7783,
                    "operating_carrier": "EW",
                    "operating_flight_no": "7783",
                    "fare_basis": "",
                    "fare_category": "M",
                    "fare_classes": "",
                    "return": 0,
                    "bags_recheck_required": false,
                    "vi_connection": false,
                    "guarantee": false,
                    "equipment": null,
                    "vehicle_type": "aircraft"
                },
                {
                    "id": "17880b774e2c000072fe2d9d_0",
                    "combination_id": "17880b774e2c000072fe2d9d",
                    "flyFrom": "HAM",
                    "flyTo": "BUD",
                    "cityFrom": "Hamburg",
                    "cityCodeFrom": "HAM",
                    "cityTo": "Budapest",
                    "cityCodeTo": "BUD",
                    "local_departure": "2024-10-16T18:25:00.000Z",
                    "utc_departure": "2024-10-16T16:25:00.000Z",
                    "local_arrival": "2024-10-16T20:05:00.000Z",
                    "utc_arrival": "2024-10-16T18:05:00.000Z",
                    "airline": "EW",
                    "flight_no": 7782,
                    "operating_carrier": "EW",
                    "operating_flight_no": "7782",
                    "fare_basis": "",
                    "fare_category": "M",
                    "fare_classes": "",
                    "return": 1,
                    "bags_recheck_required": false,
                    "vi_connection": false,
                    "guarantee": false,
                    "equipment": null,
                    "vehicle_type": "aircraft"
                }
            ],
            "booking_token": "HfewYraRl4aQ3e9-lLzRGNonyPZCp8uaZnrfUMooSjEf5kRD5m7J5LFDeLG-gzKZAYPDyI6_BNb42yG8Nsp9xsHeIIzR_tgOu6SRMuw6oKdJ_IcAJYy8isKXgF3gojHI4IIvuDH25pvJkfUbKRFNUUjKFBKJBRU7rcdj9LS_LAZ_JkzN7rnRwCo3-3lV1tvz2c1kb9CsmGG7m_FpDOsk1U30C6uRKB_aU1aU-wxOA0rZgKTVpVsPTsQ0BMeiZwFwYFvusLhW5f-5jmLQM7wqX7k6hHixiBtQGROchxrmfINqOO1Lf45AB-OffHOk_qfpE5TqujAuDmaG_KvDFwLJU4nETB-vw0s0ZfSfx6BIE3HvyXynNy0ml_OhdNsayyr9dDkCWTewOtqYhNrMiKOgOSsmW0knwmBAwzJXLYiablikRjPlZXdQedQaYvDqK-Ih0ZV_0mRvVIDmKJUjzwnSKot3zD-bA1WDrMI_S6r9uXuRovz5dBmoLZE8Nkmy-XruAuRqnNBTY7BrtPdk4b6xwtBN1ofwS_Iygu_5O0AXV7Y1YTVw4C9UTJ8pysS172TSCZZidLgxlgFs-dJW-ohVwzPVZce01LQT8Vm-DG8NoWfZiOtJhQaaSaPXX_TMhPckKv9robbqUaHbmBcd7VnuD25GL3y5g7O0svOEcb-yUtZsO05Xq-p7M2y5g_U8HEN4xlJKnCmfnTOQtK1bfTcmE0w==",
            "deep_link": "https://www.kiwi.com/deep?affilid=mihalytest&currency=EUR&flightsId=0b7717884e260000dc48f9c7_0%7C17880b774e2c000072fe2d9d_0&from=BUD&lang=en&passengers=1&to=HAM&booking_token=HfewYraRl4aQ3e9-lLzRGNonyPZCp8uaZnrfUMooSjEf5kRD5m7J5LFDeLG-gzKZAYPDyI6_BNb42yG8Nsp9xsHeIIzR_tgOu6SRMuw6oKdJ_IcAJYy8isKXgF3gojHI4IIvuDH25pvJkfUbKRFNUUjKFBKJBRU7rcdj9LS_LAZ_JkzN7rnRwCo3-3lV1tvz2c1kb9CsmGG7m_FpDOsk1U30C6uRKB_aU1aU-wxOA0rZgKTVpVsPTsQ0BMeiZwFwYFvusLhW5f-5jmLQM7wqX7k6hHixiBtQGROchxrmfINqOO1Lf45AB-OffHOk_qfpE5TqujAuDmaG_KvDFwLJU4nETB-vw0s0ZfSfx6BIE3HvyXynNy0ml_OhdNsayyr9dDkCWTewOtqYhNrMiKOgOSsmW0knwmBAwzJXLYiablikRjPlZXdQedQaYvDqK-Ih0ZV_0mRvVIDmKJUjzwnSKot3zD-bA1WDrMI_S6r9uXuRovz5dBmoLZE8Nkmy-XruAuRqnNBTY7BrtPdk4b6xwtBN1ofwS_Iygu_5O0AXV7Y1YTVw4C9UTJ8pysS172TSCZZidLgxlgFs-dJW-ohVwzPVZce01LQT8Vm-DG8NoWfZiOtJhQaaSaPXX_TMhPckKv9robbqUaHbmBcd7VnuD25GL3y5g7O0svOEcb-yUtZsO05Xq-p7M2y5g_U8HEN4xlJKnCmfnTOQtK1bfTcmE0w==",
            "facilitated_booking_available": true,
            "pnr_count": 2,
            "has_airport_change": false,
            "technical_stops": 0,
            "throw_away_ticketing": false,
            "hidden_city_ticketing": false,
            "virtual_interlining": false
        },
        {
            "id": "0b7717884e120000c51a71f4_0|17880b774e14000046591eaa_0",
            "flyFrom": "BUD",
            "flyTo": "HAM",
            "cityFrom": "Budapest",
            "cityCodeFrom": "BUD",
            "cityTo": "Hamburg",
            "cityCodeTo": "HAM",
            "countryFrom": {
                "code": "HU",
                "name": "Hungary"
            },
            "countryTo": {
                "code": "DE",
                "name": "Germany"
            },
            "local_departure": "2024-09-20T20:45:00.000Z",
            "utc_departure": "2024-09-20T18:45:00.000Z",
            "local_arrival": "2024-09-20T22:30:00.000Z",
            "utc_arrival": "2024-09-20T20:30:00.000Z",
            "nightsInDest": 2,
            "quality": 240.333205,
            "distance": 949.98,
            "duration": {
                "departure": 6300,
                "return": 6000,
                "total": 12300
            },
            "price": 189,
            "conversion": {
                "EUR": 189
            },
            "fare": {
                "adults": 189,
                "children": 189,
                "infants": 189
            },
            "fare_locks": {
                "EUR": [
                    {
                        "default": false,
                        "duration": "P1D",
                        "itinerary_price_limit": 389,
                        "itinerary_price_remaining": 189,
                        "fare_lock_kind": "fee",
                        "price": 9.45,
                        "rule_instance_id": 26749,
                        "version": "v1"
                    },
                    {
                        "default": true,
                        "duration": "P3D",
                        "itinerary_price_limit": 389,
                        "itinerary_price_remaining": 189,
                        "fare_lock_kind": "fee",
                        "price": 18.9,
                        "rule_instance_id": 26748,
                        "version": "v1"
                    },
                    {
                        "default": false,
                        "duration": "P7D",
                        "itinerary_price_limit": 389,
                        "itinerary_price_remaining": 189,
                        "fare_lock_kind": "fee",
                        "price": 47.25,
                        "rule_instance_id": 26750,
                        "version": "v1"
                    }
                ]
            },
            "bags_price": {
                "1": 72.8,
                "2": 282.8
            },
            "baglimit": {
                "hand_dimensions_sum": 118,
                "hand_height": 40,
                "hand_length": 55,
                "hand_weight": 8,
                "hand_width": 23,
                "hold_dimensions_sum": 158,
                "hold_height": 52,
                "hold_length": 78,
                "hold_weight": 23,
                "hold_width": 28,
                "personal_item_dimension_sum": 95,
                "personal_item_height": 30,
                "personal_item_length": 40,
                "personal_item_weight": 8,
                "personal_item_width": 25
            },
            "availability": {
                "seats": 4
            },
            "airlines": [
                "EW"
            ],
            "route": [
                {
                    "id": "0b7717884e120000c51a71f4_0",
                    "combination_id": "0b7717884e120000c51a71f4",
                    "flyFrom": "BUD",
                    "flyTo": "HAM",
                    "cityFrom": "Budapest",
                    "cityCodeFrom": "BUD",
                    "cityTo": "Hamburg",
                    "cityCodeTo": "HAM",
                    "local_departure": "2024-09-20T20:45:00.000Z",
                    "utc_departure": "2024-09-20T18:45:00.000Z",
                    "local_arrival": "2024-09-20T22:30:00.000Z",
                    "utc_arrival": "2024-09-20T20:30:00.000Z",
                    "airline": "EW",
                    "flight_no": 7783,
                    "operating_carrier": "EW",
                    "operating_flight_no": "7783",
                    "fare_basis": "",
                    "fare_category": "M",
                    "fare_classes": "",
                    "return": 0,
                    "bags_recheck_required": false,
                    "vi_connection": false,
                    "guarantee": false,
                    "equipment": null,
                    "vehicle_type": "aircraft"
                },
                {
                    "id": "17880b774e14000046591eaa_0",
                    "combination_id": "17880b774e14000046591eaa",
                    "flyFrom": "HAM",
                    "flyTo": "BUD",
                    "cityFrom": "Hamburg",
                    "cityCodeFrom": "HAM",
                    "cityTo": "Budapest",
                    "cityCodeTo": "BUD",
                    "local_departure": "2024-09-22T18:25:00.000Z",
                    "utc_departure": "2024-09-22T16:25:00.000Z",
                    "local_arrival": "2024-09-22T20:05:00.000Z",
                    "utc_arrival": "2024-09-22T18:05:00.000Z",
                    "airline": "EW",
                    "flight_no": 7782,
                    "operating_carrier": "EW",
                    "operating_flight_no": "7782",
                    "fare_basis": "",
                    "fare_category": "M",
                    "fare_classes": "",
                    "return": 1,
                    "bags_recheck_required": false,
                    "vi_connection": false,
                    "guarantee": false,
                    "equipment": null,
                    "vehicle_type": "aircraft"
                }
            ],
            "booking_token": "H4CnNKrf4j_5WU2bxoJkXWVp2cvMCiNf7aCia0yGKcmY03nUcwGOFM9Bb6DEUmZ6bhUPsqlUrNbCc9LrYf8dOxCpSRJJ-ZsCIqeDcmMYwsULLgaqPea_KaqTrumVkj0j_aJm1u9tVNZVK0JI1HJ57W_zxraMJa1GeP5xezTJU3Gsqa-gUGvEIo_1bI1Fi7wGAKYHKvZXVjdysDA9sq6sF4ubK-iMA_PMdD1YkxunBI4-uQGdDEP0koJPqQ9v2-wIRJvVaj7RuJmH5u5Sl4vMRF8aEts8gGJ1u99JStyHKkANvJoNtR331DYBueoNwmxa05GTXuZICsXkdeH87sIn9nNWBVwU-T1IMSGThNsr23DlYkEzuNYfUu7blJKb9XtclDi1v64tRdWmu7YrqfqMIUCtdZCoNVB6gUXnHCw7j4UiY54gFun3JJPPfWVu9NHo7BHYMrKGfKZoB0fB64cTmyZEvzK87HZFjvEe3YolKLW5pnpSZqTziGjQtemz4jBKFfA_vOSWfwrErZAV58Em1Z1WHxr0ap_xIieugkkW5h1VbDtRScsvP7RUESmCh9FRn8aUUBVyl3oUW1_0nlrC7TcJE2RLvH2imQOx853E-cCquMeppbSDIEmxYIwfE8_eD7WM7QPTWZGDbiDlPUvOUeE3kHoRi7wrR3MCgsyKC4OI26znK8dAKFEjseo28dP0q",
            "deep_link": "https://www.kiwi.com/deep?affilid=mihalytest&currency=EUR&flightsId=0b7717884e120000c51a71f4_0%7C17880b774e14000046591eaa_0&from=BUD&lang=en&passengers=1&to=HAM&booking_token=H4CnNKrf4j_5WU2bxoJkXWVp2cvMCiNf7aCia0yGKcmY03nUcwGOFM9Bb6DEUmZ6bhUPsqlUrNbCc9LrYf8dOxCpSRJJ-ZsCIqeDcmMYwsULLgaqPea_KaqTrumVkj0j_aJm1u9tVNZVK0JI1HJ57W_zxraMJa1GeP5xezTJU3Gsqa-gUGvEIo_1bI1Fi7wGAKYHKvZXVjdysDA9sq6sF4ubK-iMA_PMdD1YkxunBI4-uQGdDEP0koJPqQ9v2-wIRJvVaj7RuJmH5u5Sl4vMRF8aEts8gGJ1u99JStyHKkANvJoNtR331DYBueoNwmxa05GTXuZICsXkdeH87sIn9nNWBVwU-T1IMSGThNsr23DlYkEzuNYfUu7blJKb9XtclDi1v64tRdWmu7YrqfqMIUCtdZCoNVB6gUXnHCw7j4UiY54gFun3JJPPfWVu9NHo7BHYMrKGfKZoB0fB64cTmyZEvzK87HZFjvEe3YolKLW5pnpSZqTziGjQtemz4jBKFfA_vOSWfwrErZAV58Em1Z1WHxr0ap_xIieugkkW5h1VbDtRScsvP7RUESmCh9FRn8aUUBVyl3oUW1_0nlrC7TcJE2RLvH2imQOx853E-cCquMeppbSDIEmxYIwfE8_eD7WM7QPTWZGDbiDlPUvOUeE3kHoRi7wrR3MCgsyKC4OI26znK8dAKFEjseo28dP0q",
            "facilitated_booking_available": true,
            "pnr_count": 2,
            "has_airport_change": false,
            "technical_stops": 0,
            "throw_away_ticketing": false,
            "hidden_city_ticketing": false,
            "virtual_interlining": false
        },
        {
            "id": "0b7717884e110000e0a905c8_0|17880b774e1700002622683f_0",
            "flyFrom": "BUD",
            "flyTo": "HAM",
            "cityFrom": "Budapest",
            "cityCodeFrom": "BUD",
            "cityTo": "Hamburg",
            "cityCodeTo": "HAM",
            "countryFrom": {
                "code": "HU",
                "name": "Hungary"
            },
            "countryTo": {
                "code": "DE",
                "name": "Germany"
            },
            "local_departure": "2024-09-19T20:45:00.000Z",
            "utc_departure": "2024-09-19T18:45:00.000Z",
            "local_arrival": "2024-09-19T22:30:00.000Z",
            "utc_arrival": "2024-09-19T20:30:00.000Z",
            "nightsInDest": 6,
            "quality": 240.333205,
            "distance": 949.98,
            "duration": {
                "departure": 6300,
                "return": 6000,
                "total": 12300
            },
            "price": 189,
            "conversion": {
                "EUR": 189
            },
            "fare": {
                "adults": 189,
                "children": 189,
                "infants": 189
            },
            "fare_locks": {
                "EUR": [
                    {
                        "default": false,
                        "duration": "P1D",
                        "itinerary_price_limit": 389,
                        "itinerary_price_remaining": 189,
                        "fare_lock_kind": "fee",
                        "price": 9.45,
                        "rule_instance_id": 26749,
                        "version": "v1"
                    },
                    {
                        "default": true,
                        "duration": "P3D",
                        "itinerary_price_limit": 389,
                        "itinerary_price_remaining": 189,
                        "fare_lock_kind": "fee",
                        "price": 18.9,
                        "rule_instance_id": 26748,
                        "version": "v1"
                    },
                    {
                        "default": false,
                        "duration": "P7D",
                        "itinerary_price_limit": 389,
                        "itinerary_price_remaining": 189,
                        "fare_lock_kind": "fee",
                        "price": 47.25,
                        "rule_instance_id": 26750,
                        "version": "v1"
                    }
                ]
            },
            "bags_price": {
                "1": 72.8,
                "2": 282.8
            },
            "baglimit": {
                "hand_dimensions_sum": 118,
                "hand_height": 40,
                "hand_length": 55,
                "hand_weight": 8,
                "hand_width": 23,
                "hold_dimensions_sum": 158,
                "hold_height": 52,
                "hold_length": 78,
                "hold_weight": 23,
                "hold_width": 28,
                "personal_item_dimension_sum": 95,
                "personal_item_height": 30,
                "personal_item_length": 40,
                "personal_item_weight": 8,
                "personal_item_width": 25
            },
            "availability": {
                "seats": 9
            },
            "airlines": [
                "EW"
            ],
            "route": [
                {
                    "id": "0b7717884e110000e0a905c8_0",
                    "combination_id": "0b7717884e110000e0a905c8",
                    "flyFrom": "BUD",
                    "flyTo": "HAM",
                    "cityFrom": "Budapest",
                    "cityCodeFrom": "BUD",
                    "cityTo": "Hamburg",
                    "cityCodeTo": "HAM",
                    "local_departure": "2024-09-19T20:45:00.000Z",
                    "utc_departure": "2024-09-19T18:45:00.000Z",
                    "local_arrival": "2024-09-19T22:30:00.000Z",
                    "utc_arrival": "2024-09-19T20:30:00.000Z",
                    "airline": "EW",
                    "flight_no": 7783,
                    "operating_carrier": "EW",
                    "operating_flight_no": "7783",
                    "fare_basis": "",
                    "fare_category": "M",
                    "fare_classes": "",
                    "return": 0,
                    "bags_recheck_required": false,
                    "vi_connection": false,
                    "guarantee": false,
                    "equipment": null,
                    "vehicle_type": "aircraft"
                },
                {
                    "id": "17880b774e1700002622683f_0",
                    "combination_id": "17880b774e1700002622683f",
                    "flyFrom": "HAM",
                    "flyTo": "BUD",
                    "cityFrom": "Hamburg",
                    "cityCodeFrom": "HAM",
                    "cityTo": "Budapest",
                    "cityCodeTo": "BUD",
                    "local_departure": "2024-09-25T18:25:00.000Z",
                    "utc_departure": "2024-09-25T16:25:00.000Z",
                    "local_arrival": "2024-09-25T20:05:00.000Z",
                    "utc_arrival": "2024-09-25T18:05:00.000Z",
                    "airline": "EW",
                    "flight_no": 7782,
                    "operating_carrier": "EW",
                    "operating_flight_no": "7782",
                    "fare_basis": "",
                    "fare_category": "M",
                    "fare_classes": "L",
                    "return": 1,
                    "bags_recheck_required": false,
                    "vi_connection": false,
                    "guarantee": false,
                    "equipment": null,
                    "vehicle_type": "aircraft"
                }
            ],
            "booking_token": "HxWb71bYq23gjm90xT414TrmyaaFTBo8FhBoaq9L7-xbiKbGXpVyL9lri7oagCdnRpeTtpLt00T-78E0hyfJn6HPY23MJ5iwoHbEeT8exUpimKl1aez3gD5dB_7M1Cm5O7jOE1fWone5WIQrTTUCM_Ef429z3cOmuSBlGwBQVif5LSifOmxLm1Qncd7-IaIexdNIC-Ghd8CUtyMVz8pJ14_CDwOq1bZ_fwBSet936tGJY8_iXi26K45v2Ht9jTa-aXVlLP-cpW3zguaGeyCJ9STC-YeyOc3DTFXwuEx_4NCtrGPkwx-h_hy-9Y1Zw7m8i3XNcX5O-xUmXW_KxQRAEvYAI8gbGd0UFvWtXRgNYUYGzp5unUe39iROJ8sYkNYd5JTmeZfxggYnQkbGmVzkuPWtjP_uvqX9X_ApiPSk6Ut1rhWplvJmEfKYpkvk9LdA75VgB4UnFt4VW84noTbM85rVCSr-vtZkqpeb-PlW5UP2L9XpU94uWZ2sjEMLpIaQ_tQrgsTkARgDHWj6fOTe8NyUUhPPwXDA5TDh1JfBREDwh1mbleAwMTc50taF3SkoBh45TYLxNztSJZsThWxVeAf6kLJIuZdPmahbwC5w5FqGPYGeyQ33ZempArPRR0P66PQqZZ6n1kdlAGTk7d2GFaIq3loHYkiXbXRk7hgHL9k4G-4Qv5QwobOV0eA1dOosfOqpSIg7uBSoadpYEdH-TfIN2UNxJhYNYD6cVq0sTGBg=",
            "deep_link": "https://www.kiwi.com/deep?affilid=mihalytest&currency=EUR&flightsId=0b7717884e110000e0a905c8_0%7C17880b774e1700002622683f_0&from=BUD&lang=en&passengers=1&to=HAM&booking_token=HxWb71bYq23gjm90xT414TrmyaaFTBo8FhBoaq9L7-xbiKbGXpVyL9lri7oagCdnRpeTtpLt00T-78E0hyfJn6HPY23MJ5iwoHbEeT8exUpimKl1aez3gD5dB_7M1Cm5O7jOE1fWone5WIQrTTUCM_Ef429z3cOmuSBlGwBQVif5LSifOmxLm1Qncd7-IaIexdNIC-Ghd8CUtyMVz8pJ14_CDwOq1bZ_fwBSet936tGJY8_iXi26K45v2Ht9jTa-aXVlLP-cpW3zguaGeyCJ9STC-YeyOc3DTFXwuEx_4NCtrGPkwx-h_hy-9Y1Zw7m8i3XNcX5O-xUmXW_KxQRAEvYAI8gbGd0UFvWtXRgNYUYGzp5unUe39iROJ8sYkNYd5JTmeZfxggYnQkbGmVzkuPWtjP_uvqX9X_ApiPSk6Ut1rhWplvJmEfKYpkvk9LdA75VgB4UnFt4VW84noTbM85rVCSr-vtZkqpeb-PlW5UP2L9XpU94uWZ2sjEMLpIaQ_tQrgsTkARgDHWj6fOTe8NyUUhPPwXDA5TDh1JfBREDwh1mbleAwMTc50taF3SkoBh45TYLxNztSJZsThWxVeAf6kLJIuZdPmahbwC5w5FqGPYGeyQ33ZempArPRR0P66PQqZZ6n1kdlAGTk7d2GFaIq3loHYkiXbXRk7hgHL9k4G-4Qv5QwobOV0eA1dOosfOqpSIg7uBSoadpYEdH-TfIN2UNxJhYNYD6cVq0sTGBg=",
            "facilitated_booking_available": true,
            "pnr_count": 2,
            "has_airport_change": false,
            "technical_stops": 0,
            "throw_away_ticketing": false,
            "hidden_city_ticketing": false,
            "virtual_interlining": false
        },
        {
            "id": "0b7717884e120000c51a71f4_0|17880b774e18000021d8f813_0",
            "flyFrom": "BUD",
            "flyTo": "HAM",
            "cityFrom": "Budapest",
            "cityCodeFrom": "BUD",
            "cityTo": "Hamburg",
            "cityCodeTo": "HAM",
            "countryFrom": {
                "code": "HU",
                "name": "Hungary"
            },
            "countryTo": {
                "code": "DE",
                "name": "Germany"
            },
            "local_departure": "2024-09-20T20:45:00.000Z",
            "utc_departure": "2024-09-20T18:45:00.000Z",
            "local_arrival": "2024-09-20T22:30:00.000Z",
            "utc_arrival": "2024-09-20T20:30:00.000Z",
            "nightsInDest": 6,
            "quality": 240.333205,
            "distance": 949.98,
            "duration": {
                "departure": 6300,
                "return": 6000,
                "total": 12300
            },
            "price": 189,
            "conversion": {
                "EUR": 189
            },
            "fare": {
                "adults": 189,
                "children": 189,
                "infants": 189
            },
            "fare_locks": {
                "EUR": [
                    {
                        "default": false,
                        "duration": "P1D",
                        "itinerary_price_limit": 389,
                        "itinerary_price_remaining": 189,
                        "fare_lock_kind": "fee",
                        "price": 9.45,
                        "rule_instance_id": 26749,
                        "version": "v1"
                    },
                    {
                        "default": true,
                        "duration": "P3D",
                        "itinerary_price_limit": 389,
                        "itinerary_price_remaining": 189,
                        "fare_lock_kind": "fee",
                        "price": 18.9,
                        "rule_instance_id": 26748,
                        "version": "v1"
                    },
                    {
                        "default": false,
                        "duration": "P7D",
                        "itinerary_price_limit": 389,
                        "itinerary_price_remaining": 189,
                        "fare_lock_kind": "fee",
                        "price": 47.25,
                        "rule_instance_id": 26750,
                        "version": "v1"
                    }
                ]
            },
            "bags_price": {
                "1": 72.8,
                "2": 282.8
            },
            "baglimit": {
                "hand_dimensions_sum": 118,
                "hand_height": 40,
                "hand_length": 55,
                "hand_weight": 8,
                "hand_width": 23,
                "hold_dimensions_sum": 158,
                "hold_height": 52,
                "hold_length": 78,
                "hold_weight": 23,
                "hold_width": 28,
                "personal_item_dimension_sum": 95,
                "personal_item_height": 30,
                "personal_item_length": 40,
                "personal_item_weight": 8,
                "personal_item_width": 25
            },
            "availability": {
                "seats": 4
            },
            "airlines": [
                "EW"
            ],
            "route": [
                {
                    "id": "0b7717884e120000c51a71f4_0",
                    "combination_id": "0b7717884e120000c51a71f4",
                    "flyFrom": "BUD",
                    "flyTo": "HAM",
                    "cityFrom": "Budapest",
                    "cityCodeFrom": "BUD",
                    "cityTo": "Hamburg",
                    "cityCodeTo": "HAM",
                    "local_departure": "2024-09-20T20:45:00.000Z",
                    "utc_departure": "2024-09-20T18:45:00.000Z",
                    "local_arrival": "2024-09-20T22:30:00.000Z",
                    "utc_arrival": "2024-09-20T20:30:00.000Z",
                    "airline": "EW",
                    "flight_no": 7783,
                    "operating_carrier": "EW",
                    "operating_flight_no": "7783",
                    "fare_basis": "",
                    "fare_category": "M",
                    "fare_classes": "",
                    "return": 0,
                    "bags_recheck_required": false,
                    "vi_connection": false,
                    "guarantee": false,
                    "equipment": null,
                    "vehicle_type": "aircraft"
                },
                {
                    "id": "17880b774e18000021d8f813_0",
                    "combination_id": "17880b774e18000021d8f813",
                    "flyFrom": "HAM",
                    "flyTo": "BUD",
                    "cityFrom": "Hamburg",
                    "cityCodeFrom": "HAM",
                    "cityTo": "Budapest",
                    "cityCodeTo": "BUD",
                    "local_departure": "2024-09-26T18:25:00.000Z",
                    "utc_departure": "2024-09-26T16:25:00.000Z",
                    "local_arrival": "2024-09-26T20:05:00.000Z",
                    "utc_arrival": "2024-09-26T18:05:00.000Z",
                    "airline": "EW",
                    "flight_no": 7782,
                    "operating_carrier": "EW",
                    "operating_flight_no": "7782",
                    "fare_basis": "",
                    "fare_category": "M",
                    "fare_classes": "K",
                    "return": 1,
                    "bags_recheck_required": false,
                    "vi_connection": false,
                    "guarantee": false,
                    "equipment": null,
                    "vehicle_type": "aircraft"
                }
            ],
            "booking_token": "Hd8fOJ7zgalgAsiOg6kq6uk6V192I6BT3oM8xY_wf-RjZYggPEHEEgiN6DEM13c9u6mU_Cq6BLdimWZd4pncvByZNC0qy8ItNXKHNkeTwYj74tPbDKo5h2fHE7Bxi0SZyC55boZ2AIIo1e3FKLD-weVES0pPJ0M8nBZ-HBTZWINudmIsV4RS3diFRcckD1L1LFBSzKYodQEtmY59vlUy_Se7y9EJpmGQoBG9RkoRZF_KEziexSV4ji9lgDEPyp4ZbcWhL57l-PyhoyCOCYhMtqnT9j-DIPbpqrE5-xWB0EGcD3rzq4Gc6CgfNjy3OdFc2zp99fOMzjJNHRveG1ly8e0scefILCB1Ms78J9VfTALa0MqiBZMJFiodRhGVAd2a5S_Hq_6ubBJLufydCg9f9vEriVhZxHh1OLf82v2xfVr3_602QY58Ohv6HlXj6O-_AR9awY4K5jPU7h-aRdblEBZIypfDqdM2X-LfwWDEKFVuAy_LIkAvL3YXf93Hb7QAjbNjWD4DFSkoeo4hijpbqcoax3IIKqn6_jycBmOMaZyoe1zfywx4vmIKq2dtPG1ijorLi7VejmPte2U2yYEDMfAm84vlvbrZ3wxiHgYfUEyJn8PXnmaFYe8qglBOxH8-FPFoOpcwL9mDKzBoMdZRC95_XjkfGsEZgeAuGpx0lR-DRn0ha-TiI9ynWJ71nKBQK",
            "deep_link": "https://www.kiwi.com/deep?affilid=mihalytest&currency=EUR&flightsId=0b7717884e120000c51a71f4_0%7C17880b774e18000021d8f813_0&from=BUD&lang=en&passengers=1&to=HAM&booking_token=Hd8fOJ7zgalgAsiOg6kq6uk6V192I6BT3oM8xY_wf-RjZYggPEHEEgiN6DEM13c9u6mU_Cq6BLdimWZd4pncvByZNC0qy8ItNXKHNkeTwYj74tPbDKo5h2fHE7Bxi0SZyC55boZ2AIIo1e3FKLD-weVES0pPJ0M8nBZ-HBTZWINudmIsV4RS3diFRcckD1L1LFBSzKYodQEtmY59vlUy_Se7y9EJpmGQoBG9RkoRZF_KEziexSV4ji9lgDEPyp4ZbcWhL57l-PyhoyCOCYhMtqnT9j-DIPbpqrE5-xWB0EGcD3rzq4Gc6CgfNjy3OdFc2zp99fOMzjJNHRveG1ly8e0scefILCB1Ms78J9VfTALa0MqiBZMJFiodRhGVAd2a5S_Hq_6ubBJLufydCg9f9vEriVhZxHh1OLf82v2xfVr3_602QY58Ohv6HlXj6O-_AR9awY4K5jPU7h-aRdblEBZIypfDqdM2X-LfwWDEKFVuAy_LIkAvL3YXf93Hb7QAjbNjWD4DFSkoeo4hijpbqcoax3IIKqn6_jycBmOMaZyoe1zfywx4vmIKq2dtPG1ijorLi7VejmPte2U2yYEDMfAm84vlvbrZ3wxiHgYfUEyJn8PXnmaFYe8qglBOxH8-FPFoOpcwL9mDKzBoMdZRC95_XjkfGsEZgeAuGpx0lR-DRn0ha-TiI9ynWJ71nKBQK",
            "facilitated_booking_available": true,
            "pnr_count": 2,
            "has_airport_change": false,
            "technical_stops": 0,
            "throw_away_ticketing": false,
            "hidden_city_ticketing": false,
            "virtual_interlining": false
        },
        {
            "id": "0b7717884e120000c51a71f4_0|17880b774e1500005a439d2c_0",
            "flyFrom": "BUD",
            "flyTo": "HAM",
            "cityFrom": "Budapest",
            "cityCodeFrom": "BUD",
            "cityTo": "Hamburg",
            "cityCodeTo": "HAM",
            "countryFrom": {
                "code": "HU",
                "name": "Hungary"
            },
            "countryTo": {
                "code": "DE",
                "name": "Germany"
            },
            "local_departure": "2024-09-20T20:45:00.000Z",
            "utc_departure": "2024-09-20T18:45:00.000Z",
            "local_arrival": "2024-09-20T22:30:00.000Z",
            "utc_arrival": "2024-09-20T20:30:00.000Z",
            "nightsInDest": 3,
            "quality": 240.333205,
            "distance": 949.98,
            "duration": {
                "departure": 6300,
                "return": 6000,
                "total": 12300
            },
            "price": 189,
            "conversion": {
                "EUR": 189
            },
            "fare": {
                "adults": 189,
                "children": 189,
                "infants": 189
            },
            "fare_locks": {
                "EUR": [
                    {
                        "default": false,
                        "duration": "P1D",
                        "itinerary_price_limit": 389,
                        "itinerary_price_remaining": 189,
                        "fare_lock_kind": "fee",
                        "price": 9.45,
                        "rule_instance_id": 26749,
                        "version": "v1"
                    },
                    {
                        "default": true,
                        "duration": "P3D",
                        "itinerary_price_limit": 389,
                        "itinerary_price_remaining": 189,
                        "fare_lock_kind": "fee",
                        "price": 18.9,
                        "rule_instance_id": 26748,
                        "version": "v1"
                    },
                    {
                        "default": false,
                        "duration": "P7D",
                        "itinerary_price_limit": 389,
                        "itinerary_price_remaining": 189,
                        "fare_lock_kind": "fee",
                        "price": 47.25,
                        "rule_instance_id": 26750,
                        "version": "v1"
                    }
                ]
            },
            "bags_price": {
                "1": 72.8,
                "2": 282.8
            },
            "baglimit": {
                "hand_dimensions_sum": 118,
                "hand_height": 40,
                "hand_length": 55,
                "hand_weight": 8,
                "hand_width": 23,
                "hold_dimensions_sum": 158,
                "hold_height": 52,
                "hold_length": 78,
                "hold_weight": 23,
                "hold_width": 28,
                "personal_item_dimension_sum": 95,
                "personal_item_height": 30,
                "personal_item_length": 40,
                "personal_item_weight": 8,
                "personal_item_width": 25
            },
            "availability": {
                "seats": 4
            },
            "airlines": [
                "EW"
            ],
            "route": [
                {
                    "id": "0b7717884e120000c51a71f4_0",
                    "combination_id": "0b7717884e120000c51a71f4",
                    "flyFrom": "BUD",
                    "flyTo": "HAM",
                    "cityFrom": "Budapest",
                    "cityCodeFrom": "BUD",
                    "cityTo": "Hamburg",
                    "cityCodeTo": "HAM",
                    "local_departure": "2024-09-20T20:45:00.000Z",
                    "utc_departure": "2024-09-20T18:45:00.000Z",
                    "local_arrival": "2024-09-20T22:30:00.000Z",
                    "utc_arrival": "2024-09-20T20:30:00.000Z",
                    "airline": "EW",
                    "flight_no": 7783,
                    "operating_carrier": "EW",
                    "operating_flight_no": "7783",
                    "fare_basis": "",
                    "fare_category": "M",
                    "fare_classes": "",
                    "return": 0,
                    "bags_recheck_required": false,
                    "vi_connection": false,
                    "guarantee": false,
                    "equipment": null,
                    "vehicle_type": "aircraft"
                },
                {
                    "id": "17880b774e1500005a439d2c_0",
                    "combination_id": "17880b774e1500005a439d2c",
                    "flyFrom": "HAM",
                    "flyTo": "BUD",
                    "cityFrom": "Hamburg",
                    "cityCodeFrom": "HAM",
                    "cityTo": "Budapest",
                    "cityCodeTo": "BUD",
                    "local_departure": "2024-09-23T11:30:00.000Z",
                    "utc_departure": "2024-09-23T09:30:00.000Z",
                    "local_arrival": "2024-09-23T13:10:00.000Z",
                    "utc_arrival": "2024-09-23T11:10:00.000Z",
                    "airline": "EW",
                    "flight_no": 7784,
                    "operating_carrier": "EW",
                    "operating_flight_no": "7784",
                    "fare_basis": "",
                    "fare_category": "M",
                    "fare_classes": "K",
                    "return": 1,
                    "bags_recheck_required": false,
                    "vi_connection": false,
                    "guarantee": false,
                    "equipment": null,
                    "vehicle_type": "aircraft"
                }
            ],
            "booking_token": "HQeW8aZOODRDdy5CewEy0oKN0Oqsce5uN2E4Ud-NPHIeWpxkS6PD-Bajumm-r0y7-am7C0XSd7WSgL5BueBAh1k0TOOvzonUKUEs_Lo0B8Ue4jdvxUmXfb1apYlzFMuyQWtsqsFGGVmzrNfVZ0JzfM82NN3fymM2luAvl-PfUCGQrt0P5sQYxu2dZ2ZfkftV54S1rIR6r0ltD2lUz8Bp3IWOgx_EYLzgPtiTWrO2WFSHwyP8AGtNhphG4r8CXCg3bN5cqLJXxuVt85W8iUhmv2ygbksby3yhglEh3fsXgjo6LsmgIIE1NInxoS0WwJ8zgA99PdkFm2v83azsEmuhQC7ONtjB3snByEAGaa6Y7vLo9RjEU1QjwRqe0ZpmPOxYl0RGWXkBhK3F6iyPNftae1TWekBPU4nm2U8M0VgmuMS55-LU3TAm0FsOiBoEIpKGM8WYgcseEZeBCbGQpzeO_7B6d-ri05ZZnsbuDBOxUs4KEDyxwCyh0AvCxKzx-s9NfCGGOIpeODk34eEXqq1Wf_J6DFXOGyvJiCaUZFaiWY2TTPiDBGOtkBbj6UK_kkWNl4UsZtoWTjxNbWvwRSan1d9K8lqDgySfKWT80R4k8NRg10jIcqRByloqThfS-pCvm4BIQrDO0WTXjylMvbZHh2jGk65DsNRVU5mgJIoJsEVtZ9HZGAQNaZBrlK0N4nfDE",
            "deep_link": "https://www.kiwi.com/deep?affilid=mihalytest&currency=EUR&flightsId=0b7717884e120000c51a71f4_0%7C17880b774e1500005a439d2c_0&from=BUD&lang=en&passengers=1&to=HAM&booking_token=HQeW8aZOODRDdy5CewEy0oKN0Oqsce5uN2E4Ud-NPHIeWpxkS6PD-Bajumm-r0y7-am7C0XSd7WSgL5BueBAh1k0TOOvzonUKUEs_Lo0B8Ue4jdvxUmXfb1apYlzFMuyQWtsqsFGGVmzrNfVZ0JzfM82NN3fymM2luAvl-PfUCGQrt0P5sQYxu2dZ2ZfkftV54S1rIR6r0ltD2lUz8Bp3IWOgx_EYLzgPtiTWrO2WFSHwyP8AGtNhphG4r8CXCg3bN5cqLJXxuVt85W8iUhmv2ygbksby3yhglEh3fsXgjo6LsmgIIE1NInxoS0WwJ8zgA99PdkFm2v83azsEmuhQC7ONtjB3snByEAGaa6Y7vLo9RjEU1QjwRqe0ZpmPOxYl0RGWXkBhK3F6iyPNftae1TWekBPU4nm2U8M0VgmuMS55-LU3TAm0FsOiBoEIpKGM8WYgcseEZeBCbGQpzeO_7B6d-ri05ZZnsbuDBOxUs4KEDyxwCyh0AvCxKzx-s9NfCGGOIpeODk34eEXqq1Wf_J6DFXOGyvJiCaUZFaiWY2TTPiDBGOtkBbj6UK_kkWNl4UsZtoWTjxNbWvwRSan1d9K8lqDgySfKWT80R4k8NRg10jIcqRByloqThfS-pCvm4BIQrDO0WTXjylMvbZHh2jGk65DsNRVU5mgJIoJsEVtZ9HZGAQNaZBrlK0N4nfDE",
            "facilitated_booking_available": true,
            "pnr_count": 2,
            "has_airport_change": false,
            "technical_stops": 0,
            "throw_away_ticketing": false,
            "hidden_city_ticketing": false,
            "virtual_interlining": false
        },
        {
            "id": "0b7717884e310000da73c16b_0|17880b774e330000097c835c_0",
            "flyFrom": "BUD",
            "flyTo": "HAM",
            "cityFrom": "Budapest",
            "cityCodeFrom": "BUD",
            "cityTo": "Hamburg",
            "cityCodeTo": "HAM",
            "countryFrom": {
                "code": "HU",
                "name": "Hungary"
            },
            "countryTo": {
                "code": "DE",
                "name": "Germany"
            },
            "local_departure": "2024-10-21T13:40:00.000Z",
            "utc_departure": "2024-10-21T11:40:00.000Z",
            "local_arrival": "2024-10-21T15:25:00.000Z",
            "utc_arrival": "2024-10-21T13:25:00.000Z",
            "nightsInDest": 2,
            "quality": 240.333205,
            "distance": 949.98,
            "duration": {
                "departure": 6300,
                "return": 6000,
                "total": 12300
            },
            "price": 189,
            "conversion": {
                "EUR": 189
            },
            "fare": {
                "adults": 189,
                "children": 189,
                "infants": 189
            },
            "fare_locks": {
                "EUR": [
                    {
                        "default": false,
                        "duration": "P1D",
                        "itinerary_price_limit": 389,
                        "itinerary_price_remaining": 189,
                        "fare_lock_kind": "fee",
                        "price": 9.45,
                        "rule_instance_id": 26749,
                        "version": "v1"
                    },
                    {
                        "default": true,
                        "duration": "P3D",
                        "itinerary_price_limit": 389,
                        "itinerary_price_remaining": 189,
                        "fare_lock_kind": "fee",
                        "price": 18.9,
                        "rule_instance_id": 26748,
                        "version": "v1"
                    },
                    {
                        "default": false,
                        "duration": "P7D",
                        "itinerary_price_limit": 389,
                        "itinerary_price_remaining": 189,
                        "fare_lock_kind": "fee",
                        "price": 47.25,
                        "rule_instance_id": 26750,
                        "version": "v1"
                    }
                ]
            },
            "bags_price": {
                "1": 72.8,
                "2": 282.8
            },
            "baglimit": {
                "hand_dimensions_sum": 118,
                "hand_height": 40,
                "hand_length": 55,
                "hand_weight": 8,
                "hand_width": 23,
                "hold_dimensions_sum": 158,
                "hold_height": 52,
                "hold_length": 78,
                "hold_weight": 23,
                "hold_width": 28,
                "personal_item_dimension_sum": 95,
                "personal_item_height": 30,
                "personal_item_length": 40,
                "personal_item_weight": 8,
                "personal_item_width": 25
            },
            "availability": {
                "seats": 6
            },
            "airlines": [
                "EW"
            ],
            "route": [
                {
                    "id": "0b7717884e310000da73c16b_0",
                    "combination_id": "0b7717884e310000da73c16b",
                    "flyFrom": "BUD",
                    "flyTo": "HAM",
                    "cityFrom": "Budapest",
                    "cityCodeFrom": "BUD",
                    "cityTo": "Hamburg",
                    "cityCodeTo": "HAM",
                    "local_departure": "2024-10-21T13:40:00.000Z",
                    "utc_departure": "2024-10-21T11:40:00.000Z",
                    "local_arrival": "2024-10-21T15:25:00.000Z",
                    "utc_arrival": "2024-10-21T13:25:00.000Z",
                    "airline": "EW",
                    "flight_no": 7785,
                    "operating_carrier": "EW",
                    "operating_flight_no": "7785",
                    "fare_basis": "",
                    "fare_category": "M",
                    "fare_classes": "",
                    "return": 0,
                    "bags_recheck_required": false,
                    "vi_connection": false,
                    "guarantee": false,
                    "equipment": null,
                    "vehicle_type": "aircraft"
                },
                {
                    "id": "17880b774e330000097c835c_0",
                    "combination_id": "17880b774e330000097c835c",
                    "flyFrom": "HAM",
                    "flyTo": "BUD",
                    "cityFrom": "Hamburg",
                    "cityCodeFrom": "HAM",
                    "cityTo": "Budapest",
                    "cityCodeTo": "BUD",
                    "local_departure": "2024-10-23T18:25:00.000Z",
                    "utc_departure": "2024-10-23T16:25:00.000Z",
                    "local_arrival": "2024-10-23T20:05:00.000Z",
                    "utc_arrival": "2024-10-23T18:05:00.000Z",
                    "airline": "EW",
                    "flight_no": 7782,
                    "operating_carrier": "EW",
                    "operating_flight_no": "7782",
                    "fare_basis": "",
                    "fare_category": "M",
                    "fare_classes": "T",
                    "return": 1,
                    "bags_recheck_required": false,
                    "vi_connection": false,
                    "guarantee": false,
                    "equipment": null,
                    "vehicle_type": "aircraft"
                }
            ],
            "booking_token": "Hs5KF9g9LatApuczSVZHazM8Y7X65KtrgPbQpNj-_QS6j2qXp7KLxdqvgey4bsDB7dJCfYCb9s1f2fdWJNXz8VGyocUNqm4KnhANVqsOA3h0ZKz_PHqiCA0nLOY_9WGVum3ZMnCDrqWMbqI2Qdg30IHcpKxbV4Ris1fURPm8Z1ZFxP_eOG320Eg7Xg4gGekKDz8tnLZU-iGnXUzDNnrWMRUgz3U_IIUeMdOufcMXeBBTBDhCw1TfPDV8IOCabvYe7zPn-2o1iZ0PNqoLHlLdIGypM0A_dFQiSUYWutlIhCpKpXB5eRNZsA_y6duqZ6Wo9OJK6BRI-8q-JkWF0-d2nNBu3pax8WWNu-eJF3mUygsTaOr_8MfB8teFx7_IAc86fK1sLUS1wgUo91v1DxMZe2wHVeGaeMNF4G1TVqVCH87xweFOYGdkSXUDdBMnH0hsSA1k7b-2k0Q0nHO5sE_g_HDa3k7LlxQNj-Zcfs0gfU8ygQqAcXsdwg9-mELq2B7MczH8aQ00yHTELpJBzURqRW4zOP3JP0fO-zHB1O5inpBJtaPqdlZiMatJnIjSmkbIoNxKajHva_GCooOFL2t0zRkkuBY-EuCeZ5If1NMx1uPqobJFvUX5Ww7ncF0vV7pVIwcsDN-gGBz_o9G8WcxiP9p9gTESGBwq8F8fcUrDW5l4tiHiXKXmhjLlzn_GxysrG",
            "deep_link": "https://www.kiwi.com/deep?affilid=mihalytest&currency=EUR&flightsId=0b7717884e310000da73c16b_0%7C17880b774e330000097c835c_0&from=BUD&lang=en&passengers=1&to=HAM&booking_token=Hs5KF9g9LatApuczSVZHazM8Y7X65KtrgPbQpNj-_QS6j2qXp7KLxdqvgey4bsDB7dJCfYCb9s1f2fdWJNXz8VGyocUNqm4KnhANVqsOA3h0ZKz_PHqiCA0nLOY_9WGVum3ZMnCDrqWMbqI2Qdg30IHcpKxbV4Ris1fURPm8Z1ZFxP_eOG320Eg7Xg4gGekKDz8tnLZU-iGnXUzDNnrWMRUgz3U_IIUeMdOufcMXeBBTBDhCw1TfPDV8IOCabvYe7zPn-2o1iZ0PNqoLHlLdIGypM0A_dFQiSUYWutlIhCpKpXB5eRNZsA_y6duqZ6Wo9OJK6BRI-8q-JkWF0-d2nNBu3pax8WWNu-eJF3mUygsTaOr_8MfB8teFx7_IAc86fK1sLUS1wgUo91v1DxMZe2wHVeGaeMNF4G1TVqVCH87xweFOYGdkSXUDdBMnH0hsSA1k7b-2k0Q0nHO5sE_g_HDa3k7LlxQNj-Zcfs0gfU8ygQqAcXsdwg9-mELq2B7MczH8aQ00yHTELpJBzURqRW4zOP3JP0fO-zHB1O5inpBJtaPqdlZiMatJnIjSmkbIoNxKajHva_GCooOFL2t0zRkkuBY-EuCeZ5If1NMx1uPqobJFvUX5Ww7ncF0vV7pVIwcsDN-gGBz_o9G8WcxiP9p9gTESGBwq8F8fcUrDW5l4tiHiXKXmhjLlzn_GxysrG",
            "facilitated_booking_available": true,
            "pnr_count": 2,
            "has_airport_change": false,
            "technical_stops": 0,
            "throw_away_ticketing": false,
            "hidden_city_ticketing": false,
            "virtual_interlining": false
        },
        {
            "id": "0b7717884e2000007d4f9259_0|17880b774e2200007cd24f44_0",
            "flyFrom": "BUD",
            "flyTo": "HAM",
            "cityFrom": "Budapest",
            "cityCodeFrom": "BUD",
            "cityTo": "Hamburg",
            "cityCodeTo": "HAM",
            "countryFrom": {
                "code": "HU",
                "name": "Hungary"
            },
            "countryTo": {
                "code": "DE",
                "name": "Germany"
            },
            "local_departure": "2024-10-04T20:45:00.000Z",
            "utc_departure": "2024-10-04T18:45:00.000Z",
            "local_arrival": "2024-10-04T22:30:00.000Z",
            "utc_arrival": "2024-10-04T20:30:00.000Z",
            "nightsInDest": 2,
            "quality": 240.333205,
            "distance": 949.98,
            "duration": {
                "departure": 6300,
                "return": 6000,
                "total": 12300
            },
            "price": 189,
            "conversion": {
                "EUR": 189
            },
            "fare": {
                "adults": 189,
                "children": 189,
                "infants": 189
            },
            "fare_locks": {
                "EUR": [
                    {
                        "default": false,
                        "duration": "P1D",
                        "itinerary_price_limit": 389,
                        "itinerary_price_remaining": 189,
                        "fare_lock_kind": "fee",
                        "price": 9.45,
                        "rule_instance_id": 26749,
                        "version": "v1"
                    },
                    {
                        "default": true,
                        "duration": "P3D",
                        "itinerary_price_limit": 389,
                        "itinerary_price_remaining": 189,
                        "fare_lock_kind": "fee",
                        "price": 18.9,
                        "rule_instance_id": 26748,
                        "version": "v1"
                    },
                    {
                        "default": false,
                        "duration": "P7D",
                        "itinerary_price_limit": 389,
                        "itinerary_price_remaining": 189,
                        "fare_lock_kind": "fee",
                        "price": 47.25,
                        "rule_instance_id": 26750,
                        "version": "v1"
                    }
                ]
            },
            "bags_price": {
                "1": 72.8,
                "2": 282.8
            },
            "baglimit": {
                "hand_dimensions_sum": 118,
                "hand_height": 40,
                "hand_length": 55,
                "hand_weight": 8,
                "hand_width": 23,
                "hold_dimensions_sum": 158,
                "hold_height": 52,
                "hold_length": 78,
                "hold_weight": 23,
                "hold_width": 28,
                "personal_item_dimension_sum": 95,
                "personal_item_height": 30,
                "personal_item_length": 40,
                "personal_item_weight": 8,
                "personal_item_width": 25
            },
            "availability": {
                "seats": 2
            },
            "airlines": [
                "EW"
            ],
            "route": [
                {
                    "id": "0b7717884e2000007d4f9259_0",
                    "combination_id": "0b7717884e2000007d4f9259",
                    "flyFrom": "BUD",
                    "flyTo": "HAM",
                    "cityFrom": "Budapest",
                    "cityCodeFrom": "BUD",
                    "cityTo": "Hamburg",
                    "cityCodeTo": "HAM",
                    "local_departure": "2024-10-04T20:45:00.000Z",
                    "utc_departure": "2024-10-04T18:45:00.000Z",
                    "local_arrival": "2024-10-04T22:30:00.000Z",
                    "utc_arrival": "2024-10-04T20:30:00.000Z",
                    "airline": "EW",
                    "flight_no": 7783,
                    "operating_carrier": "EW",
                    "operating_flight_no": "7783",
                    "fare_basis": "",
                    "fare_category": "M",
                    "fare_classes": "T",
                    "return": 0,
                    "bags_recheck_required": false,
                    "vi_connection": false,
                    "guarantee": false,
                    "equipment": null,
                    "vehicle_type": "aircraft"
                },
                {
                    "id": "17880b774e2200007cd24f44_0",
                    "combination_id": "17880b774e2200007cd24f44",
                    "flyFrom": "HAM",
                    "flyTo": "BUD",
                    "cityFrom": "Hamburg",
                    "cityCodeFrom": "HAM",
                    "cityTo": "Budapest",
                    "cityCodeTo": "BUD",
                    "local_departure": "2024-10-06T18:25:00.000Z",
                    "utc_departure": "2024-10-06T16:25:00.000Z",
                    "local_arrival": "2024-10-06T20:05:00.000Z",
                    "utc_arrival": "2024-10-06T18:05:00.000Z",
                    "airline": "EW",
                    "flight_no": 7782,
                    "operating_carrier": "EW",
                    "operating_flight_no": "7782",
                    "fare_basis": "",
                    "fare_category": "M",
                    "fare_classes": "K",
                    "return": 1,
                    "bags_recheck_required": false,
                    "vi_connection": false,
                    "guarantee": false,
                    "equipment": null,
                    "vehicle_type": "aircraft"
                }
            ],
            "booking_token": "HCu60W9FsELmngIjI6q5HmYYyUuCKDpn9xuL1HiM7mc_bwZqQL4Yl8u4RParq62T9fw-G-xgwy3YQ6pRc0YI1XZ4gRmDFo52IiOPwwm0zF2QltLVq029NOOSbCldb4DnvdsmqYYqdaAGvsypXCYooOsg6HAogQTfQVO8LljbvHGTq17wYSGSeOvSSp5xYBL561QBe6TmonF_ysitYiES-YF-vCJVsHYT_dhb4QMWTSrvcUT_vzKQFZCbWoOBLmb7eiAH6bhLMdvg1gwp5jiUj_M5HUW-0CDjSTShat0CrdlVFMi2nXgGp6R9bUcQmQMDUYEfma2gPaHdo9HMTgbIepu6DHMWuR3I6EIqGaJu9MRrg4PFqfu_fEfBZbWQz8gMeL9VgZ8mXBmPFNo8-E2oEkwIwvPGsFkTxad5pJsJBcEUHnIVyVHNeo_E8Qajm8o7UFfEJ_EqvnOqySFHsbtF72TOCFtLE-cqbejuTASTNrpJm7YM2pBG-3kNKJZ1Ls-yEAvKL9Cd3SVDw_-W5PaJsadKMF-ohxn-P1TclvMVgnfydPN-_QNfqR_-1-3pkcvikvx0upY3z4bjHbo59pW7VBItQj7-P80dkNw9lqM4qRTdesKy7WYtAi7TtxghQWdAcrZymcr-DVQUFndcVFchh_oynXO3uZ420QDkAlr44fMHzH6vDvVOQbCpcvWkgrSHHmUDylzWKPGK_Fvt5Pu94jA==",
            "deep_link": "https://www.kiwi.com/deep?affilid=mihalytest&currency=EUR&flightsId=0b7717884e2000007d4f9259_0%7C17880b774e2200007cd24f44_0&from=BUD&lang=en&passengers=1&to=HAM&booking_token=HCu60W9FsELmngIjI6q5HmYYyUuCKDpn9xuL1HiM7mc_bwZqQL4Yl8u4RParq62T9fw-G-xgwy3YQ6pRc0YI1XZ4gRmDFo52IiOPwwm0zF2QltLVq029NOOSbCldb4DnvdsmqYYqdaAGvsypXCYooOsg6HAogQTfQVO8LljbvHGTq17wYSGSeOvSSp5xYBL561QBe6TmonF_ysitYiES-YF-vCJVsHYT_dhb4QMWTSrvcUT_vzKQFZCbWoOBLmb7eiAH6bhLMdvg1gwp5jiUj_M5HUW-0CDjSTShat0CrdlVFMi2nXgGp6R9bUcQmQMDUYEfma2gPaHdo9HMTgbIepu6DHMWuR3I6EIqGaJu9MRrg4PFqfu_fEfBZbWQz8gMeL9VgZ8mXBmPFNo8-E2oEkwIwvPGsFkTxad5pJsJBcEUHnIVyVHNeo_E8Qajm8o7UFfEJ_EqvnOqySFHsbtF72TOCFtLE-cqbejuTASTNrpJm7YM2pBG-3kNKJZ1Ls-yEAvKL9Cd3SVDw_-W5PaJsadKMF-ohxn-P1TclvMVgnfydPN-_QNfqR_-1-3pkcvikvx0upY3z4bjHbo59pW7VBItQj7-P80dkNw9lqM4qRTdesKy7WYtAi7TtxghQWdAcrZymcr-DVQUFndcVFchh_oynXO3uZ420QDkAlr44fMHzH6vDvVOQbCpcvWkgrSHHmUDylzWKPGK_Fvt5Pu94jA==",
            "facilitated_booking_available": true,
            "pnr_count": 2,
            "has_airport_change": false,
            "technical_stops": 0,
            "throw_away_ticketing": false,
            "hidden_city_ticketing": false,
            "virtual_interlining": false
        },
        {
            "id": "0b7717884e1c00003182f6ec_0|17880b774e200000a293b8ce_0",
            "flyFrom": "BUD",
            "flyTo": "HAM",
            "cityFrom": "Budapest",
            "cityCodeFrom": "BUD",
            "cityTo": "Hamburg",
            "cityCodeTo": "HAM",
            "countryFrom": {
                "code": "HU",
                "name": "Hungary"
            },
            "countryTo": {
                "code": "DE",
                "name": "Germany"
            },
            "local_departure": "2024-09-30T13:55:00.000Z",
            "utc_departure": "2024-09-30T11:55:00.000Z",
            "local_arrival": "2024-09-30T15:40:00.000Z",
            "utc_arrival": "2024-09-30T13:40:00.000Z",
            "nightsInDest": 4,
            "quality": 240.333205,
            "distance": 949.98,
            "duration": {
                "departure": 6300,
                "return": 6000,
                "total": 12300
            },
            "price": 189,
            "conversion": {
                "EUR": 189
            },
            "fare": {
                "adults": 189,
                "children": 189,
                "infants": 189
            },
            "fare_locks": {
                "EUR": [
                    {
                        "default": false,
                        "duration": "P1D",
                        "itinerary_price_limit": 389,
                        "itinerary_price_remaining": 189,
                        "fare_lock_kind": "fee",
                        "price": 9.45,
                        "rule_instance_id": 26749,
                        "version": "v1"
                    },
                    {
                        "default": true,
                        "duration": "P3D",
                        "itinerary_price_limit": 389,
                        "itinerary_price_remaining": 189,
                        "fare_lock_kind": "fee",
                        "price": 18.9,
                        "rule_instance_id": 26748,
                        "version": "v1"
                    },
                    {
                        "default": false,
                        "duration": "P7D",
                        "itinerary_price_limit": 389,
                        "itinerary_price_remaining": 189,
                        "fare_lock_kind": "fee",
                        "price": 47.25,
                        "rule_instance_id": 26750,
                        "version": "v1"
                    }
                ]
            },
            "bags_price": {
                "1": 72.8,
                "2": 282.8
            },
            "baglimit": {
                "hand_dimensions_sum": 118,
                "hand_height": 40,
                "hand_length": 55,
                "hand_weight": 8,
                "hand_width": 23,
                "hold_dimensions_sum": 158,
                "hold_height": 52,
                "hold_length": 78,
                "hold_weight": 23,
                "hold_width": 28,
                "personal_item_dimension_sum": 95,
                "personal_item_height": 30,
                "personal_item_length": 40,
                "personal_item_weight": 8,
                "personal_item_width": 25
            },
            "availability": {
                "seats": 1
            },
            "airlines": [
                "EW"
            ],
            "route": [
                {
                    "id": "0b7717884e1c00003182f6ec_0",
                    "combination_id": "0b7717884e1c00003182f6ec",
                    "flyFrom": "BUD",
                    "flyTo": "HAM",
                    "cityFrom": "Budapest",
                    "cityCodeFrom": "BUD",
                    "cityTo": "Hamburg",
                    "cityCodeTo": "HAM",
                    "local_departure": "2024-09-30T13:55:00.000Z",
                    "utc_departure": "2024-09-30T11:55:00.000Z",
                    "local_arrival": "2024-09-30T15:40:00.000Z",
                    "utc_arrival": "2024-09-30T13:40:00.000Z",
                    "airline": "EW",
                    "flight_no": 7785,
                    "operating_carrier": "EW",
                    "operating_flight_no": "7785",
                    "fare_basis": "",
                    "fare_category": "M",
                    "fare_classes": "T",
                    "return": 0,
                    "bags_recheck_required": false,
                    "vi_connection": false,
                    "guarantee": false,
                    "equipment": null,
                    "vehicle_type": "aircraft"
                },
                {
                    "id": "17880b774e200000a293b8ce_0",
                    "combination_id": "17880b774e200000a293b8ce",
                    "flyFrom": "HAM",
                    "flyTo": "BUD",
                    "cityFrom": "Hamburg",
                    "cityCodeFrom": "HAM",
                    "cityTo": "Budapest",
                    "cityCodeTo": "BUD",
                    "local_departure": "2024-10-04T18:25:00.000Z",
                    "utc_departure": "2024-10-04T16:25:00.000Z",
                    "local_arrival": "2024-10-04T20:05:00.000Z",
                    "utc_arrival": "2024-10-04T18:05:00.000Z",
                    "airline": "EW",
                    "flight_no": 7782,
                    "operating_carrier": "EW",
                    "operating_flight_no": "7782",
                    "fare_basis": "",
                    "fare_category": "M",
                    "fare_classes": "K",
                    "return": 1,
                    "bags_recheck_required": false,
                    "vi_connection": false,
                    "guarantee": false,
                    "equipment": null,
                    "vehicle_type": "aircraft"
                }
            ],
            "booking_token": "HsZyuqm_Wzn5_zzbcrgqy-DvbPXflOq4Cdw3mxf084bdj3a9qVbfixi1AaomHJohIlOg8f-YuS3qUDXYOzSMeLRaFp2cKnSfrzuFnpoA6A632LwnghjR4jfgPCGRZHsQQkNUkndnSeV2bjbMco05dZgSSBLZEPvwfml5_510pAEyf5Z9-TGW8DXHGMIv3Rw0MFoPJ0jj45VusD5D884yPafEwOfRQbTp6-kGfI9DgXsDuYunBGZ2Why6kC-GATJ58W-UzfHJ4rh6c7Fb6K3ZyQCZn-r87zDq7TRDKh2e2rk49O6fHLm7bLHvdxyAOMYSpqcK_Jpp9u9BdDLlDT51mKPoQK7ehu7W2wF9lv6XQ9ei64fzlxjVxn52q9eCQyGIIhWasguOxHpKQ12tp7x5WJ60fkk7FCCpaZ2z99DHNKcDKybZX-5S98znoVR4M_NA1PmNbRi06Hk8HyR-Us5HQb2FsPKyV-ZMtuLlI29O8dzZPFKXK9MzF0zI3YgYUthoFI_ZlPppNtABY6Y4eGVPu9aMxaGK-9Ud-4_rAy5uUdKrjwBLqJy_pAqDWhdmurIjPc4Ao8V84kZnux3jOnvoeRSAgCbWeN8gae6ss9XAquSTefQ6HyFhQ0zcKj3lO3cGQSVXECFAcP-OSPHpBGdB4ihYrUzOpo-b0ygo_S1nf9jvXyXG8t_h-SgL0GkXd1UD1",
            "deep_link": "https://www.kiwi.com/deep?affilid=mihalytest&currency=EUR&flightsId=0b7717884e1c00003182f6ec_0%7C17880b774e200000a293b8ce_0&from=BUD&lang=en&passengers=1&to=HAM&booking_token=HsZyuqm_Wzn5_zzbcrgqy-DvbPXflOq4Cdw3mxf084bdj3a9qVbfixi1AaomHJohIlOg8f-YuS3qUDXYOzSMeLRaFp2cKnSfrzuFnpoA6A632LwnghjR4jfgPCGRZHsQQkNUkndnSeV2bjbMco05dZgSSBLZEPvwfml5_510pAEyf5Z9-TGW8DXHGMIv3Rw0MFoPJ0jj45VusD5D884yPafEwOfRQbTp6-kGfI9DgXsDuYunBGZ2Why6kC-GATJ58W-UzfHJ4rh6c7Fb6K3ZyQCZn-r87zDq7TRDKh2e2rk49O6fHLm7bLHvdxyAOMYSpqcK_Jpp9u9BdDLlDT51mKPoQK7ehu7W2wF9lv6XQ9ei64fzlxjVxn52q9eCQyGIIhWasguOxHpKQ12tp7x5WJ60fkk7FCCpaZ2z99DHNKcDKybZX-5S98znoVR4M_NA1PmNbRi06Hk8HyR-Us5HQb2FsPKyV-ZMtuLlI29O8dzZPFKXK9MzF0zI3YgYUthoFI_ZlPppNtABY6Y4eGVPu9aMxaGK-9Ud-4_rAy5uUdKrjwBLqJy_pAqDWhdmurIjPc4Ao8V84kZnux3jOnvoeRSAgCbWeN8gae6ss9XAquSTefQ6HyFhQ0zcKj3lO3cGQSVXECFAcP-OSPHpBGdB4ihYrUzOpo-b0ygo_S1nf9jvXyXG8t_h-SgL0GkXd1UD1",
            "facilitated_booking_available": true,
            "pnr_count": 2,
            "has_airport_change": false,
            "technical_stops": 0,
            "throw_away_ticketing": false,
            "hidden_city_ticketing": false,
            "virtual_interlining": false
        },
        {
            "id": "0b7717884e1c00003182f6ec_0|17880b774e2200007cd24f44_0",
            "flyFrom": "BUD",
            "flyTo": "HAM",
            "cityFrom": "Budapest",
            "cityCodeFrom": "BUD",
            "cityTo": "Hamburg",
            "cityCodeTo": "HAM",
            "countryFrom": {
                "code": "HU",
                "name": "Hungary"
            },
            "countryTo": {
                "code": "DE",
                "name": "Germany"
            },
            "local_departure": "2024-09-30T13:55:00.000Z",
            "utc_departure": "2024-09-30T11:55:00.000Z",
            "local_arrival": "2024-09-30T15:40:00.000Z",
            "utc_arrival": "2024-09-30T13:40:00.000Z",
            "nightsInDest": 6,
            "quality": 240.333205,
            "distance": 949.98,
            "duration": {
                "departure": 6300,
                "return": 6000,
                "total": 12300
            },
            "price": 189,
            "conversion": {
                "EUR": 189
            },
            "fare": {
                "adults": 189,
                "children": 189,
                "infants": 189
            },
            "fare_locks": {
                "EUR": [
                    {
                        "default": false,
                        "duration": "P1D",
                        "itinerary_price_limit": 389,
                        "itinerary_price_remaining": 189,
                        "fare_lock_kind": "fee",
                        "price": 9.45,
                        "rule_instance_id": 26749,
                        "version": "v1"
                    },
                    {
                        "default": true,
                        "duration": "P3D",
                        "itinerary_price_limit": 389,
                        "itinerary_price_remaining": 189,
                        "fare_lock_kind": "fee",
                        "price": 18.9,
                        "rule_instance_id": 26748,
                        "version": "v1"
                    },
                    {
                        "default": false,
                        "duration": "P7D",
                        "itinerary_price_limit": 389,
                        "itinerary_price_remaining": 189,
                        "fare_lock_kind": "fee",
                        "price": 47.25,
                        "rule_instance_id": 26750,
                        "version": "v1"
                    }
                ]
            },
            "bags_price": {
                "1": 72.8,
                "2": 282.8
            },
            "baglimit": {
                "hand_dimensions_sum": 118,
                "hand_height": 40,
                "hand_length": 55,
                "hand_weight": 8,
                "hand_width": 23,
                "hold_dimensions_sum": 158,
                "hold_height": 52,
                "hold_length": 78,
                "hold_weight": 23,
                "hold_width": 28,
                "personal_item_dimension_sum": 95,
                "personal_item_height": 30,
                "personal_item_length": 40,
                "personal_item_weight": 8,
                "personal_item_width": 25
            },
            "availability": {
                "seats": 1
            },
            "airlines": [
                "EW"
            ],
            "route": [
                {
                    "id": "0b7717884e1c00003182f6ec_0",
                    "combination_id": "0b7717884e1c00003182f6ec",
                    "flyFrom": "BUD",
                    "flyTo": "HAM",
                    "cityFrom": "Budapest",
                    "cityCodeFrom": "BUD",
                    "cityTo": "Hamburg",
                    "cityCodeTo": "HAM",
                    "local_departure": "2024-09-30T13:55:00.000Z",
                    "utc_departure": "2024-09-30T11:55:00.000Z",
                    "local_arrival": "2024-09-30T15:40:00.000Z",
                    "utc_arrival": "2024-09-30T13:40:00.000Z",
                    "airline": "EW",
                    "flight_no": 7785,
                    "operating_carrier": "EW",
                    "operating_flight_no": "7785",
                    "fare_basis": "",
                    "fare_category": "M",
                    "fare_classes": "T",
                    "return": 0,
                    "bags_recheck_required": false,
                    "vi_connection": false,
                    "guarantee": false,
                    "equipment": null,
                    "vehicle_type": "aircraft"
                },
                {
                    "id": "17880b774e2200007cd24f44_0",
                    "combination_id": "17880b774e2200007cd24f44",
                    "flyFrom": "HAM",
                    "flyTo": "BUD",
                    "cityFrom": "Hamburg",
                    "cityCodeFrom": "HAM",
                    "cityTo": "Budapest",
                    "cityCodeTo": "BUD",
                    "local_departure": "2024-10-06T18:25:00.000Z",
                    "utc_departure": "2024-10-06T16:25:00.000Z",
                    "local_arrival": "2024-10-06T20:05:00.000Z",
                    "utc_arrival": "2024-10-06T18:05:00.000Z",
                    "airline": "EW",
                    "flight_no": 7782,
                    "operating_carrier": "EW",
                    "operating_flight_no": "7782",
                    "fare_basis": "",
                    "fare_category": "M",
                    "fare_classes": "K",
                    "return": 1,
                    "bags_recheck_required": false,
                    "vi_connection": false,
                    "guarantee": false,
                    "equipment": null,
                    "vehicle_type": "aircraft"
                }
            ],
            "booking_token": "HqE_x2eD0ZQzgBEfuABGH45vVWjKwDHsnHNiFFj943qQexfboK19CTRMacVaq2tl9ZrMYULlo72eJxE8S8_181CGQF6u3k9cnbcZjp4TZjqeEohvd1Q2SjCqkY3Xx5R7YN2OeAPDVCmn_UxVjmU8Fk5p62T6OclcrR7NnBYK94IT8TPImh2XweOBNHSFLidHde4DtsZ5P0KQ2-O-4ExqMoClcU3ypu5qmd5IptSEnPkd2HdW5qf1ha1Bhd6RWt3xeQ-yuzey876chfNFlNY0A31PLLHOXlkl7VJyUfw_75BN7tTlrzmWhMSDPFrTu63vpFJWjz77n10xmfgjoYVLidgO6OfnKRMj7ve1DvHbRE22fFqyPbF-THdmvGmN6GUigeMpMiifSnkQwVmfsrLM__qzjWjY81bbu0WxtZHbHoirhNtyx2KEu4udnS47K11Z10bGUG6p4j9OWXbZZGz2xz0ea9XtkzEuhSSHjNpxQCJzaIEt90x69uCDjTrCw0k-3vbi430MpzkDg3urYLHa0jGogHjy0pBkVENsWGy7T33MpkgO9OmkjBQv2X6Mr17J-3go36vUs4SQjT-56NdRQeCmCBMbgMoCSuDaoYZnmWAlYXdKXhzJtnLetqSC9GVPx32c4mHGs5CUsITe7nOKaOwQP4YSi8mowl6eTf1DlxmPLmxOizTKmYYucSifTpwEiK8zKJPFO0RDOyhQNgtFMow==",
            "deep_link": "https://www.kiwi.com/deep?affilid=mihalytest&currency=EUR&flightsId=0b7717884e1c00003182f6ec_0%7C17880b774e2200007cd24f44_0&from=BUD&lang=en&passengers=1&to=HAM&booking_token=HqE_x2eD0ZQzgBEfuABGH45vVWjKwDHsnHNiFFj943qQexfboK19CTRMacVaq2tl9ZrMYULlo72eJxE8S8_181CGQF6u3k9cnbcZjp4TZjqeEohvd1Q2SjCqkY3Xx5R7YN2OeAPDVCmn_UxVjmU8Fk5p62T6OclcrR7NnBYK94IT8TPImh2XweOBNHSFLidHde4DtsZ5P0KQ2-O-4ExqMoClcU3ypu5qmd5IptSEnPkd2HdW5qf1ha1Bhd6RWt3xeQ-yuzey876chfNFlNY0A31PLLHOXlkl7VJyUfw_75BN7tTlrzmWhMSDPFrTu63vpFJWjz77n10xmfgjoYVLidgO6OfnKRMj7ve1DvHbRE22fFqyPbF-THdmvGmN6GUigeMpMiifSnkQwVmfsrLM__qzjWjY81bbu0WxtZHbHoirhNtyx2KEu4udnS47K11Z10bGUG6p4j9OWXbZZGz2xz0ea9XtkzEuhSSHjNpxQCJzaIEt90x69uCDjTrCw0k-3vbi430MpzkDg3urYLHa0jGogHjy0pBkVENsWGy7T33MpkgO9OmkjBQv2X6Mr17J-3go36vUs4SQjT-56NdRQeCmCBMbgMoCSuDaoYZnmWAlYXdKXhzJtnLetqSC9GVPx32c4mHGs5CUsITe7nOKaOwQP4YSi8mowl6eTf1DlxmPLmxOizTKmYYucSifTpwEiK8zKJPFO0RDOyhQNgtFMow==",
            "facilitated_booking_available": true,
            "pnr_count": 2,
            "has_airport_change": false,
            "technical_stops": 0,
            "throw_away_ticketing": false,
            "hidden_city_ticketing": false,
            "virtual_interlining": false
        },
        {
            "id": "0b7717884e1e000097a956e4_0|17880b774e200000a293b8ce_0",
            "flyFrom": "BUD",
            "flyTo": "HAM",
            "cityFrom": "Budapest",
            "cityCodeFrom": "BUD",
            "cityTo": "Hamburg",
            "cityCodeTo": "HAM",
            "countryFrom": {
                "code": "HU",
                "name": "Hungary"
            },
            "countryTo": {
                "code": "DE",
                "name": "Germany"
            },
            "local_departure": "2024-10-02T20:45:00.000Z",
            "utc_departure": "2024-10-02T18:45:00.000Z",
            "local_arrival": "2024-10-02T22:30:00.000Z",
            "utc_arrival": "2024-10-02T20:30:00.000Z",
            "nightsInDest": 2,
            "quality": 240.333205,
            "distance": 949.98,
            "duration": {
                "departure": 6300,
                "return": 6000,
                "total": 12300
            },
            "price": 189,
            "conversion": {
                "EUR": 189
            },
            "fare": {
                "adults": 189,
                "children": 189,
                "infants": 189
            },
            "fare_locks": {
                "EUR": [
                    {
                        "default": false,
                        "duration": "P1D",
                        "itinerary_price_limit": 389,
                        "itinerary_price_remaining": 189,
                        "fare_lock_kind": "fee",
                        "price": 9.45,
                        "rule_instance_id": 26749,
                        "version": "v1"
                    },
                    {
                        "default": true,
                        "duration": "P3D",
                        "itinerary_price_limit": 389,
                        "itinerary_price_remaining": 189,
                        "fare_lock_kind": "fee",
                        "price": 18.9,
                        "rule_instance_id": 26748,
                        "version": "v1"
                    },
                    {
                        "default": false,
                        "duration": "P7D",
                        "itinerary_price_limit": 389,
                        "itinerary_price_remaining": 189,
                        "fare_lock_kind": "fee",
                        "price": 47.25,
                        "rule_instance_id": 26750,
                        "version": "v1"
                    }
                ]
            },
            "bags_price": {
                "1": 72.8,
                "2": 282.8
            },
            "baglimit": {
                "hand_dimensions_sum": 118,
                "hand_height": 40,
                "hand_length": 55,
                "hand_weight": 8,
                "hand_width": 23,
                "hold_dimensions_sum": 158,
                "hold_height": 52,
                "hold_length": 78,
                "hold_weight": 23,
                "hold_width": 28,
                "personal_item_dimension_sum": 95,
                "personal_item_height": 30,
                "personal_item_length": 40,
                "personal_item_weight": 8,
                "personal_item_width": 25
            },
            "availability": {
                "seats": 6
            },
            "airlines": [
                "EW"
            ],
            "route": [
                {
                    "id": "0b7717884e1e000097a956e4_0",
                    "combination_id": "0b7717884e1e000097a956e4",
                    "flyFrom": "BUD",
                    "flyTo": "HAM",
                    "cityFrom": "Budapest",
                    "cityCodeFrom": "BUD",
                    "cityTo": "Hamburg",
                    "cityCodeTo": "HAM",
                    "local_departure": "2024-10-02T20:45:00.000Z",
                    "utc_departure": "2024-10-02T18:45:00.000Z",
                    "local_arrival": "2024-10-02T22:30:00.000Z",
                    "utc_arrival": "2024-10-02T20:30:00.000Z",
                    "airline": "EW",
                    "flight_no": 7783,
                    "operating_carrier": "EW",
                    "operating_flight_no": "7783",
                    "fare_basis": "",
                    "fare_category": "M",
                    "fare_classes": "",
                    "return": 0,
                    "bags_recheck_required": false,
                    "vi_connection": false,
                    "guarantee": false,
                    "equipment": null,
                    "vehicle_type": "aircraft"
                },
                {
                    "id": "17880b774e200000a293b8ce_0",
                    "combination_id": "17880b774e200000a293b8ce",
                    "flyFrom": "HAM",
                    "flyTo": "BUD",
                    "cityFrom": "Hamburg",
                    "cityCodeFrom": "HAM",
                    "cityTo": "Budapest",
                    "cityCodeTo": "BUD",
                    "local_departure": "2024-10-04T18:25:00.000Z",
                    "utc_departure": "2024-10-04T16:25:00.000Z",
                    "local_arrival": "2024-10-04T20:05:00.000Z",
                    "utc_arrival": "2024-10-04T18:05:00.000Z",
                    "airline": "EW",
                    "flight_no": 7782,
                    "operating_carrier": "EW",
                    "operating_flight_no": "7782",
                    "fare_basis": "",
                    "fare_category": "M",
                    "fare_classes": "K",
                    "return": 1,
                    "bags_recheck_required": false,
                    "vi_connection": false,
                    "guarantee": false,
                    "equipment": null,
                    "vehicle_type": "aircraft"
                }
            ],
            "booking_token": "H7uexpIq4s9ofPL_DE916IYW-4d06nzCxHSPY1ND-j5_6G-3ugB8riMNDAKkCX-kP4B8P9kW9ujJVf2YHniGh0C63XmKrd927ikPtnshV8YE-8UfOljTEDxQXfNgcXghO7-h29o9Fc9_XXCP_JNpMSOvlF5hUA5KSElJanxbbquXD4WnMtHOzUleVcXp-fZQOoW8frl1AuVFTA-EN7uR0sQKP6kHL8aseIaXwaiRkogyVsTBiPE1aSs2Mf3k9e4KXCvETjv4L16cT2co5GWVcZMH09RFDZsoEIN0Z1POliEtVMjroaNRDOs7HufYtvXIJ6EK0bzF0BqxmluyqEA85tkr--S2OuNeaBaIV0PFNVDglZuw0PGY3UBkw1q0TnYky9zrZ2tpnBhvk6gJ-pU48R12bnLTT1Xym4wHFNg_fGaRqqWdeBwivLuKH87u13tTeolbsJe3cGp5jnhOvzA_j5tjqxS85ceI4tIWMTFnZDTMnjS6ikZeaAoOz6uI36o7KFOwTKBnm_V2e1mFZ0gllT-q2ukQkcalKBISTW_X5ddaxtS4aG553_q6UOx0W2JlEY89m2ddiIPCa7wMZawwnP9G_5ns3xJEHtuuVWW8QkgTr9YPps1JkjPENDcefe5JD8MC9IhnBMAnpOxFbw2vVjXMW10MFhovQARewAY-WGsnuen17-RIXztr4WBgAblLG",
            "deep_link": "https://www.kiwi.com/deep?affilid=mihalytest&currency=EUR&flightsId=0b7717884e1e000097a956e4_0%7C17880b774e200000a293b8ce_0&from=BUD&lang=en&passengers=1&to=HAM&booking_token=H7uexpIq4s9ofPL_DE916IYW-4d06nzCxHSPY1ND-j5_6G-3ugB8riMNDAKkCX-kP4B8P9kW9ujJVf2YHniGh0C63XmKrd927ikPtnshV8YE-8UfOljTEDxQXfNgcXghO7-h29o9Fc9_XXCP_JNpMSOvlF5hUA5KSElJanxbbquXD4WnMtHOzUleVcXp-fZQOoW8frl1AuVFTA-EN7uR0sQKP6kHL8aseIaXwaiRkogyVsTBiPE1aSs2Mf3k9e4KXCvETjv4L16cT2co5GWVcZMH09RFDZsoEIN0Z1POliEtVMjroaNRDOs7HufYtvXIJ6EK0bzF0BqxmluyqEA85tkr--S2OuNeaBaIV0PFNVDglZuw0PGY3UBkw1q0TnYky9zrZ2tpnBhvk6gJ-pU48R12bnLTT1Xym4wHFNg_fGaRqqWdeBwivLuKH87u13tTeolbsJe3cGp5jnhOvzA_j5tjqxS85ceI4tIWMTFnZDTMnjS6ikZeaAoOz6uI36o7KFOwTKBnm_V2e1mFZ0gllT-q2ukQkcalKBISTW_X5ddaxtS4aG553_q6UOx0W2JlEY89m2ddiIPCa7wMZawwnP9G_5ns3xJEHtuuVWW8QkgTr9YPps1JkjPENDcefe5JD8MC9IhnBMAnpOxFbw2vVjXMW10MFhovQARewAY-WGsnuen17-RIXztr4WBgAblLG",
            "facilitated_booking_available": true,
            "pnr_count": 2,
            "has_airport_change": false,
            "technical_stops": 0,
            "throw_away_ticketing": false,
            "hidden_city_ticketing": false,
            "virtual_interlining": false
        },
        {
            "id": "0b7717884e1e000097a956e4_0|17880b774e2200007cd24f44_0",
            "flyFrom": "BUD",
            "flyTo": "HAM",
            "cityFrom": "Budapest",
            "cityCodeFrom": "BUD",
            "cityTo": "Hamburg",
            "cityCodeTo": "HAM",
            "countryFrom": {
                "code": "HU",
                "name": "Hungary"
            },
            "countryTo": {
                "code": "DE",
                "name": "Germany"
            },
            "local_departure": "2024-10-02T20:45:00.000Z",
            "utc_departure": "2024-10-02T18:45:00.000Z",
            "local_arrival": "2024-10-02T22:30:00.000Z",
            "utc_arrival": "2024-10-02T20:30:00.000Z",
            "nightsInDest": 4,
            "quality": 240.333205,
            "distance": 949.98,
            "duration": {
                "departure": 6300,
                "return": 6000,
                "total": 12300
            },
            "price": 189,
            "conversion": {
                "EUR": 189
            },
            "fare": {
                "adults": 189,
                "children": 189,
                "infants": 189
            },
            "fare_locks": {
                "EUR": [
                    {
                        "default": false,
                        "duration": "P1D",
                        "itinerary_price_limit": 389,
                        "itinerary_price_remaining": 189,
                        "fare_lock_kind": "fee",
                        "price": 9.45,
                        "rule_instance_id": 26749,
                        "version": "v1"
                    },
                    {
                        "default": true,
                        "duration": "P3D",
                        "itinerary_price_limit": 389,
                        "itinerary_price_remaining": 189,
                        "fare_lock_kind": "fee",
                        "price": 18.9,
                        "rule_instance_id": 26748,
                        "version": "v1"
                    },
                    {
                        "default": false,
                        "duration": "P7D",
                        "itinerary_price_limit": 389,
                        "itinerary_price_remaining": 189,
                        "fare_lock_kind": "fee",
                        "price": 47.25,
                        "rule_instance_id": 26750,
                        "version": "v1"
                    }
                ]
            },
            "bags_price": {
                "1": 72.8,
                "2": 282.8
            },
            "baglimit": {
                "hand_dimensions_sum": 118,
                "hand_height": 40,
                "hand_length": 55,
                "hand_weight": 8,
                "hand_width": 23,
                "hold_dimensions_sum": 158,
                "hold_height": 52,
                "hold_length": 78,
                "hold_weight": 23,
                "hold_width": 28,
                "personal_item_dimension_sum": 95,
                "personal_item_height": 30,
                "personal_item_length": 40,
                "personal_item_weight": 8,
                "personal_item_width": 25
            },
            "availability": {
                "seats": 4
            },
            "airlines": [
                "EW"
            ],
            "route": [
                {
                    "id": "0b7717884e1e000097a956e4_0",
                    "combination_id": "0b7717884e1e000097a956e4",
                    "flyFrom": "BUD",
                    "flyTo": "HAM",
                    "cityFrom": "Budapest",
                    "cityCodeFrom": "BUD",
                    "cityTo": "Hamburg",
                    "cityCodeTo": "HAM",
                    "local_departure": "2024-10-02T20:45:00.000Z",
                    "utc_departure": "2024-10-02T18:45:00.000Z",
                    "local_arrival": "2024-10-02T22:30:00.000Z",
                    "utc_arrival": "2024-10-02T20:30:00.000Z",
                    "airline": "EW",
                    "flight_no": 7783,
                    "operating_carrier": "EW",
                    "operating_flight_no": "7783",
                    "fare_basis": "",
                    "fare_category": "M",
                    "fare_classes": "",
                    "return": 0,
                    "bags_recheck_required": false,
                    "vi_connection": false,
                    "guarantee": false,
                    "equipment": null,
                    "vehicle_type": "aircraft"
                },
                {
                    "id": "17880b774e2200007cd24f44_0",
                    "combination_id": "17880b774e2200007cd24f44",
                    "flyFrom": "HAM",
                    "flyTo": "BUD",
                    "cityFrom": "Hamburg",
                    "cityCodeFrom": "HAM",
                    "cityTo": "Budapest",
                    "cityCodeTo": "BUD",
                    "local_departure": "2024-10-06T18:25:00.000Z",
                    "utc_departure": "2024-10-06T16:25:00.000Z",
                    "local_arrival": "2024-10-06T20:05:00.000Z",
                    "utc_arrival": "2024-10-06T18:05:00.000Z",
                    "airline": "EW",
                    "flight_no": 7782,
                    "operating_carrier": "EW",
                    "operating_flight_no": "7782",
                    "fare_basis": "",
                    "fare_category": "M",
                    "fare_classes": "K",
                    "return": 1,
                    "bags_recheck_required": false,
                    "vi_connection": false,
                    "guarantee": false,
                    "equipment": null,
                    "vehicle_type": "aircraft"
                }
            ],
            "booking_token": "HokluUFY91_oDLjWvoaOsL6fktQA8UCh--X39-IcWbmEDZhgpCtImElQhFUIBqR_gZ_8Nxc00U6PvCKw03tTwn12uOLqiusWGs7yVievEgi866_N3GcZ2IB0J2Pt97jjvRUctZIqP69E5F51oNqCuwvFoAuFSQh3SW2O3dLtjf4D_OVlI4fCFDNrCWAs8c0J_8OXnGLG_MPrUj8J2_UKCzvM3SL_2F2O3OJnk3pXy9IW7ABlJemkyZ3ZLJnk6USJGsCrNo4FVk8lakCiSpzk-o1-Nu8Jqfair2c5pBPvqLy5Sbd_3t2l2cusIHPGBXx3BDzg5EAHtDdrqYiiNGG0YYKeAkX4BxFoR4mCdGrnneI8z5stwqVi-ad_c__9kEp-WMxhSfeCghWXO9iAxDgidbC_oOH-5JQLQlpj3g1ML-tiHz6VTkhzjjRMtGtjnHKxscZdMFc8mWZ_2hIyrsCcbg1l_scZsab6y0PE7UKEnRTv_q1ft9Ym18x7-ykzXPtaXHORihOgTJYC8RSQGwqq8CFUQVaSsoTwekI54NJBf-PfmYANQpyXGkfqbIhA2ZBX7r00eJXSAZyzAHNggYQHOaGmT_HcroZ8RdFzg1tR-PSmSXrTcpFU9xr5IFybyw_v3FhHpCSsbLpjPBk2YWJzx_GEZyHqxdS15PA9ArQyXKvevIF0Nw_sWw9HAyUI4y2mf",
            "deep_link": "https://www.kiwi.com/deep?affilid=mihalytest&currency=EUR&flightsId=0b7717884e1e000097a956e4_0%7C17880b774e2200007cd24f44_0&from=BUD&lang=en&passengers=1&to=HAM&booking_token=HokluUFY91_oDLjWvoaOsL6fktQA8UCh--X39-IcWbmEDZhgpCtImElQhFUIBqR_gZ_8Nxc00U6PvCKw03tTwn12uOLqiusWGs7yVievEgi866_N3GcZ2IB0J2Pt97jjvRUctZIqP69E5F51oNqCuwvFoAuFSQh3SW2O3dLtjf4D_OVlI4fCFDNrCWAs8c0J_8OXnGLG_MPrUj8J2_UKCzvM3SL_2F2O3OJnk3pXy9IW7ABlJemkyZ3ZLJnk6USJGsCrNo4FVk8lakCiSpzk-o1-Nu8Jqfair2c5pBPvqLy5Sbd_3t2l2cusIHPGBXx3BDzg5EAHtDdrqYiiNGG0YYKeAkX4BxFoR4mCdGrnneI8z5stwqVi-ad_c__9kEp-WMxhSfeCghWXO9iAxDgidbC_oOH-5JQLQlpj3g1ML-tiHz6VTkhzjjRMtGtjnHKxscZdMFc8mWZ_2hIyrsCcbg1l_scZsab6y0PE7UKEnRTv_q1ft9Ym18x7-ykzXPtaXHORihOgTJYC8RSQGwqq8CFUQVaSsoTwekI54NJBf-PfmYANQpyXGkfqbIhA2ZBX7r00eJXSAZyzAHNggYQHOaGmT_HcroZ8RdFzg1tR-PSmSXrTcpFU9xr5IFybyw_v3FhHpCSsbLpjPBk2YWJzx_GEZyHqxdS15PA9ArQyXKvevIF0Nw_sWw9HAyUI4y2mf",
            "facilitated_booking_available": true,
            "pnr_count": 2,
            "has_airport_change": false,
            "technical_stops": 0,
            "throw_away_ticketing": false,
            "hidden_city_ticketing": false,
            "virtual_interlining": false
        },
        {
            "id": "0b7717884e310000da73c16b_0|17880b774e37000099e68148_0",
            "flyFrom": "BUD",
            "flyTo": "HAM",
            "cityFrom": "Budapest",
            "cityCodeFrom": "BUD",
            "cityTo": "Hamburg",
            "cityCodeTo": "HAM",
            "countryFrom": {
                "code": "HU",
                "name": "Hungary"
            },
            "countryTo": {
                "code": "DE",
                "name": "Germany"
            },
            "local_departure": "2024-10-21T13:40:00.000Z",
            "utc_departure": "2024-10-21T11:40:00.000Z",
            "local_arrival": "2024-10-21T15:25:00.000Z",
            "utc_arrival": "2024-10-21T13:25:00.000Z",
            "nightsInDest": 6,
            "quality": 240.99987,
            "distance": 949.98,
            "duration": {
                "departure": 6300,
                "return": 6300,
                "total": 12600
            },
            "price": 189,
            "conversion": {
                "EUR": 189
            },
            "fare": {
                "adults": 189,
                "children": 189,
                "infants": 189
            },
            "fare_locks": {
                "EUR": [
                    {
                        "default": false,
                        "duration": "P1D",
                        "itinerary_price_limit": 389,
                        "itinerary_price_remaining": 189,
                        "fare_lock_kind": "fee",
                        "price": 9.45,
                        "rule_instance_id": 26749,
                        "version": "v1"
                    },
                    {
                        "default": true,
                        "duration": "P3D",
                        "itinerary_price_limit": 389,
                        "itinerary_price_remaining": 189,
                        "fare_lock_kind": "fee",
                        "price": 18.9,
                        "rule_instance_id": 26748,
                        "version": "v1"
                    },
                    {
                        "default": false,
                        "duration": "P7D",
                        "itinerary_price_limit": 389,
                        "itinerary_price_remaining": 189,
                        "fare_lock_kind": "fee",
                        "price": 47.25,
                        "rule_instance_id": 26750,
                        "version": "v1"
                    }
                ]
            },
            "bags_price": {
                "1": 72.8,
                "2": 282.8
            },
            "baglimit": {
                "hand_dimensions_sum": 118,
                "hand_height": 40,
                "hand_length": 55,
                "hand_weight": 8,
                "hand_width": 23,
                "hold_dimensions_sum": 158,
                "hold_height": 52,
                "hold_length": 78,
                "hold_weight": 23,
                "hold_width": 28,
                "personal_item_dimension_sum": 95,
                "personal_item_height": 30,
                "personal_item_length": 40,
                "personal_item_weight": 8,
                "personal_item_width": 25
            },
            "availability": {
                "seats": 9
            },
            "airlines": [
                "EW"
            ],
            "route": [
                {
                    "id": "0b7717884e310000da73c16b_0",
                    "combination_id": "0b7717884e310000da73c16b",
                    "flyFrom": "BUD",
                    "flyTo": "HAM",
                    "cityFrom": "Budapest",
                    "cityCodeFrom": "BUD",
                    "cityTo": "Hamburg",
                    "cityCodeTo": "HAM",
                    "local_departure": "2024-10-21T13:40:00.000Z",
                    "utc_departure": "2024-10-21T11:40:00.000Z",
                    "local_arrival": "2024-10-21T15:25:00.000Z",
                    "utc_arrival": "2024-10-21T13:25:00.000Z",
                    "airline": "EW",
                    "flight_no": 7785,
                    "operating_carrier": "EW",
                    "operating_flight_no": "7785",
                    "fare_basis": "",
                    "fare_category": "M",
                    "fare_classes": "",
                    "return": 0,
                    "bags_recheck_required": false,
                    "vi_connection": false,
                    "guarantee": false,
                    "equipment": null,
                    "vehicle_type": "aircraft"
                },
                {
                    "id": "17880b774e37000099e68148_0",
                    "combination_id": "17880b774e37000099e68148",
                    "flyFrom": "HAM",
                    "flyTo": "BUD",
                    "cityFrom": "Hamburg",
                    "cityCodeFrom": "HAM",
                    "cityTo": "Budapest",
                    "cityCodeTo": "BUD",
                    "local_departure": "2024-10-27T13:05:00.000Z",
                    "utc_departure": "2024-10-27T12:05:00.000Z",
                    "local_arrival": "2024-10-27T14:50:00.000Z",
                    "utc_arrival": "2024-10-27T13:50:00.000Z",
                    "airline": "EW",
                    "flight_no": 7780,
                    "operating_carrier": "EW",
                    "operating_flight_no": "7780",
                    "fare_basis": "",
                    "fare_category": "M",
                    "fare_classes": "",
                    "return": 1,
                    "bags_recheck_required": false,
                    "vi_connection": false,
                    "guarantee": false,
                    "equipment": null,
                    "vehicle_type": "aircraft"
                }
            ],
            "booking_token": "HPpOfvK6tHzHb7vQXQx4nUywkYiLS8TNwHqWIwc8CerKdnIECpfmQp7n4DD1I-9ynLiG2jfqyW6Su8Lq-crMO04jBXrplrbojSrey-XRxz8P608yYvXPeQltan18xzu0Uo_hTe219C9_qrZVri4nQ-I-qgKmfT85cwtTaLG9OWcSmRNJmtU0JKWCrSMovoVX2csxYM4utdEBTWss2WlJT5d9al49B6-sVNXaEu_y_mT6iYcsTfFe9avl-UeC4cYphMvUTpMlSYjXF7qcWiHt_qoFGRuqefXnW7Omrhm_hVPx7Kwn81TBmLWfa_1gqp4F8PQ_s2WvHYayVYzH_CYMT-W3omIEVzZqt8hYfJJtQoloYGt2j-N9VU_NEtJabRGf7uBpJp_uhdHJad9Mi-zVgqib1WBpNsKI2LIe2epgB5usih0vpgeEHhubjqxT25utRr3jpyS9w8vP-vnycpYaSKdxyO-esVsF370Ivb2iu9CCKB3wNF0K0doThFS7VzFcBTBXDQZUFwXtRAtEzsmGFTIUwgvVeZLB6owq-dMseOyQF-QowUG1q-VJXIiKHYQymHNKIhDstnSvEgsT92cuf-nA3aEjMFFHzhBjkjcPwsxmqLqgJOWFoRyYWtAbzKzJPS_im0lpwObEPl_5Jes8pAIjd8n7wkkLj9Id6JPYRKCU6d3np4ogPpbp33r_Jxy2p",
            "deep_link": "https://www.kiwi.com/deep?affilid=mihalytest&currency=EUR&flightsId=0b7717884e310000da73c16b_0%7C17880b774e37000099e68148_0&from=BUD&lang=en&passengers=1&to=HAM&booking_token=HPpOfvK6tHzHb7vQXQx4nUywkYiLS8TNwHqWIwc8CerKdnIECpfmQp7n4DD1I-9ynLiG2jfqyW6Su8Lq-crMO04jBXrplrbojSrey-XRxz8P608yYvXPeQltan18xzu0Uo_hTe219C9_qrZVri4nQ-I-qgKmfT85cwtTaLG9OWcSmRNJmtU0JKWCrSMovoVX2csxYM4utdEBTWss2WlJT5d9al49B6-sVNXaEu_y_mT6iYcsTfFe9avl-UeC4cYphMvUTpMlSYjXF7qcWiHt_qoFGRuqefXnW7Omrhm_hVPx7Kwn81TBmLWfa_1gqp4F8PQ_s2WvHYayVYzH_CYMT-W3omIEVzZqt8hYfJJtQoloYGt2j-N9VU_NEtJabRGf7uBpJp_uhdHJad9Mi-zVgqib1WBpNsKI2LIe2epgB5usih0vpgeEHhubjqxT25utRr3jpyS9w8vP-vnycpYaSKdxyO-esVsF370Ivb2iu9CCKB3wNF0K0doThFS7VzFcBTBXDQZUFwXtRAtEzsmGFTIUwgvVeZLB6owq-dMseOyQF-QowUG1q-VJXIiKHYQymHNKIhDstnSvEgsT92cuf-nA3aEjMFFHzhBjkjcPwsxmqLqgJOWFoRyYWtAbzKzJPS_im0lpwObEPl_5Jes8pAIjd8n7wkkLj9Id6JPYRKCU6d3np4ogPpbp33r_Jxy2p",
            "facilitated_booking_available": true,
            "pnr_count": 2,
            "has_airport_change": false,
            "technical_stops": 0,
            "throw_away_ticketing": false,
            "hidden_city_ticketing": false,
            "virtual_interlining": false
        },
        {
            "id": "0b7717884e4300008a679150_0|17880b774e4a000088df9925_0",
            "flyFrom": "BUD",
            "flyTo": "HAM",
            "cityFrom": "Budapest",
            "cityCodeFrom": "BUD",
            "cityTo": "Hamburg",
            "cityCodeTo": "HAM",
            "countryFrom": {
                "code": "HU",
                "name": "Hungary"
            },
            "countryTo": {
                "code": "DE",
                "name": "Germany"
            },
            "local_departure": "2024-11-08T20:35:00.000Z",
            "utc_departure": "2024-11-08T19:35:00.000Z",
            "local_arrival": "2024-11-08T22:25:00.000Z",
            "utc_arrival": "2024-11-08T21:25:00.000Z",
            "nightsInDest": 7,
            "quality": 241.666535,
            "distance": 949.98,
            "duration": {
                "departure": 6600,
                "return": 6300,
                "total": 12900
            },
            "price": 189,
            "conversion": {
                "EUR": 189
            },
            "fare": {
                "adults": 189,
                "children": 189,
                "infants": 189
            },
            "fare_locks": {
                "EUR": [
                    {
                        "default": false,
                        "duration": "P1D",
                        "itinerary_price_limit": 389,
                        "itinerary_price_remaining": 189,
                        "fare_lock_kind": "fee",
                        "price": 9.45,
                        "rule_instance_id": 26749,
                        "version": "v1"
                    },
                    {
                        "default": true,
                        "duration": "P3D",
                        "itinerary_price_limit": 389,
                        "itinerary_price_remaining": 189,
                        "fare_lock_kind": "fee",
                        "price": 18.9,
                        "rule_instance_id": 26748,
                        "version": "v1"
                    },
                    {
                        "default": false,
                        "duration": "P7D",
                        "itinerary_price_limit": 389,
                        "itinerary_price_remaining": 189,
                        "fare_lock_kind": "fee",
                        "price": 47.25,
                        "rule_instance_id": 26750,
                        "version": "v1"
                    }
                ]
            },
            "bags_price": {
                "1": 72.8,
                "2": 282.8
            },
            "baglimit": {
                "hand_dimensions_sum": 118,
                "hand_height": 40,
                "hand_length": 55,
                "hand_weight": 8,
                "hand_width": 23,
                "hold_dimensions_sum": 158,
                "hold_height": 52,
                "hold_length": 78,
                "hold_weight": 23,
                "hold_width": 28,
                "personal_item_dimension_sum": 95,
                "personal_item_height": 30,
                "personal_item_length": 40,
                "personal_item_weight": 8,
                "personal_item_width": 25
            },
            "availability": {
                "seats": 9
            },
            "airlines": [
                "EW"
            ],
            "route": [
                {
                    "id": "0b7717884e4300008a679150_0",
                    "combination_id": "0b7717884e4300008a679150",
                    "flyFrom": "BUD",
                    "flyTo": "HAM",
                    "cityFrom": "Budapest",
                    "cityCodeFrom": "BUD",
                    "cityTo": "Hamburg",
                    "cityCodeTo": "HAM",
                    "local_departure": "2024-11-08T20:35:00.000Z",
                    "utc_departure": "2024-11-08T19:35:00.000Z",
                    "local_arrival": "2024-11-08T22:25:00.000Z",
                    "utc_arrival": "2024-11-08T21:25:00.000Z",
                    "airline": "EW",
                    "flight_no": 7781,
                    "operating_carrier": "EW",
                    "operating_flight_no": "7781",
                    "fare_basis": "",
                    "fare_category": "M",
                    "fare_classes": "",
                    "return": 0,
                    "bags_recheck_required": false,
                    "vi_connection": false,
                    "guarantee": false,
                    "equipment": null,
                    "vehicle_type": "aircraft"
                },
                {
                    "id": "17880b774e4a000088df9925_0",
                    "combination_id": "17880b774e4a000088df9925",
                    "flyFrom": "HAM",
                    "flyTo": "BUD",
                    "cityFrom": "Hamburg",
                    "cityCodeFrom": "HAM",
                    "cityTo": "Budapest",
                    "cityCodeTo": "BUD",
                    "local_departure": "2024-11-15T18:10:00.000Z",
                    "utc_departure": "2024-11-15T17:10:00.000Z",
                    "local_arrival": "2024-11-15T19:55:00.000Z",
                    "utc_arrival": "2024-11-15T18:55:00.000Z",
                    "airline": "EW",
                    "flight_no": 7780,
                    "operating_carrier": "EW",
                    "operating_flight_no": "7780",
                    "fare_basis": "",
                    "fare_category": "M",
                    "fare_classes": "K",
                    "return": 1,
                    "bags_recheck_required": false,
                    "vi_connection": false,
                    "guarantee": false,
                    "equipment": null,
                    "vehicle_type": "aircraft"
                }
            ],
            "booking_token": "H1z_61v9AIlCEOe3UIsy_K2nOke3NP2C4KJQXwCGi9GmXnLpND0aL3Pt34GLy50hSEQY_umoWcefWMa0Rpb7T_U0XH9IaguEMjVxXeNjCol4gzEsoWsWB862lnrpguTI5fAlySRE88zSx2MXTCAa9XhTD2cOJwJIaRd59oPp54s4zSZnI3XiVCa99oPgkaouaBuJwyHYUM5-eP22geZE04YTL3Sku17qVuKSAkkUk_NxuvWyjDONyIUSOcZo6gQXrhT1gxwsDAa9Rx7PIhlJgftFpdS2LJOhZJoUTaTejWctwDl9DuqQ3U4hQoW-X_ZTVMoSNLLgvcAi4NhN8G-anGT3p72r9QfSq3d3HUqsnkXr8808_F8pvpYIn3OWQiWzo5zcxnqAL1g233WMgRTEL4_zLaUnKMLp0RCZE6MbJykFrC8vzBTO-vnEfBzy4hSh9mKWWyFg5ZvANG5UfN1ipOKnQW5t-xXcBea1xKVk4Fn0mNj4ah7dhuBgHi4JDJGZqxSyew4AVb1NpVh830V2V05Z0HZXGPYzOoJxn5tv2Dbp80jBAlxLkzqp7cgsTiY_C_BTmV3Jj7iVlvz4PTMZvycCW3ZQyFkRy5_8mux6nGgYPmueQ80jwdsH-Ns0MMPf26ZMtg5UP_lMGDT1o-At_KKGXBWunRcDgMRZIE1eJbSTFZVYY3OdUWi5BCV6W4dI2",
            "deep_link": "https://www.kiwi.com/deep?affilid=mihalytest&currency=EUR&flightsId=0b7717884e4300008a679150_0%7C17880b774e4a000088df9925_0&from=BUD&lang=en&passengers=1&to=HAM&booking_token=H1z_61v9AIlCEOe3UIsy_K2nOke3NP2C4KJQXwCGi9GmXnLpND0aL3Pt34GLy50hSEQY_umoWcefWMa0Rpb7T_U0XH9IaguEMjVxXeNjCol4gzEsoWsWB862lnrpguTI5fAlySRE88zSx2MXTCAa9XhTD2cOJwJIaRd59oPp54s4zSZnI3XiVCa99oPgkaouaBuJwyHYUM5-eP22geZE04YTL3Sku17qVuKSAkkUk_NxuvWyjDONyIUSOcZo6gQXrhT1gxwsDAa9Rx7PIhlJgftFpdS2LJOhZJoUTaTejWctwDl9DuqQ3U4hQoW-X_ZTVMoSNLLgvcAi4NhN8G-anGT3p72r9QfSq3d3HUqsnkXr8808_F8pvpYIn3OWQiWzo5zcxnqAL1g233WMgRTEL4_zLaUnKMLp0RCZE6MbJykFrC8vzBTO-vnEfBzy4hSh9mKWWyFg5ZvANG5UfN1ipOKnQW5t-xXcBea1xKVk4Fn0mNj4ah7dhuBgHi4JDJGZqxSyew4AVb1NpVh830V2V05Z0HZXGPYzOoJxn5tv2Dbp80jBAlxLkzqp7cgsTiY_C_BTmV3Jj7iVlvz4PTMZvycCW3ZQyFkRy5_8mux6nGgYPmueQ80jwdsH-Ns0MMPf26ZMtg5UP_lMGDT1o-At_KKGXBWunRcDgMRZIE1eJbSTFZVYY3OdUWi5BCV6W4dI2",
            "facilitated_booking_available": true,
            "pnr_count": 2,
            "has_airport_change": false,
            "technical_stops": 0,
            "throw_away_ticketing": false,
            "hidden_city_ticketing": false,
            "virtual_interlining": false
        },
        {
            "id": "0b7717884e3e0000eb6ff300_0|17880b774e45000091c6acc3_0",
            "flyFrom": "BUD",
            "flyTo": "HAM",
            "cityFrom": "Budapest",
            "cityCodeFrom": "BUD",
            "cityTo": "Hamburg",
            "cityCodeTo": "HAM",
            "countryFrom": {
                "code": "HU",
                "name": "Hungary"
            },
            "countryTo": {
                "code": "DE",
                "name": "Germany"
            },
            "local_departure": "2024-11-03T15:35:00.000Z",
            "utc_departure": "2024-11-03T14:35:00.000Z",
            "local_arrival": "2024-11-03T17:25:00.000Z",
            "utc_arrival": "2024-11-03T16:25:00.000Z",
            "nightsInDest": 7,
            "quality": 241.666535,
            "distance": 949.98,
            "duration": {
                "departure": 6600,
                "return": 6300,
                "total": 12900
            },
            "price": 189,
            "conversion": {
                "EUR": 189
            },
            "fare": {
                "adults": 189,
                "children": 189,
                "infants": 189
            },
            "fare_locks": {
                "EUR": [
                    {
                        "default": false,
                        "duration": "P1D",
                        "itinerary_price_limit": 389,
                        "itinerary_price_remaining": 189,
                        "fare_lock_kind": "fee",
                        "price": 9.45,
                        "rule_instance_id": 26749,
                        "version": "v1"
                    },
                    {
                        "default": true,
                        "duration": "P3D",
                        "itinerary_price_limit": 389,
                        "itinerary_price_remaining": 189,
                        "fare_lock_kind": "fee",
                        "price": 18.9,
                        "rule_instance_id": 26748,
                        "version": "v1"
                    },
                    {
                        "default": false,
                        "duration": "P7D",
                        "itinerary_price_limit": 389,
                        "itinerary_price_remaining": 189,
                        "fare_lock_kind": "fee",
                        "price": 47.25,
                        "rule_instance_id": 26750,
                        "version": "v1"
                    }
                ]
            },
            "bags_price": {
                "1": 72.8,
                "2": 282.8
            },
            "baglimit": {
                "hand_dimensions_sum": 118,
                "hand_height": 40,
                "hand_length": 55,
                "hand_weight": 8,
                "hand_width": 23,
                "hold_dimensions_sum": 158,
                "hold_height": 52,
                "hold_length": 78,
                "hold_weight": 23,
                "hold_width": 28,
                "personal_item_dimension_sum": 95,
                "personal_item_height": 30,
                "personal_item_length": 40,
                "personal_item_weight": 8,
                "personal_item_width": 25
            },
            "availability": {
                "seats": 8
            },
            "airlines": [
                "EW"
            ],
            "route": [
                {
                    "id": "0b7717884e3e0000eb6ff300_0",
                    "combination_id": "0b7717884e3e0000eb6ff300",
                    "flyFrom": "BUD",
                    "flyTo": "HAM",
                    "cityFrom": "Budapest",
                    "cityCodeFrom": "BUD",
                    "cityTo": "Hamburg",
                    "cityCodeTo": "HAM",
                    "local_departure": "2024-11-03T15:35:00.000Z",
                    "utc_departure": "2024-11-03T14:35:00.000Z",
                    "local_arrival": "2024-11-03T17:25:00.000Z",
                    "utc_arrival": "2024-11-03T16:25:00.000Z",
                    "airline": "EW",
                    "flight_no": 7781,
                    "operating_carrier": "EW",
                    "operating_flight_no": "7781",
                    "fare_basis": "",
                    "fare_category": "M",
                    "fare_classes": "",
                    "return": 0,
                    "bags_recheck_required": false,
                    "vi_connection": false,
                    "guarantee": false,
                    "equipment": null,
                    "vehicle_type": "aircraft"
                },
                {
                    "id": "17880b774e45000091c6acc3_0",
                    "combination_id": "17880b774e45000091c6acc3",
                    "flyFrom": "HAM",
                    "flyTo": "BUD",
                    "cityFrom": "Hamburg",
                    "cityCodeFrom": "HAM",
                    "cityTo": "Budapest",
                    "cityCodeTo": "BUD",
                    "local_departure": "2024-11-10T13:05:00.000Z",
                    "utc_departure": "2024-11-10T12:05:00.000Z",
                    "local_arrival": "2024-11-10T14:50:00.000Z",
                    "utc_arrival": "2024-11-10T13:50:00.000Z",
                    "airline": "EW",
                    "flight_no": 7780,
                    "operating_carrier": "EW",
                    "operating_flight_no": "7780",
                    "fare_basis": "",
                    "fare_category": "M",
                    "fare_classes": "N",
                    "return": 1,
                    "bags_recheck_required": false,
                    "vi_connection": false,
                    "guarantee": false,
                    "equipment": null,
                    "vehicle_type": "aircraft"
                }
            ],
            "booking_token": "HPbjhrA4qo5jLVp0shl0qHbLDO-hIXdQEMRJV9PwvS6no6tkbpaKp7f7tjcrgDmheQc8fvEHcyuO_4fWhlODfjxcwy_PsXWB1hb4ceC3Kxx5uKiUP1LUVmwg1OyME4v54HoAO1hjFKlCSAqdhpL4re1VEpZnNCkTiLDqEgsmJzshQ4crm-mPhDiP1Mj6E1hc-gIBFqzJuhPddcUtF9Z5pbsCHdqtEOcaEN6GjvlC22aQAbjhEs0wwokP6BMSLy_x4aWR4ZGfrT5czAhwZ56O2lS0jHT0xxyl79eK9c69Efi2dUgCQXowtMilVIWBzg_0AXHiAeCsZ5Z4vKgVHgABjll1Wuj5_F1CWyZDvSVe5isErjQyGWFo6TzpehUfAF4RnannFIpWKdYOvnmGB6j_-Ncq-peBRmr_03_2y0jMGoEkNGvx9vVoHFSdRNxoMbajy9Ts5rZi26Lx0j4BZ1LCUbuzllMD78DZxdJk49HOh53OunNKSu1oVuXd8RnVC8a6FCpbV8-EXjF8agvfKSWvvu3nl0YbwuE-hCCSQpBDMmRezPVft6cjggdjX3fLDT6EMgNZHVJH_nlGjKdB8q2yfEGI6-qBoYAwqGjfUjJjND9_wpjzZB63JX8fU4dgKe82uxH7Jufld49cLA5KFD7skVjdk0PlLrrZUzvixvOvZbswsNnCenDt6H93JN8bJtUKV",
            "deep_link": "https://www.kiwi.com/deep?affilid=mihalytest&currency=EUR&flightsId=0b7717884e3e0000eb6ff300_0%7C17880b774e45000091c6acc3_0&from=BUD&lang=en&passengers=1&to=HAM&booking_token=HPbjhrA4qo5jLVp0shl0qHbLDO-hIXdQEMRJV9PwvS6no6tkbpaKp7f7tjcrgDmheQc8fvEHcyuO_4fWhlODfjxcwy_PsXWB1hb4ceC3Kxx5uKiUP1LUVmwg1OyME4v54HoAO1hjFKlCSAqdhpL4re1VEpZnNCkTiLDqEgsmJzshQ4crm-mPhDiP1Mj6E1hc-gIBFqzJuhPddcUtF9Z5pbsCHdqtEOcaEN6GjvlC22aQAbjhEs0wwokP6BMSLy_x4aWR4ZGfrT5czAhwZ56O2lS0jHT0xxyl79eK9c69Efi2dUgCQXowtMilVIWBzg_0AXHiAeCsZ5Z4vKgVHgABjll1Wuj5_F1CWyZDvSVe5isErjQyGWFo6TzpehUfAF4RnannFIpWKdYOvnmGB6j_-Ncq-peBRmr_03_2y0jMGoEkNGvx9vVoHFSdRNxoMbajy9Ts5rZi26Lx0j4BZ1LCUbuzllMD78DZxdJk49HOh53OunNKSu1oVuXd8RnVC8a6FCpbV8-EXjF8agvfKSWvvu3nl0YbwuE-hCCSQpBDMmRezPVft6cjggdjX3fLDT6EMgNZHVJH_nlGjKdB8q2yfEGI6-qBoYAwqGjfUjJjND9_wpjzZB63JX8fU4dgKe82uxH7Jufld49cLA5KFD7skVjdk0PlLrrZUzvixvOvZbswsNnCenDt6H93JN8bJtUKV",
            "facilitated_booking_available": true,
            "pnr_count": 2,
            "has_airport_change": false,
            "technical_stops": 0,
            "throw_away_ticketing": false,
            "hidden_city_ticketing": false,
            "virtual_interlining": false
        },
        {
            "id": "0b7717884e260000dc48f9c7_0|17880b774e2a0000a1c1ddf5_0",
            "flyFrom": "BUD",
            "flyTo": "HAM",
            "cityFrom": "Budapest",
            "cityCodeFrom": "BUD",
            "cityTo": "Hamburg",
            "cityCodeTo": "HAM",
            "countryFrom": {
                "code": "HU",
                "name": "Hungary"
            },
            "countryTo": {
                "code": "DE",
                "name": "Germany"
            },
            "local_departure": "2024-10-10T20:45:00.000Z",
            "utc_departure": "2024-10-10T18:45:00.000Z",
            "local_arrival": "2024-10-10T22:30:00.000Z",
            "utc_arrival": "2024-10-10T20:30:00.000Z",
            "nightsInDest": 4,
            "quality": 241.333205,
            "distance": 949.98,
            "duration": {
                "departure": 6300,
                "return": 6000,
                "total": 12300
            },
            "price": 190,
            "conversion": {
                "EUR": 190
            },
            "fare": {
                "adults": 190,
                "children": 190,
                "infants": 190
            },
            "fare_locks": {
                "EUR": [
                    {
                        "default": false,
                        "duration": "P1D",
                        "itinerary_price_limit": 390,
                        "itinerary_price_remaining": 190,
                        "fare_lock_kind": "fee",
                        "price": 9.5,
                        "rule_instance_id": 26749,
                        "version": "v1"
                    },
                    {
                        "default": true,
                        "duration": "P3D",
                        "itinerary_price_limit": 390,
                        "itinerary_price_remaining": 190,
                        "fare_lock_kind": "fee",
                        "price": 19,
                        "rule_instance_id": 26748,
                        "version": "v1"
                    },
                    {
                        "default": false,
                        "duration": "P7D",
                        "itinerary_price_limit": 390,
                        "itinerary_price_remaining": 190,
                        "fare_lock_kind": "fee",
                        "price": 47.5,
                        "rule_instance_id": 26750,
                        "version": "v1"
                    }
                ]
            },
            "bags_price": {
                "1": 72.8,
                "2": 282.8
            },
            "baglimit": {
                "hand_dimensions_sum": 118,
                "hand_height": 40,
                "hand_length": 55,
                "hand_weight": 8,
                "hand_width": 23,
                "hold_dimensions_sum": 158,
                "hold_height": 52,
                "hold_length": 78,
                "hold_weight": 23,
                "hold_width": 28,
                "personal_item_dimension_sum": 95,
                "personal_item_height": 30,
                "personal_item_length": 40,
                "personal_item_weight": 8,
                "personal_item_width": 25
            },
            "availability": {
                "seats": 8
            },
            "airlines": [
                "EW"
            ],
            "route": [
                {
                    "id": "0b7717884e260000dc48f9c7_0",
                    "combination_id": "0b7717884e260000dc48f9c7",
                    "flyFrom": "BUD",
                    "flyTo": "HAM",
                    "cityFrom": "Budapest",
                    "cityCodeFrom": "BUD",
                    "cityTo": "Hamburg",
                    "cityCodeTo": "HAM",
                    "local_departure": "2024-10-10T20:45:00.000Z",
                    "utc_departure": "2024-10-10T18:45:00.000Z",
                    "local_arrival": "2024-10-10T22:30:00.000Z",
                    "utc_arrival": "2024-10-10T20:30:00.000Z",
                    "airline": "EW",
                    "flight_no": 7783,
                    "operating_carrier": "EW",
                    "operating_flight_no": "7783",
                    "fare_basis": "",
                    "fare_category": "M",
                    "fare_classes": "",
                    "return": 0,
                    "bags_recheck_required": false,
                    "vi_connection": false,
                    "guarantee": false,
                    "equipment": null,
                    "vehicle_type": "aircraft"
                },
                {
                    "id": "17880b774e2a0000a1c1ddf5_0",
                    "combination_id": "17880b774e2a0000a1c1ddf5",
                    "flyFrom": "HAM",
                    "flyTo": "BUD",
                    "cityFrom": "Hamburg",
                    "cityCodeFrom": "HAM",
                    "cityTo": "Budapest",
                    "cityCodeTo": "BUD",
                    "local_departure": "2024-10-14T11:30:00.000Z",
                    "utc_departure": "2024-10-14T09:30:00.000Z",
                    "local_arrival": "2024-10-14T13:10:00.000Z",
                    "utc_arrival": "2024-10-14T11:10:00.000Z",
                    "airline": "EW",
                    "flight_no": 7784,
                    "operating_carrier": "EW",
                    "operating_flight_no": "7784",
                    "fare_basis": "",
                    "fare_category": "M",
                    "fare_classes": "",
                    "return": 1,
                    "bags_recheck_required": false,
                    "vi_connection": false,
                    "guarantee": false,
                    "equipment": null,
                    "vehicle_type": "aircraft"
                }
            ],
            "booking_token": "HR00rVjGiGf_YhVPaf5Vy9Z6XD0faEFS7mAUAbkghUDUT4efY20pvbGF7qYSS3eakPhbpo61wrFd2rlyC_BLL8aQu_dG_KdWPGSleFlRXkQaflpP50LBa4jYqoXi2tpSY4hXaUAnQ-CT1RfyTg22P3seM6k0qSXuYL6W9SlOsjnUNbI7mGC_t65h4o7lUC5ubzv4suhfwCyZb78v5oE37X2kvux3PpT7gQ5yaOwxcTTG97LnhP3lsyhywOaMt2rOQGc_o927hecq7lfaOWdGjp7M1NRTa65vGXx7mwqhzAIiRMGgDNN4xFSAtkyX2OJ8n-xaWw_uO-NpMcwRGKmz0LS_D_vhMJ0ds5M8YFEr6Tv8CTqE5PZs-9BixkSsh9c-_KYm5ld95rIqLEnR5_1bk1yE_jUYzllemmQ-Ob24nJxArgChsbDYbxHDdHUnGCCefRxV_Kau_bAtm2tYEWXSq2pfgUF-HkdfJ8_upOrai4I4WCUN7r0JHQO2-zOcVQVZ9kd7qtjtwFVlRb-BHxmIIPsVQW9RBkumfuUpGMB1hP78bY2sKHWQ3Y6qD3wo-WG0w9H1HqzAIWQSQFNcB5E9pcEKrhrgvuJ-7x7O_y3UDQ3EhiYzzBvEJ4Xy0uIyKG5cEqm-WHHEn8nsDOabM4fe2u49gQgjNGkuCrItlYt1EadBROPKPL22zrSuLz6XybEC3",
            "deep_link": "https://www.kiwi.com/deep?affilid=mihalytest&currency=EUR&flightsId=0b7717884e260000dc48f9c7_0%7C17880b774e2a0000a1c1ddf5_0&from=BUD&lang=en&passengers=1&to=HAM&booking_token=HR00rVjGiGf_YhVPaf5Vy9Z6XD0faEFS7mAUAbkghUDUT4efY20pvbGF7qYSS3eakPhbpo61wrFd2rlyC_BLL8aQu_dG_KdWPGSleFlRXkQaflpP50LBa4jYqoXi2tpSY4hXaUAnQ-CT1RfyTg22P3seM6k0qSXuYL6W9SlOsjnUNbI7mGC_t65h4o7lUC5ubzv4suhfwCyZb78v5oE37X2kvux3PpT7gQ5yaOwxcTTG97LnhP3lsyhywOaMt2rOQGc_o927hecq7lfaOWdGjp7M1NRTa65vGXx7mwqhzAIiRMGgDNN4xFSAtkyX2OJ8n-xaWw_uO-NpMcwRGKmz0LS_D_vhMJ0ds5M8YFEr6Tv8CTqE5PZs-9BixkSsh9c-_KYm5ld95rIqLEnR5_1bk1yE_jUYzllemmQ-Ob24nJxArgChsbDYbxHDdHUnGCCefRxV_Kau_bAtm2tYEWXSq2pfgUF-HkdfJ8_upOrai4I4WCUN7r0JHQO2-zOcVQVZ9kd7qtjtwFVlRb-BHxmIIPsVQW9RBkumfuUpGMB1hP78bY2sKHWQ3Y6qD3wo-WG0w9H1HqzAIWQSQFNcB5E9pcEKrhrgvuJ-7x7O_y3UDQ3EhiYzzBvEJ4Xy0uIyKG5cEqm-WHHEn8nsDOabM4fe2u49gQgjNGkuCrItlYt1EadBROPKPL22zrSuLz6XybEC3",
            "facilitated_booking_available": true,
            "pnr_count": 2,
            "has_airport_change": false,
            "technical_stops": 0,
            "throw_away_ticketing": false,
            "hidden_city_ticketing": false,
            "virtual_interlining": false
        },
        {
            "id": "0b7717884e040000528564b4_0|17880b774e0a00005931f13c_0",
            "flyFrom": "BUD",
            "flyTo": "HAM",
            "cityFrom": "Budapest",
            "cityCodeFrom": "BUD",
            "cityTo": "Hamburg",
            "cityCodeTo": "HAM",
            "countryFrom": {
                "code": "HU",
                "name": "Hungary"
            },
            "countryTo": {
                "code": "DE",
                "name": "Germany"
            },
            "local_departure": "2024-09-06T20:45:00.000Z",
            "utc_departure": "2024-09-06T18:45:00.000Z",
            "local_arrival": "2024-09-06T22:30:00.000Z",
            "utc_arrival": "2024-09-06T20:30:00.000Z",
            "nightsInDest": 6,
            "quality": 241.333205,
            "distance": 949.98,
            "duration": {
                "departure": 6300,
                "return": 6000,
                "total": 12300
            },
            "price": 190,
            "conversion": {
                "EUR": 190
            },
            "fare": {
                "adults": 190,
                "children": 190,
                "infants": 190
            },
            "fare_locks": {
                "EUR": [
                    {
                        "default": false,
                        "duration": "P1D",
                        "itinerary_price_limit": 390,
                        "itinerary_price_remaining": 190,
                        "fare_lock_kind": "fee",
                        "price": 9.5,
                        "rule_instance_id": 26749,
                        "version": "v1"
                    },
                    {
                        "default": true,
                        "duration": "P3D",
                        "itinerary_price_limit": 390,
                        "itinerary_price_remaining": 190,
                        "fare_lock_kind": "fee",
                        "price": 19,
                        "rule_instance_id": 26748,
                        "version": "v1"
                    },
                    {
                        "default": false,
                        "duration": "P7D",
                        "itinerary_price_limit": 390,
                        "itinerary_price_remaining": 190,
                        "fare_lock_kind": "fee",
                        "price": 47.5,
                        "rule_instance_id": 26750,
                        "version": "v1"
                    }
                ]
            },
            "bags_price": {
                "1": 72.8,
                "2": 282.8
            },
            "baglimit": {
                "hand_dimensions_sum": 118,
                "hand_height": 40,
                "hand_length": 55,
                "hand_weight": 8,
                "hand_width": 23,
                "hold_dimensions_sum": 158,
                "hold_height": 52,
                "hold_length": 78,
                "hold_weight": 23,
                "hold_width": 28,
                "personal_item_dimension_sum": 95,
                "personal_item_height": 30,
                "personal_item_length": 40,
                "personal_item_weight": 8,
                "personal_item_width": 25
            },
            "availability": {
                "seats": 2
            },
            "airlines": [
                "EW"
            ],
            "route": [
                {
                    "id": "0b7717884e040000528564b4_0",
                    "combination_id": "0b7717884e040000528564b4",
                    "flyFrom": "BUD",
                    "flyTo": "HAM",
                    "cityFrom": "Budapest",
                    "cityCodeFrom": "BUD",
                    "cityTo": "Hamburg",
                    "cityCodeTo": "HAM",
                    "local_departure": "2024-09-06T20:45:00.000Z",
                    "utc_departure": "2024-09-06T18:45:00.000Z",
                    "local_arrival": "2024-09-06T22:30:00.000Z",
                    "utc_arrival": "2024-09-06T20:30:00.000Z",
                    "airline": "EW",
                    "flight_no": 7783,
                    "operating_carrier": "EW",
                    "operating_flight_no": "7783",
                    "fare_basis": "",
                    "fare_category": "M",
                    "fare_classes": "",
                    "return": 0,
                    "bags_recheck_required": false,
                    "vi_connection": false,
                    "guarantee": false,
                    "equipment": null,
                    "vehicle_type": "aircraft"
                },
                {
                    "id": "17880b774e0a00005931f13c_0",
                    "combination_id": "17880b774e0a00005931f13c",
                    "flyFrom": "HAM",
                    "flyTo": "BUD",
                    "cityFrom": "Hamburg",
                    "cityCodeFrom": "HAM",
                    "cityTo": "Budapest",
                    "cityCodeTo": "BUD",
                    "local_departure": "2024-09-12T18:25:00.000Z",
                    "utc_departure": "2024-09-12T16:25:00.000Z",
                    "local_arrival": "2024-09-12T20:05:00.000Z",
                    "utc_arrival": "2024-09-12T18:05:00.000Z",
                    "airline": "EW",
                    "flight_no": 7782,
                    "operating_carrier": "EW",
                    "operating_flight_no": "7782",
                    "fare_basis": "",
                    "fare_category": "M",
                    "fare_classes": "",
                    "return": 1,
                    "bags_recheck_required": false,
                    "vi_connection": false,
                    "guarantee": false,
                    "equipment": null,
                    "vehicle_type": "aircraft"
                }
            ],
            "booking_token": "H-iGLr_0B1XCbly8a3G-PIcPCq-33wOkFWwdMtyApHQCPCT2zFeJMJhOmpoEGqQ0b4Ml7cCVX59pSVTb6aiEjjCfK4RDFVAn0C1UgswGQgNE3L359AG3Ait-5gK9yTSjdhGNvyhgufHfLw6F01iYRfNtDqE0VJhyonGhKS6dxbgVuKUP9kdNipQ4NAtjv8kICoDFn1Zgr2PK3eeA4n-SDXT59U_sCkMdZJ5Ve0ihU-LicMsmhQWlrqdA1p8PVQr6Jk6mV5sOi-H2QZJbjaObXiS59WutNwadZSUt9q48QdBWhtqPUjpIMeNPW6JSIAQgKa9DwOPYyQKfxXKudNsdphuwNAYBOuAbTSaeP8zwldPxdF52hCCiq0Q0Eniqgh2ltW8KOPS4PKTk-C1R3v5GJdUyhrLIJhleT6nsjMbQXfv0Gonfisl0xbcNLnAQLaIkC_PfAo_ZfOJ0qnQIw02dXbX0dfft8t2xpjQ4VYsnq4X729U6nTxNNUcoc7QCUTl5ooFt1Fce0yNkLOCPlRlpPVwzGeOT0KxWPBHsX0YAPNdkkJ7XsAj3ReN8Rc7B3T_e6G-Z8qUPI2fdWuT4WolB64Bfj5I16PKv3hqYo9FUVRwfunzRwvJcqMauttu3UcRMdFb3jeCyNyIrOGHl-JzRkSVDrk1E5r7fG_FreYAfP9hVv9nvBUsvvMb8N00rEdUNb",
            "deep_link": "https://www.kiwi.com/deep?affilid=mihalytest&currency=EUR&flightsId=0b7717884e040000528564b4_0%7C17880b774e0a00005931f13c_0&from=BUD&lang=en&passengers=1&to=HAM&booking_token=H-iGLr_0B1XCbly8a3G-PIcPCq-33wOkFWwdMtyApHQCPCT2zFeJMJhOmpoEGqQ0b4Ml7cCVX59pSVTb6aiEjjCfK4RDFVAn0C1UgswGQgNE3L359AG3Ait-5gK9yTSjdhGNvyhgufHfLw6F01iYRfNtDqE0VJhyonGhKS6dxbgVuKUP9kdNipQ4NAtjv8kICoDFn1Zgr2PK3eeA4n-SDXT59U_sCkMdZJ5Ve0ihU-LicMsmhQWlrqdA1p8PVQr6Jk6mV5sOi-H2QZJbjaObXiS59WutNwadZSUt9q48QdBWhtqPUjpIMeNPW6JSIAQgKa9DwOPYyQKfxXKudNsdphuwNAYBOuAbTSaeP8zwldPxdF52hCCiq0Q0Eniqgh2ltW8KOPS4PKTk-C1R3v5GJdUyhrLIJhleT6nsjMbQXfv0Gonfisl0xbcNLnAQLaIkC_PfAo_ZfOJ0qnQIw02dXbX0dfft8t2xpjQ4VYsnq4X729U6nTxNNUcoc7QCUTl5ooFt1Fce0yNkLOCPlRlpPVwzGeOT0KxWPBHsX0YAPNdkkJ7XsAj3ReN8Rc7B3T_e6G-Z8qUPI2fdWuT4WolB64Bfj5I16PKv3hqYo9FUVRwfunzRwvJcqMauttu3UcRMdFb3jeCyNyIrOGHl-JzRkSVDrk1E5r7fG_FreYAfP9hVv9nvBUsvvMb8N00rEdUNb",
            "facilitated_booking_available": true,
            "pnr_count": 2,
            "has_airport_change": false,
            "technical_stops": 0,
            "throw_away_ticketing": false,
            "hidden_city_ticketing": false,
            "virtual_interlining": false
        },
        {
            "id": "0b7717884e030000768a9409_0|17880b774e090000597333dd_0",
            "flyFrom": "BUD",
            "flyTo": "HAM",
            "cityFrom": "Budapest",
            "cityCodeFrom": "BUD",
            "cityTo": "Hamburg",
            "cityCodeTo": "HAM",
            "countryFrom": {
                "code": "HU",
                "name": "Hungary"
            },
            "countryTo": {
                "code": "DE",
                "name": "Germany"
            },
            "local_departure": "2024-09-05T20:45:00.000Z",
            "utc_departure": "2024-09-05T18:45:00.000Z",
            "local_arrival": "2024-09-05T22:30:00.000Z",
            "utc_arrival": "2024-09-05T20:30:00.000Z",
            "nightsInDest": 6,
            "quality": 241.333205,
            "distance": 949.98,
            "duration": {
                "departure": 6300,
                "return": 6000,
                "total": 12300
            },
            "price": 190,
            "conversion": {
                "EUR": 190
            },
            "fare": {
                "adults": 190,
                "children": 190,
                "infants": 190
            },
            "fare_locks": {
                "EUR": [
                    {
                        "default": false,
                        "duration": "P1D",
                        "itinerary_price_limit": 390,
                        "itinerary_price_remaining": 190,
                        "fare_lock_kind": "fee",
                        "price": 9.5,
                        "rule_instance_id": 26749,
                        "version": "v1"
                    },
                    {
                        "default": true,
                        "duration": "P3D",
                        "itinerary_price_limit": 390,
                        "itinerary_price_remaining": 190,
                        "fare_lock_kind": "fee",
                        "price": 19,
                        "rule_instance_id": 26748,
                        "version": "v1"
                    },
                    {
                        "default": false,
                        "duration": "P7D",
                        "itinerary_price_limit": 390,
                        "itinerary_price_remaining": 190,
                        "fare_lock_kind": "fee",
                        "price": 47.5,
                        "rule_instance_id": 26750,
                        "version": "v1"
                    }
                ]
            },
            "bags_price": {
                "1": 72.8,
                "2": 282.8
            },
            "baglimit": {
                "hand_dimensions_sum": 118,
                "hand_height": 40,
                "hand_length": 55,
                "hand_weight": 8,
                "hand_width": 23,
                "hold_dimensions_sum": 158,
                "hold_height": 52,
                "hold_length": 78,
                "hold_weight": 23,
                "hold_width": 28,
                "personal_item_dimension_sum": 95,
                "personal_item_height": 30,
                "personal_item_length": 40,
                "personal_item_weight": 8,
                "personal_item_width": 25
            },
            "availability": {
                "seats": 3
            },
            "airlines": [
                "EW"
            ],
            "route": [
                {
                    "id": "0b7717884e030000768a9409_0",
                    "combination_id": "0b7717884e030000768a9409",
                    "flyFrom": "BUD",
                    "flyTo": "HAM",
                    "cityFrom": "Budapest",
                    "cityCodeFrom": "BUD",
                    "cityTo": "Hamburg",
                    "cityCodeTo": "HAM",
                    "local_departure": "2024-09-05T20:45:00.000Z",
                    "utc_departure": "2024-09-05T18:45:00.000Z",
                    "local_arrival": "2024-09-05T22:30:00.000Z",
                    "utc_arrival": "2024-09-05T20:30:00.000Z",
                    "airline": "EW",
                    "flight_no": 7783,
                    "operating_carrier": "EW",
                    "operating_flight_no": "7783",
                    "fare_basis": "",
                    "fare_category": "M",
                    "fare_classes": "",
                    "return": 0,
                    "bags_recheck_required": false,
                    "vi_connection": false,
                    "guarantee": false,
                    "equipment": null,
                    "vehicle_type": "aircraft"
                },
                {
                    "id": "17880b774e090000597333dd_0",
                    "combination_id": "17880b774e090000597333dd",
                    "flyFrom": "HAM",
                    "flyTo": "BUD",
                    "cityFrom": "Hamburg",
                    "cityCodeFrom": "HAM",
                    "cityTo": "Budapest",
                    "cityCodeTo": "BUD",
                    "local_departure": "2024-09-11T18:25:00.000Z",
                    "utc_departure": "2024-09-11T16:25:00.000Z",
                    "local_arrival": "2024-09-11T20:05:00.000Z",
                    "utc_arrival": "2024-09-11T18:05:00.000Z",
                    "airline": "EW",
                    "flight_no": 7782,
                    "operating_carrier": "EW",
                    "operating_flight_no": "7782",
                    "fare_basis": "",
                    "fare_category": "M",
                    "fare_classes": "",
                    "return": 1,
                    "bags_recheck_required": false,
                    "vi_connection": false,
                    "guarantee": false,
                    "equipment": null,
                    "vehicle_type": "aircraft"
                }
            ],
            "booking_token": "H_edrnBgByCyhhj45IpOUlZ_tHnHfsPnfXpSlWx0QucLamIje5HALJe84rT8fk0-LWbxSGk-zpWb2y68Isz1nJwBsT81JcKa5OPYB4vK_QHO0palGV0WkakAMN4U2-Q8VBRVc6tFiynRfLhHou_rs24U75SPXDIH4Em5QybyrwdglrXYqiv23sBz5NzwJrHbbwM0FadswvH7tg8Upn69w-EFPzAs70KlSDc4m-0E0P8d-Md0gahX7Si7Qr9O4E9hrwxDjailjmYc7n4KnJXqPeSaQWRKlluM8yauqp6iv4Rw1qHhTj5tJrG8eymeIqowjfJrPvjIKuRZIwP669MZ0TTZEXjSE0GRvj9eXEhf53LhQGBH2aMjYiH-hI_knOnzHD4yE1SUSSiLOPnDWAZL4InPR-Sx2SfJ07YYoN0-zUmhbKI4ygRYndO8d3U0fltnG9gwL9L-HzlbdzrcJk4psu_3ySS3D1zHB00VFKlCy9muSObaE0IdirSnOhU6MI6gr42jfEVjJIeiMSfNgh-jgZWqADYfrfjIRUbq3ONceFTcg8H7HNaJELbRYDhLp0Xmp9fRfmZ5OetfKna3N2X7Lum19yEmy3J0NVeVhEIcwcjMIwgNw_RXB27EYkPwm-E-7y7Ahli_E8EMggmcWyT69lKiDMYch44nFAFeZ9RpDnGesgKPds7Ot_lrXm2wCqLTrju2yxMxMhFGT8-T0GhcNlF6maxAdVyogL7om5jntIXg=",
            "deep_link": "https://www.kiwi.com/deep?affilid=mihalytest&currency=EUR&flightsId=0b7717884e030000768a9409_0%7C17880b774e090000597333dd_0&from=BUD&lang=en&passengers=1&to=HAM&booking_token=H_edrnBgByCyhhj45IpOUlZ_tHnHfsPnfXpSlWx0QucLamIje5HALJe84rT8fk0-LWbxSGk-zpWb2y68Isz1nJwBsT81JcKa5OPYB4vK_QHO0palGV0WkakAMN4U2-Q8VBRVc6tFiynRfLhHou_rs24U75SPXDIH4Em5QybyrwdglrXYqiv23sBz5NzwJrHbbwM0FadswvH7tg8Upn69w-EFPzAs70KlSDc4m-0E0P8d-Md0gahX7Si7Qr9O4E9hrwxDjailjmYc7n4KnJXqPeSaQWRKlluM8yauqp6iv4Rw1qHhTj5tJrG8eymeIqowjfJrPvjIKuRZIwP669MZ0TTZEXjSE0GRvj9eXEhf53LhQGBH2aMjYiH-hI_knOnzHD4yE1SUSSiLOPnDWAZL4InPR-Sx2SfJ07YYoN0-zUmhbKI4ygRYndO8d3U0fltnG9gwL9L-HzlbdzrcJk4psu_3ySS3D1zHB00VFKlCy9muSObaE0IdirSnOhU6MI6gr42jfEVjJIeiMSfNgh-jgZWqADYfrfjIRUbq3ONceFTcg8H7HNaJELbRYDhLp0Xmp9fRfmZ5OetfKna3N2X7Lum19yEmy3J0NVeVhEIcwcjMIwgNw_RXB27EYkPwm-E-7y7Ahli_E8EMggmcWyT69lKiDMYch44nFAFeZ9RpDnGesgKPds7Ot_lrXm2wCqLTrju2yxMxMhFGT8-T0GhcNlF6maxAdVyogL7om5jntIXg=",
            "facilitated_booking_available": true,
            "pnr_count": 2,
            "has_airport_change": false,
            "technical_stops": 0,
            "throw_away_ticketing": false,
            "hidden_city_ticketing": false,
            "virtual_interlining": false
        },
        {
            "id": "0b7717884dfb0000b92e0525_0|17880b774e0000006eb65ce5_0",
            "flyFrom": "BUD",
            "flyTo": "HAM",
            "cityFrom": "Budapest",
            "cityCodeFrom": "BUD",
            "cityTo": "Hamburg",
            "cityCodeTo": "HAM",
            "countryFrom": {
                "code": "HU",
                "name": "Hungary"
            },
            "countryTo": {
                "code": "DE",
                "name": "Germany"
            },
            "local_departure": "2024-08-28T20:45:00.000Z",
            "utc_departure": "2024-08-28T18:45:00.000Z",
            "local_arrival": "2024-08-28T22:30:00.000Z",
            "utc_arrival": "2024-08-28T20:30:00.000Z",
            "nightsInDest": 5,
            "quality": 241.333205,
            "distance": 949.98,
            "duration": {
                "departure": 6300,
                "return": 6000,
                "total": 12300
            },
            "price": 190,
            "conversion": {
                "EUR": 190
            },
            "fare": {
                "adults": 190,
                "children": 190,
                "infants": 190
            },
            "fare_locks": {
                "EUR": [
                    {
                        "default": false,
                        "duration": "P1D",
                        "itinerary_price_limit": 390,
                        "itinerary_price_remaining": 190,
                        "fare_lock_kind": "fee",
                        "price": 9.5,
                        "rule_instance_id": 26749,
                        "version": "v1"
                    },
                    {
                        "default": true,
                        "duration": "P3D",
                        "itinerary_price_limit": 390,
                        "itinerary_price_remaining": 190,
                        "fare_lock_kind": "fee",
                        "price": 19,
                        "rule_instance_id": 26748,
                        "version": "v1"
                    },
                    {
                        "default": false,
                        "duration": "P7D",
                        "itinerary_price_limit": 390,
                        "itinerary_price_remaining": 190,
                        "fare_lock_kind": "fee",
                        "price": 47.5,
                        "rule_instance_id": 26750,
                        "version": "v1"
                    }
                ]
            },
            "bags_price": {
                "1": 72.8,
                "2": 282.8
            },
            "baglimit": {
                "hand_dimensions_sum": 118,
                "hand_height": 40,
                "hand_length": 55,
                "hand_weight": 8,
                "hand_width": 23,
                "hold_dimensions_sum": 158,
                "hold_height": 52,
                "hold_length": 78,
                "hold_weight": 23,
                "hold_width": 28,
                "personal_item_dimension_sum": 95,
                "personal_item_height": 30,
                "personal_item_length": 40,
                "personal_item_weight": 8,
                "personal_item_width": 25
            },
            "availability": {
                "seats": 9
            },
            "airlines": [
                "EW"
            ],
            "route": [
                {
                    "id": "0b7717884dfb0000b92e0525_0",
                    "combination_id": "0b7717884dfb0000b92e0525",
                    "flyFrom": "BUD",
                    "flyTo": "HAM",
                    "cityFrom": "Budapest",
                    "cityCodeFrom": "BUD",
                    "cityTo": "Hamburg",
                    "cityCodeTo": "HAM",
                    "local_departure": "2024-08-28T20:45:00.000Z",
                    "utc_departure": "2024-08-28T18:45:00.000Z",
                    "local_arrival": "2024-08-28T22:30:00.000Z",
                    "utc_arrival": "2024-08-28T20:30:00.000Z",
                    "airline": "EW",
                    "flight_no": 7783,
                    "operating_carrier": "EW",
                    "operating_flight_no": "7783",
                    "fare_basis": "",
                    "fare_category": "M",
                    "fare_classes": "L",
                    "return": 0,
                    "bags_recheck_required": false,
                    "vi_connection": false,
                    "guarantee": false,
                    "equipment": null,
                    "vehicle_type": "aircraft"
                },
                {
                    "id": "17880b774e0000006eb65ce5_0",
                    "combination_id": "17880b774e0000006eb65ce5",
                    "flyFrom": "HAM",
                    "flyTo": "BUD",
                    "cityFrom": "Hamburg",
                    "cityCodeFrom": "HAM",
                    "cityTo": "Budapest",
                    "cityCodeTo": "BUD",
                    "local_departure": "2024-09-02T06:15:00.000Z",
                    "utc_departure": "2024-09-02T04:15:00.000Z",
                    "local_arrival": "2024-09-02T07:55:00.000Z",
                    "utc_arrival": "2024-09-02T05:55:00.000Z",
                    "airline": "EW",
                    "flight_no": 7784,
                    "operating_carrier": "EW",
                    "operating_flight_no": "7784",
                    "fare_basis": "",
                    "fare_category": "M",
                    "fare_classes": "",
                    "return": 1,
                    "bags_recheck_required": false,
                    "vi_connection": false,
                    "guarantee": false,
                    "equipment": null,
                    "vehicle_type": "aircraft"
                }
            ],
            "booking_token": "HXdnTjXhXA7C3k_mR7AE1vS4Yhv6YAlLjbc1FOYttKsesCFGlVvMFst-rRS01USZ-pX4oCla0pTd1Bex5cqcP5E3aaRntTvMHnxbdxLv8VqXp03RR_WPZYKM-Gg8GLWWeRNulhDqGI_FpAkRYQT0t1omomTwiqeqbtM2Icv0SOo5K9WYH8UjntCv48gaUlATj0TqNAdm6NEHhhyZCmhw4BU5Ar8KQdHpqmrioxLZWqX2wpwnl-D34EVMqb_J8G9RIYSgwk3mXvo3VgrDxS7DtZR7toSEB-rciWvfjvcJMv3aFXY2MRFENYIBqNYDS6yjm73idti4fUUdboGNEb4p6mNQlPBeEcYKLO3fzJpdTfJlyBgvucELuNoUf_mYb9LM36P1CLHo5laNuNtP-sE-WrUY8Rl864N4IuRyHRxid_BKV1dD0FfGiJpcsQWRnONl24B5jZs-8A6hoiyoxnD4rTq2H8I06TG3bpqxOQCWNyFI4EgA4gA94OX3hO0Uz_mGNRzP3RL6NNOIcKeseDjo0w4eDyvZvgVdJFdiorOHU4tT8R9zbkY0etTgebct3P8mVx_cOi0dZlUO_e1dgnVnjV9kBjYSyFypDOKxqbEeIpBGaCh8ZqmTJDyiUzXYSwPNwqG6WO2Tna5HApX_F-GBIPV7S9J3P6q4aaCU7Bi0A6xxl_ELoCcnE7V_rKNY7ybS-",
            "deep_link": "https://www.kiwi.com/deep?affilid=mihalytest&currency=EUR&flightsId=0b7717884dfb0000b92e0525_0%7C17880b774e0000006eb65ce5_0&from=BUD&lang=en&passengers=1&to=HAM&booking_token=HXdnTjXhXA7C3k_mR7AE1vS4Yhv6YAlLjbc1FOYttKsesCFGlVvMFst-rRS01USZ-pX4oCla0pTd1Bex5cqcP5E3aaRntTvMHnxbdxLv8VqXp03RR_WPZYKM-Gg8GLWWeRNulhDqGI_FpAkRYQT0t1omomTwiqeqbtM2Icv0SOo5K9WYH8UjntCv48gaUlATj0TqNAdm6NEHhhyZCmhw4BU5Ar8KQdHpqmrioxLZWqX2wpwnl-D34EVMqb_J8G9RIYSgwk3mXvo3VgrDxS7DtZR7toSEB-rciWvfjvcJMv3aFXY2MRFENYIBqNYDS6yjm73idti4fUUdboGNEb4p6mNQlPBeEcYKLO3fzJpdTfJlyBgvucELuNoUf_mYb9LM36P1CLHo5laNuNtP-sE-WrUY8Rl864N4IuRyHRxid_BKV1dD0FfGiJpcsQWRnONl24B5jZs-8A6hoiyoxnD4rTq2H8I06TG3bpqxOQCWNyFI4EgA4gA94OX3hO0Uz_mGNRzP3RL6NNOIcKeseDjo0w4eDyvZvgVdJFdiorOHU4tT8R9zbkY0etTgebct3P8mVx_cOi0dZlUO_e1dgnVnjV9kBjYSyFypDOKxqbEeIpBGaCh8ZqmTJDyiUzXYSwPNwqG6WO2Tna5HApX_F-GBIPV7S9J3P6q4aaCU7Bi0A6xxl_ELoCcnE7V_rKNY7ybS-",
            "facilitated_booking_available": true,
            "pnr_count": 2,
            "has_airport_change": false,
            "technical_stops": 0,
            "throw_away_ticketing": false,
            "hidden_city_ticketing": false,
            "virtual_interlining": false
        },
        {
            "id": "0b7717884e2700001bf312a3_0|17880b774e2c000072fe2d9d_0",
            "flyFrom": "BUD",
            "flyTo": "HAM",
            "cityFrom": "Budapest",
            "cityCodeFrom": "BUD",
            "cityTo": "Hamburg",
            "cityCodeTo": "HAM",
            "countryFrom": {
                "code": "HU",
                "name": "Hungary"
            },
            "countryTo": {
                "code": "DE",
                "name": "Germany"
            },
            "local_departure": "2024-10-11T20:45:00.000Z",
            "utc_departure": "2024-10-11T18:45:00.000Z",
            "local_arrival": "2024-10-11T22:30:00.000Z",
            "utc_arrival": "2024-10-11T20:30:00.000Z",
            "nightsInDest": 5,
            "quality": 241.333205,
            "distance": 949.98,
            "duration": {
                "departure": 6300,
                "return": 6000,
                "total": 12300
            },
            "price": 190,
            "conversion": {
                "EUR": 190
            },
            "fare": {
                "adults": 190,
                "children": 190,
                "infants": 190
            },
            "fare_locks": {
                "EUR": [
                    {
                        "default": false,
                        "duration": "P1D",
                        "itinerary_price_limit": 390,
                        "itinerary_price_remaining": 190,
                        "fare_lock_kind": "fee",
                        "price": 9.5,
                        "rule_instance_id": 26749,
                        "version": "v1"
                    },
                    {
                        "default": true,
                        "duration": "P3D",
                        "itinerary_price_limit": 390,
                        "itinerary_price_remaining": 190,
                        "fare_lock_kind": "fee",
                        "price": 19,
                        "rule_instance_id": 26748,
                        "version": "v1"
                    },
                    {
                        "default": false,
                        "duration": "P7D",
                        "itinerary_price_limit": 390,
                        "itinerary_price_remaining": 190,
                        "fare_lock_kind": "fee",
                        "price": 47.5,
                        "rule_instance_id": 26750,
                        "version": "v1"
                    }
                ]
            },
            "bags_price": {
                "1": 72.8,
                "2": 282.8
            },
            "baglimit": {
                "hand_dimensions_sum": 118,
                "hand_height": 40,
                "hand_length": 55,
                "hand_weight": 8,
                "hand_width": 23,
                "hold_dimensions_sum": 158,
                "hold_height": 52,
                "hold_length": 78,
                "hold_weight": 23,
                "hold_width": 28,
                "personal_item_dimension_sum": 95,
                "personal_item_height": 30,
                "personal_item_length": 40,
                "personal_item_weight": 8,
                "personal_item_width": 25
            },
            "availability": {
                "seats": 8
            },
            "airlines": [
                "EW"
            ],
            "route": [
                {
                    "id": "0b7717884e2700001bf312a3_0",
                    "combination_id": "0b7717884e2700001bf312a3",
                    "flyFrom": "BUD",
                    "flyTo": "HAM",
                    "cityFrom": "Budapest",
                    "cityCodeFrom": "BUD",
                    "cityTo": "Hamburg",
                    "cityCodeTo": "HAM",
                    "local_departure": "2024-10-11T20:45:00.000Z",
                    "utc_departure": "2024-10-11T18:45:00.000Z",
                    "local_arrival": "2024-10-11T22:30:00.000Z",
                    "utc_arrival": "2024-10-11T20:30:00.000Z",
                    "airline": "EW",
                    "flight_no": 7783,
                    "operating_carrier": "EW",
                    "operating_flight_no": "7783",
                    "fare_basis": "",
                    "fare_category": "M",
                    "fare_classes": "",
                    "return": 0,
                    "bags_recheck_required": false,
                    "vi_connection": false,
                    "guarantee": false,
                    "equipment": null,
                    "vehicle_type": "aircraft"
                },
                {
                    "id": "17880b774e2c000072fe2d9d_0",
                    "combination_id": "17880b774e2c000072fe2d9d",
                    "flyFrom": "HAM",
                    "flyTo": "BUD",
                    "cityFrom": "Hamburg",
                    "cityCodeFrom": "HAM",
                    "cityTo": "Budapest",
                    "cityCodeTo": "BUD",
                    "local_departure": "2024-10-16T18:25:00.000Z",
                    "utc_departure": "2024-10-16T16:25:00.000Z",
                    "local_arrival": "2024-10-16T20:05:00.000Z",
                    "utc_arrival": "2024-10-16T18:05:00.000Z",
                    "airline": "EW",
                    "flight_no": 7782,
                    "operating_carrier": "EW",
                    "operating_flight_no": "7782",
                    "fare_basis": "",
                    "fare_category": "M",
                    "fare_classes": "",
                    "return": 1,
                    "bags_recheck_required": false,
                    "vi_connection": false,
                    "guarantee": false,
                    "equipment": null,
                    "vehicle_type": "aircraft"
                }
            ],
            "booking_token": "H80iT96geZ1Vo6cosI-59BdJwzpEu4-_jhrf02slIUHu367Dc3XumPyxtuae50sn108bopz-7qwZXq0HpGc5v0L5BaxdMl-5G1My4TguvcDPj0iDhsx1SdJGHEbokjc1OvZmuyTxf_SIYf9t6MW71E_Rmx_8vEAvNXM4XYV12uKOHAgqHszMB_ioHQytFdMVe8ImVGbMiKZfqZ7Y7B_D12kJZgllYvERuFvzMX4Z76jguROrgxlry2j_-Ocv2ugJBrSvYX6OVb4MQ490UWPRHwtItjVFyG5BBrbI6mYENio8XQbKDxcqJ7wGwpRQ6ioXo30tyHmjqY4lS_7YksldzuVuo-Cekdh_z6NvtkVoWnL1brYjwrycDmokaLQNIiCnr0n4gLbCspC-pkvGbNZhvX1x12oadOQxMNJJIz9BoELWzHbvF6CR6AlNrioWNHQyv_XHntJK7VpQPNfUUEYhNj2mbmWHISKI9UoouhF9OC-3feVSpmKlrVZdz2g-5FazA1BTOgmyLGC1EMpx7_-MrCgBy-yX3pi9DQkCy0hjJ9p6zmKap2j5vFjr7IjuIsYHG3H-OZi2dWNDzw1BbExKDKEVwANAVZOgelrqtJqZqKWPGytsCTBKa18i1OW_7OZ6F7jzDH61z0m-MijTqoUR6wReciU5qRbXNa0gg10g7ZBEzkQ59vtGJBvJfpvlwz1Tq",
            "deep_link": "https://www.kiwi.com/deep?affilid=mihalytest&currency=EUR&flightsId=0b7717884e2700001bf312a3_0%7C17880b774e2c000072fe2d9d_0&from=BUD&lang=en&passengers=1&to=HAM&booking_token=H80iT96geZ1Vo6cosI-59BdJwzpEu4-_jhrf02slIUHu367Dc3XumPyxtuae50sn108bopz-7qwZXq0HpGc5v0L5BaxdMl-5G1My4TguvcDPj0iDhsx1SdJGHEbokjc1OvZmuyTxf_SIYf9t6MW71E_Rmx_8vEAvNXM4XYV12uKOHAgqHszMB_ioHQytFdMVe8ImVGbMiKZfqZ7Y7B_D12kJZgllYvERuFvzMX4Z76jguROrgxlry2j_-Ocv2ugJBrSvYX6OVb4MQ490UWPRHwtItjVFyG5BBrbI6mYENio8XQbKDxcqJ7wGwpRQ6ioXo30tyHmjqY4lS_7YksldzuVuo-Cekdh_z6NvtkVoWnL1brYjwrycDmokaLQNIiCnr0n4gLbCspC-pkvGbNZhvX1x12oadOQxMNJJIz9BoELWzHbvF6CR6AlNrioWNHQyv_XHntJK7VpQPNfUUEYhNj2mbmWHISKI9UoouhF9OC-3feVSpmKlrVZdz2g-5FazA1BTOgmyLGC1EMpx7_-MrCgBy-yX3pi9DQkCy0hjJ9p6zmKap2j5vFjr7IjuIsYHG3H-OZi2dWNDzw1BbExKDKEVwANAVZOgelrqtJqZqKWPGytsCTBKa18i1OW_7OZ6F7jzDH61z0m-MijTqoUR6wReciU5qRbXNa0gg10g7ZBEzkQ59vtGJBvJfpvlwz1Tq",
            "facilitated_booking_available": true,
            "pnr_count": 2,
            "has_airport_change": false,
            "technical_stops": 0,
            "throw_away_ticketing": false,
            "hidden_city_ticketing": false,
            "virtual_interlining": false
        },
        {
            "id": "0b7717884e000000b16a7672_0|17880b774e030000a956be9e_0",
            "flyFrom": "BUD",
            "flyTo": "HAM",
            "cityFrom": "Budapest",
            "cityCodeFrom": "BUD",
            "cityTo": "Hamburg",
            "cityCodeTo": "HAM",
            "countryFrom": {
                "code": "HU",
                "name": "Hungary"
            },
            "countryTo": {
                "code": "DE",
                "name": "Germany"
            },
            "local_departure": "2024-09-02T08:40:00.000Z",
            "utc_departure": "2024-09-02T06:40:00.000Z",
            "local_arrival": "2024-09-02T10:25:00.000Z",
            "utc_arrival": "2024-09-02T08:25:00.000Z",
            "nightsInDest": 3,
            "quality": 243.333205,
            "distance": 949.98,
            "duration": {
                "departure": 6300,
                "return": 6000,
                "total": 12300
            },
            "price": 192,
            "conversion": {
                "EUR": 192
            },
            "fare": {
                "adults": 192,
                "children": 192,
                "infants": 192
            },
            "fare_locks": {
                "EUR": [
                    {
                        "default": false,
                        "duration": "P1D",
                        "itinerary_price_limit": 392,
                        "itinerary_price_remaining": 192,
                        "fare_lock_kind": "fee",
                        "price": 9.6,
                        "rule_instance_id": 26749,
                        "version": "v1"
                    },
                    {
                        "default": true,
                        "duration": "P3D",
                        "itinerary_price_limit": 392,
                        "itinerary_price_remaining": 192,
                        "fare_lock_kind": "fee",
                        "price": 19.2,
                        "rule_instance_id": 26748,
                        "version": "v1"
                    },
                    {
                        "default": false,
                        "duration": "P7D",
                        "itinerary_price_limit": 392,
                        "itinerary_price_remaining": 192,
                        "fare_lock_kind": "fee",
                        "price": 48,
                        "rule_instance_id": 26750,
                        "version": "v1"
                    }
                ]
            },
            "bags_price": {
                "1": 72.8,
                "2": 282.8
            },
            "baglimit": {
                "hand_dimensions_sum": 118,
                "hand_height": 40,
                "hand_length": 55,
                "hand_weight": 8,
                "hand_width": 23,
                "hold_dimensions_sum": 158,
                "hold_height": 52,
                "hold_length": 78,
                "hold_weight": 23,
                "hold_width": 28,
                "personal_item_dimension_sum": 95,
                "personal_item_height": 30,
                "personal_item_length": 40,
                "personal_item_weight": 8,
                "personal_item_width": 25
            },
            "availability": {
                "seats": 2
            },
            "airlines": [
                "EW"
            ],
            "route": [
                {
                    "id": "0b7717884e000000b16a7672_0",
                    "combination_id": "0b7717884e000000b16a7672",
                    "flyFrom": "BUD",
                    "flyTo": "HAM",
                    "cityFrom": "Budapest",
                    "cityCodeFrom": "BUD",
                    "cityTo": "Hamburg",
                    "cityCodeTo": "HAM",
                    "local_departure": "2024-09-02T08:40:00.000Z",
                    "utc_departure": "2024-09-02T06:40:00.000Z",
                    "local_arrival": "2024-09-02T10:25:00.000Z",
                    "utc_arrival": "2024-09-02T08:25:00.000Z",
                    "airline": "EW",
                    "flight_no": 7785,
                    "operating_carrier": "EW",
                    "operating_flight_no": "7785",
                    "fare_basis": "",
                    "fare_category": "M",
                    "fare_classes": "",
                    "return": 0,
                    "bags_recheck_required": false,
                    "vi_connection": false,
                    "guarantee": false,
                    "equipment": null,
                    "vehicle_type": "aircraft"
                },
                {
                    "id": "17880b774e030000a956be9e_0",
                    "combination_id": "17880b774e030000a956be9e",
                    "flyFrom": "HAM",
                    "flyTo": "BUD",
                    "cityFrom": "Hamburg",
                    "cityCodeFrom": "HAM",
                    "cityTo": "Budapest",
                    "cityCodeTo": "BUD",
                    "local_departure": "2024-09-05T18:25:00.000Z",
                    "utc_departure": "2024-09-05T16:25:00.000Z",
                    "local_arrival": "2024-09-05T20:05:00.000Z",
                    "utc_arrival": "2024-09-05T18:05:00.000Z",
                    "airline": "EW",
                    "flight_no": 7782,
                    "operating_carrier": "EW",
                    "operating_flight_no": "7782",
                    "fare_basis": "",
                    "fare_category": "M",
                    "fare_classes": "",
                    "return": 1,
                    "bags_recheck_required": false,
                    "vi_connection": false,
                    "guarantee": false,
                    "equipment": null,
                    "vehicle_type": "aircraft"
                }
            ],
            "booking_token": "HhGQHVUnNKCu34ulE9PqscGvimQjSBG7_hz2Kq9-te9fQHFpX-q1eJj7NcFyrgKzniuiaMcYHoBu8Bhez9E0SPX97oiCzTksQR4fzkfG_GCAUZFmBrcdU0m-04ipfqc7N5rcI6TtILephyHbKoxJkI-m_MD2LQ8SOeP63tmjwHs4JDvPPUzFzxaVPfIFTFWhasRVT1gIFCLP9jCHq34pp09uPcBXV5i8_xxzjb7-mK6be3UzodYl1xSit7Kw4HTujMJiKtYJsx28wlNwg8O4hLGgZJ6-I0ez-XqTTaeoyvWA9zXE9sMH4oqTuO3fpREpRGV5FXM47bAm91-VFwPfhWywn1qECcs_COcDX4YK_A9vYKoEY3ZFb4VvSjSZyrh1Vn0wswhhIuFWWSEheHqb42iQE_VFyY7RuGxqZTkzCTdk_LbtOjbnvRi6N2kVmnxCWkxRCQ5KO4v7i6_alzkbW_XiRM4wdKdXltwB2_S-tlnVqzfTrHWsEiUJRXSJCcRyUpEk8H8Moqz6zVKYs5R3bb-lPQIlLnR0JqT26dZXjRyUglDHtUiLa3LYBO8EUQzQMQX8wkFqrlWb1lrLoUz-TKxxUw6ZoLl_uBxvo01rwh3Fgok9HVeRZ-gMhqSRz13zyI5fjxVLUCZOGPRIRZqRg-0G04wEBgoGb0c_IOdCUlS1zyUU8ewpcgfz9j7QwnyXf",
            "deep_link": "https://www.kiwi.com/deep?affilid=mihalytest&currency=EUR&flightsId=0b7717884e000000b16a7672_0%7C17880b774e030000a956be9e_0&from=BUD&lang=en&passengers=1&to=HAM&booking_token=HhGQHVUnNKCu34ulE9PqscGvimQjSBG7_hz2Kq9-te9fQHFpX-q1eJj7NcFyrgKzniuiaMcYHoBu8Bhez9E0SPX97oiCzTksQR4fzkfG_GCAUZFmBrcdU0m-04ipfqc7N5rcI6TtILephyHbKoxJkI-m_MD2LQ8SOeP63tmjwHs4JDvPPUzFzxaVPfIFTFWhasRVT1gIFCLP9jCHq34pp09uPcBXV5i8_xxzjb7-mK6be3UzodYl1xSit7Kw4HTujMJiKtYJsx28wlNwg8O4hLGgZJ6-I0ez-XqTTaeoyvWA9zXE9sMH4oqTuO3fpREpRGV5FXM47bAm91-VFwPfhWywn1qECcs_COcDX4YK_A9vYKoEY3ZFb4VvSjSZyrh1Vn0wswhhIuFWWSEheHqb42iQE_VFyY7RuGxqZTkzCTdk_LbtOjbnvRi6N2kVmnxCWkxRCQ5KO4v7i6_alzkbW_XiRM4wdKdXltwB2_S-tlnVqzfTrHWsEiUJRXSJCcRyUpEk8H8Moqz6zVKYs5R3bb-lPQIlLnR0JqT26dZXjRyUglDHtUiLa3LYBO8EUQzQMQX8wkFqrlWb1lrLoUz-TKxxUw6ZoLl_uBxvo01rwh3Fgok9HVeRZ-gMhqSRz13zyI5fjxVLUCZOGPRIRZqRg-0G04wEBgoGb0c_IOdCUlS1zyUU8ewpcgfz9j7QwnyXf",
            "facilitated_booking_available": true,
            "pnr_count": 2,
            "has_airport_change": false,
            "technical_stops": 0,
            "throw_away_ticketing": false,
            "hidden_city_ticketing": false,
            "virtual_interlining": false
        },
        {
            "id": "0b7717884e2700001bf312a3_0|17880b774e2a0000a1c1ddf5_0",
            "flyFrom": "BUD",
            "flyTo": "HAM",
            "cityFrom": "Budapest",
            "cityCodeFrom": "BUD",
            "cityTo": "Hamburg",
            "cityCodeTo": "HAM",
            "countryFrom": {
                "code": "HU",
                "name": "Hungary"
            },
            "countryTo": {
                "code": "DE",
                "name": "Germany"
            },
            "local_departure": "2024-10-11T20:45:00.000Z",
            "utc_departure": "2024-10-11T18:45:00.000Z",
            "local_arrival": "2024-10-11T22:30:00.000Z",
            "utc_arrival": "2024-10-11T20:30:00.000Z",
            "nightsInDest": 3,
            "quality": 243.333205,
            "distance": 949.98,
            "duration": {
                "departure": 6300,
                "return": 6000,
                "total": 12300
            },
            "price": 192,
            "conversion": {
                "EUR": 192
            },
            "fare": {
                "adults": 192,
                "children": 192,
                "infants": 192
            },
            "fare_locks": {
                "EUR": [
                    {
                        "default": false,
                        "duration": "P1D",
                        "itinerary_price_limit": 392,
                        "itinerary_price_remaining": 192,
                        "fare_lock_kind": "fee",
                        "price": 9.6,
                        "rule_instance_id": 26749,
                        "version": "v1"
                    },
                    {
                        "default": true,
                        "duration": "P3D",
                        "itinerary_price_limit": 392,
                        "itinerary_price_remaining": 192,
                        "fare_lock_kind": "fee",
                        "price": 19.2,
                        "rule_instance_id": 26748,
                        "version": "v1"
                    },
                    {
                        "default": false,
                        "duration": "P7D",
                        "itinerary_price_limit": 392,
                        "itinerary_price_remaining": 192,
                        "fare_lock_kind": "fee",
                        "price": 48,
                        "rule_instance_id": 26750,
                        "version": "v1"
                    }
                ]
            },
            "bags_price": {
                "1": 72.8,
                "2": 282.8
            },
            "baglimit": {
                "hand_dimensions_sum": 118,
                "hand_height": 40,
                "hand_length": 55,
                "hand_weight": 8,
                "hand_width": 23,
                "hold_dimensions_sum": 158,
                "hold_height": 52,
                "hold_length": 78,
                "hold_weight": 23,
                "hold_width": 28,
                "personal_item_dimension_sum": 95,
                "personal_item_height": 30,
                "personal_item_length": 40,
                "personal_item_weight": 8,
                "personal_item_width": 25
            },
            "availability": {
                "seats": 8
            },
            "airlines": [
                "EW"
            ],
            "route": [
                {
                    "id": "0b7717884e2700001bf312a3_0",
                    "combination_id": "0b7717884e2700001bf312a3",
                    "flyFrom": "BUD",
                    "flyTo": "HAM",
                    "cityFrom": "Budapest",
                    "cityCodeFrom": "BUD",
                    "cityTo": "Hamburg",
                    "cityCodeTo": "HAM",
                    "local_departure": "2024-10-11T20:45:00.000Z",
                    "utc_departure": "2024-10-11T18:45:00.000Z",
                    "local_arrival": "2024-10-11T22:30:00.000Z",
                    "utc_arrival": "2024-10-11T20:30:00.000Z",
                    "airline": "EW",
                    "flight_no": 7783,
                    "operating_carrier": "EW",
                    "operating_flight_no": "7783",
                    "fare_basis": "",
                    "fare_category": "M",
                    "fare_classes": "",
                    "return": 0,
                    "bags_recheck_required": false,
                    "vi_connection": false,
                    "guarantee": false,
                    "equipment": null,
                    "vehicle_type": "aircraft"
                },
                {
                    "id": "17880b774e2a0000a1c1ddf5_0",
                    "combination_id": "17880b774e2a0000a1c1ddf5",
                    "flyFrom": "HAM",
                    "flyTo": "BUD",
                    "cityFrom": "Hamburg",
                    "cityCodeFrom": "HAM",
                    "cityTo": "Budapest",
                    "cityCodeTo": "BUD",
                    "local_departure": "2024-10-14T11:30:00.000Z",
                    "utc_departure": "2024-10-14T09:30:00.000Z",
                    "local_arrival": "2024-10-14T13:10:00.000Z",
                    "utc_arrival": "2024-10-14T11:10:00.000Z",
                    "airline": "EW",
                    "flight_no": 7784,
                    "operating_carrier": "EW",
                    "operating_flight_no": "7784",
                    "fare_basis": "",
                    "fare_category": "M",
                    "fare_classes": "",
                    "return": 1,
                    "bags_recheck_required": false,
                    "vi_connection": false,
                    "guarantee": false,
                    "equipment": null,
                    "vehicle_type": "aircraft"
                }
            ],
            "booking_token": "HenARU97lAmCHzfy2PK8S6o5J_xaZOK44Q6iErkqXrvpEulmfFstG3PA-5Z2CmYqtipVPBBXOmjVxriPnWRy0gmx0CKYW93YMtedwMC8fO1u1eRvZs-scuYdTTkDBo99_MjQP8Hx-BGkH8iRy6DZCL4c-pylEeSKtQDJL0XuP7BXjrF9A5s1xfZbEneqrd7JjPhh6U-OCeXwme_Dnb4aplgp_cAQ7bbD54w5VMEX2lSR5AAc2fJ3QGcna2l55iFmf7hHqXmWI5txF1c1tXMWpZT47HZXajswbfFJvrSyUl9tEKjNGPipAGOs614jQ9wq6HV2wJwnJlkY68gWHLtD6iovGJovaubek7y1drgHs-Vjt3o_mokOtqQ3VB_tzWZoKQzKGW4Uf_dFLalzZQc7gvOrI1X7Y_kSAmT42tPeVjKw7uSVKHY5WRH8nK_Mf9P1zW89qhVqotqsll6mNciyiaG7U1AEOVm-SkTIP1kMLwrVy-NKu5Th__DJ6_zUR28aL09hpe3G4nD3qvdKZc_dty_B8VjbROiizFmGG1FbI6u2yqGnTBc1-L3_Tvx_ZZzu4dLFOWLuOKJo3Fym7q_yiinZW4SWtOyT40xEdpAXrx1P4wVsgQlCs8dspuBF7EiDStooAbQJ6Uu22BjiY-Tmi2wSOAILAOEEX9BR67Sw0j_s=",
            "deep_link": "https://www.kiwi.com/deep?affilid=mihalytest&currency=EUR&flightsId=0b7717884e2700001bf312a3_0%7C17880b774e2a0000a1c1ddf5_0&from=BUD&lang=en&passengers=1&to=HAM&booking_token=HenARU97lAmCHzfy2PK8S6o5J_xaZOK44Q6iErkqXrvpEulmfFstG3PA-5Z2CmYqtipVPBBXOmjVxriPnWRy0gmx0CKYW93YMtedwMC8fO1u1eRvZs-scuYdTTkDBo99_MjQP8Hx-BGkH8iRy6DZCL4c-pylEeSKtQDJL0XuP7BXjrF9A5s1xfZbEneqrd7JjPhh6U-OCeXwme_Dnb4aplgp_cAQ7bbD54w5VMEX2lSR5AAc2fJ3QGcna2l55iFmf7hHqXmWI5txF1c1tXMWpZT47HZXajswbfFJvrSyUl9tEKjNGPipAGOs614jQ9wq6HV2wJwnJlkY68gWHLtD6iovGJovaubek7y1drgHs-Vjt3o_mokOtqQ3VB_tzWZoKQzKGW4Uf_dFLalzZQc7gvOrI1X7Y_kSAmT42tPeVjKw7uSVKHY5WRH8nK_Mf9P1zW89qhVqotqsll6mNciyiaG7U1AEOVm-SkTIP1kMLwrVy-NKu5Th__DJ6_zUR28aL09hpe3G4nD3qvdKZc_dty_B8VjbROiizFmGG1FbI6u2yqGnTBc1-L3_Tvx_ZZzu4dLFOWLuOKJo3Fym7q_yiinZW4SWtOyT40xEdpAXrx1P4wVsgQlCs8dspuBF7EiDStooAbQJ6Uu22BjiY-Tmi2wSOAILAOEEX9BR67Sw0j_s=",
            "facilitated_booking_available": true,
            "pnr_count": 2,
            "has_airport_change": false,
            "technical_stops": 0,
            "throw_away_ticketing": false,
            "hidden_city_ticketing": false,
            "virtual_interlining": false
        },
        {
            "id": "0b7717884dfb0000b92e0525_0|17880b774dff00009c647f37_0",
            "flyFrom": "BUD",
            "flyTo": "HAM",
            "cityFrom": "Budapest",
            "cityCodeFrom": "BUD",
            "cityTo": "Hamburg",
            "cityCodeTo": "HAM",
            "countryFrom": {
                "code": "HU",
                "name": "Hungary"
            },
            "countryTo": {
                "code": "DE",
                "name": "Germany"
            },
            "local_departure": "2024-08-28T20:45:00.000Z",
            "utc_departure": "2024-08-28T18:45:00.000Z",
            "local_arrival": "2024-08-28T22:30:00.000Z",
            "utc_arrival": "2024-08-28T20:30:00.000Z",
            "nightsInDest": 4,
            "quality": 243.333205,
            "distance": 949.98,
            "duration": {
                "departure": 6300,
                "return": 6000,
                "total": 12300
            },
            "price": 192,
            "conversion": {
                "EUR": 192
            },
            "fare": {
                "adults": 192,
                "children": 192,
                "infants": 192
            },
            "fare_locks": {
                "EUR": [
                    {
                        "default": false,
                        "duration": "P1D",
                        "itinerary_price_limit": 392,
                        "itinerary_price_remaining": 192,
                        "fare_lock_kind": "fee",
                        "price": 9.6,
                        "rule_instance_id": 26749,
                        "version": "v1"
                    },
                    {
                        "default": true,
                        "duration": "P3D",
                        "itinerary_price_limit": 392,
                        "itinerary_price_remaining": 192,
                        "fare_lock_kind": "fee",
                        "price": 19.2,
                        "rule_instance_id": 26748,
                        "version": "v1"
                    },
                    {
                        "default": false,
                        "duration": "P7D",
                        "itinerary_price_limit": 392,
                        "itinerary_price_remaining": 192,
                        "fare_lock_kind": "fee",
                        "price": 48,
                        "rule_instance_id": 26750,
                        "version": "v1"
                    }
                ]
            },
            "bags_price": {
                "1": 72.8,
                "2": 282.8
            },
            "baglimit": {
                "hand_dimensions_sum": 118,
                "hand_height": 40,
                "hand_length": 55,
                "hand_weight": 8,
                "hand_width": 23,
                "hold_dimensions_sum": 158,
                "hold_height": 52,
                "hold_length": 78,
                "hold_weight": 23,
                "hold_width": 28,
                "personal_item_dimension_sum": 95,
                "personal_item_height": 30,
                "personal_item_length": 40,
                "personal_item_weight": 8,
                "personal_item_width": 25
            },
            "availability": {
                "seats": 9
            },
            "airlines": [
                "EW"
            ],
            "route": [
                {
                    "id": "0b7717884dfb0000b92e0525_0",
                    "combination_id": "0b7717884dfb0000b92e0525",
                    "flyFrom": "BUD",
                    "flyTo": "HAM",
                    "cityFrom": "Budapest",
                    "cityCodeFrom": "BUD",
                    "cityTo": "Hamburg",
                    "cityCodeTo": "HAM",
                    "local_departure": "2024-08-28T20:45:00.000Z",
                    "utc_departure": "2024-08-28T18:45:00.000Z",
                    "local_arrival": "2024-08-28T22:30:00.000Z",
                    "utc_arrival": "2024-08-28T20:30:00.000Z",
                    "airline": "EW",
                    "flight_no": 7783,
                    "operating_carrier": "EW",
                    "operating_flight_no": "7783",
                    "fare_basis": "",
                    "fare_category": "M",
                    "fare_classes": "L",
                    "return": 0,
                    "bags_recheck_required": false,
                    "vi_connection": false,
                    "guarantee": false,
                    "equipment": null,
                    "vehicle_type": "aircraft"
                },
                {
                    "id": "17880b774dff00009c647f37_0",
                    "combination_id": "17880b774dff00009c647f37",
                    "flyFrom": "HAM",
                    "flyTo": "BUD",
                    "cityFrom": "Hamburg",
                    "cityCodeFrom": "HAM",
                    "cityTo": "Budapest",
                    "cityCodeTo": "BUD",
                    "local_departure": "2024-09-01T18:25:00.000Z",
                    "utc_departure": "2024-09-01T16:25:00.000Z",
                    "local_arrival": "2024-09-01T20:05:00.000Z",
                    "utc_arrival": "2024-09-01T18:05:00.000Z",
                    "airline": "EW",
                    "flight_no": 7782,
                    "operating_carrier": "EW",
                    "operating_flight_no": "7782",
                    "fare_basis": "",
                    "fare_category": "M",
                    "fare_classes": "",
                    "return": 1,
                    "bags_recheck_required": false,
                    "vi_connection": false,
                    "guarantee": false,
                    "equipment": null,
                    "vehicle_type": "aircraft"
                }
            ],
            "booking_token": "Hu9B4XpbE1OlzrEX3w9hAOAhw3Ce5hV1TQEwGoV4MmnrYm1dSqsiQe4lnqsoT-0GUmPgyqPk_P8ig5baVdbdZlsYk-1kHEqxbgidX4JvPYLn1mrKOe5IgrCfthZ3L9EqorbOOUBzaSH9QGAlpLp65pVuhmWBb1ZH8YZvWXyhnzBj0VoDWyKaiHVCWRM5L4NUbPolErDGY2-73qY0q5rJdhU-MEmx4tZFOJ_mA-7F9msrAqY364ORlbv9rZT6EVx3n3sLt3ww6pQ2pWkQWw3JAP2U0nF1QwQSJvXw-w8vJ1N-y9odHsbVbwdT2jBx0actUsSzAlGJw8pRbQ14pKVF8eoEzSf0kXTlIYxN_lc0kxyZacGE7SEqn9WK7YqjoEyk8XsBH6CW-kjMvBJ6wUENMvhP5RAmQHMoJIaEsOFa-509APZzYuL6Jt4LQOeByLH72qIiaZjwf7C9rn1pmrpR3jcy1Pxo0EwqT2Inqxbiy3pOdmaUsLvZj4Il5HL-ZmL1_HiwRbitsWFQ0r9LpdVYt_JwaFHscGX4TleiZJcfRVLwV0t4jp8e5kTFUy_eMx86E5F04ZfaTgYvVS-xVr8jGPJy41y3cY-PH8Q8ZTHeQd1astM_cYjXSRPkyLCz4LcPCRa8dvReQBCmQsbchgaEAxSXDLraYeXNrd3FFalJTQaDk1_Wq8kgGaxuVlHce0THC",
            "deep_link": "https://www.kiwi.com/deep?affilid=mihalytest&currency=EUR&flightsId=0b7717884dfb0000b92e0525_0%7C17880b774dff00009c647f37_0&from=BUD&lang=en&passengers=1&to=HAM&booking_token=Hu9B4XpbE1OlzrEX3w9hAOAhw3Ce5hV1TQEwGoV4MmnrYm1dSqsiQe4lnqsoT-0GUmPgyqPk_P8ig5baVdbdZlsYk-1kHEqxbgidX4JvPYLn1mrKOe5IgrCfthZ3L9EqorbOOUBzaSH9QGAlpLp65pVuhmWBb1ZH8YZvWXyhnzBj0VoDWyKaiHVCWRM5L4NUbPolErDGY2-73qY0q5rJdhU-MEmx4tZFOJ_mA-7F9msrAqY364ORlbv9rZT6EVx3n3sLt3ww6pQ2pWkQWw3JAP2U0nF1QwQSJvXw-w8vJ1N-y9odHsbVbwdT2jBx0actUsSzAlGJw8pRbQ14pKVF8eoEzSf0kXTlIYxN_lc0kxyZacGE7SEqn9WK7YqjoEyk8XsBH6CW-kjMvBJ6wUENMvhP5RAmQHMoJIaEsOFa-509APZzYuL6Jt4LQOeByLH72qIiaZjwf7C9rn1pmrpR3jcy1Pxo0EwqT2Inqxbiy3pOdmaUsLvZj4Il5HL-ZmL1_HiwRbitsWFQ0r9LpdVYt_JwaFHscGX4TleiZJcfRVLwV0t4jp8e5kTFUy_eMx86E5F04ZfaTgYvVS-xVr8jGPJy41y3cY-PH8Q8ZTHeQd1astM_cYjXSRPkyLCz4LcPCRa8dvReQBCmQsbchgaEAxSXDLraYeXNrd3FFalJTQaDk1_Wq8kgGaxuVlHce0THC",
            "facilitated_booking_available": true,
            "pnr_count": 2,
            "has_airport_change": false,
            "technical_stops": 0,
            "throw_away_ticketing": false,
            "hidden_city_ticketing": false,
            "virtual_interlining": false
        },
        {
            "id": "0b7717884df9000016ee0557_0|17880b774dfb000066f22fb2_0",
            "flyFrom": "BUD",
            "flyTo": "HAM",
            "cityFrom": "Budapest",
            "cityCodeFrom": "BUD",
            "cityTo": "Hamburg",
            "cityCodeTo": "HAM",
            "countryFrom": {
                "code": "HU",
                "name": "Hungary"
            },
            "countryTo": {
                "code": "DE",
                "name": "Germany"
            },
            "local_departure": "2024-08-26T08:40:00.000Z",
            "utc_departure": "2024-08-26T06:40:00.000Z",
            "local_arrival": "2024-08-26T10:25:00.000Z",
            "utc_arrival": "2024-08-26T08:25:00.000Z",
            "nightsInDest": 2,
            "quality": 243.333205,
            "distance": 949.98,
            "duration": {
                "departure": 6300,
                "return": 6000,
                "total": 12300
            },
            "price": 192,
            "conversion": {
                "EUR": 192
            },
            "fare": {
                "adults": 192,
                "children": 192,
                "infants": 192
            },
            "fare_locks": {
                "EUR": [
                    {
                        "default": false,
                        "duration": "P1D",
                        "itinerary_price_limit": 392,
                        "itinerary_price_remaining": 192,
                        "fare_lock_kind": "fee",
                        "price": 9.6,
                        "rule_instance_id": 26749,
                        "version": "v1"
                    },
                    {
                        "default": true,
                        "duration": "P3D",
                        "itinerary_price_limit": 392,
                        "itinerary_price_remaining": 192,
                        "fare_lock_kind": "fee",
                        "price": 19.2,
                        "rule_instance_id": 26748,
                        "version": "v1"
                    },
                    {
                        "default": false,
                        "duration": "P7D",
                        "itinerary_price_limit": 392,
                        "itinerary_price_remaining": 192,
                        "fare_lock_kind": "fee",
                        "price": 48,
                        "rule_instance_id": 26750,
                        "version": "v1"
                    }
                ]
            },
            "bags_price": {
                "1": 72.8,
                "2": 282.8
            },
            "baglimit": {
                "hand_dimensions_sum": 118,
                "hand_height": 40,
                "hand_length": 55,
                "hand_weight": 8,
                "hand_width": 23,
                "hold_dimensions_sum": 158,
                "hold_height": 52,
                "hold_length": 78,
                "hold_weight": 23,
                "hold_width": 28,
                "personal_item_dimension_sum": 95,
                "personal_item_height": 30,
                "personal_item_length": 40,
                "personal_item_weight": 8,
                "personal_item_width": 25
            },
            "availability": {
                "seats": 5
            },
            "airlines": [
                "EW"
            ],
            "route": [
                {
                    "id": "0b7717884df9000016ee0557_0",
                    "combination_id": "0b7717884df9000016ee0557",
                    "flyFrom": "BUD",
                    "flyTo": "HAM",
                    "cityFrom": "Budapest",
                    "cityCodeFrom": "BUD",
                    "cityTo": "Hamburg",
                    "cityCodeTo": "HAM",
                    "local_departure": "2024-08-26T08:40:00.000Z",
                    "utc_departure": "2024-08-26T06:40:00.000Z",
                    "local_arrival": "2024-08-26T10:25:00.000Z",
                    "utc_arrival": "2024-08-26T08:25:00.000Z",
                    "airline": "EW",
                    "flight_no": 7785,
                    "operating_carrier": "EW",
                    "operating_flight_no": "7785",
                    "fare_basis": "",
                    "fare_category": "M",
                    "fare_classes": "K",
                    "return": 0,
                    "bags_recheck_required": false,
                    "vi_connection": false,
                    "guarantee": false,
                    "equipment": null,
                    "vehicle_type": "aircraft"
                },
                {
                    "id": "17880b774dfb000066f22fb2_0",
                    "combination_id": "17880b774dfb000066f22fb2",
                    "flyFrom": "HAM",
                    "flyTo": "BUD",
                    "cityFrom": "Hamburg",
                    "cityCodeFrom": "HAM",
                    "cityTo": "Budapest",
                    "cityCodeTo": "BUD",
                    "local_departure": "2024-08-28T18:25:00.000Z",
                    "utc_departure": "2024-08-28T16:25:00.000Z",
                    "local_arrival": "2024-08-28T20:05:00.000Z",
                    "utc_arrival": "2024-08-28T18:05:00.000Z",
                    "airline": "EW",
                    "flight_no": 7782,
                    "operating_carrier": "EW",
                    "operating_flight_no": "7782",
                    "fare_basis": "",
                    "fare_category": "M",
                    "fare_classes": "",
                    "return": 1,
                    "bags_recheck_required": false,
                    "vi_connection": false,
                    "guarantee": false,
                    "equipment": null,
                    "vehicle_type": "aircraft"
                }
            ],
            "booking_token": "H1wqiICsdcrMhmEJbMHSpuDgVJJk_6z63abS0rf7PTNBz9eSoQm-smBG9nyGsmsGzrhL1B35mrkHV6p0f1Iic7_j9iS8uFzzBglJ5vwUzX0SX4RMsVM5CDyCgTqMrraPaCXv12pNqHT-vomrdUyNZ2if1rA_l_8wrWBnx7D5TFE-WObx6TqKk_kOsamZjuE7TMC7b6ro1lq7fp1vfPm856xwodzWGMTzDf_oryTccp8WRY8mehehrFRXBgN8cMMW1ZnCDrkreRBLHXhvoE48I3akjHpONL2QnoMrgRmjFimEmBTnws9cRZAxpen1lPSNclt6wn88WT8QE8uK0wJaNIoR-K3p0D37yIcv6_u5ic0Z4x-6i1Yc9_8XacKpdXfg0zBZGnxaSYpre-xRstUmB0qaQULlvgh6DVq5s_UoO25iw4RDdMCqsDZEZWH8DUYwjbhkKCB3Ss9MLKw0_zesI3lf9GeFHZVlANG7bMzO4OqVdGE2qT0f4Bri8D1nl37ND4oHTmt5MIAjwYy7Q9nR_XHzlbtGxWMAC_de3F5DpD9alBSSu7rZUehFu6qpOQBn4oB9h3msnFPYldkgOdDnQsLFyuFLDHY7-SewTgiJmKrzsJkyyotHHL-zENtJNw0aBnlIx_HTuRDGOtUWfNwFf9NTDq65ozvZ9tUVbvCZdyP8qjShD8HHh9A0tzH1NGJ0v",
            "deep_link": "https://www.kiwi.com/deep?affilid=mihalytest&currency=EUR&flightsId=0b7717884df9000016ee0557_0%7C17880b774dfb000066f22fb2_0&from=BUD&lang=en&passengers=1&to=HAM&booking_token=H1wqiICsdcrMhmEJbMHSpuDgVJJk_6z63abS0rf7PTNBz9eSoQm-smBG9nyGsmsGzrhL1B35mrkHV6p0f1Iic7_j9iS8uFzzBglJ5vwUzX0SX4RMsVM5CDyCgTqMrraPaCXv12pNqHT-vomrdUyNZ2if1rA_l_8wrWBnx7D5TFE-WObx6TqKk_kOsamZjuE7TMC7b6ro1lq7fp1vfPm856xwodzWGMTzDf_oryTccp8WRY8mehehrFRXBgN8cMMW1ZnCDrkreRBLHXhvoE48I3akjHpONL2QnoMrgRmjFimEmBTnws9cRZAxpen1lPSNclt6wn88WT8QE8uK0wJaNIoR-K3p0D37yIcv6_u5ic0Z4x-6i1Yc9_8XacKpdXfg0zBZGnxaSYpre-xRstUmB0qaQULlvgh6DVq5s_UoO25iw4RDdMCqsDZEZWH8DUYwjbhkKCB3Ss9MLKw0_zesI3lf9GeFHZVlANG7bMzO4OqVdGE2qT0f4Bri8D1nl37ND4oHTmt5MIAjwYy7Q9nR_XHzlbtGxWMAC_de3F5DpD9alBSSu7rZUehFu6qpOQBn4oB9h3msnFPYldkgOdDnQsLFyuFLDHY7-SewTgiJmKrzsJkyyotHHL-zENtJNw0aBnlIx_HTuRDGOtUWfNwFf9NTDq65ozvZ9tUVbvCZdyP8qjShD8HHh9A0tzH1NGJ0v",
            "facilitated_booking_available": true,
            "pnr_count": 2,
            "has_airport_change": false,
            "technical_stops": 0,
            "throw_away_ticketing": false,
            "hidden_city_ticketing": false,
            "virtual_interlining": false
        },
        {
            "id": "0b7717884dfd000092ce83ae_0|17880b774e030000a956be9e_0",
            "flyFrom": "BUD",
            "flyTo": "HAM",
            "cityFrom": "Budapest",
            "cityCodeFrom": "BUD",
            "cityTo": "Hamburg",
            "cityCodeTo": "HAM",
            "countryFrom": {
                "code": "HU",
                "name": "Hungary"
            },
            "countryTo": {
                "code": "DE",
                "name": "Germany"
            },
            "local_departure": "2024-08-30T20:45:00.000Z",
            "utc_departure": "2024-08-30T18:45:00.000Z",
            "local_arrival": "2024-08-30T22:30:00.000Z",
            "utc_arrival": "2024-08-30T20:30:00.000Z",
            "nightsInDest": 6,
            "quality": 243.333205,
            "distance": 949.98,
            "duration": {
                "departure": 6300,
                "return": 6000,
                "total": 12300
            },
            "price": 192,
            "conversion": {
                "EUR": 192
            },
            "fare": {
                "adults": 192,
                "children": 192,
                "infants": 192
            },
            "fare_locks": {
                "EUR": [
                    {
                        "default": false,
                        "duration": "P1D",
                        "itinerary_price_limit": 392,
                        "itinerary_price_remaining": 192,
                        "fare_lock_kind": "fee",
                        "price": 9.6,
                        "rule_instance_id": 26749,
                        "version": "v1"
                    },
                    {
                        "default": true,
                        "duration": "P3D",
                        "itinerary_price_limit": 392,
                        "itinerary_price_remaining": 192,
                        "fare_lock_kind": "fee",
                        "price": 19.2,
                        "rule_instance_id": 26748,
                        "version": "v1"
                    },
                    {
                        "default": false,
                        "duration": "P7D",
                        "itinerary_price_limit": 392,
                        "itinerary_price_remaining": 192,
                        "fare_lock_kind": "fee",
                        "price": 48,
                        "rule_instance_id": 26750,
                        "version": "v1"
                    }
                ]
            },
            "bags_price": {
                "1": 72.8,
                "2": 282.8
            },
            "baglimit": {
                "hand_dimensions_sum": 118,
                "hand_height": 40,
                "hand_length": 55,
                "hand_weight": 8,
                "hand_width": 23,
                "hold_dimensions_sum": 158,
                "hold_height": 52,
                "hold_length": 78,
                "hold_weight": 23,
                "hold_width": 28,
                "personal_item_dimension_sum": 95,
                "personal_item_height": 30,
                "personal_item_length": 40,
                "personal_item_weight": 8,
                "personal_item_width": 25
            },
            "availability": {
                "seats": 2
            },
            "airlines": [
                "EW"
            ],
            "route": [
                {
                    "id": "0b7717884dfd000092ce83ae_0",
                    "combination_id": "0b7717884dfd000092ce83ae",
                    "flyFrom": "BUD",
                    "flyTo": "HAM",
                    "cityFrom": "Budapest",
                    "cityCodeFrom": "BUD",
                    "cityTo": "Hamburg",
                    "cityCodeTo": "HAM",
                    "local_departure": "2024-08-30T20:45:00.000Z",
                    "utc_departure": "2024-08-30T18:45:00.000Z",
                    "local_arrival": "2024-08-30T22:30:00.000Z",
                    "utc_arrival": "2024-08-30T20:30:00.000Z",
                    "airline": "EW",
                    "flight_no": 7783,
                    "operating_carrier": "EW",
                    "operating_flight_no": "7783",
                    "fare_basis": "",
                    "fare_category": "M",
                    "fare_classes": "",
                    "return": 0,
                    "bags_recheck_required": false,
                    "vi_connection": false,
                    "guarantee": false,
                    "equipment": null,
                    "vehicle_type": "aircraft"
                },
                {
                    "id": "17880b774e030000a956be9e_0",
                    "combination_id": "17880b774e030000a956be9e",
                    "flyFrom": "HAM",
                    "flyTo": "BUD",
                    "cityFrom": "Hamburg",
                    "cityCodeFrom": "HAM",
                    "cityTo": "Budapest",
                    "cityCodeTo": "BUD",
                    "local_departure": "2024-09-05T18:25:00.000Z",
                    "utc_departure": "2024-09-05T16:25:00.000Z",
                    "local_arrival": "2024-09-05T20:05:00.000Z",
                    "utc_arrival": "2024-09-05T18:05:00.000Z",
                    "airline": "EW",
                    "flight_no": 7782,
                    "operating_carrier": "EW",
                    "operating_flight_no": "7782",
                    "fare_basis": "",
                    "fare_category": "M",
                    "fare_classes": "",
                    "return": 1,
                    "bags_recheck_required": false,
                    "vi_connection": false,
                    "guarantee": false,
                    "equipment": null,
                    "vehicle_type": "aircraft"
                }
            ],
            "booking_token": "H_xnROYVNHX8vNAJGoKsTZcJlGEbv0bPOn9REeDlf3pp_wb92-LKVtRerywUab18m3JCVUNXsaU0rfr1dAIjAI7wworkBWP_O8hb0CiJMEDbt6yB4y7NrjjNeeUbqfPHqNbhPPXNXrDjha07YgtLNcv8ViHqCGdcriArhxttSqnijuxaBOeS15z6bjUdGMSvH5tN24YifA97Hbp2qqdU5GDLZDZT-R5S20Gp59kr4qbQfXgGdZomN5vlvKyczN_sVfSo6rGpSIxP2YQhd2L9WEIDkyn0o2PlFXkEbF_gWFkU3yuyDiYSUj1MZk9TRa252SL_G9Rt_4ISDpfwl2-EcxBY-go0IXbho0sG0t71B3qqM23yzGLwQNjdd70WAf8c71CHkmdWVjbVo8Svg0Lsf_R3UYriP4ksCY7PAYnbTkPHfIloS8uByK9N89rrlxP6gBqw0J3ebgJJDlqu8WE22DkcVybFFjCf2PKVh1Ma_HHirfrXpUdADnVspKL5Z_odkWeuI9zd8hpLM11UIhfm6SmRJXrlPCN04VdrTsx-Y_MbCMnldGgMPM1-KOmabJn0QekQLQ9i_XfGGVRDEF4q6WbN0RVm4pVPw8BPB4bAuwBH4SZ33yyODAYEQOCd7NM2cnlZlyMaxkkUapDjCvslTD--GqalU4XY9JjOP_PA1SxZA-Iou69mMG65r13G_rsaV2ZzS_eUIgQVgPzJUM_LWjw==",
            "deep_link": "https://www.kiwi.com/deep?affilid=mihalytest&currency=EUR&flightsId=0b7717884dfd000092ce83ae_0%7C17880b774e030000a956be9e_0&from=BUD&lang=en&passengers=1&to=HAM&booking_token=H_xnROYVNHX8vNAJGoKsTZcJlGEbv0bPOn9REeDlf3pp_wb92-LKVtRerywUab18m3JCVUNXsaU0rfr1dAIjAI7wworkBWP_O8hb0CiJMEDbt6yB4y7NrjjNeeUbqfPHqNbhPPXNXrDjha07YgtLNcv8ViHqCGdcriArhxttSqnijuxaBOeS15z6bjUdGMSvH5tN24YifA97Hbp2qqdU5GDLZDZT-R5S20Gp59kr4qbQfXgGdZomN5vlvKyczN_sVfSo6rGpSIxP2YQhd2L9WEIDkyn0o2PlFXkEbF_gWFkU3yuyDiYSUj1MZk9TRa252SL_G9Rt_4ISDpfwl2-EcxBY-go0IXbho0sG0t71B3qqM23yzGLwQNjdd70WAf8c71CHkmdWVjbVo8Svg0Lsf_R3UYriP4ksCY7PAYnbTkPHfIloS8uByK9N89rrlxP6gBqw0J3ebgJJDlqu8WE22DkcVybFFjCf2PKVh1Ma_HHirfrXpUdADnVspKL5Z_odkWeuI9zd8hpLM11UIhfm6SmRJXrlPCN04VdrTsx-Y_MbCMnldGgMPM1-KOmabJn0QekQLQ9i_XfGGVRDEF4q6WbN0RVm4pVPw8BPB4bAuwBH4SZ33yyODAYEQOCd7NM2cnlZlyMaxkkUapDjCvslTD--GqalU4XY9JjOP_PA1SxZA-Iou69mMG65r13G_rsaV2ZzS_eUIgQVgPzJUM_LWjw==",
            "facilitated_booking_available": true,
            "pnr_count": 2,
            "has_airport_change": false,
            "technical_stops": 0,
            "throw_away_ticketing": false,
            "hidden_city_ticketing": false,
            "virtual_interlining": false
        },
        {
            "id": "0b7717884e770000ee128e5d_0|17880b774e7d00009bbf2a48_0",
            "flyFrom": "BUD",
            "flyTo": "HAM",
            "cityFrom": "Budapest",
            "cityCodeFrom": "BUD",
            "cityTo": "Hamburg",
            "cityCodeTo": "HAM",
            "countryFrom": {
                "code": "HU",
                "name": "Hungary"
            },
            "countryTo": {
                "code": "DE",
                "name": "Germany"
            },
            "local_departure": "2024-12-30T09:15:00.000Z",
            "utc_departure": "2024-12-30T08:15:00.000Z",
            "local_arrival": "2024-12-30T11:05:00.000Z",
            "utc_arrival": "2024-12-30T10:05:00.000Z",
            "nightsInDest": 6,
            "quality": 244.666535,
            "distance": 949.98,
            "duration": {
                "departure": 6600,
                "return": 6300,
                "total": 12900
            },
            "price": 192,
            "conversion": {
                "EUR": 192
            },
            "fare": {
                "adults": 192,
                "children": 192,
                "infants": 192
            },
            "fare_locks": {
                "EUR": [
                    {
                        "default": false,
                        "duration": "P1D",
                        "itinerary_price_limit": 392,
                        "itinerary_price_remaining": 192,
                        "fare_lock_kind": "fee",
                        "price": 9.6,
                        "rule_instance_id": 26749,
                        "version": "v1"
                    },
                    {
                        "default": true,
                        "duration": "P3D",
                        "itinerary_price_limit": 392,
                        "itinerary_price_remaining": 192,
                        "fare_lock_kind": "fee",
                        "price": 19.2,
                        "rule_instance_id": 26748,
                        "version": "v1"
                    },
                    {
                        "default": false,
                        "duration": "P7D",
                        "itinerary_price_limit": 392,
                        "itinerary_price_remaining": 192,
                        "fare_lock_kind": "fee",
                        "price": 48,
                        "rule_instance_id": 26750,
                        "version": "v1"
                    }
                ]
            },
            "bags_price": {
                "1": 72.8,
                "2": 282.8
            },
            "baglimit": {
                "hand_dimensions_sum": 118,
                "hand_height": 40,
                "hand_length": 55,
                "hand_weight": 8,
                "hand_width": 23,
                "hold_dimensions_sum": 158,
                "hold_height": 52,
                "hold_length": 78,
                "hold_weight": 23,
                "hold_width": 28,
                "personal_item_dimension_sum": 95,
                "personal_item_height": 30,
                "personal_item_length": 40,
                "personal_item_weight": 8,
                "personal_item_width": 25
            },
            "availability": {
                "seats": 9
            },
            "airlines": [
                "EW"
            ],
            "route": [
                {
                    "id": "0b7717884e770000ee128e5d_0",
                    "combination_id": "0b7717884e770000ee128e5d",
                    "flyFrom": "BUD",
                    "flyTo": "HAM",
                    "cityFrom": "Budapest",
                    "cityCodeFrom": "BUD",
                    "cityTo": "Hamburg",
                    "cityCodeTo": "HAM",
                    "local_departure": "2024-12-30T09:15:00.000Z",
                    "utc_departure": "2024-12-30T08:15:00.000Z",
                    "local_arrival": "2024-12-30T11:05:00.000Z",
                    "utc_arrival": "2024-12-30T10:05:00.000Z",
                    "airline": "EW",
                    "flight_no": 7781,
                    "operating_carrier": "EW",
                    "operating_flight_no": "7781",
                    "fare_basis": "",
                    "fare_category": "M",
                    "fare_classes": "",
                    "return": 0,
                    "bags_recheck_required": false,
                    "vi_connection": false,
                    "guarantee": false,
                    "equipment": null,
                    "vehicle_type": "aircraft"
                },
                {
                    "id": "17880b774e7d00009bbf2a48_0",
                    "combination_id": "17880b774e7d00009bbf2a48",
                    "flyFrom": "HAM",
                    "flyTo": "BUD",
                    "cityFrom": "Hamburg",
                    "cityCodeFrom": "HAM",
                    "cityTo": "Budapest",
                    "cityCodeTo": "BUD",
                    "local_departure": "2025-01-05T13:05:00.000Z",
                    "utc_departure": "2025-01-05T12:05:00.000Z",
                    "local_arrival": "2025-01-05T14:50:00.000Z",
                    "utc_arrival": "2025-01-05T13:50:00.000Z",
                    "airline": "EW",
                    "flight_no": 7780,
                    "operating_carrier": "EW",
                    "operating_flight_no": "7780",
                    "fare_basis": "",
                    "fare_category": "M",
                    "fare_classes": "",
                    "return": 1,
                    "bags_recheck_required": false,
                    "vi_connection": false,
                    "guarantee": false,
                    "equipment": null,
                    "vehicle_type": "aircraft"
                }
            ],
            "booking_token": "Hh7QHCKDqRhwBRL2oqh3LLOw98DdZzsxaN2e2eqBneef4y0emH11EnzZjzrtNpX2t3EI2uJDHHqf3IjESwdHb3NxS2J6HzYqlPMnVrqJyd2GCgAPI3-61p0uxCveXhYR77AQCrF4fvcKpEr9fWwup-mKF3iCjhxBI15aXkHFsdfhbiJoiy_bu1zT7MhLldzjCtvfZy9fatOX0XLnsXYsUBC6yOA7t8ejr5enOBcQdLVzR3fW0TaBUUhmsOTbC6abgujJUG7RPa4ZTzat5BvLJCtVWIhrzAsRghuYLTc5u40JSN-XZ-tX2JM4_SmeDpjo1nrz2iZqd63cUUs7ZuxtbQRcfW6sp5bN_GZCcpUMX1-U6o5aBxc6oSV7A7hcpaYIob3NmF3xYD6_F89y7CcQwRjS0DHHxT8p9REMX2O3r7BFTLuArH2cOQ1cBFjMzZQK3A9_ACAHmIPqVXNyqZw4RUcPKKcFmIGfvecHRIWhzliWmC2S6AeMwgfMwpFjn34ShEj2Cp52fgcUKjGUfnlOOBz4N5p_OrarAUpJ2rnUC0zHjny3qlo4MRH9OKt7AZLwiLksUpWOI3oy7TK8KPhEc7WSI-nB7P7cRL8C4NP4jYTNe2S8H8gV9B58ZdHGsBf55Tb4DS5xZd6RQY1O4hBvDaCJsX7Mg-Es5xQyEl0rIuluoJIyOUK_SGafp1d78NzMC",
            "deep_link": "https://www.kiwi.com/deep?affilid=mihalytest&currency=EUR&flightsId=0b7717884e770000ee128e5d_0%7C17880b774e7d00009bbf2a48_0&from=BUD&lang=en&passengers=1&to=HAM&booking_token=Hh7QHCKDqRhwBRL2oqh3LLOw98DdZzsxaN2e2eqBneef4y0emH11EnzZjzrtNpX2t3EI2uJDHHqf3IjESwdHb3NxS2J6HzYqlPMnVrqJyd2GCgAPI3-61p0uxCveXhYR77AQCrF4fvcKpEr9fWwup-mKF3iCjhxBI15aXkHFsdfhbiJoiy_bu1zT7MhLldzjCtvfZy9fatOX0XLnsXYsUBC6yOA7t8ejr5enOBcQdLVzR3fW0TaBUUhmsOTbC6abgujJUG7RPa4ZTzat5BvLJCtVWIhrzAsRghuYLTc5u40JSN-XZ-tX2JM4_SmeDpjo1nrz2iZqd63cUUs7ZuxtbQRcfW6sp5bN_GZCcpUMX1-U6o5aBxc6oSV7A7hcpaYIob3NmF3xYD6_F89y7CcQwRjS0DHHxT8p9REMX2O3r7BFTLuArH2cOQ1cBFjMzZQK3A9_ACAHmIPqVXNyqZw4RUcPKKcFmIGfvecHRIWhzliWmC2S6AeMwgfMwpFjn34ShEj2Cp52fgcUKjGUfnlOOBz4N5p_OrarAUpJ2rnUC0zHjny3qlo4MRH9OKt7AZLwiLksUpWOI3oy7TK8KPhEc7WSI-nB7P7cRL8C4NP4jYTNe2S8H8gV9B58ZdHGsBf55Tb4DS5xZd6RQY1O4hBvDaCJsX7Mg-Es5xQyEl0rIuluoJIyOUK_SGafp1d78NzMC",
            "facilitated_booking_available": true,
            "pnr_count": 2,
            "has_airport_change": false,
            "technical_stops": 0,
            "throw_away_ticketing": false,
            "hidden_city_ticketing": false,
            "virtual_interlining": false
        },
        {
            "id": "0b7717884e7b0000cd199c60_0|17880b774e7d00009bbf2a48_0",
            "flyFrom": "BUD",
            "flyTo": "HAM",
            "cityFrom": "Budapest",
            "cityCodeFrom": "BUD",
            "cityTo": "Hamburg",
            "cityCodeTo": "HAM",
            "countryFrom": {
                "code": "HU",
                "name": "Hungary"
            },
            "countryTo": {
                "code": "DE",
                "name": "Germany"
            },
            "local_departure": "2025-01-03T20:35:00.000Z",
            "utc_departure": "2025-01-03T19:35:00.000Z",
            "local_arrival": "2025-01-03T22:25:00.000Z",
            "utc_arrival": "2025-01-03T21:25:00.000Z",
            "nightsInDest": 2,
            "quality": 244.666535,
            "distance": 949.98,
            "duration": {
                "departure": 6600,
                "return": 6300,
                "total": 12900
            },
            "price": 192,
            "conversion": {
                "EUR": 192
            },
            "fare": {
                "adults": 192,
                "children": 192,
                "infants": 192
            },
            "fare_locks": {
                "EUR": [
                    {
                        "default": false,
                        "duration": "P1D",
                        "itinerary_price_limit": 392,
                        "itinerary_price_remaining": 192,
                        "fare_lock_kind": "fee",
                        "price": 9.6,
                        "rule_instance_id": 26749,
                        "version": "v1"
                    },
                    {
                        "default": true,
                        "duration": "P3D",
                        "itinerary_price_limit": 392,
                        "itinerary_price_remaining": 192,
                        "fare_lock_kind": "fee",
                        "price": 19.2,
                        "rule_instance_id": 26748,
                        "version": "v1"
                    },
                    {
                        "default": false,
                        "duration": "P7D",
                        "itinerary_price_limit": 392,
                        "itinerary_price_remaining": 192,
                        "fare_lock_kind": "fee",
                        "price": 48,
                        "rule_instance_id": 26750,
                        "version": "v1"
                    }
                ]
            },
            "bags_price": {
                "1": 72.8,
                "2": 282.8
            },
            "baglimit": {
                "hand_dimensions_sum": 118,
                "hand_height": 40,
                "hand_length": 55,
                "hand_weight": 8,
                "hand_width": 23,
                "hold_dimensions_sum": 158,
                "hold_height": 52,
                "hold_length": 78,
                "hold_weight": 23,
                "hold_width": 28,
                "personal_item_dimension_sum": 95,
                "personal_item_height": 30,
                "personal_item_length": 40,
                "personal_item_weight": 8,
                "personal_item_width": 25
            },
            "availability": {
                "seats": 9
            },
            "airlines": [
                "EW"
            ],
            "route": [
                {
                    "id": "0b7717884e7b0000cd199c60_0",
                    "combination_id": "0b7717884e7b0000cd199c60",
                    "flyFrom": "BUD",
                    "flyTo": "HAM",
                    "cityFrom": "Budapest",
                    "cityCodeFrom": "BUD",
                    "cityTo": "Hamburg",
                    "cityCodeTo": "HAM",
                    "local_departure": "2025-01-03T20:35:00.000Z",
                    "utc_departure": "2025-01-03T19:35:00.000Z",
                    "local_arrival": "2025-01-03T22:25:00.000Z",
                    "utc_arrival": "2025-01-03T21:25:00.000Z",
                    "airline": "EW",
                    "flight_no": 7781,
                    "operating_carrier": "EW",
                    "operating_flight_no": "7781",
                    "fare_basis": "",
                    "fare_category": "M",
                    "fare_classes": "",
                    "return": 0,
                    "bags_recheck_required": false,
                    "vi_connection": false,
                    "guarantee": false,
                    "equipment": null,
                    "vehicle_type": "aircraft"
                },
                {
                    "id": "17880b774e7d00009bbf2a48_0",
                    "combination_id": "17880b774e7d00009bbf2a48",
                    "flyFrom": "HAM",
                    "flyTo": "BUD",
                    "cityFrom": "Hamburg",
                    "cityCodeFrom": "HAM",
                    "cityTo": "Budapest",
                    "cityCodeTo": "BUD",
                    "local_departure": "2025-01-05T13:05:00.000Z",
                    "utc_departure": "2025-01-05T12:05:00.000Z",
                    "local_arrival": "2025-01-05T14:50:00.000Z",
                    "utc_arrival": "2025-01-05T13:50:00.000Z",
                    "airline": "EW",
                    "flight_no": 7780,
                    "operating_carrier": "EW",
                    "operating_flight_no": "7780",
                    "fare_basis": "",
                    "fare_category": "M",
                    "fare_classes": "",
                    "return": 1,
                    "bags_recheck_required": false,
                    "vi_connection": false,
                    "guarantee": false,
                    "equipment": null,
                    "vehicle_type": "aircraft"
                }
            ],
            "booking_token": "HlzSmPAjE1xc__VfDKZUnaFCAv_ExG7_gXpQIbfB0lEq3QGuzbE-WnXeb26KyjMnOPdC7zWQBP5kuAnS2cY24P_istIKDqsvP4W5CceVav1ECyvocUu3OFTneV3qpL6ejSDEvqLBaRyjks4ooTpRs0xgTP7Xu34XQKSL28Yn1iErq1ExwO8kJHMqbMxwtsiCViD9SmCnszQxsqvUQJ6nofB6xuPOxTa281kih9kf-4sugmpaIEtRzCYs3u9esf421mr__rclUv9K3z2aY41kzGWThQqIl7w2do2PAZBIddgLx-cifI0cbqIvpjuAiZQQ_fdDp7bIdzvuiM2-Bc0zfpN-8jHurHm3ztGP7RxijDFt32AExBuX8e8E60bftdFGTqejNB0XWqIb1c3uqkeaDvZ_d5xOKIBHKt9KuYkOG_3RMm4Xd_NNMpGrWCiH05mSviQcYYR80Fdbr5LkemPttxMMt2S1GshZSe23QaxGpvfaIBSeal6Y403gEvcLGHsWQ3zIKnr0NXlbYBY_aM4LyBHk2fljsYHzxTuXJndgEn6dB2lo5N9P9_JFAecrwszn8Tbq8FBIeu-FHXV9rXQ5G8xTgiuz8xxZpgJ-uA1aCvk-xOZfd1sSLFBwrPgeRHL96KSqzspjRXku6PwcTtxNOHcQAPtAYE0O-tYqHmEoETz5G7gyElOKFXNH3lWMpLemTyXiHjWTYyLZXjdxu-neP8Q==",
            "deep_link": "https://www.kiwi.com/deep?affilid=mihalytest&currency=EUR&flightsId=0b7717884e7b0000cd199c60_0%7C17880b774e7d00009bbf2a48_0&from=BUD&lang=en&passengers=1&to=HAM&booking_token=HlzSmPAjE1xc__VfDKZUnaFCAv_ExG7_gXpQIbfB0lEq3QGuzbE-WnXeb26KyjMnOPdC7zWQBP5kuAnS2cY24P_istIKDqsvP4W5CceVav1ECyvocUu3OFTneV3qpL6ejSDEvqLBaRyjks4ooTpRs0xgTP7Xu34XQKSL28Yn1iErq1ExwO8kJHMqbMxwtsiCViD9SmCnszQxsqvUQJ6nofB6xuPOxTa281kih9kf-4sugmpaIEtRzCYs3u9esf421mr__rclUv9K3z2aY41kzGWThQqIl7w2do2PAZBIddgLx-cifI0cbqIvpjuAiZQQ_fdDp7bIdzvuiM2-Bc0zfpN-8jHurHm3ztGP7RxijDFt32AExBuX8e8E60bftdFGTqejNB0XWqIb1c3uqkeaDvZ_d5xOKIBHKt9KuYkOG_3RMm4Xd_NNMpGrWCiH05mSviQcYYR80Fdbr5LkemPttxMMt2S1GshZSe23QaxGpvfaIBSeal6Y403gEvcLGHsWQ3zIKnr0NXlbYBY_aM4LyBHk2fljsYHzxTuXJndgEn6dB2lo5N9P9_JFAecrwszn8Tbq8FBIeu-FHXV9rXQ5G8xTgiuz8xxZpgJ-uA1aCvk-xOZfd1sSLFBwrPgeRHL96KSqzspjRXku6PwcTtxNOHcQAPtAYE0O-tYqHmEoETz5G7gyElOKFXNH3lWMpLemTyXiHjWTYyLZXjdxu-neP8Q==",
            "facilitated_booking_available": true,
            "pnr_count": 2,
            "has_airport_change": false,
            "technical_stops": 0,
            "throw_away_ticketing": false,
            "hidden_city_ticketing": false,
            "virtual_interlining": false
        },
        {
            "id": "0b7717884e184e1c444be06e_0|0b7717884e184e1c444be06e_1|0b7717884e184e1c444be06e_2|0b7717884e184e1c444be06e_3",
            "flyFrom": "BUD",
            "flyTo": "HAM",
            "cityFrom": "Budapest",
            "cityCodeFrom": "BUD",
            "cityTo": "Hamburg",
            "cityCodeTo": "HAM",
            "countryFrom": {
                "code": "HU",
                "name": "Hungary"
            },
            "countryTo": {
                "code": "DE",
                "name": "Germany"
            },
            "local_departure": "2024-09-26T11:20:00.000Z",
            "utc_departure": "2024-09-26T09:20:00.000Z",
            "local_arrival": "2024-09-26T14:10:00.000Z",
            "utc_arrival": "2024-09-26T12:10:00.000Z",
            "nightsInDest": 4,
            "quality": 265.33315,
            "distance": 949.98,
            "duration": {
                "departure": 10200,
                "return": 12000,
                "total": 22200
            },
            "price": 192,
            "conversion": {
                "EUR": 192
            },
            "fare": {
                "adults": 192,
                "children": 192,
                "infants": 192
            },
            "fare_locks": {
                "EUR": [
                    {
                        "default": false,
                        "duration": "P1D",
                        "itinerary_price_limit": 392,
                        "itinerary_price_remaining": 192,
                        "fare_lock_kind": "fee",
                        "price": 9.6,
                        "rule_instance_id": 26749,
                        "version": "v1"
                    },
                    {
                        "default": true,
                        "duration": "P3D",
                        "itinerary_price_limit": 392,
                        "itinerary_price_remaining": 192,
                        "fare_lock_kind": "fee",
                        "price": 19.2,
                        "rule_instance_id": 26748,
                        "version": "v1"
                    },
                    {
                        "default": false,
                        "duration": "P7D",
                        "itinerary_price_limit": 392,
                        "itinerary_price_remaining": 192,
                        "fare_lock_kind": "fee",
                        "price": 48,
                        "rule_instance_id": 26750,
                        "version": "v1"
                    }
                ]
            },
            "bags_price": {
                "1": 91
            },
            "baglimit": {
                "hand_dimensions_sum": 118,
                "hand_height": 40,
                "hand_length": 55,
                "hand_weight": 8,
                "hand_width": 23,
                "hold_dimensions_sum": 158,
                "hold_height": 52,
                "hold_length": 78,
                "hold_weight": 23,
                "hold_width": 28,
                "personal_item_dimension_sum": 80,
                "personal_item_height": 30,
                "personal_item_length": 40,
                "personal_item_weight": 3,
                "personal_item_width": 10
            },
            "availability": {
                "seats": null
            },
            "airlines": [
                "OS",
                "LH"
            ],
            "route": [
                {
                    "id": "0b7717884e184e1c444be06e_0",
                    "combination_id": "0b7717884e184e1c444be06e",
                    "flyFrom": "BUD",
                    "flyTo": "VIE",
                    "cityFrom": "Budapest",
                    "cityCodeFrom": "BUD",
                    "cityTo": "Vienna",
                    "cityCodeTo": "VIE",
                    "local_departure": "2024-09-26T11:20:00.000Z",
                    "utc_departure": "2024-09-26T09:20:00.000Z",
                    "local_arrival": "2024-09-26T12:05:00.000Z",
                    "utc_arrival": "2024-09-26T10:05:00.000Z",
                    "airline": "OS",
                    "flight_no": 714,
                    "operating_carrier": "OS",
                    "operating_flight_no": "714",
                    "fare_basis": "KETLGTU4",
                    "fare_category": "M",
                    "fare_classes": "K",
                    "return": 0,
                    "bags_recheck_required": false,
                    "vi_connection": false,
                    "guarantee": false,
                    "equipment": null,
                    "vehicle_type": "aircraft"
                },
                {
                    "id": "0b7717884e184e1c444be06e_1",
                    "combination_id": "0b7717884e184e1c444be06e",
                    "flyFrom": "VIE",
                    "flyTo": "HAM",
                    "cityFrom": "Vienna",
                    "cityCodeFrom": "VIE",
                    "cityTo": "Hamburg",
                    "cityCodeTo": "HAM",
                    "local_departure": "2024-09-26T12:35:00.000Z",
                    "utc_departure": "2024-09-26T10:35:00.000Z",
                    "local_arrival": "2024-09-26T14:10:00.000Z",
                    "utc_arrival": "2024-09-26T12:10:00.000Z",
                    "airline": "OS",
                    "flight_no": 173,
                    "operating_carrier": "OS",
                    "operating_flight_no": "173",
                    "fare_basis": "KETLGTU4",
                    "fare_category": "M",
                    "fare_classes": "K",
                    "return": 0,
                    "bags_recheck_required": false,
                    "vi_connection": false,
                    "guarantee": false,
                    "equipment": null,
                    "vehicle_type": "aircraft"
                },
                {
                    "id": "0b7717884e184e1c444be06e_2",
                    "combination_id": "0b7717884e184e1c444be06e",
                    "flyFrom": "HAM",
                    "flyTo": "MUC",
                    "cityFrom": "Hamburg",
                    "cityCodeFrom": "HAM",
                    "cityTo": "Munich",
                    "cityCodeTo": "MUC",
                    "local_departure": "2024-09-30T20:15:00.000Z",
                    "utc_departure": "2024-09-30T18:15:00.000Z",
                    "local_arrival": "2024-09-30T21:30:00.000Z",
                    "utc_arrival": "2024-09-30T19:30:00.000Z",
                    "airline": "LH",
                    "flight_no": 2073,
                    "operating_carrier": "LH",
                    "operating_flight_no": "2073",
                    "fare_basis": "KETLGTU4",
                    "fare_category": "M",
                    "fare_classes": "K",
                    "return": 1,
                    "bags_recheck_required": false,
                    "vi_connection": false,
                    "guarantee": false,
                    "equipment": null,
                    "vehicle_type": "aircraft"
                },
                {
                    "id": "0b7717884e184e1c444be06e_3",
                    "combination_id": "0b7717884e184e1c444be06e",
                    "flyFrom": "MUC",
                    "flyTo": "BUD",
                    "cityFrom": "Munich",
                    "cityCodeFrom": "MUC",
                    "cityTo": "Budapest",
                    "cityCodeTo": "BUD",
                    "local_departure": "2024-09-30T22:20:00.000Z",
                    "utc_departure": "2024-09-30T20:20:00.000Z",
                    "local_arrival": "2024-09-30T23:35:00.000Z",
                    "utc_arrival": "2024-09-30T21:35:00.000Z",
                    "airline": "LH",
                    "flight_no": 1682,
                    "operating_carrier": "LH",
                    "operating_flight_no": "1682",
                    "fare_basis": "KETLGTU4",
                    "fare_category": "M",
                    "fare_classes": "K",
                    "return": 1,
                    "bags_recheck_required": false,
                    "vi_connection": false,
                    "guarantee": false,
                    "equipment": null,
                    "vehicle_type": "aircraft"
                }
            ],
            "booking_token": "H2E1h8a8xuv3iZe7WAOnzit7Rl1hLkqpm6ZdJjbwfQodcX3yHmdvk3QfPCIBf-rYkhS1jyQvUC29A1yZc8Wcc6iBzi5muGZzITEvPDGnt3k8pQE1nYqs7ny1JjyEFwZJABEyCyqYdFav7n3l1c1nYI_KPEk5FeoCUoXr8BW6FxizYf4CigE-8sGCfDeSMFjwA5aTo7bTZaz-hwiFriIyCS_oO52S7-CDiR3oSkF_Cqlu6z7aAsJVlrNPYjD31qUQRediJeTc7ctwXHw7ThNUU13JxBxtUgPXITOAppyb00iGqtTjqReP6FvhCRtdbKI8WzN1B5pZt8eowrW1G9ENGHPQGj6N1kYhJ7yOnBjXPvpzbgjRPXmeCy3l9kUSI4tkON0F7vuVdbwcU67J2vKeSR2nGINe8rvnCKmlr6XIZBuiju8AA9cd-ANZ5JKGxbEIwGFlS-C5vMzx-0U7O7cqV8gXhqEw7upRfTm5XsVsOIkhz1FbjVkU2a6Ko8GKUICt_Kzh4yJsmuIvizRbUXR3yilDP4VgTEvpNz9Wt4h42j1ZrPQqClU8WY3AkIU2AA8-oY0sPONLnh7ypQbofxiV64LuSi5-5JS6iZiEgUGj56z7B3EEdCU1YhYU4wbl468cXauzmU4Zs3YRgWWllSUi-FFwWxvzWM1Yn93io_6jyPPcijiYcg99LDvP4Tyxqi636MKbIdGiHvKbwB0zfOjDkPg==",
            "deep_link": "https://www.kiwi.com/deep?affilid=mihalytest&currency=EUR&flightsId=0b7717884e184e1c444be06e_0%7C0b7717884e184e1c444be06e_1%7C0b7717884e184e1c444be06e_2%7C0b7717884e184e1c444be06e_3&from=BUD&lang=en&passengers=1&to=HAM&booking_token=H2E1h8a8xuv3iZe7WAOnzit7Rl1hLkqpm6ZdJjbwfQodcX3yHmdvk3QfPCIBf-rYkhS1jyQvUC29A1yZc8Wcc6iBzi5muGZzITEvPDGnt3k8pQE1nYqs7ny1JjyEFwZJABEyCyqYdFav7n3l1c1nYI_KPEk5FeoCUoXr8BW6FxizYf4CigE-8sGCfDeSMFjwA5aTo7bTZaz-hwiFriIyCS_oO52S7-CDiR3oSkF_Cqlu6z7aAsJVlrNPYjD31qUQRediJeTc7ctwXHw7ThNUU13JxBxtUgPXITOAppyb00iGqtTjqReP6FvhCRtdbKI8WzN1B5pZt8eowrW1G9ENGHPQGj6N1kYhJ7yOnBjXPvpzbgjRPXmeCy3l9kUSI4tkON0F7vuVdbwcU67J2vKeSR2nGINe8rvnCKmlr6XIZBuiju8AA9cd-ANZ5JKGxbEIwGFlS-C5vMzx-0U7O7cqV8gXhqEw7upRfTm5XsVsOIkhz1FbjVkU2a6Ko8GKUICt_Kzh4yJsmuIvizRbUXR3yilDP4VgTEvpNz9Wt4h42j1ZrPQqClU8WY3AkIU2AA8-oY0sPONLnh7ypQbofxiV64LuSi5-5JS6iZiEgUGj56z7B3EEdCU1YhYU4wbl468cXauzmU4Zs3YRgWWllSUi-FFwWxvzWM1Yn93io_6jyPPcijiYcg99LDvP4Tyxqi636MKbIdGiHvKbwB0zfOjDkPg==",
            "facilitated_booking_available": true,
            "pnr_count": 1,
            "has_airport_change": false,
            "technical_stops": 0,
            "throw_away_ticketing": false,
            "hidden_city_ticketing": false,
            "virtual_interlining": false
        },
        {
            "id": "0b7717884e644e69e2bcbc6d_0|0b7717884e644e69e2bcbc6d_1|0b7717884e644e69e2bcbc6d_2|0b7717884e644e69e2bcbc6d_3",
            "flyFrom": "BUD",
            "flyTo": "HAM",
            "cityFrom": "Budapest",
            "cityCodeFrom": "BUD",
            "cityTo": "Hamburg",
            "cityCodeTo": "HAM",
            "countryFrom": {
                "code": "HU",
                "name": "Hungary"
            },
            "countryTo": {
                "code": "DE",
                "name": "Germany"
            },
            "local_departure": "2024-12-11T11:15:00.000Z",
            "utc_departure": "2024-12-11T10:15:00.000Z",
            "local_arrival": "2024-12-11T14:20:00.000Z",
            "utc_arrival": "2024-12-11T13:20:00.000Z",
            "nightsInDest": 5,
            "quality": 265.999815,
            "distance": 949.98,
            "duration": {
                "departure": 11100,
                "return": 11400,
                "total": 22500
            },
            "price": 192,
            "conversion": {
                "EUR": 192
            },
            "fare": {
                "adults": 192,
                "children": 192,
                "infants": 192
            },
            "fare_locks": {
                "EUR": [
                    {
                        "default": false,
                        "duration": "P1D",
                        "itinerary_price_limit": 392,
                        "itinerary_price_remaining": 192,
                        "fare_lock_kind": "fee",
                        "price": 9.6,
                        "rule_instance_id": 26749,
                        "version": "v1"
                    },
                    {
                        "default": true,
                        "duration": "P3D",
                        "itinerary_price_limit": 392,
                        "itinerary_price_remaining": 192,
                        "fare_lock_kind": "fee",
                        "price": 19.2,
                        "rule_instance_id": 26748,
                        "version": "v1"
                    },
                    {
                        "default": false,
                        "duration": "P7D",
                        "itinerary_price_limit": 392,
                        "itinerary_price_remaining": 192,
                        "fare_lock_kind": "fee",
                        "price": 48,
                        "rule_instance_id": 26750,
                        "version": "v1"
                    }
                ]
            },
            "bags_price": {
                "1": 91
            },
            "baglimit": {
                "hand_dimensions_sum": 118,
                "hand_height": 40,
                "hand_length": 55,
                "hand_weight": 8,
                "hand_width": 23,
                "hold_dimensions_sum": 158,
                "hold_height": 52,
                "hold_length": 78,
                "hold_weight": 23,
                "hold_width": 28,
                "personal_item_dimension_sum": 80,
                "personal_item_height": 30,
                "personal_item_length": 40,
                "personal_item_weight": 3,
                "personal_item_width": 10
            },
            "availability": {
                "seats": null
            },
            "airlines": [
                "OS",
                "LH"
            ],
            "route": [
                {
                    "id": "0b7717884e644e69e2bcbc6d_0",
                    "combination_id": "0b7717884e644e69e2bcbc6d",
                    "flyFrom": "BUD",
                    "flyTo": "VIE",
                    "cityFrom": "Budapest",
                    "cityCodeFrom": "BUD",
                    "cityTo": "Vienna",
                    "cityCodeTo": "VIE",
                    "local_departure": "2024-12-11T11:15:00.000Z",
                    "utc_departure": "2024-12-11T10:15:00.000Z",
                    "local_arrival": "2024-12-11T12:05:00.000Z",
                    "utc_arrival": "2024-12-11T11:05:00.000Z",
                    "airline": "OS",
                    "flight_no": 714,
                    "operating_carrier": "OS",
                    "operating_flight_no": "714",
                    "fare_basis": "KETLGTU4",
                    "fare_category": "M",
                    "fare_classes": "K",
                    "return": 0,
                    "bags_recheck_required": false,
                    "vi_connection": false,
                    "guarantee": false,
                    "equipment": null,
                    "vehicle_type": "aircraft"
                },
                {
                    "id": "0b7717884e644e69e2bcbc6d_1",
                    "combination_id": "0b7717884e644e69e2bcbc6d",
                    "flyFrom": "VIE",
                    "flyTo": "HAM",
                    "cityFrom": "Vienna",
                    "cityCodeFrom": "VIE",
                    "cityTo": "Hamburg",
                    "cityCodeTo": "HAM",
                    "local_departure": "2024-12-11T12:45:00.000Z",
                    "utc_departure": "2024-12-11T11:45:00.000Z",
                    "local_arrival": "2024-12-11T14:20:00.000Z",
                    "utc_arrival": "2024-12-11T13:20:00.000Z",
                    "airline": "OS",
                    "flight_no": 173,
                    "operating_carrier": "OS",
                    "operating_flight_no": "173",
                    "fare_basis": "KETLGTU4",
                    "fare_category": "M",
                    "fare_classes": "K",
                    "return": 0,
                    "bags_recheck_required": false,
                    "vi_connection": false,
                    "guarantee": false,
                    "equipment": null,
                    "vehicle_type": "aircraft"
                },
                {
                    "id": "0b7717884e644e69e2bcbc6d_2",
                    "combination_id": "0b7717884e644e69e2bcbc6d",
                    "flyFrom": "HAM",
                    "flyTo": "MUC",
                    "cityFrom": "Hamburg",
                    "cityCodeFrom": "HAM",
                    "cityTo": "Munich",
                    "cityCodeTo": "MUC",
                    "local_departure": "2024-12-16T20:15:00.000Z",
                    "utc_departure": "2024-12-16T19:15:00.000Z",
                    "local_arrival": "2024-12-16T21:30:00.000Z",
                    "utc_arrival": "2024-12-16T20:30:00.000Z",
                    "airline": "LH",
                    "flight_no": 2079,
                    "operating_carrier": "LH",
                    "operating_flight_no": "2079",
                    "fare_basis": "KETLGTU4",
                    "fare_category": "M",
                    "fare_classes": "K",
                    "return": 1,
                    "bags_recheck_required": false,
                    "vi_connection": false,
                    "guarantee": false,
                    "equipment": null,
                    "vehicle_type": "aircraft"
                },
                {
                    "id": "0b7717884e644e69e2bcbc6d_3",
                    "combination_id": "0b7717884e644e69e2bcbc6d",
                    "flyFrom": "MUC",
                    "flyTo": "BUD",
                    "cityFrom": "Munich",
                    "cityCodeFrom": "MUC",
                    "cityTo": "Budapest",
                    "cityCodeTo": "BUD",
                    "local_departure": "2024-12-16T22:10:00.000Z",
                    "utc_departure": "2024-12-16T21:10:00.000Z",
                    "local_arrival": "2024-12-16T23:25:00.000Z",
                    "utc_arrival": "2024-12-16T22:25:00.000Z",
                    "airline": "LH",
                    "flight_no": 1682,
                    "operating_carrier": "LH",
                    "operating_flight_no": "1682",
                    "fare_basis": "KETLGTU4",
                    "fare_category": "M",
                    "fare_classes": "K",
                    "return": 1,
                    "bags_recheck_required": false,
                    "vi_connection": false,
                    "guarantee": false,
                    "equipment": null,
                    "vehicle_type": "aircraft"
                }
            ],
            "booking_token": "HaDFQiU_Ft-Fk_kUQ85it_VIV6oaspzbUgIHXl8_89s6a2JfHZuF0d4ZjVzFA7gvKE0mGr1B7xbwfzVwbsojuwW0_DG72wdWnpLB-83Pp6QN2M0UEh6rZkys0-NcxTxy8BwKNvu_CXAMvVyRio2w6GApm835gRFr6JwssRpkcHZ4BmaBcodw5HcBKczQgZnX21XlHkSe_SbzP7nG9Gh6PmbMI5NyVkEqhsqkK0HQxNiR980QHejWgyGvGgYgldwtlzQpXYenWb-ODbwJnpLkAKm4AvWYIt59J85QL18PP9snnZ57n1DhJ6f3ezIaIWwmZvfdtzhFgFkjg8JFM8fA6uJif_y-Al2Fa28d7D-R3qebHHiPO2yV5YewxsX5B8nG1dQXtJSnRuaeFKhhpUWRFwwz6nEUHcPfWBn6AWcC4bV9jq_qAJZaolltmL0Wccz8ac8VfsmJlDsn8FUuNKBPL9zqj-X3ChLJLisftW1fSYK7ATQKE-_QTLbB5-oeVSceOcxEm6GcCSnXywjeRjn3J6srxrrY-y8v11oGY6Oyae9Up0LTbBfhdaeP9L2zApbiYF5xAylRN75x8qP8sp4ofEca7aYlllzlGJeDsqclV3AzDXAamhv-XL64JtVeOyG7tbffbTfRDhoCfdPS7HmxpJKOkKk9b3XmrKl8K3z3JEJJMk3g2HDae2F_wuPfA1reUU0cmJwEdOL6j9ULEy_0Gjg==",
            "deep_link": "https://www.kiwi.com/deep?affilid=mihalytest&currency=EUR&flightsId=0b7717884e644e69e2bcbc6d_0%7C0b7717884e644e69e2bcbc6d_1%7C0b7717884e644e69e2bcbc6d_2%7C0b7717884e644e69e2bcbc6d_3&from=BUD&lang=en&passengers=1&to=HAM&booking_token=HaDFQiU_Ft-Fk_kUQ85it_VIV6oaspzbUgIHXl8_89s6a2JfHZuF0d4ZjVzFA7gvKE0mGr1B7xbwfzVwbsojuwW0_DG72wdWnpLB-83Pp6QN2M0UEh6rZkys0-NcxTxy8BwKNvu_CXAMvVyRio2w6GApm835gRFr6JwssRpkcHZ4BmaBcodw5HcBKczQgZnX21XlHkSe_SbzP7nG9Gh6PmbMI5NyVkEqhsqkK0HQxNiR980QHejWgyGvGgYgldwtlzQpXYenWb-ODbwJnpLkAKm4AvWYIt59J85QL18PP9snnZ57n1DhJ6f3ezIaIWwmZvfdtzhFgFkjg8JFM8fA6uJif_y-Al2Fa28d7D-R3qebHHiPO2yV5YewxsX5B8nG1dQXtJSnRuaeFKhhpUWRFwwz6nEUHcPfWBn6AWcC4bV9jq_qAJZaolltmL0Wccz8ac8VfsmJlDsn8FUuNKBPL9zqj-X3ChLJLisftW1fSYK7ATQKE-_QTLbB5-oeVSceOcxEm6GcCSnXywjeRjn3J6srxrrY-y8v11oGY6Oyae9Up0LTbBfhdaeP9L2zApbiYF5xAylRN75x8qP8sp4ofEca7aYlllzlGJeDsqclV3AzDXAamhv-XL64JtVeOyG7tbffbTfRDhoCfdPS7HmxpJKOkKk9b3XmrKl8K3z3JEJJMk3g2HDae2F_wuPfA1reUU0cmJwEdOL6j9ULEy_0Gjg==",
            "facilitated_booking_available": true,
            "pnr_count": 1,
            "has_airport_change": false,
            "technical_stops": 0,
            "throw_away_ticketing": false,
            "hidden_city_ticketing": false,
            "virtual_interlining": false
        },
        {
            "id": "0b7717884e644e69c8e1c997_0|0b7717884e644e69c8e1c997_1|0b7717884e644e69c8e1c997_2|0b7717884e644e69c8e1c997_3",
            "flyFrom": "BUD",
            "flyTo": "HAM",
            "cityFrom": "Budapest",
            "cityCodeFrom": "BUD",
            "cityTo": "Hamburg",
            "cityCodeTo": "HAM",
            "countryFrom": {
                "code": "HU",
                "name": "Hungary"
            },
            "countryTo": {
                "code": "DE",
                "name": "Germany"
            },
            "local_departure": "2024-12-11T11:15:00.000Z",
            "utc_departure": "2024-12-11T10:15:00.000Z",
            "local_arrival": "2024-12-11T14:20:00.000Z",
            "utc_arrival": "2024-12-11T13:20:00.000Z",
            "nightsInDest": 5,
            "quality": 265.666485,
            "distance": 949.98,
            "duration": {
                "departure": 11100,
                "return": 10800,
                "total": 21900
            },
            "price": 193,
            "conversion": {
                "EUR": 193
            },
            "fare": {
                "adults": 193,
                "children": 193,
                "infants": 193
            },
            "fare_locks": {
                "EUR": [
                    {
                        "default": false,
                        "duration": "P1D",
                        "itinerary_price_limit": 393,
                        "itinerary_price_remaining": 193,
                        "fare_lock_kind": "fee",
                        "price": 9.65,
                        "rule_instance_id": 26749,
                        "version": "v1"
                    },
                    {
                        "default": true,
                        "duration": "P3D",
                        "itinerary_price_limit": 393,
                        "itinerary_price_remaining": 193,
                        "fare_lock_kind": "fee",
                        "price": 19.3,
                        "rule_instance_id": 26748,
                        "version": "v1"
                    },
                    {
                        "default": false,
                        "duration": "P7D",
                        "itinerary_price_limit": 393,
                        "itinerary_price_remaining": 193,
                        "fare_lock_kind": "fee",
                        "price": 48.25,
                        "rule_instance_id": 26750,
                        "version": "v1"
                    }
                ]
            },
            "bags_price": {
                "1": 112,
                "2": 291.2
            },
            "baglimit": {
                "hand_dimensions_sum": 118,
                "hand_height": 40,
                "hand_length": 55,
                "hand_weight": 8,
                "hand_width": 23,
                "hold_dimensions_sum": 158,
                "hold_height": 52,
                "hold_length": 78,
                "hold_weight": 23,
                "hold_width": 28,
                "personal_item_dimension_sum": 80,
                "personal_item_height": 30,
                "personal_item_length": 40,
                "personal_item_weight": 3,
                "personal_item_width": 10
            },
            "availability": {
                "seats": null
            },
            "airlines": [
                "OS"
            ],
            "route": [
                {
                    "id": "0b7717884e644e69c8e1c997_0",
                    "combination_id": "0b7717884e644e69c8e1c997",
                    "flyFrom": "BUD",
                    "flyTo": "VIE",
                    "cityFrom": "Budapest",
                    "cityCodeFrom": "BUD",
                    "cityTo": "Vienna",
                    "cityCodeTo": "VIE",
                    "local_departure": "2024-12-11T11:15:00.000Z",
                    "utc_departure": "2024-12-11T10:15:00.000Z",
                    "local_arrival": "2024-12-11T12:05:00.000Z",
                    "utc_arrival": "2024-12-11T11:05:00.000Z",
                    "airline": "OS",
                    "flight_no": 714,
                    "operating_carrier": "OS",
                    "operating_flight_no": "714",
                    "fare_basis": "KETLGTU4",
                    "fare_category": "M",
                    "fare_classes": "K",
                    "return": 0,
                    "bags_recheck_required": false,
                    "vi_connection": false,
                    "guarantee": false,
                    "equipment": null,
                    "vehicle_type": "aircraft"
                },
                {
                    "id": "0b7717884e644e69c8e1c997_1",
                    "combination_id": "0b7717884e644e69c8e1c997",
                    "flyFrom": "VIE",
                    "flyTo": "HAM",
                    "cityFrom": "Vienna",
                    "cityCodeFrom": "VIE",
                    "cityTo": "Hamburg",
                    "cityCodeTo": "HAM",
                    "local_departure": "2024-12-11T12:45:00.000Z",
                    "utc_departure": "2024-12-11T11:45:00.000Z",
                    "local_arrival": "2024-12-11T14:20:00.000Z",
                    "utc_arrival": "2024-12-11T13:20:00.000Z",
                    "airline": "OS",
                    "flight_no": 173,
                    "operating_carrier": "OS",
                    "operating_flight_no": "173",
                    "fare_basis": "KETLGTU4",
                    "fare_category": "M",
                    "fare_classes": "K",
                    "return": 0,
                    "bags_recheck_required": false,
                    "vi_connection": false,
                    "guarantee": false,
                    "equipment": null,
                    "vehicle_type": "aircraft"
                },
                {
                    "id": "0b7717884e644e69c8e1c997_2",
                    "combination_id": "0b7717884e644e69c8e1c997",
                    "flyFrom": "HAM",
                    "flyTo": "VIE",
                    "cityFrom": "Hamburg",
                    "cityCodeFrom": "HAM",
                    "cityTo": "Vienna",
                    "cityCodeTo": "VIE",
                    "local_departure": "2024-12-16T07:35:00.000Z",
                    "utc_departure": "2024-12-16T06:35:00.000Z",
                    "local_arrival": "2024-12-16T09:10:00.000Z",
                    "utc_arrival": "2024-12-16T08:10:00.000Z",
                    "airline": "OS",
                    "flight_no": 168,
                    "operating_carrier": "OS",
                    "operating_flight_no": "168",
                    "fare_basis": "KETLGTU4",
                    "fare_category": "M",
                    "fare_classes": "K",
                    "return": 1,
                    "bags_recheck_required": false,
                    "vi_connection": false,
                    "guarantee": false,
                    "equipment": null,
                    "vehicle_type": "aircraft"
                },
                {
                    "id": "0b7717884e644e69c8e1c997_3",
                    "combination_id": "0b7717884e644e69c8e1c997",
                    "flyFrom": "VIE",
                    "flyTo": "BUD",
                    "cityFrom": "Vienna",
                    "cityCodeFrom": "VIE",
                    "cityTo": "Budapest",
                    "cityCodeTo": "BUD",
                    "local_departure": "2024-12-16T09:50:00.000Z",
                    "utc_departure": "2024-12-16T08:50:00.000Z",
                    "local_arrival": "2024-12-16T10:35:00.000Z",
                    "utc_arrival": "2024-12-16T09:35:00.000Z",
                    "airline": "OS",
                    "flight_no": 713,
                    "operating_carrier": "OS",
                    "operating_flight_no": "713",
                    "fare_basis": "KETLGTU4",
                    "fare_category": "M",
                    "fare_classes": "K",
                    "return": 1,
                    "bags_recheck_required": false,
                    "vi_connection": false,
                    "guarantee": false,
                    "equipment": null,
                    "vehicle_type": "aircraft"
                }
            ],
            "booking_token": "Hn2N2ib8bpFSKDtmRBmcBWcNXOXjTHzjZ5-Mec-L-BU8mmG9o1AiqQGFCznroTcGzGbUDQQeHmIXMqY1YNrlKB1FDh2lw7bf83yQt5sa2HYclq8MKo61nOB1hThVRZSMGRL8THQNGBHXO6E2umvQ6skxDGtpEKsQisRZ3J1wQAC1nKL8mzVBpi7Wvm4KNvQ1zegd_GxP3i48A2ba0htH-_JDg6oZzGGELJziFev_DONB4nV5ODRGDqK1y6C2kmrv-G5nQwqiqzmtwGwfUd0uNWFlSg8CwDmzamRIcp7N8ongDQMBB9Psum_FYh3UnOa88zc0IoW-Fhef57BDhCAWOljfYK7lKEiVuwjHlMCurmeYreoM1xYGCqo88R-cppBtXoORP5QH5BGIwKigpHF4kDsik5rKcru6fKb3KyDyB6bc0hRYzWn6rNAmM34zjNyUSx1KTc2z8QCsaMvereA-UacUTHxrP-TRrX7m-P4aqRxlPZlhBibe5_JIQic1C1wM73crh5_5NhcayD5V5FK1R2xHWRDTgamg1DWoZMEDmjhOKC2zU26gfUA-aVfG45uvhd0WD1Y7k2GP4ZvfJuJiQsg1QwiVJ-8r_wRf8EF9crEfOV4O2v0qIKPz68CCJG9NpXzt2z9RGd3HKoUCF4pN4XE12Oy76QGcs832CHkKZLyjUcxhbpUaN8CQ9iLHkq2H7ummeddaydDOsOcZpim01TQ==",
            "deep_link": "https://www.kiwi.com/deep?affilid=mihalytest&currency=EUR&flightsId=0b7717884e644e69c8e1c997_0%7C0b7717884e644e69c8e1c997_1%7C0b7717884e644e69c8e1c997_2%7C0b7717884e644e69c8e1c997_3&from=BUD&lang=en&passengers=1&to=HAM&booking_token=Hn2N2ib8bpFSKDtmRBmcBWcNXOXjTHzjZ5-Mec-L-BU8mmG9o1AiqQGFCznroTcGzGbUDQQeHmIXMqY1YNrlKB1FDh2lw7bf83yQt5sa2HYclq8MKo61nOB1hThVRZSMGRL8THQNGBHXO6E2umvQ6skxDGtpEKsQisRZ3J1wQAC1nKL8mzVBpi7Wvm4KNvQ1zegd_GxP3i48A2ba0htH-_JDg6oZzGGELJziFev_DONB4nV5ODRGDqK1y6C2kmrv-G5nQwqiqzmtwGwfUd0uNWFlSg8CwDmzamRIcp7N8ongDQMBB9Psum_FYh3UnOa88zc0IoW-Fhef57BDhCAWOljfYK7lKEiVuwjHlMCurmeYreoM1xYGCqo88R-cppBtXoORP5QH5BGIwKigpHF4kDsik5rKcru6fKb3KyDyB6bc0hRYzWn6rNAmM34zjNyUSx1KTc2z8QCsaMvereA-UacUTHxrP-TRrX7m-P4aqRxlPZlhBibe5_JIQic1C1wM73crh5_5NhcayD5V5FK1R2xHWRDTgamg1DWoZMEDmjhOKC2zU26gfUA-aVfG45uvhd0WD1Y7k2GP4ZvfJuJiQsg1QwiVJ-8r_wRf8EF9crEfOV4O2v0qIKPz68CCJG9NpXzt2z9RGd3HKoUCF4pN4XE12Oy76QGcs832CHkKZLyjUcxhbpUaN8CQ9iLHkq2H7ummeddaydDOsOcZpim01TQ==",
            "facilitated_booking_available": true,
            "pnr_count": 1,
            "has_airport_change": false,
            "technical_stops": 0,
            "throw_away_ticketing": false,
            "hidden_city_ticketing": false,
            "virtual_interlining": false
        },
        {
            "id": "0b7717884e314e358d43f790_0|0b7717884e314e358d43f790_1|0b7717884e314e358d43f790_2|0b7717884e314e358d43f790_3",
            "flyFrom": "BUD",
            "flyTo": "HAM",
            "cityFrom": "Budapest",
            "cityCodeFrom": "BUD",
            "cityTo": "Hamburg",
            "cityCodeTo": "HAM",
            "countryFrom": {
                "code": "HU",
                "name": "Hungary"
            },
            "countryTo": {
                "code": "DE",
                "name": "Germany"
            },
            "local_departure": "2024-10-21T11:20:00.000Z",
            "utc_departure": "2024-10-21T09:20:00.000Z",
            "local_arrival": "2024-10-21T14:10:00.000Z",
            "utc_arrival": "2024-10-21T12:10:00.000Z",
            "nightsInDest": 4,
            "quality": 270.999805,
            "distance": 949.98,
            "duration": {
                "departure": 10200,
                "return": 14100,
                "total": 24300
            },
            "price": 193,
            "conversion": {
                "EUR": 193
            },
            "fare": {
                "adults": 193,
                "children": 193,
                "infants": 193
            },
            "fare_locks": {
                "EUR": [
                    {
                        "default": false,
                        "duration": "P1D",
                        "itinerary_price_limit": 393,
                        "itinerary_price_remaining": 193,
                        "fare_lock_kind": "fee",
                        "price": 9.65,
                        "rule_instance_id": 26749,
                        "version": "v1"
                    },
                    {
                        "default": true,
                        "duration": "P3D",
                        "itinerary_price_limit": 393,
                        "itinerary_price_remaining": 193,
                        "fare_lock_kind": "fee",
                        "price": 19.3,
                        "rule_instance_id": 26748,
                        "version": "v1"
                    },
                    {
                        "default": false,
                        "duration": "P7D",
                        "itinerary_price_limit": 393,
                        "itinerary_price_remaining": 193,
                        "fare_lock_kind": "fee",
                        "price": 48.25,
                        "rule_instance_id": 26750,
                        "version": "v1"
                    }
                ]
            },
            "bags_price": {
                "1": 98
            },
            "baglimit": {
                "hand_dimensions_sum": 118,
                "hand_height": 40,
                "hand_length": 55,
                "hand_weight": 5,
                "hand_width": 23,
                "hold_dimensions_sum": 158,
                "hold_height": 52,
                "hold_length": 78,
                "hold_weight": 23,
                "hold_width": 28,
                "personal_item_dimension_sum": 80,
                "personal_item_height": 30,
                "personal_item_length": 40,
                "personal_item_weight": 3,
                "personal_item_width": 10
            },
            "availability": {
                "seats": null
            },
            "airlines": [
                "SN",
                "OS"
            ],
            "route": [
                {
                    "id": "0b7717884e314e358d43f790_0",
                    "combination_id": "0b7717884e314e358d43f790",
                    "flyFrom": "BUD",
                    "flyTo": "VIE",
                    "cityFrom": "Budapest",
                    "cityCodeFrom": "BUD",
                    "cityTo": "Vienna",
                    "cityCodeTo": "VIE",
                    "local_departure": "2024-10-21T11:20:00.000Z",
                    "utc_departure": "2024-10-21T09:20:00.000Z",
                    "local_arrival": "2024-10-21T12:05:00.000Z",
                    "utc_arrival": "2024-10-21T10:05:00.000Z",
                    "airline": "OS",
                    "flight_no": 714,
                    "operating_carrier": "OS",
                    "operating_flight_no": "714",
                    "fare_basis": "KETLGTU4",
                    "fare_category": "M",
                    "fare_classes": "K",
                    "return": 0,
                    "bags_recheck_required": false,
                    "vi_connection": false,
                    "guarantee": false,
                    "equipment": null,
                    "vehicle_type": "aircraft"
                },
                {
                    "id": "0b7717884e314e358d43f790_1",
                    "combination_id": "0b7717884e314e358d43f790",
                    "flyFrom": "VIE",
                    "flyTo": "HAM",
                    "cityFrom": "Vienna",
                    "cityCodeFrom": "VIE",
                    "cityTo": "Hamburg",
                    "cityCodeTo": "HAM",
                    "local_departure": "2024-10-21T12:35:00.000Z",
                    "utc_departure": "2024-10-21T10:35:00.000Z",
                    "local_arrival": "2024-10-21T14:10:00.000Z",
                    "utc_arrival": "2024-10-21T12:10:00.000Z",
                    "airline": "OS",
                    "flight_no": 173,
                    "operating_carrier": "OS",
                    "operating_flight_no": "173",
                    "fare_basis": "KETLGTU4",
                    "fare_category": "M",
                    "fare_classes": "K",
                    "return": 0,
                    "bags_recheck_required": false,
                    "vi_connection": false,
                    "guarantee": false,
                    "equipment": null,
                    "vehicle_type": "aircraft"
                },
                {
                    "id": "0b7717884e314e358d43f790_2",
                    "combination_id": "0b7717884e314e358d43f790",
                    "flyFrom": "HAM",
                    "flyTo": "BRU",
                    "cityFrom": "Hamburg",
                    "cityCodeFrom": "HAM",
                    "cityTo": "Brussels",
                    "cityCodeTo": "BRU",
                    "local_departure": "2024-10-25T19:05:00.000Z",
                    "utc_departure": "2024-10-25T17:05:00.000Z",
                    "local_arrival": "2024-10-25T20:20:00.000Z",
                    "utc_arrival": "2024-10-25T18:20:00.000Z",
                    "airline": "SN",
                    "flight_no": 2628,
                    "operating_carrier": "SN",
                    "operating_flight_no": "2628",
                    "fare_basis": "KETLGTU4",
                    "fare_category": "M",
                    "fare_classes": "K",
                    "return": 1,
                    "bags_recheck_required": false,
                    "vi_connection": false,
                    "guarantee": false,
                    "equipment": null,
                    "vehicle_type": "aircraft"
                },
                {
                    "id": "0b7717884e314e358d43f790_3",
                    "combination_id": "0b7717884e314e358d43f790",
                    "flyFrom": "BRU",
                    "flyTo": "BUD",
                    "cityFrom": "Brussels",
                    "cityCodeFrom": "BRU",
                    "cityTo": "Budapest",
                    "cityCodeTo": "BUD",
                    "local_departure": "2024-10-25T21:00:00.000Z",
                    "utc_departure": "2024-10-25T19:00:00.000Z",
                    "local_arrival": "2024-10-25T23:00:00.000Z",
                    "utc_arrival": "2024-10-25T21:00:00.000Z",
                    "airline": "SN",
                    "flight_no": 2829,
                    "operating_carrier": "SN",
                    "operating_flight_no": "2829",
                    "fare_basis": "KETLGTU4",
                    "fare_category": "M",
                    "fare_classes": "K",
                    "return": 1,
                    "bags_recheck_required": false,
                    "vi_connection": false,
                    "guarantee": false,
                    "equipment": null,
                    "vehicle_type": "aircraft"
                }
            ],
            "booking_token": "HPlCTv0BYEDa7Jj9DXhujrPUA1yRp5ZKMmIMvIjGudvKJbBQDLb6pUrSSO9cZaInee_fHJdyJ6SThA-t49VEskBkArI2DGfw7e-sLnWs_U69ndw3doeMorxwd4EORQD31L44As_Uj2Bd_U1igT7mEAW7nMXmKlmahPNeyeLXex1ab-sN3O6HYcp2Cpcw1oni5Z2KarWPbK0PNtivN_T1FbE1Cu6SSt3a086js_oJocydxhijHEq6Wo-gPLcylrvxELkHQ_EkJxMihBEvfMj33sVFp1JdOY2Fv1kmfgslV4kinMM_wqczaAj7ZrY3VwVzIviMMz-ap7wv4XyMdxphfZ-TR8AGkqLm3iMyVVHH-QKjzg3vPX_tFNCOBLkIITwNIud-eloErFxqvH69W5KRMRayYekd-qW68_ei9o8IaHciiacbKaBR1iOkLCvJE7yMaOJ4YWHUWLOB897jTPTU78tOkgYVt1JQ9WWchKFY7KbfIq_ZObAY0Jru8E0rXdbZVtDZ3bfdrxEhERR60muBUUwf12SPJWvlUf-Jbi84oxr9dsDa01AHo0TpkkMvcwnwhLv0NPAK-dW1dR-plDhOSnqYGkEH_DMSYA4DNRNVV9T-RhIsSqO0Ct9Qgv9MguLGcD68sur4GWeyv_wa7EMTxovQKXlTsWQ2lctewffIvLqGD4gNMCFAaL050fzdN0SLo_Gqx4DhY8tCea2x0BPmtPw==",
            "deep_link": "https://www.kiwi.com/deep?affilid=mihalytest&currency=EUR&flightsId=0b7717884e314e358d43f790_0%7C0b7717884e314e358d43f790_1%7C0b7717884e314e358d43f790_2%7C0b7717884e314e358d43f790_3&from=BUD&lang=en&passengers=1&to=HAM&booking_token=HPlCTv0BYEDa7Jj9DXhujrPUA1yRp5ZKMmIMvIjGudvKJbBQDLb6pUrSSO9cZaInee_fHJdyJ6SThA-t49VEskBkArI2DGfw7e-sLnWs_U69ndw3doeMorxwd4EORQD31L44As_Uj2Bd_U1igT7mEAW7nMXmKlmahPNeyeLXex1ab-sN3O6HYcp2Cpcw1oni5Z2KarWPbK0PNtivN_T1FbE1Cu6SSt3a086js_oJocydxhijHEq6Wo-gPLcylrvxELkHQ_EkJxMihBEvfMj33sVFp1JdOY2Fv1kmfgslV4kinMM_wqczaAj7ZrY3VwVzIviMMz-ap7wv4XyMdxphfZ-TR8AGkqLm3iMyVVHH-QKjzg3vPX_tFNCOBLkIITwNIud-eloErFxqvH69W5KRMRayYekd-qW68_ei9o8IaHciiacbKaBR1iOkLCvJE7yMaOJ4YWHUWLOB897jTPTU78tOkgYVt1JQ9WWchKFY7KbfIq_ZObAY0Jru8E0rXdbZVtDZ3bfdrxEhERR60muBUUwf12SPJWvlUf-Jbi84oxr9dsDa01AHo0TpkkMvcwnwhLv0NPAK-dW1dR-plDhOSnqYGkEH_DMSYA4DNRNVV9T-RhIsSqO0Ct9Qgv9MguLGcD68sur4GWeyv_wa7EMTxovQKXlTsWQ2lctewffIvLqGD4gNMCFAaL050fzdN0SLo_Gqx4DhY8tCea2x0BPmtPw==",
            "facilitated_booking_available": true,
            "pnr_count": 1,
            "has_airport_change": false,
            "technical_stops": 0,
            "throw_away_ticketing": false,
            "hidden_city_ticketing": false,
            "virtual_interlining": false
        },
        {
            "id": "0b7717884e644e69465425a9_0|0b7717884e644e69465425a9_1|0b7717884e644e69465425a9_2|0b7717884e644e69465425a9_3",
            "flyFrom": "BUD",
            "flyTo": "HAM",
            "cityFrom": "Budapest",
            "cityCodeFrom": "BUD",
            "cityTo": "Hamburg",
            "cityCodeTo": "HAM",
            "countryFrom": {
                "code": "HU",
                "name": "Hungary"
            },
            "countryTo": {
                "code": "DE",
                "name": "Germany"
            },
            "local_departure": "2024-12-11T06:15:00.000Z",
            "utc_departure": "2024-12-11T05:15:00.000Z",
            "local_arrival": "2024-12-11T10:05:00.000Z",
            "utc_arrival": "2024-12-11T09:05:00.000Z",
            "nightsInDest": 5,
            "quality": 271.66647,
            "distance": 949.98,
            "duration": {
                "departure": 13800,
                "return": 10800,
                "total": 24600
            },
            "price": 193,
            "conversion": {
                "EUR": 193
            },
            "fare": {
                "adults": 193,
                "children": 193,
                "infants": 193
            },
            "fare_locks": {
                "EUR": [
                    {
                        "default": false,
                        "duration": "P1D",
                        "itinerary_price_limit": 393,
                        "itinerary_price_remaining": 193,
                        "fare_lock_kind": "fee",
                        "price": 9.65,
                        "rule_instance_id": 26749,
                        "version": "v1"
                    },
                    {
                        "default": true,
                        "duration": "P3D",
                        "itinerary_price_limit": 393,
                        "itinerary_price_remaining": 193,
                        "fare_lock_kind": "fee",
                        "price": 19.3,
                        "rule_instance_id": 26748,
                        "version": "v1"
                    },
                    {
                        "default": false,
                        "duration": "P7D",
                        "itinerary_price_limit": 393,
                        "itinerary_price_remaining": 193,
                        "fare_lock_kind": "fee",
                        "price": 48.25,
                        "rule_instance_id": 26750,
                        "version": "v1"
                    }
                ]
            },
            "bags_price": {
                "1": 202.174,
                "2": 517.464
            },
            "baglimit": {
                "hand_dimensions_sum": 118,
                "hand_height": 40,
                "hand_length": 55,
                "hand_weight": 8,
                "hand_width": 23,
                "hold_dimensions_sum": 158,
                "hold_height": 52,
                "hold_length": 78,
                "hold_weight": 23,
                "hold_width": 28,
                "personal_item_dimension_sum": 80,
                "personal_item_height": 30,
                "personal_item_length": 40,
                "personal_item_weight": 3,
                "personal_item_width": 10
            },
            "availability": {
                "seats": null
            },
            "airlines": [
                "LX",
                "OS"
            ],
            "route": [
                {
                    "id": "0b7717884e644e69465425a9_0",
                    "combination_id": "0b7717884e644e69465425a9",
                    "flyFrom": "BUD",
                    "flyTo": "ZRH",
                    "cityFrom": "Budapest",
                    "cityCodeFrom": "BUD",
                    "cityTo": "Z\u00fcrich",
                    "cityCodeTo": "ZRH",
                    "local_departure": "2024-12-11T06:15:00.000Z",
                    "utc_departure": "2024-12-11T05:15:00.000Z",
                    "local_arrival": "2024-12-11T07:55:00.000Z",
                    "utc_arrival": "2024-12-11T06:55:00.000Z",
                    "airline": "LX",
                    "flight_no": 2253,
                    "operating_carrier": "LX",
                    "operating_flight_no": "2253",
                    "fare_basis": "KETLGTU4",
                    "fare_category": "M",
                    "fare_classes": "K",
                    "return": 0,
                    "bags_recheck_required": false,
                    "vi_connection": false,
                    "guarantee": false,
                    "equipment": null,
                    "vehicle_type": "aircraft"
                },
                {
                    "id": "0b7717884e644e69465425a9_1",
                    "combination_id": "0b7717884e644e69465425a9",
                    "flyFrom": "ZRH",
                    "flyTo": "HAM",
                    "cityFrom": "Z\u00fcrich",
                    "cityCodeFrom": "ZRH",
                    "cityTo": "Hamburg",
                    "cityCodeTo": "HAM",
                    "local_departure": "2024-12-11T08:35:00.000Z",
                    "utc_departure": "2024-12-11T07:35:00.000Z",
                    "local_arrival": "2024-12-11T10:05:00.000Z",
                    "utc_arrival": "2024-12-11T09:05:00.000Z",
                    "airline": "LX",
                    "flight_no": 1052,
                    "operating_carrier": "2L",
                    "operating_flight_no": "",
                    "fare_basis": "KETLGTU4",
                    "fare_category": "M",
                    "fare_classes": "K",
                    "return": 0,
                    "bags_recheck_required": false,
                    "vi_connection": false,
                    "guarantee": false,
                    "equipment": null,
                    "vehicle_type": "aircraft"
                },
                {
                    "id": "0b7717884e644e69465425a9_2",
                    "combination_id": "0b7717884e644e69465425a9",
                    "flyFrom": "HAM",
                    "flyTo": "VIE",
                    "cityFrom": "Hamburg",
                    "cityCodeFrom": "HAM",
                    "cityTo": "Vienna",
                    "cityCodeTo": "VIE",
                    "local_departure": "2024-12-16T07:35:00.000Z",
                    "utc_departure": "2024-12-16T06:35:00.000Z",
                    "local_arrival": "2024-12-16T09:10:00.000Z",
                    "utc_arrival": "2024-12-16T08:10:00.000Z",
                    "airline": "OS",
                    "flight_no": 168,
                    "operating_carrier": "OS",
                    "operating_flight_no": "168",
                    "fare_basis": "KETLGTU4",
                    "fare_category": "M",
                    "fare_classes": "K",
                    "return": 1,
                    "bags_recheck_required": false,
                    "vi_connection": false,
                    "guarantee": false,
                    "equipment": null,
                    "vehicle_type": "aircraft"
                },
                {
                    "id": "0b7717884e644e69465425a9_3",
                    "combination_id": "0b7717884e644e69465425a9",
                    "flyFrom": "VIE",
                    "flyTo": "BUD",
                    "cityFrom": "Vienna",
                    "cityCodeFrom": "VIE",
                    "cityTo": "Budapest",
                    "cityCodeTo": "BUD",
                    "local_departure": "2024-12-16T09:50:00.000Z",
                    "utc_departure": "2024-12-16T08:50:00.000Z",
                    "local_arrival": "2024-12-16T10:35:00.000Z",
                    "utc_arrival": "2024-12-16T09:35:00.000Z",
                    "airline": "OS",
                    "flight_no": 713,
                    "operating_carrier": "OS",
                    "operating_flight_no": "713",
                    "fare_basis": "KETLGTU4",
                    "fare_category": "M",
                    "fare_classes": "K",
                    "return": 1,
                    "bags_recheck_required": false,
                    "vi_connection": false,
                    "guarantee": false,
                    "equipment": null,
                    "vehicle_type": "aircraft"
                }
            ],
            "booking_token": "H6wb9qj9xZPb3s7Puo4ygxDU-3NP-k6hVVBnAzzFS7nEx64YKB2_pjXLHOaVXDDj0QaZq3gZVp7U5c7GSbnhuFyzueyYFLHkAr11Ny8YugOMGV4jYERIaGSxWFntqn5gPbM-F4n0HiOpQ4law9-mL9CCVibcPik8_ZoJ26a843HRYSLZUVM_FgnO9idu-7-2Nm1F1MINi0VP4iAEoAuS-8fI1LPHbPoAiY2zyewqFBE4-hH7aeINKzb0PCN7gJE612f2IhmdNJ13JvSE3e7CiqmijjmkHu2vyS6nC5Nt0Eh19ue6LbhtdHfs5-RLhbrh-vc3DH43anahK21z8rYtUErbI_tlZKO0a7wkheECAFWQpze4C6HZN4FRQn_QgvDyLZPu8XoFssCyMihGYeYrdvsc_uxuwV_UgEh9v_J9hUPlS4xkxYjMfcY-IPNOfkAn-Mdptxj4QNuGmflnJZ9gSdezuoLAf7I0zLWuPCGk7wY7JPzTs2WkD_mwXiQpTFtDdo59VWYxy4fBkysFwlcanDxQE-j4rG9SZvxPFuzxoAq5JOSXCZW0e9Qa-VE8rHqAPn_wPgKmfmor20DazN1_UlA7akm1byKpFMohGGXhasHsy0zT3PvvnEctMhHlydw4R4uH4se_llIh9YyFzwlUiYo5-MMjof8Tj4oz5q4DbrMiu1Fp8zPKxveDaPJjD5_CyQyrOOAnQ1Fj5KskQ1l_JDw==",
            "deep_link": "https://www.kiwi.com/deep?affilid=mihalytest&currency=EUR&flightsId=0b7717884e644e69465425a9_0%7C0b7717884e644e69465425a9_1%7C0b7717884e644e69465425a9_2%7C0b7717884e644e69465425a9_3&from=BUD&lang=en&passengers=1&to=HAM&booking_token=H6wb9qj9xZPb3s7Puo4ygxDU-3NP-k6hVVBnAzzFS7nEx64YKB2_pjXLHOaVXDDj0QaZq3gZVp7U5c7GSbnhuFyzueyYFLHkAr11Ny8YugOMGV4jYERIaGSxWFntqn5gPbM-F4n0HiOpQ4law9-mL9CCVibcPik8_ZoJ26a843HRYSLZUVM_FgnO9idu-7-2Nm1F1MINi0VP4iAEoAuS-8fI1LPHbPoAiY2zyewqFBE4-hH7aeINKzb0PCN7gJE612f2IhmdNJ13JvSE3e7CiqmijjmkHu2vyS6nC5Nt0Eh19ue6LbhtdHfs5-RLhbrh-vc3DH43anahK21z8rYtUErbI_tlZKO0a7wkheECAFWQpze4C6HZN4FRQn_QgvDyLZPu8XoFssCyMihGYeYrdvsc_uxuwV_UgEh9v_J9hUPlS4xkxYjMfcY-IPNOfkAn-Mdptxj4QNuGmflnJZ9gSdezuoLAf7I0zLWuPCGk7wY7JPzTs2WkD_mwXiQpTFtDdo59VWYxy4fBkysFwlcanDxQE-j4rG9SZvxPFuzxoAq5JOSXCZW0e9Qa-VE8rHqAPn_wPgKmfmor20DazN1_UlA7akm1byKpFMohGGXhasHsy0zT3PvvnEctMhHlydw4R4uH4se_llIh9YyFzwlUiYo5-MMjof8Tj4oz5q4DbrMiu1Fp8zPKxveDaPJjD5_CyQyrOOAnQ1Fj5KskQ1l_JDw==",
            "facilitated_booking_available": true,
            "pnr_count": 1,
            "has_airport_change": false,
            "technical_stops": 0,
            "throw_away_ticketing": false,
            "hidden_city_ticketing": false,
            "virtual_interlining": false
        },
        {
            "id": "0b7717884e0a000086eddbab_0|17880b774e0b00001503b82c_0",
            "flyFrom": "BUD",
            "flyTo": "HAM",
            "cityFrom": "Budapest",
            "cityCodeFrom": "BUD",
            "cityTo": "Hamburg",
            "cityCodeTo": "HAM",
            "countryFrom": {
                "code": "HU",
                "name": "Hungary"
            },
            "countryTo": {
                "code": "DE",
                "name": "Germany"
            },
            "local_departure": "2024-09-12T20:45:00.000Z",
            "utc_departure": "2024-09-12T18:45:00.000Z",
            "local_arrival": "2024-09-12T22:30:00.000Z",
            "utc_arrival": "2024-09-12T20:30:00.000Z",
            "nightsInDest": 1,
            "quality": 245.333205,
            "distance": 949.98,
            "duration": {
                "departure": 6300,
                "return": 6000,
                "total": 12300
            },
            "price": 194,
            "conversion": {
                "EUR": 194
            },
            "fare": {
                "adults": 194,
                "children": 194,
                "infants": 194
            },
            "fare_locks": {
                "EUR": [
                    {
                        "default": false,
                        "duration": "P1D",
                        "itinerary_price_limit": 394,
                        "itinerary_price_remaining": 194,
                        "fare_lock_kind": "fee",
                        "price": 9.7,
                        "rule_instance_id": 26749,
                        "version": "v1"
                    },
                    {
                        "default": true,
                        "duration": "P3D",
                        "itinerary_price_limit": 394,
                        "itinerary_price_remaining": 194,
                        "fare_lock_kind": "fee",
                        "price": 19.4,
                        "rule_instance_id": 26748,
                        "version": "v1"
                    },
                    {
                        "default": false,
                        "duration": "P7D",
                        "itinerary_price_limit": 394,
                        "itinerary_price_remaining": 194,
                        "fare_lock_kind": "fee",
                        "price": 48.5,
                        "rule_instance_id": 26750,
                        "version": "v1"
                    }
                ]
            },
            "bags_price": {
                "1": 72.8,
                "2": 282.8
            },
            "baglimit": {
                "hand_dimensions_sum": 118,
                "hand_height": 40,
                "hand_length": 55,
                "hand_weight": 8,
                "hand_width": 23,
                "hold_dimensions_sum": 158,
                "hold_height": 52,
                "hold_length": 78,
                "hold_weight": 23,
                "hold_width": 28,
                "personal_item_dimension_sum": 95,
                "personal_item_height": 30,
                "personal_item_length": 40,
                "personal_item_weight": 8,
                "personal_item_width": 25
            },
            "availability": {
                "seats": 4
            },
            "airlines": [
                "EW"
            ],
            "route": [
                {
                    "id": "0b7717884e0a000086eddbab_0",
                    "combination_id": "0b7717884e0a000086eddbab",
                    "flyFrom": "BUD",
                    "flyTo": "HAM",
                    "cityFrom": "Budapest",
                    "cityCodeFrom": "BUD",
                    "cityTo": "Hamburg",
                    "cityCodeTo": "HAM",
                    "local_departure": "2024-09-12T20:45:00.000Z",
                    "utc_departure": "2024-09-12T18:45:00.000Z",
                    "local_arrival": "2024-09-12T22:30:00.000Z",
                    "utc_arrival": "2024-09-12T20:30:00.000Z",
                    "airline": "EW",
                    "flight_no": 7783,
                    "operating_carrier": "EW",
                    "operating_flight_no": "7783",
                    "fare_basis": "",
                    "fare_category": "M",
                    "fare_classes": "",
                    "return": 0,
                    "bags_recheck_required": false,
                    "vi_connection": false,
                    "guarantee": false,
                    "equipment": null,
                    "vehicle_type": "aircraft"
                },
                {
                    "id": "17880b774e0b00001503b82c_0",
                    "combination_id": "17880b774e0b00001503b82c",
                    "flyFrom": "HAM",
                    "flyTo": "BUD",
                    "cityFrom": "Hamburg",
                    "cityCodeFrom": "HAM",
                    "cityTo": "Budapest",
                    "cityCodeTo": "BUD",
                    "local_departure": "2024-09-13T18:25:00.000Z",
                    "utc_departure": "2024-09-13T16:25:00.000Z",
                    "local_arrival": "2024-09-13T20:05:00.000Z",
                    "utc_arrival": "2024-09-13T18:05:00.000Z",
                    "airline": "EW",
                    "flight_no": 7782,
                    "operating_carrier": "EW",
                    "operating_flight_no": "7782",
                    "fare_basis": "",
                    "fare_category": "M",
                    "fare_classes": "",
                    "return": 1,
                    "bags_recheck_required": false,
                    "vi_connection": false,
                    "guarantee": false,
                    "equipment": null,
                    "vehicle_type": "aircraft"
                }
            ],
            "booking_token": "Hllz4UuAszDIH1L4E1wcyVXsKdnUQdo--_jJVNJgpBA1PsAHbtWh_h6Q9u6888LAMy-gpF8AzBHLzEJFAvyRX2Y_ZYzEi8I0Z3gky-1smvMDMAkfnQ8efZVirmoNi51xpur5GVImC0iTFYM4qgXFKpI84plqCbUYj6zGZTgSN8__EJpqn3purFn0tgcF33dtdw7H4KiqtZwc8GNNPWt7y9-cah02S4CXCGrA7fefEXz6CXxFJp3P-lPoqSrLq5lQfIYCxSuKjowOuI0zxo91aFEoII2cR4BKD4FiphWF-w1masrcVzNgW76ISw3UwauFj6KDg831gUFly3g0ATYHfHNwNb3u4yqHpD8XNTMN1-oGsEG_gzrtrbsBf8i01iafFXXWD9cKdwh2ONUsD9bG-g7_9-F1rJhT9odM4y6r6IrcEyNEwgZniUPqqGSkaGtcp2YeXoK0pVvWrcKmsjwN9cqelXBXGeiqKkeMGX8WsVEiUrFjVi_WjoXfNbdB9Tgtb28buCTW5fdcQ2PNQ1ACcF6dAiH6QW9cUyW48HdFxlkTwIrnCwxSk8c0poutLV-trq7sDMpSURCkFJwiVfayLNHO6bfmXTDU-kqrbUdpfIYvnzEXsPy4k9pe_x2KA6KrufycLA51DwR1I9gct8kImDYM2-1Ol9coVb1LhPGK6RenaYnyyL9PlLX3ITHDn2zJ93C_VoDte1osSrFDj7IUzGw==",
            "deep_link": "https://www.kiwi.com/deep?affilid=mihalytest&currency=EUR&flightsId=0b7717884e0a000086eddbab_0%7C17880b774e0b00001503b82c_0&from=BUD&lang=en&passengers=1&to=HAM&booking_token=Hllz4UuAszDIH1L4E1wcyVXsKdnUQdo--_jJVNJgpBA1PsAHbtWh_h6Q9u6888LAMy-gpF8AzBHLzEJFAvyRX2Y_ZYzEi8I0Z3gky-1smvMDMAkfnQ8efZVirmoNi51xpur5GVImC0iTFYM4qgXFKpI84plqCbUYj6zGZTgSN8__EJpqn3purFn0tgcF33dtdw7H4KiqtZwc8GNNPWt7y9-cah02S4CXCGrA7fefEXz6CXxFJp3P-lPoqSrLq5lQfIYCxSuKjowOuI0zxo91aFEoII2cR4BKD4FiphWF-w1masrcVzNgW76ISw3UwauFj6KDg831gUFly3g0ATYHfHNwNb3u4yqHpD8XNTMN1-oGsEG_gzrtrbsBf8i01iafFXXWD9cKdwh2ONUsD9bG-g7_9-F1rJhT9odM4y6r6IrcEyNEwgZniUPqqGSkaGtcp2YeXoK0pVvWrcKmsjwN9cqelXBXGeiqKkeMGX8WsVEiUrFjVi_WjoXfNbdB9Tgtb28buCTW5fdcQ2PNQ1ACcF6dAiH6QW9cUyW48HdFxlkTwIrnCwxSk8c0poutLV-trq7sDMpSURCkFJwiVfayLNHO6bfmXTDU-kqrbUdpfIYvnzEXsPy4k9pe_x2KA6KrufycLA51DwR1I9gct8kImDYM2-1Ol9coVb1LhPGK6RenaYnyyL9PlLX3ITHDn2zJ93C_VoDte1osSrFDj7IUzGw==",
            "facilitated_booking_available": true,
            "pnr_count": 2,
            "has_airport_change": false,
            "technical_stops": 0,
            "throw_away_ticketing": false,
            "hidden_city_ticketing": false,
            "virtual_interlining": false
        },
        {
            "id": "0b7717884df20000192be618_0|17880b774df40000a590ada7_0",
            "flyFrom": "BUD",
            "flyTo": "HAM",
            "cityFrom": "Budapest",
            "cityCodeFrom": "BUD",
            "cityTo": "Hamburg",
            "cityCodeTo": "HAM",
            "countryFrom": {
                "code": "HU",
                "name": "Hungary"
            },
            "countryTo": {
                "code": "DE",
                "name": "Germany"
            },
            "local_departure": "2024-08-19T08:40:00.000Z",
            "utc_departure": "2024-08-19T06:40:00.000Z",
            "local_arrival": "2024-08-19T10:25:00.000Z",
            "utc_arrival": "2024-08-19T08:25:00.000Z",
            "nightsInDest": 2,
            "quality": 245.333205,
            "distance": 949.98,
            "duration": {
                "departure": 6300,
                "return": 6000,
                "total": 12300
            },
            "price": 194,
            "conversion": {
                "EUR": 194
            },
            "fare": {
                "adults": 194,
                "children": 194,
                "infants": 194
            },
            "fare_locks": {
                "EUR": [
                    {
                        "default": false,
                        "duration": "P1D",
                        "itinerary_price_limit": 394,
                        "itinerary_price_remaining": 194,
                        "fare_lock_kind": "fee",
                        "price": 9.7,
                        "rule_instance_id": 26749,
                        "version": "v1"
                    },
                    {
                        "default": true,
                        "duration": "P3D",
                        "itinerary_price_limit": 394,
                        "itinerary_price_remaining": 194,
                        "fare_lock_kind": "fee",
                        "price": 19.4,
                        "rule_instance_id": 26748,
                        "version": "v1"
                    },
                    {
                        "default": false,
                        "duration": "P7D",
                        "itinerary_price_limit": 394,
                        "itinerary_price_remaining": 194,
                        "fare_lock_kind": "fee",
                        "price": 48.5,
                        "rule_instance_id": 26750,
                        "version": "v1"
                    }
                ]
            },
            "bags_price": {
                "1": 72.8,
                "2": 282.8
            },
            "baglimit": {
                "hand_dimensions_sum": 118,
                "hand_height": 40,
                "hand_length": 55,
                "hand_weight": 8,
                "hand_width": 23,
                "hold_dimensions_sum": 158,
                "hold_height": 52,
                "hold_length": 78,
                "hold_weight": 23,
                "hold_width": 28,
                "personal_item_dimension_sum": 95,
                "personal_item_height": 30,
                "personal_item_length": 40,
                "personal_item_weight": 8,
                "personal_item_width": 25
            },
            "availability": {
                "seats": 1
            },
            "airlines": [
                "EW"
            ],
            "route": [
                {
                    "id": "0b7717884df20000192be618_0",
                    "combination_id": "0b7717884df20000192be618",
                    "flyFrom": "BUD",
                    "flyTo": "HAM",
                    "cityFrom": "Budapest",
                    "cityCodeFrom": "BUD",
                    "cityTo": "Hamburg",
                    "cityCodeTo": "HAM",
                    "local_departure": "2024-08-19T08:40:00.000Z",
                    "utc_departure": "2024-08-19T06:40:00.000Z",
                    "local_arrival": "2024-08-19T10:25:00.000Z",
                    "utc_arrival": "2024-08-19T08:25:00.000Z",
                    "airline": "EW",
                    "flight_no": 7785,
                    "operating_carrier": "EW",
                    "operating_flight_no": "7785",
                    "fare_basis": "",
                    "fare_category": "M",
                    "fare_classes": "",
                    "return": 0,
                    "bags_recheck_required": false,
                    "vi_connection": false,
                    "guarantee": false,
                    "equipment": null,
                    "vehicle_type": "aircraft"
                },
                {
                    "id": "17880b774df40000a590ada7_0",
                    "combination_id": "17880b774df40000a590ada7",
                    "flyFrom": "HAM",
                    "flyTo": "BUD",
                    "cityFrom": "Hamburg",
                    "cityCodeFrom": "HAM",
                    "cityTo": "Budapest",
                    "cityCodeTo": "BUD",
                    "local_departure": "2024-08-21T18:25:00.000Z",
                    "utc_departure": "2024-08-21T16:25:00.000Z",
                    "local_arrival": "2024-08-21T20:05:00.000Z",
                    "utc_arrival": "2024-08-21T18:05:00.000Z",
                    "airline": "EW",
                    "flight_no": 7782,
                    "operating_carrier": "EW",
                    "operating_flight_no": "7782",
                    "fare_basis": "",
                    "fare_category": "M",
                    "fare_classes": "L",
                    "return": 1,
                    "bags_recheck_required": false,
                    "vi_connection": false,
                    "guarantee": false,
                    "equipment": null,
                    "vehicle_type": "aircraft"
                }
            ],
            "booking_token": "HQb3CsMLIfJVZ40zJcig-2bRE98pdNETfSAlJHyZSbC7rvQmNT8CGBKVclT-u3u5I6Vn2yeD3HMBDfajwBz7BfitHTVs2eImSkhdadHDHPx34Ok-7maRNEqqa2J5Zi7hMxP4wLpDg-kk6VM1jQfyKevkvSMjuHyOApXK6cCLihOhbu1J4OJ60X3tUStmiKRkcSJXV92YtJjowKSyJ3K6paVYGAkAGjsZ_U9T02j87zgKwDX1XWmqowkzttuKDyID_dBGMEFamSSOrZ4N0YRiky6zT7uKzV1RfiHbZ2r0qDSu4Nwe63X6Cpacf5Sn3ls_O3IO9zhXCRk9Kl0EcodBobvSO4Wn_hYscYdYqoine53Djs38eFCmijZG8l-Trqc1HYZ0Fcp8yoxngNz3vynuniGYmphcBdHw0T4CVb9YiEO83pq70viUz_omUzZ1-WJbnTJtx-XbVyPqN32oBwMnKJPSJ-fh2DdaGTp8PZASTkSDZD8bNNRnxxuY2wbe30xO33Rn9qC-4Y4JxjkubNj8LTsyjuzFfntTBMZkxUcxloxs0GV8TxtSrllnWBmHPol2-uj8vYrN8a7WzZWsCEoKiQwRXdMtd0Kp6UHWwIE7Gaoy76_-Ar4ecqN_xcaxKDm-OJJzPY5iyj5JM4vSQGkE3DWrvNO8HjAkcA6dL8KM_IMfeGlZyEl1RLilAkqcaFQ66E0YckB3xDZq3udB8bHUBH5gfB64_xxLBfXmsSNwMaaA=",
            "deep_link": "https://www.kiwi.com/deep?affilid=mihalytest&currency=EUR&flightsId=0b7717884df20000192be618_0%7C17880b774df40000a590ada7_0&from=BUD&lang=en&passengers=1&to=HAM&booking_token=HQb3CsMLIfJVZ40zJcig-2bRE98pdNETfSAlJHyZSbC7rvQmNT8CGBKVclT-u3u5I6Vn2yeD3HMBDfajwBz7BfitHTVs2eImSkhdadHDHPx34Ok-7maRNEqqa2J5Zi7hMxP4wLpDg-kk6VM1jQfyKevkvSMjuHyOApXK6cCLihOhbu1J4OJ60X3tUStmiKRkcSJXV92YtJjowKSyJ3K6paVYGAkAGjsZ_U9T02j87zgKwDX1XWmqowkzttuKDyID_dBGMEFamSSOrZ4N0YRiky6zT7uKzV1RfiHbZ2r0qDSu4Nwe63X6Cpacf5Sn3ls_O3IO9zhXCRk9Kl0EcodBobvSO4Wn_hYscYdYqoine53Djs38eFCmijZG8l-Trqc1HYZ0Fcp8yoxngNz3vynuniGYmphcBdHw0T4CVb9YiEO83pq70viUz_omUzZ1-WJbnTJtx-XbVyPqN32oBwMnKJPSJ-fh2DdaGTp8PZASTkSDZD8bNNRnxxuY2wbe30xO33Rn9qC-4Y4JxjkubNj8LTsyjuzFfntTBMZkxUcxloxs0GV8TxtSrllnWBmHPol2-uj8vYrN8a7WzZWsCEoKiQwRXdMtd0Kp6UHWwIE7Gaoy76_-Ar4ecqN_xcaxKDm-OJJzPY5iyj5JM4vSQGkE3DWrvNO8HjAkcA6dL8KM_IMfeGlZyEl1RLilAkqcaFQ66E0YckB3xDZq3udB8bHUBH5gfB64_xxLBfXmsSNwMaaA=",
            "facilitated_booking_available": true,
            "pnr_count": 2,
            "has_airport_change": false,
            "technical_stops": 0,
            "throw_away_ticketing": false,
            "hidden_city_ticketing": false,
            "virtual_interlining": false
        },
        {
            "id": "0b7717884e09000086af194a_0|17880b774e0b00001503b82c_0",
            "flyFrom": "BUD",
            "flyTo": "HAM",
            "cityFrom": "Budapest",
            "cityCodeFrom": "BUD",
            "cityTo": "Hamburg",
            "cityCodeTo": "HAM",
            "countryFrom": {
                "code": "HU",
                "name": "Hungary"
            },
            "countryTo": {
                "code": "DE",
                "name": "Germany"
            },
            "local_departure": "2024-09-11T20:45:00.000Z",
            "utc_departure": "2024-09-11T18:45:00.000Z",
            "local_arrival": "2024-09-11T22:30:00.000Z",
            "utc_arrival": "2024-09-11T20:30:00.000Z",
            "nightsInDest": 2,
            "quality": 245.333205,
            "distance": 949.98,
            "duration": {
                "departure": 6300,
                "return": 6000,
                "total": 12300
            },
            "price": 194,
            "conversion": {
                "EUR": 194
            },
            "fare": {
                "adults": 194,
                "children": 194,
                "infants": 194
            },
            "fare_locks": {
                "EUR": [
                    {
                        "default": false,
                        "duration": "P1D",
                        "itinerary_price_limit": 394,
                        "itinerary_price_remaining": 194,
                        "fare_lock_kind": "fee",
                        "price": 9.7,
                        "rule_instance_id": 26749,
                        "version": "v1"
                    },
                    {
                        "default": true,
                        "duration": "P3D",
                        "itinerary_price_limit": 394,
                        "itinerary_price_remaining": 194,
                        "fare_lock_kind": "fee",
                        "price": 19.4,
                        "rule_instance_id": 26748,
                        "version": "v1"
                    },
                    {
                        "default": false,
                        "duration": "P7D",
                        "itinerary_price_limit": 394,
                        "itinerary_price_remaining": 194,
                        "fare_lock_kind": "fee",
                        "price": 48.5,
                        "rule_instance_id": 26750,
                        "version": "v1"
                    }
                ]
            },
            "bags_price": {
                "1": 72.8,
                "2": 282.8
            },
            "baglimit": {
                "hand_dimensions_sum": 118,
                "hand_height": 40,
                "hand_length": 55,
                "hand_weight": 8,
                "hand_width": 23,
                "hold_dimensions_sum": 158,
                "hold_height": 52,
                "hold_length": 78,
                "hold_weight": 23,
                "hold_width": 28,
                "personal_item_dimension_sum": 95,
                "personal_item_height": 30,
                "personal_item_length": 40,
                "personal_item_weight": 8,
                "personal_item_width": 25
            },
            "availability": {
                "seats": 1
            },
            "airlines": [
                "EW"
            ],
            "route": [
                {
                    "id": "0b7717884e09000086af194a_0",
                    "combination_id": "0b7717884e09000086af194a",
                    "flyFrom": "BUD",
                    "flyTo": "HAM",
                    "cityFrom": "Budapest",
                    "cityCodeFrom": "BUD",
                    "cityTo": "Hamburg",
                    "cityCodeTo": "HAM",
                    "local_departure": "2024-09-11T20:45:00.000Z",
                    "utc_departure": "2024-09-11T18:45:00.000Z",
                    "local_arrival": "2024-09-11T22:30:00.000Z",
                    "utc_arrival": "2024-09-11T20:30:00.000Z",
                    "airline": "EW",
                    "flight_no": 7783,
                    "operating_carrier": "EW",
                    "operating_flight_no": "7783",
                    "fare_basis": "",
                    "fare_category": "M",
                    "fare_classes": "",
                    "return": 0,
                    "bags_recheck_required": false,
                    "vi_connection": false,
                    "guarantee": false,
                    "equipment": null,
                    "vehicle_type": "aircraft"
                },
                {
                    "id": "17880b774e0b00001503b82c_0",
                    "combination_id": "17880b774e0b00001503b82c",
                    "flyFrom": "HAM",
                    "flyTo": "BUD",
                    "cityFrom": "Hamburg",
                    "cityCodeFrom": "HAM",
                    "cityTo": "Budapest",
                    "cityCodeTo": "BUD",
                    "local_departure": "2024-09-13T18:25:00.000Z",
                    "utc_departure": "2024-09-13T16:25:00.000Z",
                    "local_arrival": "2024-09-13T20:05:00.000Z",
                    "utc_arrival": "2024-09-13T18:05:00.000Z",
                    "airline": "EW",
                    "flight_no": 7782,
                    "operating_carrier": "EW",
                    "operating_flight_no": "7782",
                    "fare_basis": "",
                    "fare_category": "M",
                    "fare_classes": "",
                    "return": 1,
                    "bags_recheck_required": false,
                    "vi_connection": false,
                    "guarantee": false,
                    "equipment": null,
                    "vehicle_type": "aircraft"
                }
            ],
            "booking_token": "H6Mt93BBjQPrvkonqvxQXVikKMiBTnH8waTuhcic_fdna0oQ-CSpxeoR2dtC_27JUhjhDhpSL-X3piKtH2-oREGdC0RaujH1izSgpFwfFFmAdEyQj643sgAf_nH1su6hlUTdkUHuTZ8TVBrmE2m8doFjbANHBCHciLN_w5yXY2DD6PdQQuA84sI6HzTCkBbTFPX96fvRMqbZivg8Zma3ZZnCJFL7eOWcgXxVk4FmGtKNAjmkGgNRYKcoPAZHAiaL8OiGXibpo99jWUgiLvuoExuWaNTozfYjmxcW7Pqc0RWl7I_fGKOUVlO5DhuSWLCmkxcAEBTkRNSmsL9wl8lFCbs8kGquF8aCsXqXWBaKivs5jHaYHJYwP2GbQ3g-qPd7xLG0Gz7qhIvC4ZeJohalzMGVd23FQlbVC8H36dW4gq0SM-r596HEsc6qXnvH-wJVV9u31_6KacoISNfcn5BUE4NWADbp9FuOwllKPs7OP6vyHzunty7weQGvsdumL2UKwnidfyW9XhWRX-BivSv-SXeyKoE0JZhIEWnc2ANIX7A4FRWozMoVoIilVUeO5bm3HYE-U8SS980h5cEBkmqcCH-VX_ITh52gLvmYCAy_HAYI_hcW6rthQhOduMU_MmAIyTEd0zTFR6ilA5rO8AZgxcaXpKrBb4Hv-mXSSPmlaR7Lit3YumX107PRM2tynX3USCAYnrSZvhcL9z7FAhqXYVg==",
            "deep_link": "https://www.kiwi.com/deep?affilid=mihalytest&currency=EUR&flightsId=0b7717884e09000086af194a_0%7C17880b774e0b00001503b82c_0&from=BUD&lang=en&passengers=1&to=HAM&booking_token=H6Mt93BBjQPrvkonqvxQXVikKMiBTnH8waTuhcic_fdna0oQ-CSpxeoR2dtC_27JUhjhDhpSL-X3piKtH2-oREGdC0RaujH1izSgpFwfFFmAdEyQj643sgAf_nH1su6hlUTdkUHuTZ8TVBrmE2m8doFjbANHBCHciLN_w5yXY2DD6PdQQuA84sI6HzTCkBbTFPX96fvRMqbZivg8Zma3ZZnCJFL7eOWcgXxVk4FmGtKNAjmkGgNRYKcoPAZHAiaL8OiGXibpo99jWUgiLvuoExuWaNTozfYjmxcW7Pqc0RWl7I_fGKOUVlO5DhuSWLCmkxcAEBTkRNSmsL9wl8lFCbs8kGquF8aCsXqXWBaKivs5jHaYHJYwP2GbQ3g-qPd7xLG0Gz7qhIvC4ZeJohalzMGVd23FQlbVC8H36dW4gq0SM-r596HEsc6qXnvH-wJVV9u31_6KacoISNfcn5BUE4NWADbp9FuOwllKPs7OP6vyHzunty7weQGvsdumL2UKwnidfyW9XhWRX-BivSv-SXeyKoE0JZhIEWnc2ANIX7A4FRWozMoVoIilVUeO5bm3HYE-U8SS980h5cEBkmqcCH-VX_ITh52gLvmYCAy_HAYI_hcW6rthQhOduMU_MmAIyTEd0zTFR6ilA5rO8AZgxcaXpKrBb4Hv-mXSSPmlaR7Lit3YumX107PRM2tynX3USCAYnrSZvhcL9z7FAhqXYVg==",
            "facilitated_booking_available": true,
            "pnr_count": 2,
            "has_airport_change": false,
            "technical_stops": 0,
            "throw_away_ticketing": false,
            "hidden_city_ticketing": false,
            "virtual_interlining": false
        },
        {
            "id": "0b7717884df20000192be618_0|17880b774df8000082c9a87b_0",
            "flyFrom": "BUD",
            "flyTo": "HAM",
            "cityFrom": "Budapest",
            "cityCodeFrom": "BUD",
            "cityTo": "Hamburg",
            "cityCodeTo": "HAM",
            "countryFrom": {
                "code": "HU",
                "name": "Hungary"
            },
            "countryTo": {
                "code": "DE",
                "name": "Germany"
            },
            "local_departure": "2024-08-19T08:40:00.000Z",
            "utc_departure": "2024-08-19T06:40:00.000Z",
            "local_arrival": "2024-08-19T10:25:00.000Z",
            "utc_arrival": "2024-08-19T08:25:00.000Z",
            "nightsInDest": 6,
            "quality": 245.333205,
            "distance": 949.98,
            "duration": {
                "departure": 6300,
                "return": 6000,
                "total": 12300
            },
            "price": 194,
            "conversion": {
                "EUR": 194
            },
            "fare": {
                "adults": 194,
                "children": 194,
                "infants": 194
            },
            "fare_locks": {
                "EUR": [
                    {
                        "default": false,
                        "duration": "P1D",
                        "itinerary_price_limit": 394,
                        "itinerary_price_remaining": 194,
                        "fare_lock_kind": "fee",
                        "price": 9.7,
                        "rule_instance_id": 26749,
                        "version": "v1"
                    },
                    {
                        "default": true,
                        "duration": "P3D",
                        "itinerary_price_limit": 394,
                        "itinerary_price_remaining": 194,
                        "fare_lock_kind": "fee",
                        "price": 19.4,
                        "rule_instance_id": 26748,
                        "version": "v1"
                    },
                    {
                        "default": false,
                        "duration": "P7D",
                        "itinerary_price_limit": 394,
                        "itinerary_price_remaining": 194,
                        "fare_lock_kind": "fee",
                        "price": 48.5,
                        "rule_instance_id": 26750,
                        "version": "v1"
                    }
                ]
            },
            "bags_price": {
                "1": 72.8,
                "2": 282.8
            },
            "baglimit": {
                "hand_dimensions_sum": 118,
                "hand_height": 40,
                "hand_length": 55,
                "hand_weight": 8,
                "hand_width": 23,
                "hold_dimensions_sum": 158,
                "hold_height": 52,
                "hold_length": 78,
                "hold_weight": 23,
                "hold_width": 28,
                "personal_item_dimension_sum": 95,
                "personal_item_height": 30,
                "personal_item_length": 40,
                "personal_item_weight": 8,
                "personal_item_width": 25
            },
            "availability": {
                "seats": 1
            },
            "airlines": [
                "EW"
            ],
            "route": [
                {
                    "id": "0b7717884df20000192be618_0",
                    "combination_id": "0b7717884df20000192be618",
                    "flyFrom": "BUD",
                    "flyTo": "HAM",
                    "cityFrom": "Budapest",
                    "cityCodeFrom": "BUD",
                    "cityTo": "Hamburg",
                    "cityCodeTo": "HAM",
                    "local_departure": "2024-08-19T08:40:00.000Z",
                    "utc_departure": "2024-08-19T06:40:00.000Z",
                    "local_arrival": "2024-08-19T10:25:00.000Z",
                    "utc_arrival": "2024-08-19T08:25:00.000Z",
                    "airline": "EW",
                    "flight_no": 7785,
                    "operating_carrier": "EW",
                    "operating_flight_no": "7785",
                    "fare_basis": "",
                    "fare_category": "M",
                    "fare_classes": "",
                    "return": 0,
                    "bags_recheck_required": false,
                    "vi_connection": false,
                    "guarantee": false,
                    "equipment": null,
                    "vehicle_type": "aircraft"
                },
                {
                    "id": "17880b774df8000082c9a87b_0",
                    "combination_id": "17880b774df8000082c9a87b",
                    "flyFrom": "HAM",
                    "flyTo": "BUD",
                    "cityFrom": "Hamburg",
                    "cityCodeFrom": "HAM",
                    "cityTo": "Budapest",
                    "cityCodeTo": "BUD",
                    "local_departure": "2024-08-25T18:25:00.000Z",
                    "utc_departure": "2024-08-25T16:25:00.000Z",
                    "local_arrival": "2024-08-25T20:05:00.000Z",
                    "utc_arrival": "2024-08-25T18:05:00.000Z",
                    "airline": "EW",
                    "flight_no": 7782,
                    "operating_carrier": "EW",
                    "operating_flight_no": "7782",
                    "fare_basis": "",
                    "fare_category": "M",
                    "fare_classes": "L",
                    "return": 1,
                    "bags_recheck_required": false,
                    "vi_connection": false,
                    "guarantee": false,
                    "equipment": null,
                    "vehicle_type": "aircraft"
                }
            ],
            "booking_token": "HUIzeG0fDINsz-9PS_Cbq3iwBVliqf3U0EtadRe3mqILvdfJbt7dE0rCCjQcpX78ZdPnWZdij-uAMFYA8-GBsCRl47oyojkMjNI4w5Mgm9r-CNj2CoPP-LCOifaspgV40gy_kt2xE24ATIBwKV6mi_Ax4xJlXmEhZepJd_JRIBUGu7p5cC2sAGtQPX4xq-vcR10XTKwA2zFYQxjqw7igbbpJGnRgKb-TRyQ-emqc4Tpkp64rt8cAEYEzDLaPCF-RSSFnliRYHncK2z-mlG783q7CGx9hGIkM7tH_CNlnrcvgGiLzAKz0x59cFjhVqzjSP0pRuZ3mvU2egIuJL-nK4_Vyy66U1XI6EobFlr1mB2Oue44C3jtMEPXEL2MuGNhPkjj-hBfMWpqaJJ2eYq35Xkd1HnlKowKoSfEqcVGcFycvejpxt0Nqkw5onZnnjGqdfd7e8nXlhNy9Ts9IPT4PiCPCNPq3SThgLobDhb6WUsfgOCWPU8HtUT6KmIGNjHb1gP5MdNBQhCN0UwbhVb9uLF8ufdprdYLNZzbq5n1y_lb6toRukc_1zmqxiwXqTzZgyoZvT5-kihuL2Or3fZ_c_6p1zLC_jAJAttIir9IVOnxiiQsPYln0cukPhP9_k5zU4dld4bRNOjkKPkcD3eBCmC4hS4ut0cqUUR-mDqnuIR3fFJxNUTjocUivvK25MZ8MXr-ePISCkh2G70ygrkJmNzQ==",
            "deep_link": "https://www.kiwi.com/deep?affilid=mihalytest&currency=EUR&flightsId=0b7717884df20000192be618_0%7C17880b774df8000082c9a87b_0&from=BUD&lang=en&passengers=1&to=HAM&booking_token=HUIzeG0fDINsz-9PS_Cbq3iwBVliqf3U0EtadRe3mqILvdfJbt7dE0rCCjQcpX78ZdPnWZdij-uAMFYA8-GBsCRl47oyojkMjNI4w5Mgm9r-CNj2CoPP-LCOifaspgV40gy_kt2xE24ATIBwKV6mi_Ax4xJlXmEhZepJd_JRIBUGu7p5cC2sAGtQPX4xq-vcR10XTKwA2zFYQxjqw7igbbpJGnRgKb-TRyQ-emqc4Tpkp64rt8cAEYEzDLaPCF-RSSFnliRYHncK2z-mlG783q7CGx9hGIkM7tH_CNlnrcvgGiLzAKz0x59cFjhVqzjSP0pRuZ3mvU2egIuJL-nK4_Vyy66U1XI6EobFlr1mB2Oue44C3jtMEPXEL2MuGNhPkjj-hBfMWpqaJJ2eYq35Xkd1HnlKowKoSfEqcVGcFycvejpxt0Nqkw5onZnnjGqdfd7e8nXlhNy9Ts9IPT4PiCPCNPq3SThgLobDhb6WUsfgOCWPU8HtUT6KmIGNjHb1gP5MdNBQhCN0UwbhVb9uLF8ufdprdYLNZzbq5n1y_lb6toRukc_1zmqxiwXqTzZgyoZvT5-kihuL2Or3fZ_c_6p1zLC_jAJAttIir9IVOnxiiQsPYln0cukPhP9_k5zU4dld4bRNOjkKPkcD3eBCmC4hS4ut0cqUUR-mDqnuIR3fFJxNUTjocUivvK25MZ8MXr-ePISCkh2G70ygrkJmNzQ==",
            "facilitated_booking_available": true,
            "pnr_count": 2,
            "has_airport_change": false,
            "technical_stops": 0,
            "throw_away_ticketing": false,
            "hidden_city_ticketing": false,
            "virtual_interlining": false
        },
        {
            "id": "0b7717884df400007a4c8730_0|17880b774df90000c9322fc0_0",
            "flyFrom": "BUD",
            "flyTo": "HAM",
            "cityFrom": "Budapest",
            "cityCodeFrom": "BUD",
            "cityTo": "Hamburg",
            "cityCodeTo": "HAM",
            "countryFrom": {
                "code": "HU",
                "name": "Hungary"
            },
            "countryTo": {
                "code": "DE",
                "name": "Germany"
            },
            "local_departure": "2024-08-21T20:45:00.000Z",
            "utc_departure": "2024-08-21T18:45:00.000Z",
            "local_arrival": "2024-08-21T22:30:00.000Z",
            "utc_arrival": "2024-08-21T20:30:00.000Z",
            "nightsInDest": 5,
            "quality": 245.333205,
            "distance": 949.98,
            "duration": {
                "departure": 6300,
                "return": 6000,
                "total": 12300
            },
            "price": 194,
            "conversion": {
                "EUR": 194
            },
            "fare": {
                "adults": 194,
                "children": 194,
                "infants": 194
            },
            "fare_locks": {
                "EUR": [
                    {
                        "default": false,
                        "duration": "P1D",
                        "itinerary_price_limit": 394,
                        "itinerary_price_remaining": 194,
                        "fare_lock_kind": "fee",
                        "price": 9.7,
                        "rule_instance_id": 26749,
                        "version": "v1"
                    },
                    {
                        "default": true,
                        "duration": "P3D",
                        "itinerary_price_limit": 394,
                        "itinerary_price_remaining": 194,
                        "fare_lock_kind": "fee",
                        "price": 19.4,
                        "rule_instance_id": 26748,
                        "version": "v1"
                    },
                    {
                        "default": false,
                        "duration": "P7D",
                        "itinerary_price_limit": 394,
                        "itinerary_price_remaining": 194,
                        "fare_lock_kind": "fee",
                        "price": 48.5,
                        "rule_instance_id": 26750,
                        "version": "v1"
                    }
                ]
            },
            "bags_price": {
                "1": 72.8,
                "2": 282.8
            },
            "baglimit": {
                "hand_dimensions_sum": 118,
                "hand_height": 40,
                "hand_length": 55,
                "hand_weight": 8,
                "hand_width": 23,
                "hold_dimensions_sum": 158,
                "hold_height": 52,
                "hold_length": 78,
                "hold_weight": 23,
                "hold_width": 28,
                "personal_item_dimension_sum": 95,
                "personal_item_height": 30,
                "personal_item_length": 40,
                "personal_item_weight": 8,
                "personal_item_width": 25
            },
            "availability": {
                "seats": 6
            },
            "airlines": [
                "EW"
            ],
            "route": [
                {
                    "id": "0b7717884df400007a4c8730_0",
                    "combination_id": "0b7717884df400007a4c8730",
                    "flyFrom": "BUD",
                    "flyTo": "HAM",
                    "cityFrom": "Budapest",
                    "cityCodeFrom": "BUD",
                    "cityTo": "Hamburg",
                    "cityCodeTo": "HAM",
                    "local_departure": "2024-08-21T20:45:00.000Z",
                    "utc_departure": "2024-08-21T18:45:00.000Z",
                    "local_arrival": "2024-08-21T22:30:00.000Z",
                    "utc_arrival": "2024-08-21T20:30:00.000Z",
                    "airline": "EW",
                    "flight_no": 7783,
                    "operating_carrier": "EW",
                    "operating_flight_no": "7783",
                    "fare_basis": "",
                    "fare_category": "M",
                    "fare_classes": "K",
                    "return": 0,
                    "bags_recheck_required": false,
                    "vi_connection": false,
                    "guarantee": false,
                    "equipment": null,
                    "vehicle_type": "aircraft"
                },
                {
                    "id": "17880b774df90000c9322fc0_0",
                    "combination_id": "17880b774df90000c9322fc0",
                    "flyFrom": "HAM",
                    "flyTo": "BUD",
                    "cityFrom": "Hamburg",
                    "cityCodeFrom": "HAM",
                    "cityTo": "Budapest",
                    "cityCodeTo": "BUD",
                    "local_departure": "2024-08-26T06:15:00.000Z",
                    "utc_departure": "2024-08-26T04:15:00.000Z",
                    "local_arrival": "2024-08-26T07:55:00.000Z",
                    "utc_arrival": "2024-08-26T05:55:00.000Z",
                    "airline": "EW",
                    "flight_no": 7784,
                    "operating_carrier": "EW",
                    "operating_flight_no": "7784",
                    "fare_basis": "",
                    "fare_category": "M",
                    "fare_classes": "",
                    "return": 1,
                    "bags_recheck_required": false,
                    "vi_connection": false,
                    "guarantee": false,
                    "equipment": null,
                    "vehicle_type": "aircraft"
                }
            ],
            "booking_token": "HaYE7eR5SBsj_N67pIk1dec1duhWVPZmOe5qBJOEG--Qz8ePwT5THUCfD3y378uOrdnZ8boX_QAzspqJtReLnT30X8gYWVpZgq-Ll-6rR07mvsRdBdKV6_SkMw6_y0lB-O_u3XLxfQadaLBJ-oEA5cCmTolEjgrf4GpfaIi_-zf154FgNIBFCCUA7UnM-JPySSwr5gsS7WuWe-yUC9m1hjik1R_uhldM5z72LdVJjlMO-o94qBJdsQowswSplY47n2pe2fKp9apk4RupByF_Raz1jHqZjL4tG20YxVBMOXjFtErmPKbqQyFw--MnugplB9uJuyrusI4gSLiNUvZNHJLh81EbqgCAwT5CAa8BJoqGpiy_K2pgSkdA5Gcx1xuMX43U-jHfDnaDU21VZZmMRuheT6O_PRvJaqKUX41gn-rfwHnjUAAsipApirWuJJldmWHHLqgzJyuM165Q5UfEHqOo1EM4PQL5SNpusy7c81kvvPDm78PV5GxKXwwMqXMMAb1CIkckLNoLLDHmjlyBnB6cLvY7KFyA7f2fEYulqvnnN5iskHA9j2LuB07Xxr8Lqg7LAVuLeS1tg9Rrm3PboUhgM9IZrCFxsGVXqZd_Zk7MnADqbHjxi9ZL4-o0DHxDkBbMk5SijzYNisN02-ju-WDoqFeUCpiaKySFD4z_meZom0qI1KituS_7Ra7lryRUt1wQg4YQTKO2U_R2prOs2ZgkJLUpJmwuIUsW1yG-7TE0=",
            "deep_link": "https://www.kiwi.com/deep?affilid=mihalytest&currency=EUR&flightsId=0b7717884df400007a4c8730_0%7C17880b774df90000c9322fc0_0&from=BUD&lang=en&passengers=1&to=HAM&booking_token=HaYE7eR5SBsj_N67pIk1dec1duhWVPZmOe5qBJOEG--Qz8ePwT5THUCfD3y378uOrdnZ8boX_QAzspqJtReLnT30X8gYWVpZgq-Ll-6rR07mvsRdBdKV6_SkMw6_y0lB-O_u3XLxfQadaLBJ-oEA5cCmTolEjgrf4GpfaIi_-zf154FgNIBFCCUA7UnM-JPySSwr5gsS7WuWe-yUC9m1hjik1R_uhldM5z72LdVJjlMO-o94qBJdsQowswSplY47n2pe2fKp9apk4RupByF_Raz1jHqZjL4tG20YxVBMOXjFtErmPKbqQyFw--MnugplB9uJuyrusI4gSLiNUvZNHJLh81EbqgCAwT5CAa8BJoqGpiy_K2pgSkdA5Gcx1xuMX43U-jHfDnaDU21VZZmMRuheT6O_PRvJaqKUX41gn-rfwHnjUAAsipApirWuJJldmWHHLqgzJyuM165Q5UfEHqOo1EM4PQL5SNpusy7c81kvvPDm78PV5GxKXwwMqXMMAb1CIkckLNoLLDHmjlyBnB6cLvY7KFyA7f2fEYulqvnnN5iskHA9j2LuB07Xxr8Lqg7LAVuLeS1tg9Rrm3PboUhgM9IZrCFxsGVXqZd_Zk7MnADqbHjxi9ZL4-o0DHxDkBbMk5SijzYNisN02-ju-WDoqFeUCpiaKySFD4z_meZom0qI1KituS_7Ra7lryRUt1wQg4YQTKO2U_R2prOs2ZgkJLUpJmwuIUsW1yG-7TE0=",
            "facilitated_booking_available": true,
            "pnr_count": 2,
            "has_airport_change": false,
            "technical_stops": 0,
            "throw_away_ticketing": false,
            "hidden_city_ticketing": false,
            "virtual_interlining": false
        },
        {
            "id": "0b7717884e0a000086eddbab_0|17880b774e0d00000bfb6a77_0",
            "flyFrom": "BUD",
            "flyTo": "HAM",
            "cityFrom": "Budapest",
            "cityCodeFrom": "BUD",
            "cityTo": "Hamburg",
            "cityCodeTo": "HAM",
            "countryFrom": {
                "code": "HU",
                "name": "Hungary"
            },
            "countryTo": {
                "code": "DE",
                "name": "Germany"
            },
            "local_departure": "2024-09-12T20:45:00.000Z",
            "utc_departure": "2024-09-12T18:45:00.000Z",
            "local_arrival": "2024-09-12T22:30:00.000Z",
            "utc_arrival": "2024-09-12T20:30:00.000Z",
            "nightsInDest": 3,
            "quality": 247.333205,
            "distance": 949.98,
            "duration": {
                "departure": 6300,
                "return": 6000,
                "total": 12300
            },
            "price": 196,
            "conversion": {
                "EUR": 196
            },
            "fare": {
                "adults": 196,
                "children": 196,
                "infants": 196
            },
            "fare_locks": {
                "EUR": [
                    {
                        "default": false,
                        "duration": "P1D",
                        "itinerary_price_limit": 396,
                        "itinerary_price_remaining": 196,
                        "fare_lock_kind": "fee",
                        "price": 9.8,
                        "rule_instance_id": 26749,
                        "version": "v1"
                    },
                    {
                        "default": true,
                        "duration": "P3D",
                        "itinerary_price_limit": 396,
                        "itinerary_price_remaining": 196,
                        "fare_lock_kind": "fee",
                        "price": 19.6,
                        "rule_instance_id": 26748,
                        "version": "v1"
                    },
                    {
                        "default": false,
                        "duration": "P7D",
                        "itinerary_price_limit": 396,
                        "itinerary_price_remaining": 196,
                        "fare_lock_kind": "fee",
                        "price": 49,
                        "rule_instance_id": 26750,
                        "version": "v1"
                    }
                ]
            },
            "bags_price": {
                "1": 72.8,
                "2": 282.8
            },
            "baglimit": {
                "hand_dimensions_sum": 118,
                "hand_height": 40,
                "hand_length": 55,
                "hand_weight": 8,
                "hand_width": 23,
                "hold_dimensions_sum": 158,
                "hold_height": 52,
                "hold_length": 78,
                "hold_weight": 23,
                "hold_width": 28,
                "personal_item_dimension_sum": 95,
                "personal_item_height": 30,
                "personal_item_length": 40,
                "personal_item_weight": 8,
                "personal_item_width": 25
            },
            "availability": {
                "seats": 4
            },
            "airlines": [
                "EW"
            ],
            "route": [
                {
                    "id": "0b7717884e0a000086eddbab_0",
                    "combination_id": "0b7717884e0a000086eddbab",
                    "flyFrom": "BUD",
                    "flyTo": "HAM",
                    "cityFrom": "Budapest",
                    "cityCodeFrom": "BUD",
                    "cityTo": "Hamburg",
                    "cityCodeTo": "HAM",
                    "local_departure": "2024-09-12T20:45:00.000Z",
                    "utc_departure": "2024-09-12T18:45:00.000Z",
                    "local_arrival": "2024-09-12T22:30:00.000Z",
                    "utc_arrival": "2024-09-12T20:30:00.000Z",
                    "airline": "EW",
                    "flight_no": 7783,
                    "operating_carrier": "EW",
                    "operating_flight_no": "7783",
                    "fare_basis": "",
                    "fare_category": "M",
                    "fare_classes": "",
                    "return": 0,
                    "bags_recheck_required": false,
                    "vi_connection": false,
                    "guarantee": false,
                    "equipment": null,
                    "vehicle_type": "aircraft"
                },
                {
                    "id": "17880b774e0d00000bfb6a77_0",
                    "combination_id": "17880b774e0d00000bfb6a77",
                    "flyFrom": "HAM",
                    "flyTo": "BUD",
                    "cityFrom": "Hamburg",
                    "cityCodeFrom": "HAM",
                    "cityTo": "Budapest",
                    "cityCodeTo": "BUD",
                    "local_departure": "2024-09-15T18:25:00.000Z",
                    "utc_departure": "2024-09-15T16:25:00.000Z",
                    "local_arrival": "2024-09-15T20:05:00.000Z",
                    "utc_arrival": "2024-09-15T18:05:00.000Z",
                    "airline": "EW",
                    "flight_no": 7782,
                    "operating_carrier": "EW",
                    "operating_flight_no": "7782",
                    "fare_basis": "",
                    "fare_category": "M",
                    "fare_classes": "K",
                    "return": 1,
                    "bags_recheck_required": false,
                    "vi_connection": false,
                    "guarantee": false,
                    "equipment": null,
                    "vehicle_type": "aircraft"
                }
            ],
            "booking_token": "H-lPn3oRCskAPomL8uJFFmpluASAgB9KCXyH-YsKSzR9p5NSV-Hz8Nvn59x4Fo0Oxi0skcMCzxrutG6RhzbggOyaRsxTjdZdWXU9fxiUfZUYLIQ3qPnXEM3LYRFcPAH28QPpNKxczY1RCdr1EVtVpeOeTjY-0JwWMMBVcrut2K465MiTPZ-nr0mHaLtNfTdkVDLfYPhkzSuFO1ioihaJbiJuuEYnC7zYmaO_IJynWOpTtUsv-HqrnxTU7N6AIfdsXiffARSKq-ebEYsgG2iaJPewzOMImuyFIchEcZg6r5tYYGwz0CnUHf3uLu6G_2S86AKTvIU2P9hLovfflOpdKA9Il4fLgT7hy76g27JBmbGjPcI02n08gon6EuwtKsYowoQYzs3OuA4uaHntAXOlRPAQ5Kr1TJ6QrofqjOuqJwgUHLsGgTI-rlNHjWlme6FP6DBfEwrSQIL_4FekJFc6W-qpYK7UkBcw3gKwaoXuZPJDBAnDajrYTpQukceJp2MG8YT1GuDIGj7fBF_SPibxvQQqOImI80mK0xq6xpTemgS_ndgRjp0i_19PCEdI7SlJlDbw60CqoLxpB-83fgWzlCrMVpJsI3qez-HuH5Z0XkgtQsLOTfCUQu3kZi03IPudRy5TddBnNSxwKqdvTwXWSYtmjHyuTLeuySpATWMjemDI=",
            "deep_link": "https://www.kiwi.com/deep?affilid=mihalytest&currency=EUR&flightsId=0b7717884e0a000086eddbab_0%7C17880b774e0d00000bfb6a77_0&from=BUD&lang=en&passengers=1&to=HAM&booking_token=H-lPn3oRCskAPomL8uJFFmpluASAgB9KCXyH-YsKSzR9p5NSV-Hz8Nvn59x4Fo0Oxi0skcMCzxrutG6RhzbggOyaRsxTjdZdWXU9fxiUfZUYLIQ3qPnXEM3LYRFcPAH28QPpNKxczY1RCdr1EVtVpeOeTjY-0JwWMMBVcrut2K465MiTPZ-nr0mHaLtNfTdkVDLfYPhkzSuFO1ioihaJbiJuuEYnC7zYmaO_IJynWOpTtUsv-HqrnxTU7N6AIfdsXiffARSKq-ebEYsgG2iaJPewzOMImuyFIchEcZg6r5tYYGwz0CnUHf3uLu6G_2S86AKTvIU2P9hLovfflOpdKA9Il4fLgT7hy76g27JBmbGjPcI02n08gon6EuwtKsYowoQYzs3OuA4uaHntAXOlRPAQ5Kr1TJ6QrofqjOuqJwgUHLsGgTI-rlNHjWlme6FP6DBfEwrSQIL_4FekJFc6W-qpYK7UkBcw3gKwaoXuZPJDBAnDajrYTpQukceJp2MG8YT1GuDIGj7fBF_SPibxvQQqOImI80mK0xq6xpTemgS_ndgRjp0i_19PCEdI7SlJlDbw60CqoLxpB-83fgWzlCrMVpJsI3qez-HuH5Z0XkgtQsLOTfCUQu3kZi03IPudRy5TddBnNSxwKqdvTwXWSYtmjHyuTLeuySpATWMjemDI=",
            "facilitated_booking_available": true,
            "pnr_count": 2,
            "has_airport_change": false,
            "technical_stops": 0,
            "throw_away_ticketing": false,
            "hidden_city_ticketing": false,
            "virtual_interlining": false
        },
        {
            "id": "0b7717884e0a000086eddbab_0|17880b774e0e000095fa57a4_0",
            "flyFrom": "BUD",
            "flyTo": "HAM",
            "cityFrom": "Budapest",
            "cityCodeFrom": "BUD",
            "cityTo": "Hamburg",
            "cityCodeTo": "HAM",
            "countryFrom": {
                "code": "HU",
                "name": "Hungary"
            },
            "countryTo": {
                "code": "DE",
                "name": "Germany"
            },
            "local_departure": "2024-09-12T20:45:00.000Z",
            "utc_departure": "2024-09-12T18:45:00.000Z",
            "local_arrival": "2024-09-12T22:30:00.000Z",
            "utc_arrival": "2024-09-12T20:30:00.000Z",
            "nightsInDest": 4,
            "quality": 247.333205,
            "distance": 949.98,
            "duration": {
                "departure": 6300,
                "return": 6000,
                "total": 12300
            },
            "price": 196,
            "conversion": {
                "EUR": 196
            },
            "fare": {
                "adults": 196,
                "children": 196,
                "infants": 196
            },
            "fare_locks": {
                "EUR": [
                    {
                        "default": false,
                        "duration": "P1D",
                        "itinerary_price_limit": 396,
                        "itinerary_price_remaining": 196,
                        "fare_lock_kind": "fee",
                        "price": 9.8,
                        "rule_instance_id": 26749,
                        "version": "v1"
                    },
                    {
                        "default": true,
                        "duration": "P3D",
                        "itinerary_price_limit": 396,
                        "itinerary_price_remaining": 196,
                        "fare_lock_kind": "fee",
                        "price": 19.6,
                        "rule_instance_id": 26748,
                        "version": "v1"
                    },
                    {
                        "default": false,
                        "duration": "P7D",
                        "itinerary_price_limit": 396,
                        "itinerary_price_remaining": 196,
                        "fare_lock_kind": "fee",
                        "price": 49,
                        "rule_instance_id": 26750,
                        "version": "v1"
                    }
                ]
            },
            "bags_price": {
                "1": 72.8,
                "2": 282.8
            },
            "baglimit": {
                "hand_dimensions_sum": 118,
                "hand_height": 40,
                "hand_length": 55,
                "hand_weight": 8,
                "hand_width": 23,
                "hold_dimensions_sum": 158,
                "hold_height": 52,
                "hold_length": 78,
                "hold_weight": 23,
                "hold_width": 28,
                "personal_item_dimension_sum": 95,
                "personal_item_height": 30,
                "personal_item_length": 40,
                "personal_item_weight": 8,
                "personal_item_width": 25
            },
            "availability": {
                "seats": 9
            },
            "airlines": [
                "EW"
            ],
            "route": [
                {
                    "id": "0b7717884e0a000086eddbab_0",
                    "combination_id": "0b7717884e0a000086eddbab",
                    "flyFrom": "BUD",
                    "flyTo": "HAM",
                    "cityFrom": "Budapest",
                    "cityCodeFrom": "BUD",
                    "cityTo": "Hamburg",
                    "cityCodeTo": "HAM",
                    "local_departure": "2024-09-12T20:45:00.000Z",
                    "utc_departure": "2024-09-12T18:45:00.000Z",
                    "local_arrival": "2024-09-12T22:30:00.000Z",
                    "utc_arrival": "2024-09-12T20:30:00.000Z",
                    "airline": "EW",
                    "flight_no": 7783,
                    "operating_carrier": "EW",
                    "operating_flight_no": "7783",
                    "fare_basis": "",
                    "fare_category": "M",
                    "fare_classes": "",
                    "return": 0,
                    "bags_recheck_required": false,
                    "vi_connection": false,
                    "guarantee": false,
                    "equipment": null,
                    "vehicle_type": "aircraft"
                },
                {
                    "id": "17880b774e0e000095fa57a4_0",
                    "combination_id": "17880b774e0e000095fa57a4",
                    "flyFrom": "HAM",
                    "flyTo": "BUD",
                    "cityFrom": "Hamburg",
                    "cityCodeFrom": "HAM",
                    "cityTo": "Budapest",
                    "cityCodeTo": "BUD",
                    "local_departure": "2024-09-16T11:30:00.000Z",
                    "utc_departure": "2024-09-16T09:30:00.000Z",
                    "local_arrival": "2024-09-16T13:10:00.000Z",
                    "utc_arrival": "2024-09-16T11:10:00.000Z",
                    "airline": "EW",
                    "flight_no": 7784,
                    "operating_carrier": "EW",
                    "operating_flight_no": "7784",
                    "fare_basis": "",
                    "fare_category": "M",
                    "fare_classes": "K",
                    "return": 1,
                    "bags_recheck_required": false,
                    "vi_connection": false,
                    "guarantee": false,
                    "equipment": null,
                    "vehicle_type": "aircraft"
                }
            ],
            "booking_token": "H2D99bIK7VkH_xzuqV0xNLnsgFEMEStUbLPSBxdzu5Mni4DOvrxFQnSVTivNvEcLCN-sUZ9rcXpmnK4Td1MgLNtDit1N6b8uYdDys8_-tS0L3OeP0jsTDozxAfrVRnDenq2svSuTTJglDqDVz5fAje98AJG2MIV_i4fUnW3A6R1CwF-ueBh9O7Pv9ThaEZUD0qeMpSokt2dGrBQYK-uJ8Oif8860MCuzareDS0Rco1bXBrCQMxQ10gKuRhICuBMb_v75vDK3UGw_CCwAFu1-xQh_pEcdTwqWLSGb9kBPUastzSM8c5WlXlOkpnek0TAk1sYGjegy5t4-qohSqb7oc2eG4IiaKhXq45Yu4hohK2jm0tl4UzC9-yFAhByqzYVcflAz4OB_yb1856K83IMEN6MsIfk8eKe9aLZUfaJqvNu9qTe6-ZFxSmi3sNvg3Ki6TfgMnjkWnEUKIApx9O9JI-fN2zC3YU7sG2KLhv8l-sLUy3PyXEiMXvcsReJzeGLizjPpEoMusWMUOzcJftHcTua7s2hbHxNwE2zLHj3BNUMlrbAQCfhbEUbpspsWGAk_3eXZTMnoFnb4NjS9gy62Fe2dwXp7cQZvjlpO2lHFnaUweADnOB9O99Ks5GU8zDI3WjFZ12L3l68LoswKrmkcpnQ==",
            "deep_link": "https://www.kiwi.com/deep?affilid=mihalytest&currency=EUR&flightsId=0b7717884e0a000086eddbab_0%7C17880b774e0e000095fa57a4_0&from=BUD&lang=en&passengers=1&to=HAM&booking_token=H2D99bIK7VkH_xzuqV0xNLnsgFEMEStUbLPSBxdzu5Mni4DOvrxFQnSVTivNvEcLCN-sUZ9rcXpmnK4Td1MgLNtDit1N6b8uYdDys8_-tS0L3OeP0jsTDozxAfrVRnDenq2svSuTTJglDqDVz5fAje98AJG2MIV_i4fUnW3A6R1CwF-ueBh9O7Pv9ThaEZUD0qeMpSokt2dGrBQYK-uJ8Oif8860MCuzareDS0Rco1bXBrCQMxQ10gKuRhICuBMb_v75vDK3UGw_CCwAFu1-xQh_pEcdTwqWLSGb9kBPUastzSM8c5WlXlOkpnek0TAk1sYGjegy5t4-qohSqb7oc2eG4IiaKhXq45Yu4hohK2jm0tl4UzC9-yFAhByqzYVcflAz4OB_yb1856K83IMEN6MsIfk8eKe9aLZUfaJqvNu9qTe6-ZFxSmi3sNvg3Ki6TfgMnjkWnEUKIApx9O9JI-fN2zC3YU7sG2KLhv8l-sLUy3PyXEiMXvcsReJzeGLizjPpEoMusWMUOzcJftHcTua7s2hbHxNwE2zLHj3BNUMlrbAQCfhbEUbpspsWGAk_3eXZTMnoFnb4NjS9gy62Fe2dwXp7cQZvjlpO2lHFnaUweADnOB9O99Ks5GU8zDI3WjFZ12L3l68LoswKrmkcpnQ==",
            "facilitated_booking_available": true,
            "pnr_count": 2,
            "has_airport_change": false,
            "technical_stops": 0,
            "throw_away_ticketing": false,
            "hidden_city_ticketing": false,
            "virtual_interlining": false
        },
        {
            "id": "0b7717884e070000b9ab77bd_0|17880b774e090000597333dd_0",
            "flyFrom": "BUD",
            "flyTo": "HAM",
            "cityFrom": "Budapest",
            "cityCodeFrom": "BUD",
            "cityTo": "Hamburg",
            "cityCodeTo": "HAM",
            "countryFrom": {
                "code": "HU",
                "name": "Hungary"
            },
            "countryTo": {
                "code": "DE",
                "name": "Germany"
            },
            "local_departure": "2024-09-09T13:55:00.000Z",
            "utc_departure": "2024-09-09T11:55:00.000Z",
            "local_arrival": "2024-09-09T15:40:00.000Z",
            "utc_arrival": "2024-09-09T13:40:00.000Z",
            "nightsInDest": 2,
            "quality": 247.333205,
            "distance": 949.98,
            "duration": {
                "departure": 6300,
                "return": 6000,
                "total": 12300
            },
            "price": 196,
            "conversion": {
                "EUR": 196
            },
            "fare": {
                "adults": 196,
                "children": 196,
                "infants": 196
            },
            "fare_locks": {
                "EUR": [
                    {
                        "default": false,
                        "duration": "P1D",
                        "itinerary_price_limit": 396,
                        "itinerary_price_remaining": 196,
                        "fare_lock_kind": "fee",
                        "price": 9.8,
                        "rule_instance_id": 26749,
                        "version": "v1"
                    },
                    {
                        "default": true,
                        "duration": "P3D",
                        "itinerary_price_limit": 396,
                        "itinerary_price_remaining": 196,
                        "fare_lock_kind": "fee",
                        "price": 19.6,
                        "rule_instance_id": 26748,
                        "version": "v1"
                    },
                    {
                        "default": false,
                        "duration": "P7D",
                        "itinerary_price_limit": 396,
                        "itinerary_price_remaining": 196,
                        "fare_lock_kind": "fee",
                        "price": 49,
                        "rule_instance_id": 26750,
                        "version": "v1"
                    }
                ]
            },
            "bags_price": {
                "1": 72.8,
                "2": 282.8
            },
            "baglimit": {
                "hand_dimensions_sum": 118,
                "hand_height": 40,
                "hand_length": 55,
                "hand_weight": 8,
                "hand_width": 23,
                "hold_dimensions_sum": 158,
                "hold_height": 52,
                "hold_length": 78,
                "hold_weight": 23,
                "hold_width": 28,
                "personal_item_dimension_sum": 95,
                "personal_item_height": 30,
                "personal_item_length": 40,
                "personal_item_weight": 8,
                "personal_item_width": 25
            },
            "availability": {
                "seats": 9
            },
            "airlines": [
                "EW"
            ],
            "route": [
                {
                    "id": "0b7717884e070000b9ab77bd_0",
                    "combination_id": "0b7717884e070000b9ab77bd",
                    "flyFrom": "BUD",
                    "flyTo": "HAM",
                    "cityFrom": "Budapest",
                    "cityCodeFrom": "BUD",
                    "cityTo": "Hamburg",
                    "cityCodeTo": "HAM",
                    "local_departure": "2024-09-09T13:55:00.000Z",
                    "utc_departure": "2024-09-09T11:55:00.000Z",
                    "local_arrival": "2024-09-09T15:40:00.000Z",
                    "utc_arrival": "2024-09-09T13:40:00.000Z",
                    "airline": "EW",
                    "flight_no": 7785,
                    "operating_carrier": "EW",
                    "operating_flight_no": "7785",
                    "fare_basis": "",
                    "fare_category": "M",
                    "fare_classes": "",
                    "return": 0,
                    "bags_recheck_required": false,
                    "vi_connection": false,
                    "guarantee": false,
                    "equipment": null,
                    "vehicle_type": "aircraft"
                },
                {
                    "id": "17880b774e090000597333dd_0",
                    "combination_id": "17880b774e090000597333dd",
                    "flyFrom": "HAM",
                    "flyTo": "BUD",
                    "cityFrom": "Hamburg",
                    "cityCodeFrom": "HAM",
                    "cityTo": "Budapest",
                    "cityCodeTo": "BUD",
                    "local_departure": "2024-09-11T18:25:00.000Z",
                    "utc_departure": "2024-09-11T16:25:00.000Z",
                    "local_arrival": "2024-09-11T20:05:00.000Z",
                    "utc_arrival": "2024-09-11T18:05:00.000Z",
                    "airline": "EW",
                    "flight_no": 7782,
                    "operating_carrier": "EW",
                    "operating_flight_no": "7782",
                    "fare_basis": "",
                    "fare_category": "M",
                    "fare_classes": "",
                    "return": 1,
                    "bags_recheck_required": false,
                    "vi_connection": false,
                    "guarantee": false,
                    "equipment": null,
                    "vehicle_type": "aircraft"
                }
            ],
            "booking_token": "Hm5LK82e6WS6HpnFvfhOyjvXFnnMzettHcnjKAbRDjQfmua0pGGedgBMPAvoHVrUvTbNOGOBZpnUni1XNoHGoJ4nUHu5K541HJ7074BY5pNG_U1D-hMaEDOXQtOnZnWC4Ecn8eWXu9aNLupne9t0g3lRSpqJyF-iwmiZhzH0KngCje-PbnWrA9BDr8pMv0BrOjmADM9sj7n0Em1yi2ZtDFRifaQQPdiLRlcpTIAye2to9YajUH3U8vQ929PiSe6FR8MIehcilsjXt1xhbm68Hq7N5vq9VasZzu23GuZBkVyo5Vg9c6jDsBo0AveQxAvtgmQVGikkxhyUEStIVORm4Z0FsBzzlYl7kW0fS70RVi_TTdUj9xPGSTHH1tHkrLGj0Dtd2OtTd8-s2j43taPLeCbHquP4X2TDkIncS62ZvbETAm83tnlT1ZEKgQGtmIeBUBO9MRu7uFS07Ku6vtd47Qqk3Ru6Wn64yEqLXj38L43dRbPj-SH-iUjCTajkGXasc3_QluXnCnLKPSl5iFS2z73j7OQrcZmX-OMz0CDm3YCzt6WgSqajq2xx1G22I7cU5WGGyRruwRP0WqALqKjWTvzMevADzauseKwNWhoZb6LRdFsmnVZG4obBOlvIK3joyFb6eleXxuQnO9A2JKrlIRHCqkxnU9tJf4rI5exj0M7E=",
            "deep_link": "https://www.kiwi.com/deep?affilid=mihalytest&currency=EUR&flightsId=0b7717884e070000b9ab77bd_0%7C17880b774e090000597333dd_0&from=BUD&lang=en&passengers=1&to=HAM&booking_token=Hm5LK82e6WS6HpnFvfhOyjvXFnnMzettHcnjKAbRDjQfmua0pGGedgBMPAvoHVrUvTbNOGOBZpnUni1XNoHGoJ4nUHu5K541HJ7074BY5pNG_U1D-hMaEDOXQtOnZnWC4Ecn8eWXu9aNLupne9t0g3lRSpqJyF-iwmiZhzH0KngCje-PbnWrA9BDr8pMv0BrOjmADM9sj7n0Em1yi2ZtDFRifaQQPdiLRlcpTIAye2to9YajUH3U8vQ929PiSe6FR8MIehcilsjXt1xhbm68Hq7N5vq9VasZzu23GuZBkVyo5Vg9c6jDsBo0AveQxAvtgmQVGikkxhyUEStIVORm4Z0FsBzzlYl7kW0fS70RVi_TTdUj9xPGSTHH1tHkrLGj0Dtd2OtTd8-s2j43taPLeCbHquP4X2TDkIncS62ZvbETAm83tnlT1ZEKgQGtmIeBUBO9MRu7uFS07Ku6vtd47Qqk3Ru6Wn64yEqLXj38L43dRbPj-SH-iUjCTajkGXasc3_QluXnCnLKPSl5iFS2z73j7OQrcZmX-OMz0CDm3YCzt6WgSqajq2xx1G22I7cU5WGGyRruwRP0WqALqKjWTvzMevADzauseKwNWhoZb6LRdFsmnVZG4obBOlvIK3joyFb6eleXxuQnO9A2JKrlIRHCqkxnU9tJf4rI5exj0M7E=",
            "facilitated_booking_available": true,
            "pnr_count": 2,
            "has_airport_change": false,
            "technical_stops": 0,
            "throw_away_ticketing": false,
            "hidden_city_ticketing": false,
            "virtual_interlining": false
        },
        {
            "id": "0b7717884df400007a4c8730_0|17880b774dfb000066f22fb2_0",
            "flyFrom": "BUD",
            "flyTo": "HAM",
            "cityFrom": "Budapest",
            "cityCodeFrom": "BUD",
            "cityTo": "Hamburg",
            "cityCodeTo": "HAM",
            "countryFrom": {
                "code": "HU",
                "name": "Hungary"
            },
            "countryTo": {
                "code": "DE",
                "name": "Germany"
            },
            "local_departure": "2024-08-21T20:45:00.000Z",
            "utc_departure": "2024-08-21T18:45:00.000Z",
            "local_arrival": "2024-08-21T22:30:00.000Z",
            "utc_arrival": "2024-08-21T20:30:00.000Z",
            "nightsInDest": 7,
            "quality": 247.333205,
            "distance": 949.98,
            "duration": {
                "departure": 6300,
                "return": 6000,
                "total": 12300
            },
            "price": 196,
            "conversion": {
                "EUR": 196
            },
            "fare": {
                "adults": 196,
                "children": 196,
                "infants": 196
            },
            "fare_locks": {
                "EUR": [
                    {
                        "default": false,
                        "duration": "P1D",
                        "itinerary_price_limit": 396,
                        "itinerary_price_remaining": 196,
                        "fare_lock_kind": "fee",
                        "price": 9.8,
                        "rule_instance_id": 26749,
                        "version": "v1"
                    },
                    {
                        "default": true,
                        "duration": "P3D",
                        "itinerary_price_limit": 396,
                        "itinerary_price_remaining": 196,
                        "fare_lock_kind": "fee",
                        "price": 19.6,
                        "rule_instance_id": 26748,
                        "version": "v1"
                    },
                    {
                        "default": false,
                        "duration": "P7D",
                        "itinerary_price_limit": 396,
                        "itinerary_price_remaining": 196,
                        "fare_lock_kind": "fee",
                        "price": 49,
                        "rule_instance_id": 26750,
                        "version": "v1"
                    }
                ]
            },
            "bags_price": {
                "1": 72.8,
                "2": 282.8
            },
            "baglimit": {
                "hand_dimensions_sum": 118,
                "hand_height": 40,
                "hand_length": 55,
                "hand_weight": 8,
                "hand_width": 23,
                "hold_dimensions_sum": 158,
                "hold_height": 52,
                "hold_length": 78,
                "hold_weight": 23,
                "hold_width": 28,
                "personal_item_dimension_sum": 95,
                "personal_item_height": 30,
                "personal_item_length": 40,
                "personal_item_weight": 8,
                "personal_item_width": 25
            },
            "availability": {
                "seats": 5
            },
            "airlines": [
                "EW"
            ],
            "route": [
                {
                    "id": "0b7717884df400007a4c8730_0",
                    "combination_id": "0b7717884df400007a4c8730",
                    "flyFrom": "BUD",
                    "flyTo": "HAM",
                    "cityFrom": "Budapest",
                    "cityCodeFrom": "BUD",
                    "cityTo": "Hamburg",
                    "cityCodeTo": "HAM",
                    "local_departure": "2024-08-21T20:45:00.000Z",
                    "utc_departure": "2024-08-21T18:45:00.000Z",
                    "local_arrival": "2024-08-21T22:30:00.000Z",
                    "utc_arrival": "2024-08-21T20:30:00.000Z",
                    "airline": "EW",
                    "flight_no": 7783,
                    "operating_carrier": "EW",
                    "operating_flight_no": "7783",
                    "fare_basis": "",
                    "fare_category": "M",
                    "fare_classes": "K",
                    "return": 0,
                    "bags_recheck_required": false,
                    "vi_connection": false,
                    "guarantee": false,
                    "equipment": null,
                    "vehicle_type": "aircraft"
                },
                {
                    "id": "17880b774dfb000066f22fb2_0",
                    "combination_id": "17880b774dfb000066f22fb2",
                    "flyFrom": "HAM",
                    "flyTo": "BUD",
                    "cityFrom": "Hamburg",
                    "cityCodeFrom": "HAM",
                    "cityTo": "Budapest",
                    "cityCodeTo": "BUD",
                    "local_departure": "2024-08-28T18:25:00.000Z",
                    "utc_departure": "2024-08-28T16:25:00.000Z",
                    "local_arrival": "2024-08-28T20:05:00.000Z",
                    "utc_arrival": "2024-08-28T18:05:00.000Z",
                    "airline": "EW",
                    "flight_no": 7782,
                    "operating_carrier": "EW",
                    "operating_flight_no": "7782",
                    "fare_basis": "",
                    "fare_category": "M",
                    "fare_classes": "",
                    "return": 1,
                    "bags_recheck_required": false,
                    "vi_connection": false,
                    "guarantee": false,
                    "equipment": null,
                    "vehicle_type": "aircraft"
                }
            ],
            "booking_token": "HR0SlP8i9ECtp7JzyLnS-NopT5I8AXbEZeFz8yQD3v4nG7d0RN-k6E6Fzngo9azNq1VO_S6Fb0CUvIaBv41EJMSRKmm6Iq56fR1FSOfLN-gTr1Ww6KtSAEg-ljgzB6wh-9F5NoOA1vYNtx8ROF6Bp5iiueFBETQ85FrJJFC55qeEHUVNZu3dkKHOmPxam3wnIkc6tNmI7Nio0V61Ruw0R3h_l28I12OdjoBIFgk-480NyWSyhfyxYbMexWNRUqczDTU1zTB06V3ft9YGg2Y9aOxzq2EjR7qaV1G8-aqJROu7pn0GdMwLterep0aQHc0XICDWPjKtqvn2IsycafjxqrKkTQCci6axXSsWT_y0EtVk_7HhC0C0BdOcO8hzltqRW6ijvMMvnxmbygHV4tJnD3aYPV7Fr0wTHamtLjqduohnp6dJUnp58gSlwEGrzXangiukuUU01smzKmysiWWn7zjjACG-Er41yuPfq0kVd8rackXArGbHtsp7asyFy3Wqrf9mmiU_WMr60ynLnM9s9uc5tQR8UgbqZVe5pk9wBE-kg-01yiJO_hdZf6SyFrzEhSdwLprvJoK2E_as7G47JwEvQYeCszGD3o_Dcmt4H6hUaWEPklDileGTx9QrFzYeIlQGfy7yGwPr7EzEyOFf3afAVj9WytmLSX9sAXEOn24GTxrxOGXKj75VS0yASFA9K",
            "deep_link": "https://www.kiwi.com/deep?affilid=mihalytest&currency=EUR&flightsId=0b7717884df400007a4c8730_0%7C17880b774dfb000066f22fb2_0&from=BUD&lang=en&passengers=1&to=HAM&booking_token=HR0SlP8i9ECtp7JzyLnS-NopT5I8AXbEZeFz8yQD3v4nG7d0RN-k6E6Fzngo9azNq1VO_S6Fb0CUvIaBv41EJMSRKmm6Iq56fR1FSOfLN-gTr1Ww6KtSAEg-ljgzB6wh-9F5NoOA1vYNtx8ROF6Bp5iiueFBETQ85FrJJFC55qeEHUVNZu3dkKHOmPxam3wnIkc6tNmI7Nio0V61Ruw0R3h_l28I12OdjoBIFgk-480NyWSyhfyxYbMexWNRUqczDTU1zTB06V3ft9YGg2Y9aOxzq2EjR7qaV1G8-aqJROu7pn0GdMwLterep0aQHc0XICDWPjKtqvn2IsycafjxqrKkTQCci6axXSsWT_y0EtVk_7HhC0C0BdOcO8hzltqRW6ijvMMvnxmbygHV4tJnD3aYPV7Fr0wTHamtLjqduohnp6dJUnp58gSlwEGrzXangiukuUU01smzKmysiWWn7zjjACG-Er41yuPfq0kVd8rackXArGbHtsp7asyFy3Wqrf9mmiU_WMr60ynLnM9s9uc5tQR8UgbqZVe5pk9wBE-kg-01yiJO_hdZf6SyFrzEhSdwLprvJoK2E_as7G47JwEvQYeCszGD3o_Dcmt4H6hUaWEPklDileGTx9QrFzYeIlQGfy7yGwPr7EzEyOFf3afAVj9WytmLSX9sAXEOn24GTxrxOGXKj75VS0yASFA9K",
            "facilitated_booking_available": true,
            "pnr_count": 2,
            "has_airport_change": false,
            "technical_stops": 0,
            "throw_away_ticketing": false,
            "hidden_city_ticketing": false,
            "virtual_interlining": false
        },
        {
            "id": "0b7717884e09000086af194a_0|17880b774e0e000095fa57a4_0",
            "flyFrom": "BUD",
            "flyTo": "HAM",
            "cityFrom": "Budapest",
            "cityCodeFrom": "BUD",
            "cityTo": "Hamburg",
            "cityCodeTo": "HAM",
            "countryFrom": {
                "code": "HU",
                "name": "Hungary"
            },
            "countryTo": {
                "code": "DE",
                "name": "Germany"
            },
            "local_departure": "2024-09-11T20:45:00.000Z",
            "utc_departure": "2024-09-11T18:45:00.000Z",
            "local_arrival": "2024-09-11T22:30:00.000Z",
            "utc_arrival": "2024-09-11T20:30:00.000Z",
            "nightsInDest": 5,
            "quality": 247.333205,
            "distance": 949.98,
            "duration": {
                "departure": 6300,
                "return": 6000,
                "total": 12300
            },
            "price": 196,
            "conversion": {
                "EUR": 196
            },
            "fare": {
                "adults": 196,
                "children": 196,
                "infants": 196
            },
            "fare_locks": {
                "EUR": [
                    {
                        "default": false,
                        "duration": "P1D",
                        "itinerary_price_limit": 396,
                        "itinerary_price_remaining": 196,
                        "fare_lock_kind": "fee",
                        "price": 9.8,
                        "rule_instance_id": 26749,
                        "version": "v1"
                    },
                    {
                        "default": true,
                        "duration": "P3D",
                        "itinerary_price_limit": 396,
                        "itinerary_price_remaining": 196,
                        "fare_lock_kind": "fee",
                        "price": 19.6,
                        "rule_instance_id": 26748,
                        "version": "v1"
                    },
                    {
                        "default": false,
                        "duration": "P7D",
                        "itinerary_price_limit": 396,
                        "itinerary_price_remaining": 196,
                        "fare_lock_kind": "fee",
                        "price": 49,
                        "rule_instance_id": 26750,
                        "version": "v1"
                    }
                ]
            },
            "bags_price": {
                "1": 72.8,
                "2": 282.8
            },
            "baglimit": {
                "hand_dimensions_sum": 118,
                "hand_height": 40,
                "hand_length": 55,
                "hand_weight": 8,
                "hand_width": 23,
                "hold_dimensions_sum": 158,
                "hold_height": 52,
                "hold_length": 78,
                "hold_weight": 23,
                "hold_width": 28,
                "personal_item_dimension_sum": 95,
                "personal_item_height": 30,
                "personal_item_length": 40,
                "personal_item_weight": 8,
                "personal_item_width": 25
            },
            "availability": {
                "seats": 1
            },
            "airlines": [
                "EW"
            ],
            "route": [
                {
                    "id": "0b7717884e09000086af194a_0",
                    "combination_id": "0b7717884e09000086af194a",
                    "flyFrom": "BUD",
                    "flyTo": "HAM",
                    "cityFrom": "Budapest",
                    "cityCodeFrom": "BUD",
                    "cityTo": "Hamburg",
                    "cityCodeTo": "HAM",
                    "local_departure": "2024-09-11T20:45:00.000Z",
                    "utc_departure": "2024-09-11T18:45:00.000Z",
                    "local_arrival": "2024-09-11T22:30:00.000Z",
                    "utc_arrival": "2024-09-11T20:30:00.000Z",
                    "airline": "EW",
                    "flight_no": 7783,
                    "operating_carrier": "EW",
                    "operating_flight_no": "7783",
                    "fare_basis": "",
                    "fare_category": "M",
                    "fare_classes": "",
                    "return": 0,
                    "bags_recheck_required": false,
                    "vi_connection": false,
                    "guarantee": false,
                    "equipment": null,
                    "vehicle_type": "aircraft"
                },
                {
                    "id": "17880b774e0e000095fa57a4_0",
                    "combination_id": "17880b774e0e000095fa57a4",
                    "flyFrom": "HAM",
                    "flyTo": "BUD",
                    "cityFrom": "Hamburg",
                    "cityCodeFrom": "HAM",
                    "cityTo": "Budapest",
                    "cityCodeTo": "BUD",
                    "local_departure": "2024-09-16T11:30:00.000Z",
                    "utc_departure": "2024-09-16T09:30:00.000Z",
                    "local_arrival": "2024-09-16T13:10:00.000Z",
                    "utc_arrival": "2024-09-16T11:10:00.000Z",
                    "airline": "EW",
                    "flight_no": 7784,
                    "operating_carrier": "EW",
                    "operating_flight_no": "7784",
                    "fare_basis": "",
                    "fare_category": "M",
                    "fare_classes": "K",
                    "return": 1,
                    "bags_recheck_required": false,
                    "vi_connection": false,
                    "guarantee": false,
                    "equipment": null,
                    "vehicle_type": "aircraft"
                }
            ],
            "booking_token": "HzF5Bgnjc9eeGlXJHmG1ew0Ch4e2tFsnbURTWLmpYJ1E_GHDLtyp4LpzMjzBF0qRLFEuQvWXCmJRtpd3aHOt_djmDDzt8khs81uzZQIf7MJXg8-52lz24UbUC3CPsCjEQzys-lzGfYuAcep3N0FcmFfelrGQBNFxcxowQPIxJfm4Tmr6MAVtXe1IvHXihXHXaDMtcL32Dj3fPZoxft9rZqtkf75cnzkmexesfXQGTlNA-U4r-ZB5MXHs9JgIYH0BgdCiYxtKympLasWqIXfgWaVzzUD7VBwOtAyx0qo6duGOZu3hS1-jvSEw5QU52io5pMK34MMmlzXXnOMPbvlQDaQ_R0Vw3o0_tPV1z3jLZSup9y3sJHXYwbE4ygCHnOy38fCxlDDF-xQdMkOVqpw8KggRZ01QPXYSlvgMV6sBdJql66bykVbnm0N0HIU5aklG_4hkU1pZbmZbC7uAulC7AeAM4GJ-wgihTbvmD5zcI05X0wRYLgUw4QXLHI5herXb9IsRb5pOGNtApoMQ6_5DY7adU-_KLGV5pevs7JI-hf1D9l8UN038W2QCLlQd6OuWv7V2uE1-tMWjBM9-8LZ51gOcRB1ft43Lu9-EeZQE0WtjEp33GwYiTOq_fBZ35_nE7cxAmZgz3M10rh7oBz5lfAqp1-6rzqJqX-A0NYHe9evo=",
            "deep_link": "https://www.kiwi.com/deep?affilid=mihalytest&currency=EUR&flightsId=0b7717884e09000086af194a_0%7C17880b774e0e000095fa57a4_0&from=BUD&lang=en&passengers=1&to=HAM&booking_token=HzF5Bgnjc9eeGlXJHmG1ew0Ch4e2tFsnbURTWLmpYJ1E_GHDLtyp4LpzMjzBF0qRLFEuQvWXCmJRtpd3aHOt_djmDDzt8khs81uzZQIf7MJXg8-52lz24UbUC3CPsCjEQzys-lzGfYuAcep3N0FcmFfelrGQBNFxcxowQPIxJfm4Tmr6MAVtXe1IvHXihXHXaDMtcL32Dj3fPZoxft9rZqtkf75cnzkmexesfXQGTlNA-U4r-ZB5MXHs9JgIYH0BgdCiYxtKympLasWqIXfgWaVzzUD7VBwOtAyx0qo6duGOZu3hS1-jvSEw5QU52io5pMK34MMmlzXXnOMPbvlQDaQ_R0Vw3o0_tPV1z3jLZSup9y3sJHXYwbE4ygCHnOy38fCxlDDF-xQdMkOVqpw8KggRZ01QPXYSlvgMV6sBdJql66bykVbnm0N0HIU5aklG_4hkU1pZbmZbC7uAulC7AeAM4GJ-wgihTbvmD5zcI05X0wRYLgUw4QXLHI5herXb9IsRb5pOGNtApoMQ6_5DY7adU-_KLGV5pevs7JI-hf1D9l8UN038W2QCLlQd6OuWv7V2uE1-tMWjBM9-8LZ51gOcRB1ft43Lu9-EeZQE0WtjEp33GwYiTOq_fBZ35_nE7cxAmZgz3M10rh7oBz5lfAqp1-6rzqJqX-A0NYHe9evo=",
            "facilitated_booking_available": true,
            "pnr_count": 2,
            "has_airport_change": false,
            "technical_stops": 0,
            "throw_away_ticketing": false,
            "hidden_city_ticketing": false,
            "virtual_interlining": false
        },
        {
            "id": "0b7717884e09000086af194a_0|17880b774e0d00000bfb6a77_0",
            "flyFrom": "BUD",
            "flyTo": "HAM",
            "cityFrom": "Budapest",
            "cityCodeFrom": "BUD",
            "cityTo": "Hamburg",
            "cityCodeTo": "HAM",
            "countryFrom": {
                "code": "HU",
                "name": "Hungary"
            },
            "countryTo": {
                "code": "DE",
                "name": "Germany"
            },
            "local_departure": "2024-09-11T20:45:00.000Z",
            "utc_departure": "2024-09-11T18:45:00.000Z",
            "local_arrival": "2024-09-11T22:30:00.000Z",
            "utc_arrival": "2024-09-11T20:30:00.000Z",
            "nightsInDest": 4,
            "quality": 247.333205,
            "distance": 949.98,
            "duration": {
                "departure": 6300,
                "return": 6000,
                "total": 12300
            },
            "price": 196,
            "conversion": {
                "EUR": 196
            },
            "fare": {
                "adults": 196,
                "children": 196,
                "infants": 196
            },
            "fare_locks": {
                "EUR": [
                    {
                        "default": false,
                        "duration": "P1D",
                        "itinerary_price_limit": 396,
                        "itinerary_price_remaining": 196,
                        "fare_lock_kind": "fee",
                        "price": 9.8,
                        "rule_instance_id": 26749,
                        "version": "v1"
                    },
                    {
                        "default": true,
                        "duration": "P3D",
                        "itinerary_price_limit": 396,
                        "itinerary_price_remaining": 196,
                        "fare_lock_kind": "fee",
                        "price": 19.6,
                        "rule_instance_id": 26748,
                        "version": "v1"
                    },
                    {
                        "default": false,
                        "duration": "P7D",
                        "itinerary_price_limit": 396,
                        "itinerary_price_remaining": 196,
                        "fare_lock_kind": "fee",
                        "price": 49,
                        "rule_instance_id": 26750,
                        "version": "v1"
                    }
                ]
            },
            "bags_price": {
                "1": 72.8,
                "2": 282.8
            },
            "baglimit": {
                "hand_dimensions_sum": 118,
                "hand_height": 40,
                "hand_length": 55,
                "hand_weight": 8,
                "hand_width": 23,
                "hold_dimensions_sum": 158,
                "hold_height": 52,
                "hold_length": 78,
                "hold_weight": 23,
                "hold_width": 28,
                "personal_item_dimension_sum": 95,
                "personal_item_height": 30,
                "personal_item_length": 40,
                "personal_item_weight": 8,
                "personal_item_width": 25
            },
            "availability": {
                "seats": 1
            },
            "airlines": [
                "EW"
            ],
            "route": [
                {
                    "id": "0b7717884e09000086af194a_0",
                    "combination_id": "0b7717884e09000086af194a",
                    "flyFrom": "BUD",
                    "flyTo": "HAM",
                    "cityFrom": "Budapest",
                    "cityCodeFrom": "BUD",
                    "cityTo": "Hamburg",
                    "cityCodeTo": "HAM",
                    "local_departure": "2024-09-11T20:45:00.000Z",
                    "utc_departure": "2024-09-11T18:45:00.000Z",
                    "local_arrival": "2024-09-11T22:30:00.000Z",
                    "utc_arrival": "2024-09-11T20:30:00.000Z",
                    "airline": "EW",
                    "flight_no": 7783,
                    "operating_carrier": "EW",
                    "operating_flight_no": "7783",
                    "fare_basis": "",
                    "fare_category": "M",
                    "fare_classes": "",
                    "return": 0,
                    "bags_recheck_required": false,
                    "vi_connection": false,
                    "guarantee": false,
                    "equipment": null,
                    "vehicle_type": "aircraft"
                },
                {
                    "id": "17880b774e0d00000bfb6a77_0",
                    "combination_id": "17880b774e0d00000bfb6a77",
                    "flyFrom": "HAM",
                    "flyTo": "BUD",
                    "cityFrom": "Hamburg",
                    "cityCodeFrom": "HAM",
                    "cityTo": "Budapest",
                    "cityCodeTo": "BUD",
                    "local_departure": "2024-09-15T18:25:00.000Z",
                    "utc_departure": "2024-09-15T16:25:00.000Z",
                    "local_arrival": "2024-09-15T20:05:00.000Z",
                    "utc_arrival": "2024-09-15T18:05:00.000Z",
                    "airline": "EW",
                    "flight_no": 7782,
                    "operating_carrier": "EW",
                    "operating_flight_no": "7782",
                    "fare_basis": "",
                    "fare_category": "M",
                    "fare_classes": "K",
                    "return": 1,
                    "bags_recheck_required": false,
                    "vi_connection": false,
                    "guarantee": false,
                    "equipment": null,
                    "vehicle_type": "aircraft"
                }
            ],
            "booking_token": "HGoxbT3VhEmNh7WDcQC_S-jdbw4f3P_6vSiIivF55i8iOjw93zij508z5auEk3vKLvDtrB_AelRQ3Zgk-wlW5LLZUe1OZCSenL559QFDo2RsFurglCU9zYNITaoN-bhAeMX88a8wD6NtpimgQE4137aDGsYke6wqlhR8JaBTSOBedmnJCYbpKKeiyHlaqyzp0MqTr1oj2kguLtW9_4OpONBbv8K7hTyJqujvvsyyFQfAPu-JVv0oq-i2PLIZpiGiDL2cqDfjo6qaW-Na85fJfW7zodttjAAeSGCo2ZyJjA8uv07zCMctgf1cffwnCGa8TyrGfk5gcS3WM6RF5rcfnEro7sN7h8KO57heBipqbf35vkCwjbGgC4cBK8Ccp_YH6e4Ctl7czQSZ6ucxXOzrqJHKB-nj44fBKsD4QACObTkQ018n0i6-3hTAN8neTq2KJzkcECZf2TpAC6UDDOXDV51dZRyKvJJPbd_p7K0j_rhkQPXyiPFx7oFxaHZQ08yYRBvms0EB_cYPLPFrJ6zauZj93LlAFFY6YN7rqLk87AH_gEGCqZxE82ImbJhf9STI2I_WKZKhqZqDYkLVEnUS5x3RUcxuICzF-uTq-wCackmdNpF9A-I6hdLFGsYkTtt5Vo3DCvVxx69NCwz8pqa_AoDZ2NmEZC5ezwpR2iBv6TEcALkgojCeRm_EvkSwjNf0f",
            "deep_link": "https://www.kiwi.com/deep?affilid=mihalytest&currency=EUR&flightsId=0b7717884e09000086af194a_0%7C17880b774e0d00000bfb6a77_0&from=BUD&lang=en&passengers=1&to=HAM&booking_token=HGoxbT3VhEmNh7WDcQC_S-jdbw4f3P_6vSiIivF55i8iOjw93zij508z5auEk3vKLvDtrB_AelRQ3Zgk-wlW5LLZUe1OZCSenL559QFDo2RsFurglCU9zYNITaoN-bhAeMX88a8wD6NtpimgQE4137aDGsYke6wqlhR8JaBTSOBedmnJCYbpKKeiyHlaqyzp0MqTr1oj2kguLtW9_4OpONBbv8K7hTyJqujvvsyyFQfAPu-JVv0oq-i2PLIZpiGiDL2cqDfjo6qaW-Na85fJfW7zodttjAAeSGCo2ZyJjA8uv07zCMctgf1cffwnCGa8TyrGfk5gcS3WM6RF5rcfnEro7sN7h8KO57heBipqbf35vkCwjbGgC4cBK8Ccp_YH6e4Ctl7czQSZ6ucxXOzrqJHKB-nj44fBKsD4QACObTkQ018n0i6-3hTAN8neTq2KJzkcECZf2TpAC6UDDOXDV51dZRyKvJJPbd_p7K0j_rhkQPXyiPFx7oFxaHZQ08yYRBvms0EB_cYPLPFrJ6zauZj93LlAFFY6YN7rqLk87AH_gEGCqZxE82ImbJhf9STI2I_WKZKhqZqDYkLVEnUS5x3RUcxuICzF-uTq-wCackmdNpF9A-I6hdLFGsYkTtt5Vo3DCvVxx69NCwz8pqa_AoDZ2NmEZC5ezwpR2iBv6TEcALkgojCeRm_EvkSwjNf0f",
            "facilitated_booking_available": true,
            "pnr_count": 2,
            "has_airport_change": false,
            "technical_stops": 0,
            "throw_away_ticketing": false,
            "hidden_city_ticketing": false,
            "virtual_interlining": false
        },
        {
            "id": "0b7717884e0b0000cadf92bb_0|17880b774e100000eedbaee3_0",
            "flyFrom": "BUD",
            "flyTo": "HAM",
            "cityFrom": "Budapest",
            "cityCodeFrom": "BUD",
            "cityTo": "Hamburg",
            "cityCodeTo": "HAM",
            "countryFrom": {
                "code": "HU",
                "name": "Hungary"
            },
            "countryTo": {
                "code": "DE",
                "name": "Germany"
            },
            "local_departure": "2024-09-13T20:45:00.000Z",
            "utc_departure": "2024-09-13T18:45:00.000Z",
            "local_arrival": "2024-09-13T22:30:00.000Z",
            "utc_arrival": "2024-09-13T20:30:00.000Z",
            "nightsInDest": 5,
            "quality": 247.333205,
            "distance": 949.98,
            "duration": {
                "departure": 6300,
                "return": 6000,
                "total": 12300
            },
            "price": 196,
            "conversion": {
                "EUR": 196
            },
            "fare": {
                "adults": 196,
                "children": 196,
                "infants": 196
            },
            "fare_locks": {
                "EUR": [
                    {
                        "default": false,
                        "duration": "P1D",
                        "itinerary_price_limit": 396,
                        "itinerary_price_remaining": 196,
                        "fare_lock_kind": "fee",
                        "price": 9.8,
                        "rule_instance_id": 26749,
                        "version": "v1"
                    },
                    {
                        "default": true,
                        "duration": "P3D",
                        "itinerary_price_limit": 396,
                        "itinerary_price_remaining": 196,
                        "fare_lock_kind": "fee",
                        "price": 19.6,
                        "rule_instance_id": 26748,
                        "version": "v1"
                    },
                    {
                        "default": false,
                        "duration": "P7D",
                        "itinerary_price_limit": 396,
                        "itinerary_price_remaining": 196,
                        "fare_lock_kind": "fee",
                        "price": 49,
                        "rule_instance_id": 26750,
                        "version": "v1"
                    }
                ]
            },
            "bags_price": {
                "1": 72.8,
                "2": 282.8
            },
            "baglimit": {
                "hand_dimensions_sum": 118,
                "hand_height": 40,
                "hand_length": 55,
                "hand_weight": 8,
                "hand_width": 23,
                "hold_dimensions_sum": 158,
                "hold_height": 52,
                "hold_length": 78,
                "hold_weight": 23,
                "hold_width": 28,
                "personal_item_dimension_sum": 95,
                "personal_item_height": 30,
                "personal_item_length": 40,
                "personal_item_weight": 8,
                "personal_item_width": 25
            },
            "availability": {
                "seats": 5
            },
            "airlines": [
                "EW"
            ],
            "route": [
                {
                    "id": "0b7717884e0b0000cadf92bb_0",
                    "combination_id": "0b7717884e0b0000cadf92bb",
                    "flyFrom": "BUD",
                    "flyTo": "HAM",
                    "cityFrom": "Budapest",
                    "cityCodeFrom": "BUD",
                    "cityTo": "Hamburg",
                    "cityCodeTo": "HAM",
                    "local_departure": "2024-09-13T20:45:00.000Z",
                    "utc_departure": "2024-09-13T18:45:00.000Z",
                    "local_arrival": "2024-09-13T22:30:00.000Z",
                    "utc_arrival": "2024-09-13T20:30:00.000Z",
                    "airline": "EW",
                    "flight_no": 7783,
                    "operating_carrier": "EW",
                    "operating_flight_no": "7783",
                    "fare_basis": "",
                    "fare_category": "M",
                    "fare_classes": "",
                    "return": 0,
                    "bags_recheck_required": false,
                    "vi_connection": false,
                    "guarantee": false,
                    "equipment": null,
                    "vehicle_type": "aircraft"
                },
                {
                    "id": "17880b774e100000eedbaee3_0",
                    "combination_id": "17880b774e100000eedbaee3",
                    "flyFrom": "HAM",
                    "flyTo": "BUD",
                    "cityFrom": "Hamburg",
                    "cityCodeFrom": "HAM",
                    "cityTo": "Budapest",
                    "cityCodeTo": "BUD",
                    "local_departure": "2024-09-18T18:25:00.000Z",
                    "utc_departure": "2024-09-18T16:25:00.000Z",
                    "local_arrival": "2024-09-18T20:05:00.000Z",
                    "utc_arrival": "2024-09-18T18:05:00.000Z",
                    "airline": "EW",
                    "flight_no": 7782,
                    "operating_carrier": "EW",
                    "operating_flight_no": "7782",
                    "fare_basis": "",
                    "fare_category": "M",
                    "fare_classes": "L",
                    "return": 1,
                    "bags_recheck_required": false,
                    "vi_connection": false,
                    "guarantee": false,
                    "equipment": null,
                    "vehicle_type": "aircraft"
                }
            ],
            "booking_token": "HWC8_BnMLlLErp7CfRnjinyPhDBQCohAidQgt2RAt_Pwh9PRTUdEz4SFlF1ne5Ii4bUJBVqR8CB7TL1FvRPY_g2DOI7FjRebSMZxdrj7zhmblhXiqvJ3wbpG5mM-6uUzcjEDTqGrrDF_n7rDKasDpLuyjCf44jd2mVZBBAwb2eX6nVdy6gSG7yWYbp178IeTVj5P3UFDqv2PxitjjgHoLqvd9ij8g1NClRLKnOFyJM61ln6eOveykernAFJRMHYLho8120WWRHINjRc8ITBBtDBk_TS96c0o24y2Sfj3_YKuoLjaOdKassnemZ5K8WMjOeMSANTqRZDcEdwID5wrkcvuVhOCY2ejqxIOQIMFqqMp14QBpfUXT-S3KWO_48YK4HukG1Ctpuv0h-_hNnODLp79YQURBwEUtNvV1yo2yRIU4SGZGXziKmAIOrICMVNJTZDOsYQtbC7J2RsXeKDwT8fTAlyzNuQQWkL0zBfj9x1y744EdYbyBP_trEglkRHzzVAkH_7mRKkhRAKCf5irtlggl6vtGvBK7XtpaEJaf-PY4VrGeHDfMDAsvuFFrNhAMyPqJur9gOvLULZdJvbqVatryyVp8n6Ce8_gNMPHeP71F35AcmYktdS03orZh8nxbinA2EuCKwdy3t_2YKFCP4hgv9OpcLFnZN_NsHySNcR0=",
            "deep_link": "https://www.kiwi.com/deep?affilid=mihalytest&currency=EUR&flightsId=0b7717884e0b0000cadf92bb_0%7C17880b774e100000eedbaee3_0&from=BUD&lang=en&passengers=1&to=HAM&booking_token=HWC8_BnMLlLErp7CfRnjinyPhDBQCohAidQgt2RAt_Pwh9PRTUdEz4SFlF1ne5Ii4bUJBVqR8CB7TL1FvRPY_g2DOI7FjRebSMZxdrj7zhmblhXiqvJ3wbpG5mM-6uUzcjEDTqGrrDF_n7rDKasDpLuyjCf44jd2mVZBBAwb2eX6nVdy6gSG7yWYbp178IeTVj5P3UFDqv2PxitjjgHoLqvd9ij8g1NClRLKnOFyJM61ln6eOveykernAFJRMHYLho8120WWRHINjRc8ITBBtDBk_TS96c0o24y2Sfj3_YKuoLjaOdKassnemZ5K8WMjOeMSANTqRZDcEdwID5wrkcvuVhOCY2ejqxIOQIMFqqMp14QBpfUXT-S3KWO_48YK4HukG1Ctpuv0h-_hNnODLp79YQURBwEUtNvV1yo2yRIU4SGZGXziKmAIOrICMVNJTZDOsYQtbC7J2RsXeKDwT8fTAlyzNuQQWkL0zBfj9x1y744EdYbyBP_trEglkRHzzVAkH_7mRKkhRAKCf5irtlggl6vtGvBK7XtpaEJaf-PY4VrGeHDfMDAsvuFFrNhAMyPqJur9gOvLULZdJvbqVatryyVp8n6Ce8_gNMPHeP71F35AcmYktdS03orZh8nxbinA2EuCKwdy3t_2YKFCP4hgv9OpcLFnZN_NsHySNcR0=",
            "facilitated_booking_available": true,
            "pnr_count": 2,
            "has_airport_change": false,
            "technical_stops": 0,
            "throw_away_ticketing": false,
            "hidden_city_ticketing": false,
            "virtual_interlining": false
        },
        {
            "id": "0b7717884e0b0000cadf92bb_0|17880b774e1100003f752f5f_0",
            "flyFrom": "BUD",
            "flyTo": "HAM",
            "cityFrom": "Budapest",
            "cityCodeFrom": "BUD",
            "cityTo": "Hamburg",
            "cityCodeTo": "HAM",
            "countryFrom": {
                "code": "HU",
                "name": "Hungary"
            },
            "countryTo": {
                "code": "DE",
                "name": "Germany"
            },
            "local_departure": "2024-09-13T20:45:00.000Z",
            "utc_departure": "2024-09-13T18:45:00.000Z",
            "local_arrival": "2024-09-13T22:30:00.000Z",
            "utc_arrival": "2024-09-13T20:30:00.000Z",
            "nightsInDest": 6,
            "quality": 247.333205,
            "distance": 949.98,
            "duration": {
                "departure": 6300,
                "return": 6000,
                "total": 12300
            },
            "price": 196,
            "conversion": {
                "EUR": 196
            },
            "fare": {
                "adults": 196,
                "children": 196,
                "infants": 196
            },
            "fare_locks": {
                "EUR": [
                    {
                        "default": false,
                        "duration": "P1D",
                        "itinerary_price_limit": 396,
                        "itinerary_price_remaining": 196,
                        "fare_lock_kind": "fee",
                        "price": 9.8,
                        "rule_instance_id": 26749,
                        "version": "v1"
                    },
                    {
                        "default": true,
                        "duration": "P3D",
                        "itinerary_price_limit": 396,
                        "itinerary_price_remaining": 196,
                        "fare_lock_kind": "fee",
                        "price": 19.6,
                        "rule_instance_id": 26748,
                        "version": "v1"
                    },
                    {
                        "default": false,
                        "duration": "P7D",
                        "itinerary_price_limit": 396,
                        "itinerary_price_remaining": 196,
                        "fare_lock_kind": "fee",
                        "price": 49,
                        "rule_instance_id": 26750,
                        "version": "v1"
                    }
                ]
            },
            "bags_price": {
                "1": 72.8,
                "2": 282.8
            },
            "baglimit": {
                "hand_dimensions_sum": 118,
                "hand_height": 40,
                "hand_length": 55,
                "hand_weight": 8,
                "hand_width": 23,
                "hold_dimensions_sum": 158,
                "hold_height": 52,
                "hold_length": 78,
                "hold_weight": 23,
                "hold_width": 28,
                "personal_item_dimension_sum": 95,
                "personal_item_height": 30,
                "personal_item_length": 40,
                "personal_item_weight": 8,
                "personal_item_width": 25
            },
            "availability": {
                "seats": 9
            },
            "airlines": [
                "EW"
            ],
            "route": [
                {
                    "id": "0b7717884e0b0000cadf92bb_0",
                    "combination_id": "0b7717884e0b0000cadf92bb",
                    "flyFrom": "BUD",
                    "flyTo": "HAM",
                    "cityFrom": "Budapest",
                    "cityCodeFrom": "BUD",
                    "cityTo": "Hamburg",
                    "cityCodeTo": "HAM",
                    "local_departure": "2024-09-13T20:45:00.000Z",
                    "utc_departure": "2024-09-13T18:45:00.000Z",
                    "local_arrival": "2024-09-13T22:30:00.000Z",
                    "utc_arrival": "2024-09-13T20:30:00.000Z",
                    "airline": "EW",
                    "flight_no": 7783,
                    "operating_carrier": "EW",
                    "operating_flight_no": "7783",
                    "fare_basis": "",
                    "fare_category": "M",
                    "fare_classes": "",
                    "return": 0,
                    "bags_recheck_required": false,
                    "vi_connection": false,
                    "guarantee": false,
                    "equipment": null,
                    "vehicle_type": "aircraft"
                },
                {
                    "id": "17880b774e1100003f752f5f_0",
                    "combination_id": "17880b774e1100003f752f5f",
                    "flyFrom": "HAM",
                    "flyTo": "BUD",
                    "cityFrom": "Hamburg",
                    "cityCodeFrom": "HAM",
                    "cityTo": "Budapest",
                    "cityCodeTo": "BUD",
                    "local_departure": "2024-09-19T18:25:00.000Z",
                    "utc_departure": "2024-09-19T16:25:00.000Z",
                    "local_arrival": "2024-09-19T20:05:00.000Z",
                    "utc_arrival": "2024-09-19T18:05:00.000Z",
                    "airline": "EW",
                    "flight_no": 7782,
                    "operating_carrier": "EW",
                    "operating_flight_no": "7782",
                    "fare_basis": "",
                    "fare_category": "M",
                    "fare_classes": "",
                    "return": 1,
                    "bags_recheck_required": false,
                    "vi_connection": false,
                    "guarantee": false,
                    "equipment": null,
                    "vehicle_type": "aircraft"
                }
            ],
            "booking_token": "HTo73KPZyfMjMSnUnxEr6Tkb-WWnOS4sBo5GahBsNGGeVt2WeoxKX2FbmIVNb9qw_s29DWEyairupu2CdHUbyO_5CvVzMGm0Ct14d6VJ_uiJMkUXnleBtZfwpEpL11DIsiAS-t7R4stNsoKG432gy0NKt-p4rA4UUoqwCoaL93eVTp0ZTVxlXwgvR-KiU1z0IWBMVDP_-t4BcjHuk8oUNBUhPXfuMFHNHk8B8KCwg2Sd4IfRFYrjDtX2MRkXxGBjW1I7r0oQYuQiyVub_ac1NbVC9f01dJ1FNwNwO_dX992AdPLK_X0an5xycjx0qA3lmT4HSIGNVT8GYKco7mGbR14cvPfbKA2q6x2XMNsHJ6jwc1jSyfqKNHT75WlZVFbghvTBgBARCldjCmOCnPNXPPVYR-jImC4d-I1dVDvPpAOKZcsDCMgw_tzuMM9Zk4mfe1qZc0QhXr7zUmgVyrfO6gIT14ZN6NjqZbD2AG1_zS7qA6JHUTQ61Surzx1LXFT28bO9rmiB1172W8WRiLP-FYfP3rQP3j1NVr4PktqA38OzZaWlpWsb2UtvLuWXkxB8JHO6PdE2zftu2bjpy9Q4d7x7MViZ7V0RvWXJEL0HhUQcojnVBcj2n0eUQs9XQfjQgMOYiMJqMbfvo7B9YzDKLWnS8Mo9s01YHakWCWGx6rsQ=",
            "deep_link": "https://www.kiwi.com/deep?affilid=mihalytest&currency=EUR&flightsId=0b7717884e0b0000cadf92bb_0%7C17880b774e1100003f752f5f_0&from=BUD&lang=en&passengers=1&to=HAM&booking_token=HTo73KPZyfMjMSnUnxEr6Tkb-WWnOS4sBo5GahBsNGGeVt2WeoxKX2FbmIVNb9qw_s29DWEyairupu2CdHUbyO_5CvVzMGm0Ct14d6VJ_uiJMkUXnleBtZfwpEpL11DIsiAS-t7R4stNsoKG432gy0NKt-p4rA4UUoqwCoaL93eVTp0ZTVxlXwgvR-KiU1z0IWBMVDP_-t4BcjHuk8oUNBUhPXfuMFHNHk8B8KCwg2Sd4IfRFYrjDtX2MRkXxGBjW1I7r0oQYuQiyVub_ac1NbVC9f01dJ1FNwNwO_dX992AdPLK_X0an5xycjx0qA3lmT4HSIGNVT8GYKco7mGbR14cvPfbKA2q6x2XMNsHJ6jwc1jSyfqKNHT75WlZVFbghvTBgBARCldjCmOCnPNXPPVYR-jImC4d-I1dVDvPpAOKZcsDCMgw_tzuMM9Zk4mfe1qZc0QhXr7zUmgVyrfO6gIT14ZN6NjqZbD2AG1_zS7qA6JHUTQ61Surzx1LXFT28bO9rmiB1172W8WRiLP-FYfP3rQP3j1NVr4PktqA38OzZaWlpWsb2UtvLuWXkxB8JHO6PdE2zftu2bjpy9Q4d7x7MViZ7V0RvWXJEL0HhUQcojnVBcj2n0eUQs9XQfjQgMOYiMJqMbfvo7B9YzDKLWnS8Mo9s01YHakWCWGx6rsQ=",
            "facilitated_booking_available": true,
            "pnr_count": 2,
            "has_airport_change": false,
            "technical_stops": 0,
            "throw_away_ticketing": false,
            "hidden_city_ticketing": false,
            "virtual_interlining": false
        },
        {
            "id": "0b7717884e510000e859f511_0|17880b774e580000155a1ea2_0",
            "flyFrom": "BUD",
            "flyTo": "HAM",
            "cityFrom": "Budapest",
            "cityCodeFrom": "BUD",
            "cityTo": "Hamburg",
            "cityCodeTo": "HAM",
            "countryFrom": {
                "code": "HU",
                "name": "Hungary"
            },
            "countryTo": {
                "code": "DE",
                "name": "Germany"
            },
            "local_departure": "2024-11-22T20:35:00.000Z",
            "utc_departure": "2024-11-22T19:35:00.000Z",
            "local_arrival": "2024-11-22T22:25:00.000Z",
            "utc_arrival": "2024-11-22T21:25:00.000Z",
            "nightsInDest": 7,
            "quality": 248.666535,
            "distance": 949.98,
            "duration": {
                "departure": 6600,
                "return": 6300,
                "total": 12900
            },
            "price": 196,
            "conversion": {
                "EUR": 196
            },
            "fare": {
                "adults": 196,
                "children": 196,
                "infants": 196
            },
            "fare_locks": {
                "EUR": [
                    {
                        "default": false,
                        "duration": "P1D",
                        "itinerary_price_limit": 396,
                        "itinerary_price_remaining": 196,
                        "fare_lock_kind": "fee",
                        "price": 9.8,
                        "rule_instance_id": 26749,
                        "version": "v1"
                    },
                    {
                        "default": true,
                        "duration": "P3D",
                        "itinerary_price_limit": 396,
                        "itinerary_price_remaining": 196,
                        "fare_lock_kind": "fee",
                        "price": 19.6,
                        "rule_instance_id": 26748,
                        "version": "v1"
                    },
                    {
                        "default": false,
                        "duration": "P7D",
                        "itinerary_price_limit": 396,
                        "itinerary_price_remaining": 196,
                        "fare_lock_kind": "fee",
                        "price": 49,
                        "rule_instance_id": 26750,
                        "version": "v1"
                    }
                ]
            },
            "bags_price": {
                "1": 72.8,
                "2": 282.8
            },
            "baglimit": {
                "hand_dimensions_sum": 118,
                "hand_height": 40,
                "hand_length": 55,
                "hand_weight": 8,
                "hand_width": 23,
                "hold_dimensions_sum": 158,
                "hold_height": 52,
                "hold_length": 78,
                "hold_weight": 23,
                "hold_width": 28,
                "personal_item_dimension_sum": 95,
                "personal_item_height": 30,
                "personal_item_length": 40,
                "personal_item_weight": 8,
                "personal_item_width": 25
            },
            "availability": {
                "seats": 5
            },
            "airlines": [
                "EW"
            ],
            "route": [
                {
                    "id": "0b7717884e510000e859f511_0",
                    "combination_id": "0b7717884e510000e859f511",
                    "flyFrom": "BUD",
                    "flyTo": "HAM",
                    "cityFrom": "Budapest",
                    "cityCodeFrom": "BUD",
                    "cityTo": "Hamburg",
                    "cityCodeTo": "HAM",
                    "local_departure": "2024-11-22T20:35:00.000Z",
                    "utc_departure": "2024-11-22T19:35:00.000Z",
                    "local_arrival": "2024-11-22T22:25:00.000Z",
                    "utc_arrival": "2024-11-22T21:25:00.000Z",
                    "airline": "EW",
                    "flight_no": 7781,
                    "operating_carrier": "EW",
                    "operating_flight_no": "7781",
                    "fare_basis": "",
                    "fare_category": "M",
                    "fare_classes": "",
                    "return": 0,
                    "bags_recheck_required": false,
                    "vi_connection": false,
                    "guarantee": false,
                    "equipment": null,
                    "vehicle_type": "aircraft"
                },
                {
                    "id": "17880b774e580000155a1ea2_0",
                    "combination_id": "17880b774e580000155a1ea2",
                    "flyFrom": "HAM",
                    "flyTo": "BUD",
                    "cityFrom": "Hamburg",
                    "cityCodeFrom": "HAM",
                    "cityTo": "Budapest",
                    "cityCodeTo": "BUD",
                    "local_departure": "2024-11-29T18:10:00.000Z",
                    "utc_departure": "2024-11-29T17:10:00.000Z",
                    "local_arrival": "2024-11-29T19:55:00.000Z",
                    "utc_arrival": "2024-11-29T18:55:00.000Z",
                    "airline": "EW",
                    "flight_no": 7780,
                    "operating_carrier": "EW",
                    "operating_flight_no": "7780",
                    "fare_basis": "",
                    "fare_category": "M",
                    "fare_classes": "K",
                    "return": 1,
                    "bags_recheck_required": false,
                    "vi_connection": false,
                    "guarantee": false,
                    "equipment": null,
                    "vehicle_type": "aircraft"
                }
            ],
            "booking_token": "Hd-1K7OcndCQMZQIE0Ypo9_9QNOVovSbPPnozgn2z0p6hRYcwUQqNV66Gp4ienNamtond-2Z2yvMpOjzr2Xou55e0srqt92xyNqZoWEy6vmQ_6Te9SqJIoZtpY7dKDynZiWPlbN3phA7bmmeltZW0SZeF3qpNTAhiw0Kcneco-kccGsi1vaxV0wnW7r16RyL44y0475b2BA4NXOzG-O_vuXvhHoYpONHkc1O1Gi0LWV0UoFjEJBHraffC1sbv_8dlayXmuLeNnUa6Us4ai61QtnHDgUcIDsVSDkPdyLh1_D82D33JqQGZM9vGMV_WPA5ApIzNlo79h7T3O-R1SK4pypik1E5fwSnJvltt6lkfVpqYcFAuTME1jGeALvBYpn89pfqve_pmoQCeqAKHeO4Iu8JVAO1ASZgcqE-aLNpHJ0N9EHsNJPTsnu8O51eSzy-ZKLWcdoHivIbvqFoZxPFY9ko8qwl-wnaDN-ygsI-rPOMiiG5NzjVpYFzXgk7UEqZu_xpWmYgO1qqJmh2EuHsysqihRhwXsR0MULWBewK-8s59hsoCJASlENBPNEcz4k4rx8nO9v8yatZ7d9iQfxZmpJr7HutkbLbVGXDo4WFC7iAKEhbD2U7spUYHJdhxO0rRyfWSbelRreYLmBwSaKm3fEp0cHC0C4c6-FTUjvHtKXc=",
            "deep_link": "https://www.kiwi.com/deep?affilid=mihalytest&currency=EUR&flightsId=0b7717884e510000e859f511_0%7C17880b774e580000155a1ea2_0&from=BUD&lang=en&passengers=1&to=HAM&booking_token=Hd-1K7OcndCQMZQIE0Ypo9_9QNOVovSbPPnozgn2z0p6hRYcwUQqNV66Gp4ienNamtond-2Z2yvMpOjzr2Xou55e0srqt92xyNqZoWEy6vmQ_6Te9SqJIoZtpY7dKDynZiWPlbN3phA7bmmeltZW0SZeF3qpNTAhiw0Kcneco-kccGsi1vaxV0wnW7r16RyL44y0475b2BA4NXOzG-O_vuXvhHoYpONHkc1O1Gi0LWV0UoFjEJBHraffC1sbv_8dlayXmuLeNnUa6Us4ai61QtnHDgUcIDsVSDkPdyLh1_D82D33JqQGZM9vGMV_WPA5ApIzNlo79h7T3O-R1SK4pypik1E5fwSnJvltt6lkfVpqYcFAuTME1jGeALvBYpn89pfqve_pmoQCeqAKHeO4Iu8JVAO1ASZgcqE-aLNpHJ0N9EHsNJPTsnu8O51eSzy-ZKLWcdoHivIbvqFoZxPFY9ko8qwl-wnaDN-ygsI-rPOMiiG5NzjVpYFzXgk7UEqZu_xpWmYgO1qqJmh2EuHsysqihRhwXsR0MULWBewK-8s59hsoCJASlENBPNEcz4k4rx8nO9v8yatZ7d9iQfxZmpJr7HutkbLbVGXDo4WFC7iAKEhbD2U7spUYHJdhxO0rRyfWSbelRreYLmBwSaKm3fEp0cHC0C4c6-FTUjvHtKXc=",
            "facilitated_booking_available": true,
            "pnr_count": 2,
            "has_airport_change": false,
            "technical_stops": 0,
            "throw_away_ticketing": false,
            "hidden_city_ticketing": false,
            "virtual_interlining": false
        },
        {
            "id": "0b7717884e740000cc333dd5_0|17880b774e7b000012c5b6f7_0",
            "flyFrom": "BUD",
            "flyTo": "HAM",
            "cityFrom": "Budapest",
            "cityCodeFrom": "BUD",
            "cityTo": "Hamburg",
            "cityCodeTo": "HAM",
            "countryFrom": {
                "code": "HU",
                "name": "Hungary"
            },
            "countryTo": {
                "code": "DE",
                "name": "Germany"
            },
            "local_departure": "2024-12-27T20:35:00.000Z",
            "utc_departure": "2024-12-27T19:35:00.000Z",
            "local_arrival": "2024-12-27T22:25:00.000Z",
            "utc_arrival": "2024-12-27T21:25:00.000Z",
            "nightsInDest": 7,
            "quality": 248.666535,
            "distance": 949.98,
            "duration": {
                "departure": 6600,
                "return": 6300,
                "total": 12900
            },
            "price": 196,
            "conversion": {
                "EUR": 196
            },
            "fare": {
                "adults": 196,
                "children": 196,
                "infants": 196
            },
            "fare_locks": {
                "EUR": [
                    {
                        "default": false,
                        "duration": "P1D",
                        "itinerary_price_limit": 396,
                        "itinerary_price_remaining": 196,
                        "fare_lock_kind": "fee",
                        "price": 9.8,
                        "rule_instance_id": 26749,
                        "version": "v1"
                    },
                    {
                        "default": true,
                        "duration": "P3D",
                        "itinerary_price_limit": 396,
                        "itinerary_price_remaining": 196,
                        "fare_lock_kind": "fee",
                        "price": 19.6,
                        "rule_instance_id": 26748,
                        "version": "v1"
                    },
                    {
                        "default": false,
                        "duration": "P7D",
                        "itinerary_price_limit": 396,
                        "itinerary_price_remaining": 196,
                        "fare_lock_kind": "fee",
                        "price": 49,
                        "rule_instance_id": 26750,
                        "version": "v1"
                    }
                ]
            },
            "bags_price": {
                "1": 72.8,
                "2": 282.8
            },
            "baglimit": {
                "hand_dimensions_sum": 118,
                "hand_height": 40,
                "hand_length": 55,
                "hand_weight": 8,
                "hand_width": 23,
                "hold_dimensions_sum": 158,
                "hold_height": 52,
                "hold_length": 78,
                "hold_weight": 23,
                "hold_width": 28,
                "personal_item_dimension_sum": 95,
                "personal_item_height": 30,
                "personal_item_length": 40,
                "personal_item_weight": 8,
                "personal_item_width": 25
            },
            "availability": {
                "seats": 3
            },
            "airlines": [
                "EW"
            ],
            "route": [
                {
                    "id": "0b7717884e740000cc333dd5_0",
                    "combination_id": "0b7717884e740000cc333dd5",
                    "flyFrom": "BUD",
                    "flyTo": "HAM",
                    "cityFrom": "Budapest",
                    "cityCodeFrom": "BUD",
                    "cityTo": "Hamburg",
                    "cityCodeTo": "HAM",
                    "local_departure": "2024-12-27T20:35:00.000Z",
                    "utc_departure": "2024-12-27T19:35:00.000Z",
                    "local_arrival": "2024-12-27T22:25:00.000Z",
                    "utc_arrival": "2024-12-27T21:25:00.000Z",
                    "airline": "EW",
                    "flight_no": 7781,
                    "operating_carrier": "EW",
                    "operating_flight_no": "7781",
                    "fare_basis": "",
                    "fare_category": "M",
                    "fare_classes": "",
                    "return": 0,
                    "bags_recheck_required": false,
                    "vi_connection": false,
                    "guarantee": false,
                    "equipment": null,
                    "vehicle_type": "aircraft"
                },
                {
                    "id": "17880b774e7b000012c5b6f7_0",
                    "combination_id": "17880b774e7b000012c5b6f7",
                    "flyFrom": "HAM",
                    "flyTo": "BUD",
                    "cityFrom": "Hamburg",
                    "cityCodeFrom": "HAM",
                    "cityTo": "Budapest",
                    "cityCodeTo": "BUD",
                    "local_departure": "2025-01-03T18:10:00.000Z",
                    "utc_departure": "2025-01-03T17:10:00.000Z",
                    "local_arrival": "2025-01-03T19:55:00.000Z",
                    "utc_arrival": "2025-01-03T18:55:00.000Z",
                    "airline": "EW",
                    "flight_no": 7780,
                    "operating_carrier": "EW",
                    "operating_flight_no": "7780",
                    "fare_basis": "",
                    "fare_category": "M",
                    "fare_classes": "",
                    "return": 1,
                    "bags_recheck_required": false,
                    "vi_connection": false,
                    "guarantee": false,
                    "equipment": null,
                    "vehicle_type": "aircraft"
                }
            ],
            "booking_token": "HzZ3yFExooqgz6dNAUD-YdjHHlj62qw_6E0wCL3RciKRMp227CQk34Jph0t1lIF4QC5uYLJkSxU4hqxetg9NQ7DnDXQOMUyVAilLs4CJ2Jf5Xj6-cmR0BsAO6lYZzdUMboEiUnT5mFfVANNHyTFjY5PX9Yb5JlQ5tyhtevFm5dktuWh1JSGATUaAhfYkbin74KlmD8I4WbkyoObPAWBwhf2EG8f1JX408V4X6Aufrx2rKVm6lopBRjmfv2vcfBDTjQh5sC2PYk6u4CliJFv19x-dxUI7HVqFhezvdkFrNPoYZiUaQE5N9pZqGamVARx55AMftogEj_jK4QKQx_pPGTlZBg0klvIhuVOZoFssP_bS8y4x7ML69EKEzOyA-qx2a_H6y0n-L7PGRMeFhShAo7dEzNyLvn0jq01giPrWIse0qH5MlnBVLSupAOhhzf2oWSqiiEGbntwk2qdWD_X2QmbCwZPtU02ZXNlt7ycclordFPGBiFK4UGiFSsPRosB6HB4qWypGruzB1MY-HDztZXrg8CJynhFYtslSh8uQqAM4d1PBYHZo49ydBssE9Yb2y3RgWkzd5H3QfgRRAjKgMwsF7EVz5nOajDbpl5u6Vg0NsNXaAaqH2R0LVS6KGnBzVbYDl0XfgHdPsIw6e_vWIpQ==",
            "deep_link": "https://www.kiwi.com/deep?affilid=mihalytest&currency=EUR&flightsId=0b7717884e740000cc333dd5_0%7C17880b774e7b000012c5b6f7_0&from=BUD&lang=en&passengers=1&to=HAM&booking_token=HzZ3yFExooqgz6dNAUD-YdjHHlj62qw_6E0wCL3RciKRMp227CQk34Jph0t1lIF4QC5uYLJkSxU4hqxetg9NQ7DnDXQOMUyVAilLs4CJ2Jf5Xj6-cmR0BsAO6lYZzdUMboEiUnT5mFfVANNHyTFjY5PX9Yb5JlQ5tyhtevFm5dktuWh1JSGATUaAhfYkbin74KlmD8I4WbkyoObPAWBwhf2EG8f1JX408V4X6Aufrx2rKVm6lopBRjmfv2vcfBDTjQh5sC2PYk6u4CliJFv19x-dxUI7HVqFhezvdkFrNPoYZiUaQE5N9pZqGamVARx55AMftogEj_jK4QKQx_pPGTlZBg0klvIhuVOZoFssP_bS8y4x7ML69EKEzOyA-qx2a_H6y0n-L7PGRMeFhShAo7dEzNyLvn0jq01giPrWIse0qH5MlnBVLSupAOhhzf2oWSqiiEGbntwk2qdWD_X2QmbCwZPtU02ZXNlt7ycclordFPGBiFK4UGiFSsPRosB6HB4qWypGruzB1MY-HDztZXrg8CJynhFYtslSh8uQqAM4d1PBYHZo49ydBssE9Yb2y3RgWkzd5H3QfgRRAjKgMwsF7EVz5nOajDbpl5u6Vg0NsNXaAaqH2R0LVS6KGnBzVbYDl0XfgHdPsIw6e_vWIpQ==",
            "facilitated_booking_available": true,
            "pnr_count": 2,
            "has_airport_change": false,
            "technical_stops": 0,
            "throw_away_ticketing": false,
            "hidden_city_ticketing": false,
            "virtual_interlining": false
        },
        {
            "id": "0b7717884e2c0000ad22070a_0|17880b774e30000019bff428_0",
            "flyFrom": "BUD",
            "flyTo": "HAM",
            "cityFrom": "Budapest",
            "cityCodeFrom": "BUD",
            "cityTo": "Hamburg",
            "cityCodeTo": "HAM",
            "countryFrom": {
                "code": "HU",
                "name": "Hungary"
            },
            "countryTo": {
                "code": "DE",
                "name": "Germany"
            },
            "local_departure": "2024-10-16T20:45:00.000Z",
            "utc_departure": "2024-10-16T18:45:00.000Z",
            "local_arrival": "2024-10-16T22:30:00.000Z",
            "utc_arrival": "2024-10-16T20:30:00.000Z",
            "nightsInDest": 4,
            "quality": 248.333205,
            "distance": 949.98,
            "duration": {
                "departure": 6300,
                "return": 6000,
                "total": 12300
            },
            "price": 197,
            "conversion": {
                "EUR": 197
            },
            "fare": {
                "adults": 197,
                "children": 197,
                "infants": 197
            },
            "fare_locks": {
                "EUR": [
                    {
                        "default": false,
                        "duration": "P1D",
                        "itinerary_price_limit": 397,
                        "itinerary_price_remaining": 197,
                        "fare_lock_kind": "fee",
                        "price": 9.85,
                        "rule_instance_id": 26749,
                        "version": "v1"
                    },
                    {
                        "default": true,
                        "duration": "P3D",
                        "itinerary_price_limit": 397,
                        "itinerary_price_remaining": 197,
                        "fare_lock_kind": "fee",
                        "price": 19.7,
                        "rule_instance_id": 26748,
                        "version": "v1"
                    },
                    {
                        "default": false,
                        "duration": "P7D",
                        "itinerary_price_limit": 397,
                        "itinerary_price_remaining": 197,
                        "fare_lock_kind": "fee",
                        "price": 49.25,
                        "rule_instance_id": 26750,
                        "version": "v1"
                    }
                ]
            },
            "bags_price": {
                "1": 72.8,
                "2": 282.8
            },
            "baglimit": {
                "hand_dimensions_sum": 118,
                "hand_height": 40,
                "hand_length": 55,
                "hand_weight": 8,
                "hand_width": 23,
                "hold_dimensions_sum": 158,
                "hold_height": 52,
                "hold_length": 78,
                "hold_weight": 23,
                "hold_width": 28,
                "personal_item_dimension_sum": 95,
                "personal_item_height": 30,
                "personal_item_length": 40,
                "personal_item_weight": 8,
                "personal_item_width": 25
            },
            "availability": {
                "seats": 9
            },
            "airlines": [
                "EW"
            ],
            "route": [
                {
                    "id": "0b7717884e2c0000ad22070a_0",
                    "combination_id": "0b7717884e2c0000ad22070a",
                    "flyFrom": "BUD",
                    "flyTo": "HAM",
                    "cityFrom": "Budapest",
                    "cityCodeFrom": "BUD",
                    "cityTo": "Hamburg",
                    "cityCodeTo": "HAM",
                    "local_departure": "2024-10-16T20:45:00.000Z",
                    "utc_departure": "2024-10-16T18:45:00.000Z",
                    "local_arrival": "2024-10-16T22:30:00.000Z",
                    "utc_arrival": "2024-10-16T20:30:00.000Z",
                    "airline": "EW",
                    "flight_no": 7783,
                    "operating_carrier": "EW",
                    "operating_flight_no": "7783",
                    "fare_basis": "",
                    "fare_category": "M",
                    "fare_classes": "L",
                    "return": 0,
                    "bags_recheck_required": false,
                    "vi_connection": false,
                    "guarantee": false,
                    "equipment": null,
                    "vehicle_type": "aircraft"
                },
                {
                    "id": "17880b774e30000019bff428_0",
                    "combination_id": "17880b774e30000019bff428",
                    "flyFrom": "HAM",
                    "flyTo": "BUD",
                    "cityFrom": "Hamburg",
                    "cityCodeFrom": "HAM",
                    "cityTo": "Budapest",
                    "cityCodeTo": "BUD",
                    "local_departure": "2024-10-20T18:25:00.000Z",
                    "utc_departure": "2024-10-20T16:25:00.000Z",
                    "local_arrival": "2024-10-20T20:05:00.000Z",
                    "utc_arrival": "2024-10-20T18:05:00.000Z",
                    "airline": "EW",
                    "flight_no": 7782,
                    "operating_carrier": "EW",
                    "operating_flight_no": "7782",
                    "fare_basis": "",
                    "fare_category": "M",
                    "fare_classes": "",
                    "return": 1,
                    "bags_recheck_required": false,
                    "vi_connection": false,
                    "guarantee": false,
                    "equipment": null,
                    "vehicle_type": "aircraft"
                }
            ],
            "booking_token": "H4-mYCvo2gi7crDEYvzKkvfaOiF7Xr4RB3kxItYnoIfRf3DO_HTZ-6KOgCehn36_4qKIwYeYy5Qx1RiW_NoBM5jnTUs00SMy0wnSrePqFqbpN3ltBUtYzvOROUc--O4RKTiFYFJTYy2epkZOmPks2ICWH0LJ5Psz1vu9LXArIwWboE-rK8kdLp7OAPtEIwvX-ZxTzR2zndqz1BcTVNhsUm-E2pcnfKVYSHjmccnShcpMAzqTMNZNek5LABlq3STQvUkylqgE-TtpPNqre6sKX1m-zZS6_J8JttyQFjKaqCqqsO62pzdCnikciC8b7joaZiXG6HAgZ4YPtBgw3EE-dZel_esGeDIDQnatu6g6mqMdCFX4CzewNh5GiaO55fpEsoC24fQDxR4n4yvm52W0_C-swGp7ahn8SpIjJ6M8UwmMYDOfIh6eSFc0L75Q71SwDrULSluQ4GhBaQx7Bum7mxByYi31ZMmQZ-562hGvW2er4wdBvl0PoXpny7lwmBWGcjOVGuPRipfBJD-92fr2oE2mVj4QKHdU5DvAyZzoyjhYzTQP0XD7reFVtVeRvAoyASkaqUMekMyKLHQTexMGsEzF64UUqasV0w_ExKP50zwMQOR7Pvb9t8HXyrGp-d0QVTGPYMNYb5HqjCN1NEO0QyEgjrFTMN2h4LMiX77Rjld23gKP8Cy-D687zHNJTowNn4840Xs8cbEKhoO6GEbrQSnTIyD2C1HZmsxQVStqaIww=",
            "deep_link": "https://www.kiwi.com/deep?affilid=mihalytest&currency=EUR&flightsId=0b7717884e2c0000ad22070a_0%7C17880b774e30000019bff428_0&from=BUD&lang=en&passengers=1&to=HAM&booking_token=H4-mYCvo2gi7crDEYvzKkvfaOiF7Xr4RB3kxItYnoIfRf3DO_HTZ-6KOgCehn36_4qKIwYeYy5Qx1RiW_NoBM5jnTUs00SMy0wnSrePqFqbpN3ltBUtYzvOROUc--O4RKTiFYFJTYy2epkZOmPks2ICWH0LJ5Psz1vu9LXArIwWboE-rK8kdLp7OAPtEIwvX-ZxTzR2zndqz1BcTVNhsUm-E2pcnfKVYSHjmccnShcpMAzqTMNZNek5LABlq3STQvUkylqgE-TtpPNqre6sKX1m-zZS6_J8JttyQFjKaqCqqsO62pzdCnikciC8b7joaZiXG6HAgZ4YPtBgw3EE-dZel_esGeDIDQnatu6g6mqMdCFX4CzewNh5GiaO55fpEsoC24fQDxR4n4yvm52W0_C-swGp7ahn8SpIjJ6M8UwmMYDOfIh6eSFc0L75Q71SwDrULSluQ4GhBaQx7Bum7mxByYi31ZMmQZ-562hGvW2er4wdBvl0PoXpny7lwmBWGcjOVGuPRipfBJD-92fr2oE2mVj4QKHdU5DvAyZzoyjhYzTQP0XD7reFVtVeRvAoyASkaqUMekMyKLHQTexMGsEzF64UUqasV0w_ExKP50zwMQOR7Pvb9t8HXyrGp-d0QVTGPYMNYb5HqjCN1NEO0QyEgjrFTMN2h4LMiX77Rjld23gKP8Cy-D687zHNJTowNn4840Xs8cbEKhoO6GEbrQSnTIyD2C1HZmsxQVStqaIww=",
            "facilitated_booking_available": true,
            "pnr_count": 2,
            "has_airport_change": false,
            "technical_stops": 0,
            "throw_away_ticketing": false,
            "hidden_city_ticketing": false,
            "virtual_interlining": false
        },
        {
            "id": "0b7717884e1f000064b66dd1_0|17880b774e2200007cd24f44_0",
            "flyFrom": "BUD",
            "flyTo": "HAM",
            "cityFrom": "Budapest",
            "cityCodeFrom": "BUD",
            "cityTo": "Hamburg",
            "cityCodeTo": "HAM",
            "countryFrom": {
                "code": "HU",
                "name": "Hungary"
            },
            "countryTo": {
                "code": "DE",
                "name": "Germany"
            },
            "local_departure": "2024-10-03T20:45:00.000Z",
            "utc_departure": "2024-10-03T18:45:00.000Z",
            "local_arrival": "2024-10-03T22:30:00.000Z",
            "utc_arrival": "2024-10-03T20:30:00.000Z",
            "nightsInDest": 3,
            "quality": 248.333205,
            "distance": 949.98,
            "duration": {
                "departure": 6300,
                "return": 6000,
                "total": 12300
            },
            "price": 197,
            "conversion": {
                "EUR": 197
            },
            "fare": {
                "adults": 197,
                "children": 197,
                "infants": 197
            },
            "fare_locks": {
                "EUR": [
                    {
                        "default": false,
                        "duration": "P1D",
                        "itinerary_price_limit": 397,
                        "itinerary_price_remaining": 197,
                        "fare_lock_kind": "fee",
                        "price": 9.85,
                        "rule_instance_id": 26749,
                        "version": "v1"
                    },
                    {
                        "default": true,
                        "duration": "P3D",
                        "itinerary_price_limit": 397,
                        "itinerary_price_remaining": 197,
                        "fare_lock_kind": "fee",
                        "price": 19.7,
                        "rule_instance_id": 26748,
                        "version": "v1"
                    },
                    {
                        "default": false,
                        "duration": "P7D",
                        "itinerary_price_limit": 397,
                        "itinerary_price_remaining": 197,
                        "fare_lock_kind": "fee",
                        "price": 49.25,
                        "rule_instance_id": 26750,
                        "version": "v1"
                    }
                ]
            },
            "bags_price": {
                "1": 72.8,
                "2": 282.8
            },
            "baglimit": {
                "hand_dimensions_sum": 118,
                "hand_height": 40,
                "hand_length": 55,
                "hand_weight": 8,
                "hand_width": 23,
                "hold_dimensions_sum": 158,
                "hold_height": 52,
                "hold_length": 78,
                "hold_weight": 23,
                "hold_width": 28,
                "personal_item_dimension_sum": 95,
                "personal_item_height": 30,
                "personal_item_length": 40,
                "personal_item_weight": 8,
                "personal_item_width": 25
            },
            "availability": {
                "seats": 2
            },
            "airlines": [
                "EW"
            ],
            "route": [
                {
                    "id": "0b7717884e1f000064b66dd1_0",
                    "combination_id": "0b7717884e1f000064b66dd1",
                    "flyFrom": "BUD",
                    "flyTo": "HAM",
                    "cityFrom": "Budapest",
                    "cityCodeFrom": "BUD",
                    "cityTo": "Hamburg",
                    "cityCodeTo": "HAM",
                    "local_departure": "2024-10-03T20:45:00.000Z",
                    "utc_departure": "2024-10-03T18:45:00.000Z",
                    "local_arrival": "2024-10-03T22:30:00.000Z",
                    "utc_arrival": "2024-10-03T20:30:00.000Z",
                    "airline": "EW",
                    "flight_no": 7783,
                    "operating_carrier": "EW",
                    "operating_flight_no": "7783",
                    "fare_basis": "",
                    "fare_category": "M",
                    "fare_classes": "",
                    "return": 0,
                    "bags_recheck_required": false,
                    "vi_connection": false,
                    "guarantee": false,
                    "equipment": null,
                    "vehicle_type": "aircraft"
                },
                {
                    "id": "17880b774e2200007cd24f44_0",
                    "combination_id": "17880b774e2200007cd24f44",
                    "flyFrom": "HAM",
                    "flyTo": "BUD",
                    "cityFrom": "Hamburg",
                    "cityCodeFrom": "HAM",
                    "cityTo": "Budapest",
                    "cityCodeTo": "BUD",
                    "local_departure": "2024-10-06T18:25:00.000Z",
                    "utc_departure": "2024-10-06T16:25:00.000Z",
                    "local_arrival": "2024-10-06T20:05:00.000Z",
                    "utc_arrival": "2024-10-06T18:05:00.000Z",
                    "airline": "EW",
                    "flight_no": 7782,
                    "operating_carrier": "EW",
                    "operating_flight_no": "7782",
                    "fare_basis": "",
                    "fare_category": "M",
                    "fare_classes": "K",
                    "return": 1,
                    "bags_recheck_required": false,
                    "vi_connection": false,
                    "guarantee": false,
                    "equipment": null,
                    "vehicle_type": "aircraft"
                }
            ],
            "booking_token": "HqjVxrRC4xedOJkLCAOhT4hAEbyL7ZNeizviKfje8koHKphKYoOmUOU1jzGE7gH_FQw7bE_suYU9LMjfWud6Ux1qsOtbACJYnnkIlH9sKERITquRFuXD7E-Xc2Ho1g96JWTpJTMVO9Ur3HGRS9F-h0aXkAnYPPREAgfjDgbQc2E0Xz0GY4adR6IOvFGyV_4YxNMlxeShZyTfYplzM2rRArw5hWHUioqjmT7KV_DLeah3VJkp9m0svq9CJn6To6UpOr4uMhMerBA0T71obY8IFrSuDJ1M_64LoTZEGtWVgwk0IcrS4-b5R1kKaHkprO8MfVcTOb0NYmbDvFJTA2iBNPvSh2LlQ9Ou1YIclaRIbr3tGd8U-kDfq0PQ-kVTF2wNTT3-KHEbonHY0FgmsgCE4jBzZhQlOqfChKpwQInRTxLkU2oTVNmd_casGouSscAUBAK73M2GSmfLNN_W60Dbpf9mGe-yzTvyGUJ7AEfabDOtLNcosBWOITHA9tnx0cvSpoaoJOnc5Rqrzu6vn9Y1jhf3lAHLnGT-OZ_Phewnh2juyyrWlPtzdpcMgnqLdMt5pPwTUekd3zDk-5fxaWQcAmT3lVhvsi8FP1TG26n1th8J7fPQ72TpgczB5YRnA_o5mUunoY2gUzI5FNITu1EEB8_3aWd2wNi4OSj_8mAXrTPFosmhA5Hk5aa8j-7pRSB1WBKx7wXVBw8XpMU-xyf1vQiAZtV9D98zbhMLBQo9eEQI=",
            "deep_link": "https://www.kiwi.com/deep?affilid=mihalytest&currency=EUR&flightsId=0b7717884e1f000064b66dd1_0%7C17880b774e2200007cd24f44_0&from=BUD&lang=en&passengers=1&to=HAM&booking_token=HqjVxrRC4xedOJkLCAOhT4hAEbyL7ZNeizviKfje8koHKphKYoOmUOU1jzGE7gH_FQw7bE_suYU9LMjfWud6Ux1qsOtbACJYnnkIlH9sKERITquRFuXD7E-Xc2Ho1g96JWTpJTMVO9Ur3HGRS9F-h0aXkAnYPPREAgfjDgbQc2E0Xz0GY4adR6IOvFGyV_4YxNMlxeShZyTfYplzM2rRArw5hWHUioqjmT7KV_DLeah3VJkp9m0svq9CJn6To6UpOr4uMhMerBA0T71obY8IFrSuDJ1M_64LoTZEGtWVgwk0IcrS4-b5R1kKaHkprO8MfVcTOb0NYmbDvFJTA2iBNPvSh2LlQ9Ou1YIclaRIbr3tGd8U-kDfq0PQ-kVTF2wNTT3-KHEbonHY0FgmsgCE4jBzZhQlOqfChKpwQInRTxLkU2oTVNmd_casGouSscAUBAK73M2GSmfLNN_W60Dbpf9mGe-yzTvyGUJ7AEfabDOtLNcosBWOITHA9tnx0cvSpoaoJOnc5Rqrzu6vn9Y1jhf3lAHLnGT-OZ_Phewnh2juyyrWlPtzdpcMgnqLdMt5pPwTUekd3zDk-5fxaWQcAmT3lVhvsi8FP1TG26n1th8J7fPQ72TpgczB5YRnA_o5mUunoY2gUzI5FNITu1EEB8_3aWd2wNi4OSj_8mAXrTPFosmhA5Hk5aa8j-7pRSB1WBKx7wXVBw8XpMU-xyf1vQiAZtV9D98zbhMLBQo9eEQI=",
            "facilitated_booking_available": true,
            "pnr_count": 2,
            "has_airport_change": false,
            "technical_stops": 0,
            "throw_away_ticketing": false,
            "hidden_city_ticketing": false,
            "virtual_interlining": false
        },
        {
            "id": "0b7717884e1f000064b66dd1_0|17880b774e200000a293b8ce_0",
            "flyFrom": "BUD",
            "flyTo": "HAM",
            "cityFrom": "Budapest",
            "cityCodeFrom": "BUD",
            "cityTo": "Hamburg",
            "cityCodeTo": "HAM",
            "countryFrom": {
                "code": "HU",
                "name": "Hungary"
            },
            "countryTo": {
                "code": "DE",
                "name": "Germany"
            },
            "local_departure": "2024-10-03T20:45:00.000Z",
            "utc_departure": "2024-10-03T18:45:00.000Z",
            "local_arrival": "2024-10-03T22:30:00.000Z",
            "utc_arrival": "2024-10-03T20:30:00.000Z",
            "nightsInDest": 1,
            "quality": 248.333205,
            "distance": 949.98,
            "duration": {
                "departure": 6300,
                "return": 6000,
                "total": 12300
            },
            "price": 197,
            "conversion": {
                "EUR": 197
            },
            "fare": {
                "adults": 197,
                "children": 197,
                "infants": 197
            },
            "fare_locks": {
                "EUR": [
                    {
                        "default": false,
                        "duration": "P1D",
                        "itinerary_price_limit": 397,
                        "itinerary_price_remaining": 197,
                        "fare_lock_kind": "fee",
                        "price": 9.85,
                        "rule_instance_id": 26749,
                        "version": "v1"
                    },
                    {
                        "default": true,
                        "duration": "P3D",
                        "itinerary_price_limit": 397,
                        "itinerary_price_remaining": 197,
                        "fare_lock_kind": "fee",
                        "price": 19.7,
                        "rule_instance_id": 26748,
                        "version": "v1"
                    },
                    {
                        "default": false,
                        "duration": "P7D",
                        "itinerary_price_limit": 397,
                        "itinerary_price_remaining": 197,
                        "fare_lock_kind": "fee",
                        "price": 49.25,
                        "rule_instance_id": 26750,
                        "version": "v1"
                    }
                ]
            },
            "bags_price": {
                "1": 72.8,
                "2": 282.8
            },
            "baglimit": {
                "hand_dimensions_sum": 118,
                "hand_height": 40,
                "hand_length": 55,
                "hand_weight": 8,
                "hand_width": 23,
                "hold_dimensions_sum": 158,
                "hold_height": 52,
                "hold_length": 78,
                "hold_weight": 23,
                "hold_width": 28,
                "personal_item_dimension_sum": 95,
                "personal_item_height": 30,
                "personal_item_length": 40,
                "personal_item_weight": 8,
                "personal_item_width": 25
            },
            "availability": {
                "seats": 2
            },
            "airlines": [
                "EW"
            ],
            "route": [
                {
                    "id": "0b7717884e1f000064b66dd1_0",
                    "combination_id": "0b7717884e1f000064b66dd1",
                    "flyFrom": "BUD",
                    "flyTo": "HAM",
                    "cityFrom": "Budapest",
                    "cityCodeFrom": "BUD",
                    "cityTo": "Hamburg",
                    "cityCodeTo": "HAM",
                    "local_departure": "2024-10-03T20:45:00.000Z",
                    "utc_departure": "2024-10-03T18:45:00.000Z",
                    "local_arrival": "2024-10-03T22:30:00.000Z",
                    "utc_arrival": "2024-10-03T20:30:00.000Z",
                    "airline": "EW",
                    "flight_no": 7783,
                    "operating_carrier": "EW",
                    "operating_flight_no": "7783",
                    "fare_basis": "",
                    "fare_category": "M",
                    "fare_classes": "",
                    "return": 0,
                    "bags_recheck_required": false,
                    "vi_connection": false,
                    "guarantee": false,
                    "equipment": null,
                    "vehicle_type": "aircraft"
                },
                {
                    "id": "17880b774e200000a293b8ce_0",
                    "combination_id": "17880b774e200000a293b8ce",
                    "flyFrom": "HAM",
                    "flyTo": "BUD",
                    "cityFrom": "Hamburg",
                    "cityCodeFrom": "HAM",
                    "cityTo": "Budapest",
                    "cityCodeTo": "BUD",
                    "local_departure": "2024-10-04T18:25:00.000Z",
                    "utc_departure": "2024-10-04T16:25:00.000Z",
                    "local_arrival": "2024-10-04T20:05:00.000Z",
                    "utc_arrival": "2024-10-04T18:05:00.000Z",
                    "airline": "EW",
                    "flight_no": 7782,
                    "operating_carrier": "EW",
                    "operating_flight_no": "7782",
                    "fare_basis": "",
                    "fare_category": "M",
                    "fare_classes": "K",
                    "return": 1,
                    "bags_recheck_required": false,
                    "vi_connection": false,
                    "guarantee": false,
                    "equipment": null,
                    "vehicle_type": "aircraft"
                }
            ],
            "booking_token": "HVX7K4XzEJk_IsTaZwv4XKva7fFxylzvSqOimRa-VgYsJcxummr8CQGGgLWJ0Z1nOLZ4HPCBVguorslAiZIFSu_sYgRdiZXJy3fHq4bNFQ9gTvyN_xBePOEHFgr1xwKNIiHOMsnZjlSnBMa8z45T5S-UJ2fI9pPS78IBomlpapUvO6dAyPNhDsZyi1PL8YTAxw07rqoD4J7HCQg9wD5WK5QTRSY3OQ5sAXuWf7TjRI9RW-bw4w9K_nrSzwHLGDmisju9wsbo_hyTExgvL1RjZF1fk9TKY1KhPJpsn6gO7qhGkBtooAiKq0-1pQpGTxQzo2it8tI9ULC6He4jJv34dJ3M9FQB1u0jWxrMM-uF2jS-2YUpLCWXrrlBq_0U8EAISp9zs3gwgKWQ3YIYFbkE7RzOE8GpOmtpXW5cDxUhLiLsbgjyPzhcYkC9npbPxW7ZoeN7-216F6f_UkfccPC8ZpYssPVJCl5OCtj-Vlwp-WQN1eY4jM8M_Z98_LR1toLnIYkronM5qtOeJfDL8Xu7FQOroCfjOjcwecxB0v_wymWPQVP_HhxxLaXHqQgVRscV47CPQO9Mlw4JlZQ22Ne9bPn0xXwvWZ2OGIaCbdObmzQDMAl9Uck7Wq1MTcZ778QAqnK0tcWPvaxw--Ow0_5UNLIoXFPPLLAH5K1AFIfjX_wGEXLmt4x7osfYjczG9mPwGFDGyjUAy_9vmRQcPL5YCLw==",
            "deep_link": "https://www.kiwi.com/deep?affilid=mihalytest&currency=EUR&flightsId=0b7717884e1f000064b66dd1_0%7C17880b774e200000a293b8ce_0&from=BUD&lang=en&passengers=1&to=HAM&booking_token=HVX7K4XzEJk_IsTaZwv4XKva7fFxylzvSqOimRa-VgYsJcxummr8CQGGgLWJ0Z1nOLZ4HPCBVguorslAiZIFSu_sYgRdiZXJy3fHq4bNFQ9gTvyN_xBePOEHFgr1xwKNIiHOMsnZjlSnBMa8z45T5S-UJ2fI9pPS78IBomlpapUvO6dAyPNhDsZyi1PL8YTAxw07rqoD4J7HCQg9wD5WK5QTRSY3OQ5sAXuWf7TjRI9RW-bw4w9K_nrSzwHLGDmisju9wsbo_hyTExgvL1RjZF1fk9TKY1KhPJpsn6gO7qhGkBtooAiKq0-1pQpGTxQzo2it8tI9ULC6He4jJv34dJ3M9FQB1u0jWxrMM-uF2jS-2YUpLCWXrrlBq_0U8EAISp9zs3gwgKWQ3YIYFbkE7RzOE8GpOmtpXW5cDxUhLiLsbgjyPzhcYkC9npbPxW7ZoeN7-216F6f_UkfccPC8ZpYssPVJCl5OCtj-Vlwp-WQN1eY4jM8M_Z98_LR1toLnIYkronM5qtOeJfDL8Xu7FQOroCfjOjcwecxB0v_wymWPQVP_HhxxLaXHqQgVRscV47CPQO9Mlw4JlZQ22Ne9bPn0xXwvWZ2OGIaCbdObmzQDMAl9Uck7Wq1MTcZ778QAqnK0tcWPvaxw--Ow0_5UNLIoXFPPLLAH5K1AFIfjX_wGEXLmt4x7osfYjczG9mPwGFDGyjUAy_9vmRQcPL5YCLw==",
            "facilitated_booking_available": true,
            "pnr_count": 2,
            "has_airport_change": false,
            "technical_stops": 0,
            "throw_away_ticketing": false,
            "hidden_city_ticketing": false,
            "virtual_interlining": false
        },
        {
            "id": "0b7717884e150000859fb7bb_0|17880b774e18000021d8f813_0",
            "flyFrom": "BUD",
            "flyTo": "HAM",
            "cityFrom": "Budapest",
            "cityCodeFrom": "BUD",
            "cityTo": "Hamburg",
            "cityCodeTo": "HAM",
            "countryFrom": {
                "code": "HU",
                "name": "Hungary"
            },
            "countryTo": {
                "code": "DE",
                "name": "Germany"
            },
            "local_departure": "2024-09-23T13:55:00.000Z",
            "utc_departure": "2024-09-23T11:55:00.000Z",
            "local_arrival": "2024-09-23T15:40:00.000Z",
            "utc_arrival": "2024-09-23T13:40:00.000Z",
            "nightsInDest": 3,
            "quality": 248.333205,
            "distance": 949.98,
            "duration": {
                "departure": 6300,
                "return": 6000,
                "total": 12300
            },
            "price": 197,
            "conversion": {
                "EUR": 197
            },
            "fare": {
                "adults": 197,
                "children": 197,
                "infants": 197
            },
            "fare_locks": {
                "EUR": [
                    {
                        "default": false,
                        "duration": "P1D",
                        "itinerary_price_limit": 397,
                        "itinerary_price_remaining": 197,
                        "fare_lock_kind": "fee",
                        "price": 9.85,
                        "rule_instance_id": 26749,
                        "version": "v1"
                    },
                    {
                        "default": true,
                        "duration": "P3D",
                        "itinerary_price_limit": 397,
                        "itinerary_price_remaining": 197,
                        "fare_lock_kind": "fee",
                        "price": 19.7,
                        "rule_instance_id": 26748,
                        "version": "v1"
                    },
                    {
                        "default": false,
                        "duration": "P7D",
                        "itinerary_price_limit": 397,
                        "itinerary_price_remaining": 197,
                        "fare_lock_kind": "fee",
                        "price": 49.25,
                        "rule_instance_id": 26750,
                        "version": "v1"
                    }
                ]
            },
            "bags_price": {
                "1": 72.8,
                "2": 282.8
            },
            "baglimit": {
                "hand_dimensions_sum": 118,
                "hand_height": 40,
                "hand_length": 55,
                "hand_weight": 8,
                "hand_width": 23,
                "hold_dimensions_sum": 158,
                "hold_height": 52,
                "hold_length": 78,
                "hold_weight": 23,
                "hold_width": 28,
                "personal_item_dimension_sum": 95,
                "personal_item_height": 30,
                "personal_item_length": 40,
                "personal_item_weight": 8,
                "personal_item_width": 25
            },
            "availability": {
                "seats": 8
            },
            "airlines": [
                "EW"
            ],
            "route": [
                {
                    "id": "0b7717884e150000859fb7bb_0",
                    "combination_id": "0b7717884e150000859fb7bb",
                    "flyFrom": "BUD",
                    "flyTo": "HAM",
                    "cityFrom": "Budapest",
                    "cityCodeFrom": "BUD",
                    "cityTo": "Hamburg",
                    "cityCodeTo": "HAM",
                    "local_departure": "2024-09-23T13:55:00.000Z",
                    "utc_departure": "2024-09-23T11:55:00.000Z",
                    "local_arrival": "2024-09-23T15:40:00.000Z",
                    "utc_arrival": "2024-09-23T13:40:00.000Z",
                    "airline": "EW",
                    "flight_no": 7785,
                    "operating_carrier": "EW",
                    "operating_flight_no": "7785",
                    "fare_basis": "",
                    "fare_category": "M",
                    "fare_classes": "",
                    "return": 0,
                    "bags_recheck_required": false,
                    "vi_connection": false,
                    "guarantee": false,
                    "equipment": null,
                    "vehicle_type": "aircraft"
                },
                {
                    "id": "17880b774e18000021d8f813_0",
                    "combination_id": "17880b774e18000021d8f813",
                    "flyFrom": "HAM",
                    "flyTo": "BUD",
                    "cityFrom": "Hamburg",
                    "cityCodeFrom": "HAM",
                    "cityTo": "Budapest",
                    "cityCodeTo": "BUD",
                    "local_departure": "2024-09-26T18:25:00.000Z",
                    "utc_departure": "2024-09-26T16:25:00.000Z",
                    "local_arrival": "2024-09-26T20:05:00.000Z",
                    "utc_arrival": "2024-09-26T18:05:00.000Z",
                    "airline": "EW",
                    "flight_no": 7782,
                    "operating_carrier": "EW",
                    "operating_flight_no": "7782",
                    "fare_basis": "",
                    "fare_category": "M",
                    "fare_classes": "K",
                    "return": 1,
                    "bags_recheck_required": false,
                    "vi_connection": false,
                    "guarantee": false,
                    "equipment": null,
                    "vehicle_type": "aircraft"
                }
            ],
            "booking_token": "HpDhIROCtVoRnCAhOS7Neo6ZVfwvarMejdmv2s7lSiYDxdrmTjax3XJkbBg4FgK8KEingpOZhQkI4_lHbbIdjsAr8zwovsk99iLxYlAs-ZqbhDWe2VMNnClqhy1rQjlYaYIj1gBLQvFdRHrY_VymY2h6Uqc-dpBLmuLQBHafKZ4gCeJgy2cUlUH_mRzu9RG2rEGSn7_KKE8IBkdCX8cxSpWPgm50pk43ElmyfU_dHIkAWDucE2ZxCOeYpCTQR8PqbmWKe_AqHs2jN8ZZtr-k49uiinctgKPvBP9bX390n1JQ3Sx3PO5mqPNTGgEWQ2iLNhU3i7VIbYMtlhJmdWG0PkPs9hWC4-Z3AQ-m9m--GzAStLcdTZR_JqJegfaBYZinwYBQR5IfObRTg4XX9NUcpq_3C9YZpLGOJA5i7xj-w2ObHX3rdqYQGAKQ-XeaV_OgYRxY1jdgwDRZIjbnW-_pX2dYW6ArwMtRRV1lF6I9eOf3B2vbwt0HsPNsrQcaKFEFpvF9oeIH7cuftklj_XhNxkEQhY_c0KXlHVut2qOu45jHx2R1GeakJ3G98uzX_zAPyt0AXqMi5VSTFuLVpC3jHmNyKT0Y4qWtG-n0zgdAczlYcTJq89HIWKQmtdjqci2f74WnuyJ7svHdnrQz3fgGWEMef8mYnGaKZk4LG5mHPEzIObBm4x9_tgnQyNwPGHMw1",
            "deep_link": "https://www.kiwi.com/deep?affilid=mihalytest&currency=EUR&flightsId=0b7717884e150000859fb7bb_0%7C17880b774e18000021d8f813_0&from=BUD&lang=en&passengers=1&to=HAM&booking_token=HpDhIROCtVoRnCAhOS7Neo6ZVfwvarMejdmv2s7lSiYDxdrmTjax3XJkbBg4FgK8KEingpOZhQkI4_lHbbIdjsAr8zwovsk99iLxYlAs-ZqbhDWe2VMNnClqhy1rQjlYaYIj1gBLQvFdRHrY_VymY2h6Uqc-dpBLmuLQBHafKZ4gCeJgy2cUlUH_mRzu9RG2rEGSn7_KKE8IBkdCX8cxSpWPgm50pk43ElmyfU_dHIkAWDucE2ZxCOeYpCTQR8PqbmWKe_AqHs2jN8ZZtr-k49uiinctgKPvBP9bX390n1JQ3Sx3PO5mqPNTGgEWQ2iLNhU3i7VIbYMtlhJmdWG0PkPs9hWC4-Z3AQ-m9m--GzAStLcdTZR_JqJegfaBYZinwYBQR5IfObRTg4XX9NUcpq_3C9YZpLGOJA5i7xj-w2ObHX3rdqYQGAKQ-XeaV_OgYRxY1jdgwDRZIjbnW-_pX2dYW6ArwMtRRV1lF6I9eOf3B2vbwt0HsPNsrQcaKFEFpvF9oeIH7cuftklj_XhNxkEQhY_c0KXlHVut2qOu45jHx2R1GeakJ3G98uzX_zAPyt0AXqMi5VSTFuLVpC3jHmNyKT0Y4qWtG-n0zgdAczlYcTJq89HIWKQmtdjqci2f74WnuyJ7svHdnrQz3fgGWEMef8mYnGaKZk4LG5mHPEzIObBm4x9_tgnQyNwPGHMw1",
            "facilitated_booking_available": true,
            "pnr_count": 2,
            "has_airport_change": false,
            "technical_stops": 0,
            "throw_away_ticketing": false,
            "hidden_city_ticketing": false,
            "virtual_interlining": false
        },
        {
            "id": "0b7717884e150000859fb7bb_0|17880b774e1b0000179659a2_0",
            "flyFrom": "BUD",
            "flyTo": "HAM",
            "cityFrom": "Budapest",
            "cityCodeFrom": "BUD",
            "cityTo": "Hamburg",
            "cityCodeTo": "HAM",
            "countryFrom": {
                "code": "HU",
                "name": "Hungary"
            },
            "countryTo": {
                "code": "DE",
                "name": "Germany"
            },
            "local_departure": "2024-09-23T13:55:00.000Z",
            "utc_departure": "2024-09-23T11:55:00.000Z",
            "local_arrival": "2024-09-23T15:40:00.000Z",
            "utc_arrival": "2024-09-23T13:40:00.000Z",
            "nightsInDest": 6,
            "quality": 248.333205,
            "distance": 949.98,
            "duration": {
                "departure": 6300,
                "return": 6000,
                "total": 12300
            },
            "price": 197,
            "conversion": {
                "EUR": 197
            },
            "fare": {
                "adults": 197,
                "children": 197,
                "infants": 197
            },
            "fare_locks": {
                "EUR": [
                    {
                        "default": false,
                        "duration": "P1D",
                        "itinerary_price_limit": 397,
                        "itinerary_price_remaining": 197,
                        "fare_lock_kind": "fee",
                        "price": 9.85,
                        "rule_instance_id": 26749,
                        "version": "v1"
                    },
                    {
                        "default": true,
                        "duration": "P3D",
                        "itinerary_price_limit": 397,
                        "itinerary_price_remaining": 197,
                        "fare_lock_kind": "fee",
                        "price": 19.7,
                        "rule_instance_id": 26748,
                        "version": "v1"
                    },
                    {
                        "default": false,
                        "duration": "P7D",
                        "itinerary_price_limit": 397,
                        "itinerary_price_remaining": 197,
                        "fare_lock_kind": "fee",
                        "price": 49.25,
                        "rule_instance_id": 26750,
                        "version": "v1"
                    }
                ]
            },
            "bags_price": {
                "1": 72.8,
                "2": 282.8
            },
            "baglimit": {
                "hand_dimensions_sum": 118,
                "hand_height": 40,
                "hand_length": 55,
                "hand_weight": 8,
                "hand_width": 23,
                "hold_dimensions_sum": 158,
                "hold_height": 52,
                "hold_length": 78,
                "hold_weight": 23,
                "hold_width": 28,
                "personal_item_dimension_sum": 95,
                "personal_item_height": 30,
                "personal_item_length": 40,
                "personal_item_weight": 8,
                "personal_item_width": 25
            },
            "availability": {
                "seats": 6
            },
            "airlines": [
                "EW"
            ],
            "route": [
                {
                    "id": "0b7717884e150000859fb7bb_0",
                    "combination_id": "0b7717884e150000859fb7bb",
                    "flyFrom": "BUD",
                    "flyTo": "HAM",
                    "cityFrom": "Budapest",
                    "cityCodeFrom": "BUD",
                    "cityTo": "Hamburg",
                    "cityCodeTo": "HAM",
                    "local_departure": "2024-09-23T13:55:00.000Z",
                    "utc_departure": "2024-09-23T11:55:00.000Z",
                    "local_arrival": "2024-09-23T15:40:00.000Z",
                    "utc_arrival": "2024-09-23T13:40:00.000Z",
                    "airline": "EW",
                    "flight_no": 7785,
                    "operating_carrier": "EW",
                    "operating_flight_no": "7785",
                    "fare_basis": "",
                    "fare_category": "M",
                    "fare_classes": "",
                    "return": 0,
                    "bags_recheck_required": false,
                    "vi_connection": false,
                    "guarantee": false,
                    "equipment": null,
                    "vehicle_type": "aircraft"
                },
                {
                    "id": "17880b774e1b0000179659a2_0",
                    "combination_id": "17880b774e1b0000179659a2",
                    "flyFrom": "HAM",
                    "flyTo": "BUD",
                    "cityFrom": "Hamburg",
                    "cityCodeFrom": "HAM",
                    "cityTo": "Budapest",
                    "cityCodeTo": "BUD",
                    "local_departure": "2024-09-29T18:25:00.000Z",
                    "utc_departure": "2024-09-29T16:25:00.000Z",
                    "local_arrival": "2024-09-29T20:05:00.000Z",
                    "utc_arrival": "2024-09-29T18:05:00.000Z",
                    "airline": "EW",
                    "flight_no": 7782,
                    "operating_carrier": "EW",
                    "operating_flight_no": "7782",
                    "fare_basis": "",
                    "fare_category": "M",
                    "fare_classes": "K",
                    "return": 1,
                    "bags_recheck_required": false,
                    "vi_connection": false,
                    "guarantee": false,
                    "equipment": null,
                    "vehicle_type": "aircraft"
                }
            ],
            "booking_token": "HAvLcmj2ejJ9_yBAQf1ohZyiQWZQaEaT7GC61Tf0pWAsCbC90SZUjeQSc5tOpthWCcSD5c4oZF6sm_B3QArudPC2XcziVncnZdiHPZKW0upvyVSboAwkgGSLzEU-mt9nyXceHzHz3by6RSH9NGYEtRJ8E8lAMZZP8y3-5cB-esJi-Qr7yMaUBy-KGZ8WYjvVhT4iEL8wDKL0QczbO7goQM-9UiuTBj53NXS5W43Vrac8mCCQh9MDUyI5zLn4e23qiCsSo_tE3oHklStmGphUNlo8Yh1CZ27xiM7BAZjD7e-tXcAri-1rcVwKLt0L_0JcgxaKp9JbYerkVEXGYAmWLPprWyIn76HLYtQoDrRAnTGX8hV6Qwy4eXAIADAU0QAMl85B8VwdF34OkZvZI_DJakAlbPoSVI1qXZidp3QzE9hKcSCe11PWneMDLmXGZxz8eFgYLulIn6DIHPIQR_jjSleey0KhlyOSV_WwsqENxEXtB9XqnZnPqDN2yEnSrNaowAVjubhdqKl3A3IpnOKp5UIszIsot98gUeRLtqtT1l2Tw6W9ztZELCoIko4YIeh3yFy0SbMfzYJFV0UqwUCujFo1bmlWYOReSznPUnT6Ez_Nk6iBlZAaSNijdmTJTOyakwHCrBdXTdOTPjr8K3Iztcpzkg_dyLfx0lobOHPfMMrexys-medxb0LQ_huViQ20v",
            "deep_link": "https://www.kiwi.com/deep?affilid=mihalytest&currency=EUR&flightsId=0b7717884e150000859fb7bb_0%7C17880b774e1b0000179659a2_0&from=BUD&lang=en&passengers=1&to=HAM&booking_token=HAvLcmj2ejJ9_yBAQf1ohZyiQWZQaEaT7GC61Tf0pWAsCbC90SZUjeQSc5tOpthWCcSD5c4oZF6sm_B3QArudPC2XcziVncnZdiHPZKW0upvyVSboAwkgGSLzEU-mt9nyXceHzHz3by6RSH9NGYEtRJ8E8lAMZZP8y3-5cB-esJi-Qr7yMaUBy-KGZ8WYjvVhT4iEL8wDKL0QczbO7goQM-9UiuTBj53NXS5W43Vrac8mCCQh9MDUyI5zLn4e23qiCsSo_tE3oHklStmGphUNlo8Yh1CZ27xiM7BAZjD7e-tXcAri-1rcVwKLt0L_0JcgxaKp9JbYerkVEXGYAmWLPprWyIn76HLYtQoDrRAnTGX8hV6Qwy4eXAIADAU0QAMl85B8VwdF34OkZvZI_DJakAlbPoSVI1qXZidp3QzE9hKcSCe11PWneMDLmXGZxz8eFgYLulIn6DIHPIQR_jjSleey0KhlyOSV_WwsqENxEXtB9XqnZnPqDN2yEnSrNaowAVjubhdqKl3A3IpnOKp5UIszIsot98gUeRLtqtT1l2Tw6W9ztZELCoIko4YIeh3yFy0SbMfzYJFV0UqwUCujFo1bmlWYOReSznPUnT6Ez_Nk6iBlZAaSNijdmTJTOyakwHCrBdXTdOTPjr8K3Iztcpzkg_dyLfx0lobOHPfMMrexys-medxb0LQ_huViQ20v",
            "facilitated_booking_available": true,
            "pnr_count": 2,
            "has_airport_change": false,
            "technical_stops": 0,
            "throw_away_ticketing": false,
            "hidden_city_ticketing": false,
            "virtual_interlining": false
        },
        {
            "id": "0b7717884e620000bcc2bd01_0|17880b774e66000026324f84_0",
            "flyFrom": "BUD",
            "flyTo": "HAM",
            "cityFrom": "Budapest",
            "cityCodeFrom": "BUD",
            "cityTo": "Hamburg",
            "cityCodeTo": "HAM",
            "countryFrom": {
                "code": "HU",
                "name": "Hungary"
            },
            "countryTo": {
                "code": "DE",
                "name": "Germany"
            },
            "local_departure": "2024-12-09T09:15:00.000Z",
            "utc_departure": "2024-12-09T08:15:00.000Z",
            "local_arrival": "2024-12-09T11:05:00.000Z",
            "utc_arrival": "2024-12-09T10:05:00.000Z",
            "nightsInDest": 4,
            "quality": 249.666535,
            "distance": 949.98,
            "duration": {
                "departure": 6600,
                "return": 6300,
                "total": 12900
            },
            "price": 197,
            "conversion": {
                "EUR": 197
            },
            "fare": {
                "adults": 197,
                "children": 197,
                "infants": 197
            },
            "fare_locks": {
                "EUR": [
                    {
                        "default": false,
                        "duration": "P1D",
                        "itinerary_price_limit": 397,
                        "itinerary_price_remaining": 197,
                        "fare_lock_kind": "fee",
                        "price": 9.85,
                        "rule_instance_id": 26749,
                        "version": "v1"
                    },
                    {
                        "default": true,
                        "duration": "P3D",
                        "itinerary_price_limit": 397,
                        "itinerary_price_remaining": 197,
                        "fare_lock_kind": "fee",
                        "price": 19.7,
                        "rule_instance_id": 26748,
                        "version": "v1"
                    },
                    {
                        "default": false,
                        "duration": "P7D",
                        "itinerary_price_limit": 397,
                        "itinerary_price_remaining": 197,
                        "fare_lock_kind": "fee",
                        "price": 49.25,
                        "rule_instance_id": 26750,
                        "version": "v1"
                    }
                ]
            },
            "bags_price": {
                "1": 72.8,
                "2": 282.8
            },
            "baglimit": {
                "hand_dimensions_sum": 118,
                "hand_height": 40,
                "hand_length": 55,
                "hand_weight": 8,
                "hand_width": 23,
                "hold_dimensions_sum": 158,
                "hold_height": 52,
                "hold_length": 78,
                "hold_weight": 23,
                "hold_width": 28,
                "personal_item_dimension_sum": 95,
                "personal_item_height": 30,
                "personal_item_length": 40,
                "personal_item_weight": 8,
                "personal_item_width": 25
            },
            "availability": {
                "seats": 9
            },
            "airlines": [
                "EW"
            ],
            "route": [
                {
                    "id": "0b7717884e620000bcc2bd01_0",
                    "combination_id": "0b7717884e620000bcc2bd01",
                    "flyFrom": "BUD",
                    "flyTo": "HAM",
                    "cityFrom": "Budapest",
                    "cityCodeFrom": "BUD",
                    "cityTo": "Hamburg",
                    "cityCodeTo": "HAM",
                    "local_departure": "2024-12-09T09:15:00.000Z",
                    "utc_departure": "2024-12-09T08:15:00.000Z",
                    "local_arrival": "2024-12-09T11:05:00.000Z",
                    "utc_arrival": "2024-12-09T10:05:00.000Z",
                    "airline": "EW",
                    "flight_no": 7781,
                    "operating_carrier": "EW",
                    "operating_flight_no": "7781",
                    "fare_basis": "",
                    "fare_category": "M",
                    "fare_classes": "",
                    "return": 0,
                    "bags_recheck_required": false,
                    "vi_connection": false,
                    "guarantee": false,
                    "equipment": null,
                    "vehicle_type": "aircraft"
                },
                {
                    "id": "17880b774e66000026324f84_0",
                    "combination_id": "17880b774e66000026324f84",
                    "flyFrom": "HAM",
                    "flyTo": "BUD",
                    "cityFrom": "Hamburg",
                    "cityCodeFrom": "HAM",
                    "cityTo": "Budapest",
                    "cityCodeTo": "BUD",
                    "local_departure": "2024-12-13T18:10:00.000Z",
                    "utc_departure": "2024-12-13T17:10:00.000Z",
                    "local_arrival": "2024-12-13T19:55:00.000Z",
                    "utc_arrival": "2024-12-13T18:55:00.000Z",
                    "airline": "EW",
                    "flight_no": 7780,
                    "operating_carrier": "EW",
                    "operating_flight_no": "7780",
                    "fare_basis": "",
                    "fare_category": "M",
                    "fare_classes": "",
                    "return": 1,
                    "bags_recheck_required": false,
                    "vi_connection": false,
                    "guarantee": false,
                    "equipment": null,
                    "vehicle_type": "aircraft"
                }
            ],
            "booking_token": "HtUkSzzaPV23eFnxTCx3zbuFSJMnVaTcTgpkj-heSdYotK_xNW0W2VlLxsSqooW1cWuSrAtWbeHtzgwwxANaOatwTSjIVGJ1K0IBSIXX7PQ-RJSFhPg0w6D6KqOutL2evn6Ec0tN6zEOTkBoiGV2KRvYo5a3932sA3rZGgQGoRFIRmwb2o4GkV42lgQDd26hDhCQvLzl_g-BreXe4lW_kbz3R_yjy0nynUJZgRpo83N9DhLWpAaacSJ3vD1hX7V7zJECODM47kEqQ0YHQ_ICpHGw8hcAHlPs9v0D0_Mq7ntSh4vy5lSi3T5SfP8sUsQwBvZLmOCzZ8uQhOk3du9gvMPVGOG_9hhC-NyRcWaukvqqXLtgihajvOcHsQj1Va6-yvudXf-dFF9PC3TOUBIq7615jAWlwdY64rXeAkffX2eUky1oAi_1pNbTtXUrTVkHq2ekaWp7c3cSiutGzq3syGuM-wEQxmGCG-j5hotnu0EDJXmYaHqBrCPK7L1n4FPkvY8xCj1dX8EdU0pr4bs2a5GK3eoL7AVarqXuF_gdacmzGAOdxSnj42IHNwIhrqickxrRsQpKlZXqSMZA_wda9RwbbW2uPDbuQlseB7eC8UrAo--pbG9ZZG0S2SC0DNiiHuQmdJ3hg5smM4bVkCpnU-Y8Bltk8v8WY2FAypCwN__PZcuzyRkiiERbSawQxdoHulZvI89mNPppfIN4pNpvTZg==",
            "deep_link": "https://www.kiwi.com/deep?affilid=mihalytest&currency=EUR&flightsId=0b7717884e620000bcc2bd01_0%7C17880b774e66000026324f84_0&from=BUD&lang=en&passengers=1&to=HAM&booking_token=HtUkSzzaPV23eFnxTCx3zbuFSJMnVaTcTgpkj-heSdYotK_xNW0W2VlLxsSqooW1cWuSrAtWbeHtzgwwxANaOatwTSjIVGJ1K0IBSIXX7PQ-RJSFhPg0w6D6KqOutL2evn6Ec0tN6zEOTkBoiGV2KRvYo5a3932sA3rZGgQGoRFIRmwb2o4GkV42lgQDd26hDhCQvLzl_g-BreXe4lW_kbz3R_yjy0nynUJZgRpo83N9DhLWpAaacSJ3vD1hX7V7zJECODM47kEqQ0YHQ_ICpHGw8hcAHlPs9v0D0_Mq7ntSh4vy5lSi3T5SfP8sUsQwBvZLmOCzZ8uQhOk3du9gvMPVGOG_9hhC-NyRcWaukvqqXLtgihajvOcHsQj1Va6-yvudXf-dFF9PC3TOUBIq7615jAWlwdY64rXeAkffX2eUky1oAi_1pNbTtXUrTVkHq2ekaWp7c3cSiutGzq3syGuM-wEQxmGCG-j5hotnu0EDJXmYaHqBrCPK7L1n4FPkvY8xCj1dX8EdU0pr4bs2a5GK3eoL7AVarqXuF_gdacmzGAOdxSnj42IHNwIhrqickxrRsQpKlZXqSMZA_wda9RwbbW2uPDbuQlseB7eC8UrAo--pbG9ZZG0S2SC0DNiiHuQmdJ3hg5smM4bVkCpnU-Y8Bltk8v8WY2FAypCwN__PZcuzyRkiiERbSawQxdoHulZvI89mNPppfIN4pNpvTZg==",
            "facilitated_booking_available": true,
            "pnr_count": 2,
            "has_airport_change": false,
            "technical_stops": 0,
            "throw_away_ticketing": false,
            "hidden_city_ticketing": false,
            "virtual_interlining": false
        },
        {
            "id": "0b7717884e10000031078474_0|17880b774e1100003f752f5f_0",
            "flyFrom": "BUD",
            "flyTo": "HAM",
            "cityFrom": "Budapest",
            "cityCodeFrom": "BUD",
            "cityTo": "Hamburg",
            "cityCodeTo": "HAM",
            "countryFrom": {
                "code": "HU",
                "name": "Hungary"
            },
            "countryTo": {
                "code": "DE",
                "name": "Germany"
            },
            "local_departure": "2024-09-18T20:45:00.000Z",
            "utc_departure": "2024-09-18T18:45:00.000Z",
            "local_arrival": "2024-09-18T22:30:00.000Z",
            "utc_arrival": "2024-09-18T20:30:00.000Z",
            "nightsInDest": 1,
            "quality": 250.333205,
            "distance": 949.98,
            "duration": {
                "departure": 6300,
                "return": 6000,
                "total": 12300
            },
            "price": 199,
            "conversion": {
                "EUR": 199
            },
            "fare": {
                "adults": 199,
                "children": 199,
                "infants": 199
            },
            "fare_locks": {
                "EUR": [
                    {
                        "default": false,
                        "duration": "P1D",
                        "itinerary_price_limit": 399,
                        "itinerary_price_remaining": 199,
                        "fare_lock_kind": "fee",
                        "price": 9.95,
                        "rule_instance_id": 26749,
                        "version": "v1"
                    },
                    {
                        "default": true,
                        "duration": "P3D",
                        "itinerary_price_limit": 399,
                        "itinerary_price_remaining": 199,
                        "fare_lock_kind": "fee",
                        "price": 19.9,
                        "rule_instance_id": 26748,
                        "version": "v1"
                    },
                    {
                        "default": false,
                        "duration": "P7D",
                        "itinerary_price_limit": 399,
                        "itinerary_price_remaining": 199,
                        "fare_lock_kind": "fee",
                        "price": 49.75,
                        "rule_instance_id": 26750,
                        "version": "v1"
                    }
                ]
            },
            "bags_price": {
                "1": 72.8,
                "2": 282.8
            },
            "baglimit": {
                "hand_dimensions_sum": 118,
                "hand_height": 40,
                "hand_length": 55,
                "hand_weight": 8,
                "hand_width": 23,
                "hold_dimensions_sum": 158,
                "hold_height": 52,
                "hold_length": 78,
                "hold_weight": 23,
                "hold_width": 28,
                "personal_item_dimension_sum": 95,
                "personal_item_height": 30,
                "personal_item_length": 40,
                "personal_item_weight": 8,
                "personal_item_width": 25
            },
            "availability": {
                "seats": 9
            },
            "airlines": [
                "EW"
            ],
            "route": [
                {
                    "id": "0b7717884e10000031078474_0",
                    "combination_id": "0b7717884e10000031078474",
                    "flyFrom": "BUD",
                    "flyTo": "HAM",
                    "cityFrom": "Budapest",
                    "cityCodeFrom": "BUD",
                    "cityTo": "Hamburg",
                    "cityCodeTo": "HAM",
                    "local_departure": "2024-09-18T20:45:00.000Z",
                    "utc_departure": "2024-09-18T18:45:00.000Z",
                    "local_arrival": "2024-09-18T22:30:00.000Z",
                    "utc_arrival": "2024-09-18T20:30:00.000Z",
                    "airline": "EW",
                    "flight_no": 7783,
                    "operating_carrier": "EW",
                    "operating_flight_no": "7783",
                    "fare_basis": "",
                    "fare_category": "M",
                    "fare_classes": "",
                    "return": 0,
                    "bags_recheck_required": false,
                    "vi_connection": false,
                    "guarantee": false,
                    "equipment": null,
                    "vehicle_type": "aircraft"
                },
                {
                    "id": "17880b774e1100003f752f5f_0",
                    "combination_id": "17880b774e1100003f752f5f",
                    "flyFrom": "HAM",
                    "flyTo": "BUD",
                    "cityFrom": "Hamburg",
                    "cityCodeFrom": "HAM",
                    "cityTo": "Budapest",
                    "cityCodeTo": "BUD",
                    "local_departure": "2024-09-19T18:25:00.000Z",
                    "utc_departure": "2024-09-19T16:25:00.000Z",
                    "local_arrival": "2024-09-19T20:05:00.000Z",
                    "utc_arrival": "2024-09-19T18:05:00.000Z",
                    "airline": "EW",
                    "flight_no": 7782,
                    "operating_carrier": "EW",
                    "operating_flight_no": "7782",
                    "fare_basis": "",
                    "fare_category": "M",
                    "fare_classes": "",
                    "return": 1,
                    "bags_recheck_required": false,
                    "vi_connection": false,
                    "guarantee": false,
                    "equipment": null,
                    "vehicle_type": "aircraft"
                }
            ],
            "booking_token": "Hur3P_pqvEZy0GS7Ccc7uIYNbohL69URIRUQefg7r7hyQoHLvbwkh5p-YtRr3qR42BMvvTVdb9TuNcVQ2L8YzlBHTDfC0r7Rptxjd-FwYeo6mqGrz2o5O4IOFengrjqhdrMes6FLszn1TRImLaAgRA7dGnA697z4fxx2NDTFFluy259IrNnbjLbbSxwc1jIe1EFJs5cMTVbygM9XIZ9AuW2zqPPcy1MQOUezQyVC13ZBu5GOSSRMcYNnW-b89KQOSwMGyRcJCXuOWFHLOKyzt_3ZtoSTmMcMyj2r5D_6O0vcwJGUMRhG5ixyJ_5n7cXHTilH4mxkqcbYgyJP9_7WuCAtewmmaHPOnO67_8vLXEr3WRGtKPcEDM1MBm9ObgQeEy33ESiMfj-2FOGnHrwXrgRu8OF6MLEd0p47v4sUzMlJF6c0gkXQc2aROeWrQ2QjITihzw6pPnmSBfk7M48RMl3zcIVC73DmUi_qgbXLRm7kKmLvBYbLUPhvaqhUOiMRuFRK_kcXP7qjIR6ZyB_TfelWtxrpXKspQwr4KLAbGmwnEr3TfzppnPpf4WaI5m3Muz9KFrsXiPR2EFSqx13dxSi0iRTzctU2i0-np6PPoXbIER-5AJWCWTwOLmPx_dAE62VGE5NK4OksVKOR3zUxPz9cyFgYMwnGuKFjeO6dY0mSmwxNRofm00Nn40J33N0YN",
            "deep_link": "https://www.kiwi.com/deep?affilid=mihalytest&currency=EUR&flightsId=0b7717884e10000031078474_0%7C17880b774e1100003f752f5f_0&from=BUD&lang=en&passengers=1&to=HAM&booking_token=Hur3P_pqvEZy0GS7Ccc7uIYNbohL69URIRUQefg7r7hyQoHLvbwkh5p-YtRr3qR42BMvvTVdb9TuNcVQ2L8YzlBHTDfC0r7Rptxjd-FwYeo6mqGrz2o5O4IOFengrjqhdrMes6FLszn1TRImLaAgRA7dGnA697z4fxx2NDTFFluy259IrNnbjLbbSxwc1jIe1EFJs5cMTVbygM9XIZ9AuW2zqPPcy1MQOUezQyVC13ZBu5GOSSRMcYNnW-b89KQOSwMGyRcJCXuOWFHLOKyzt_3ZtoSTmMcMyj2r5D_6O0vcwJGUMRhG5ixyJ_5n7cXHTilH4mxkqcbYgyJP9_7WuCAtewmmaHPOnO67_8vLXEr3WRGtKPcEDM1MBm9ObgQeEy33ESiMfj-2FOGnHrwXrgRu8OF6MLEd0p47v4sUzMlJF6c0gkXQc2aROeWrQ2QjITihzw6pPnmSBfk7M48RMl3zcIVC73DmUi_qgbXLRm7kKmLvBYbLUPhvaqhUOiMRuFRK_kcXP7qjIR6ZyB_TfelWtxrpXKspQwr4KLAbGmwnEr3TfzppnPpf4WaI5m3Muz9KFrsXiPR2EFSqx13dxSi0iRTzctU2i0-np6PPoXbIER-5AJWCWTwOLmPx_dAE62VGE5NK4OksVKOR3zUxPz9cyFgYMwnGuKFjeO6dY0mSmwxNRofm00Nn40J33N0YN",
            "facilitated_booking_available": true,
            "pnr_count": 2,
            "has_airport_change": false,
            "technical_stops": 0,
            "throw_away_ticketing": false,
            "hidden_city_ticketing": false,
            "virtual_interlining": false
        },
        {
            "id": "0b7717884e0e00004a267d33_0|17880b774e1100003f752f5f_0",
            "flyFrom": "BUD",
            "flyTo": "HAM",
            "cityFrom": "Budapest",
            "cityCodeFrom": "BUD",
            "cityTo": "Hamburg",
            "cityCodeTo": "HAM",
            "countryFrom": {
                "code": "HU",
                "name": "Hungary"
            },
            "countryTo": {
                "code": "DE",
                "name": "Germany"
            },
            "local_departure": "2024-09-16T13:55:00.000Z",
            "utc_departure": "2024-09-16T11:55:00.000Z",
            "local_arrival": "2024-09-16T15:40:00.000Z",
            "utc_arrival": "2024-09-16T13:40:00.000Z",
            "nightsInDest": 3,
            "quality": 250.333205,
            "distance": 949.98,
            "duration": {
                "departure": 6300,
                "return": 6000,
                "total": 12300
            },
            "price": 199,
            "conversion": {
                "EUR": 199
            },
            "fare": {
                "adults": 199,
                "children": 199,
                "infants": 199
            },
            "fare_locks": {
                "EUR": [
                    {
                        "default": false,
                        "duration": "P1D",
                        "itinerary_price_limit": 399,
                        "itinerary_price_remaining": 199,
                        "fare_lock_kind": "fee",
                        "price": 9.95,
                        "rule_instance_id": 26749,
                        "version": "v1"
                    },
                    {
                        "default": true,
                        "duration": "P3D",
                        "itinerary_price_limit": 399,
                        "itinerary_price_remaining": 199,
                        "fare_lock_kind": "fee",
                        "price": 19.9,
                        "rule_instance_id": 26748,
                        "version": "v1"
                    },
                    {
                        "default": false,
                        "duration": "P7D",
                        "itinerary_price_limit": 399,
                        "itinerary_price_remaining": 199,
                        "fare_lock_kind": "fee",
                        "price": 49.75,
                        "rule_instance_id": 26750,
                        "version": "v1"
                    }
                ]
            },
            "bags_price": {
                "1": 72.8,
                "2": 282.8
            },
            "baglimit": {
                "hand_dimensions_sum": 118,
                "hand_height": 40,
                "hand_length": 55,
                "hand_weight": 8,
                "hand_width": 23,
                "hold_dimensions_sum": 158,
                "hold_height": 52,
                "hold_length": 78,
                "hold_weight": 23,
                "hold_width": 28,
                "personal_item_dimension_sum": 95,
                "personal_item_height": 30,
                "personal_item_length": 40,
                "personal_item_weight": 8,
                "personal_item_width": 25
            },
            "availability": {
                "seats": 1
            },
            "airlines": [
                "EW"
            ],
            "route": [
                {
                    "id": "0b7717884e0e00004a267d33_0",
                    "combination_id": "0b7717884e0e00004a267d33",
                    "flyFrom": "BUD",
                    "flyTo": "HAM",
                    "cityFrom": "Budapest",
                    "cityCodeFrom": "BUD",
                    "cityTo": "Hamburg",
                    "cityCodeTo": "HAM",
                    "local_departure": "2024-09-16T13:55:00.000Z",
                    "utc_departure": "2024-09-16T11:55:00.000Z",
                    "local_arrival": "2024-09-16T15:40:00.000Z",
                    "utc_arrival": "2024-09-16T13:40:00.000Z",
                    "airline": "EW",
                    "flight_no": 7785,
                    "operating_carrier": "EW",
                    "operating_flight_no": "7785",
                    "fare_basis": "",
                    "fare_category": "M",
                    "fare_classes": "",
                    "return": 0,
                    "bags_recheck_required": false,
                    "vi_connection": false,
                    "guarantee": false,
                    "equipment": null,
                    "vehicle_type": "aircraft"
                },
                {
                    "id": "17880b774e1100003f752f5f_0",
                    "combination_id": "17880b774e1100003f752f5f",
                    "flyFrom": "HAM",
                    "flyTo": "BUD",
                    "cityFrom": "Hamburg",
                    "cityCodeFrom": "HAM",
                    "cityTo": "Budapest",
                    "cityCodeTo": "BUD",
                    "local_departure": "2024-09-19T18:25:00.000Z",
                    "utc_departure": "2024-09-19T16:25:00.000Z",
                    "local_arrival": "2024-09-19T20:05:00.000Z",
                    "utc_arrival": "2024-09-19T18:05:00.000Z",
                    "airline": "EW",
                    "flight_no": 7782,
                    "operating_carrier": "EW",
                    "operating_flight_no": "7782",
                    "fare_basis": "",
                    "fare_category": "M",
                    "fare_classes": "",
                    "return": 1,
                    "bags_recheck_required": false,
                    "vi_connection": false,
                    "guarantee": false,
                    "equipment": null,
                    "vehicle_type": "aircraft"
                }
            ],
            "booking_token": "HLadWmRQJraPbwERuyXB5kD65fuPVvSysI-6DlJQHq9HRSQEv6Yv1y9OR1rNIoFnBQVTYY0uXjZnfyyMKOnXmLYzKP4ONgPj6kFi8U-TIAA_Awvka7woBWGNOT7X52yq2qOEKl-rhDKJ3rw9Xi-Od3cSXynA4tqEZma0HiHwROYZ7X5riSbEH4jLPEqeStXl6nJgY6zJI5cHLtrBnWIGJGzT06Qg4UQ41uV_GKCmqZ84_iDOIYW6L4AdvdPNhxov-7ZOuLpiAelPoEFAgmDDSfKsn4eJwy6Yb0qEuCTYjGkXYbn1AcczMOoSz80I2Pt5cpxufOWuHeryZCqz2OmnI4CoRCJfUNyOjW2d0rypug5eLz6wYaYb_MgEpDnsj1TNTHQUqI24QgfXJpukGp_1BjmjJL4vFnEY2D43GVBOG6P7-pRe83bJYWe5JH6I4RJH1CbcqlA2UvtLQDd-lQld44W69Z3bkSYnml9n3DVD5iLjdOeW_DN23YPVRGGsq_jL0JNzQRFvYt220QCC-zEbaCwrIcklvf3tueSXdCSsISNflymcqe0GImuHIuQne079fAyDYSqFFnYuybnVvuf1432ACSOfup4AWy2o58EB-6myXfmAVKtWPe1ozc3cTN6uyxhXFtKMhh_fhB8-WqsB7SmxTKJULIQJ0dzEemIF0hlg=",
            "deep_link": "https://www.kiwi.com/deep?affilid=mihalytest&currency=EUR&flightsId=0b7717884e0e00004a267d33_0%7C17880b774e1100003f752f5f_0&from=BUD&lang=en&passengers=1&to=HAM&booking_token=HLadWmRQJraPbwERuyXB5kD65fuPVvSysI-6DlJQHq9HRSQEv6Yv1y9OR1rNIoFnBQVTYY0uXjZnfyyMKOnXmLYzKP4ONgPj6kFi8U-TIAA_Awvka7woBWGNOT7X52yq2qOEKl-rhDKJ3rw9Xi-Od3cSXynA4tqEZma0HiHwROYZ7X5riSbEH4jLPEqeStXl6nJgY6zJI5cHLtrBnWIGJGzT06Qg4UQ41uV_GKCmqZ84_iDOIYW6L4AdvdPNhxov-7ZOuLpiAelPoEFAgmDDSfKsn4eJwy6Yb0qEuCTYjGkXYbn1AcczMOoSz80I2Pt5cpxufOWuHeryZCqz2OmnI4CoRCJfUNyOjW2d0rypug5eLz6wYaYb_MgEpDnsj1TNTHQUqI24QgfXJpukGp_1BjmjJL4vFnEY2D43GVBOG6P7-pRe83bJYWe5JH6I4RJH1CbcqlA2UvtLQDd-lQld44W69Z3bkSYnml9n3DVD5iLjdOeW_DN23YPVRGGsq_jL0JNzQRFvYt220QCC-zEbaCwrIcklvf3tueSXdCSsISNflymcqe0GImuHIuQne079fAyDYSqFFnYuybnVvuf1432ACSOfup4AWy2o58EB-6myXfmAVKtWPe1ozc3cTN6uyxhXFtKMhh_fhB8-WqsB7SmxTKJULIQJ0dzEemIF0hlg=",
            "facilitated_booking_available": true,
            "pnr_count": 2,
            "has_airport_change": false,
            "technical_stops": 0,
            "throw_away_ticketing": false,
            "hidden_city_ticketing": false,
            "virtual_interlining": false
        },
        {
            "id": "0b7717884e10000031078474_0|17880b774e1700002622683f_0",
            "flyFrom": "BUD",
            "flyTo": "HAM",
            "cityFrom": "Budapest",
            "cityCodeFrom": "BUD",
            "cityTo": "Hamburg",
            "cityCodeTo": "HAM",
            "countryFrom": {
                "code": "HU",
                "name": "Hungary"
            },
            "countryTo": {
                "code": "DE",
                "name": "Germany"
            },
            "local_departure": "2024-09-18T20:45:00.000Z",
            "utc_departure": "2024-09-18T18:45:00.000Z",
            "local_arrival": "2024-09-18T22:30:00.000Z",
            "utc_arrival": "2024-09-18T20:30:00.000Z",
            "nightsInDest": 7,
            "quality": 250.333205,
            "distance": 949.98,
            "duration": {
                "departure": 6300,
                "return": 6000,
                "total": 12300
            },
            "price": 199,
            "conversion": {
                "EUR": 199
            },
            "fare": {
                "adults": 199,
                "children": 199,
                "infants": 199
            },
            "fare_locks": {
                "EUR": [
                    {
                        "default": false,
                        "duration": "P1D",
                        "itinerary_price_limit": 399,
                        "itinerary_price_remaining": 199,
                        "fare_lock_kind": "fee",
                        "price": 9.95,
                        "rule_instance_id": 26749,
                        "version": "v1"
                    },
                    {
                        "default": true,
                        "duration": "P3D",
                        "itinerary_price_limit": 399,
                        "itinerary_price_remaining": 199,
                        "fare_lock_kind": "fee",
                        "price": 19.9,
                        "rule_instance_id": 26748,
                        "version": "v1"
                    },
                    {
                        "default": false,
                        "duration": "P7D",
                        "itinerary_price_limit": 399,
                        "itinerary_price_remaining": 199,
                        "fare_lock_kind": "fee",
                        "price": 49.75,
                        "rule_instance_id": 26750,
                        "version": "v1"
                    }
                ]
            },
            "bags_price": {
                "1": 72.8,
                "2": 282.8
            },
            "baglimit": {
                "hand_dimensions_sum": 118,
                "hand_height": 40,
                "hand_length": 55,
                "hand_weight": 8,
                "hand_width": 23,
                "hold_dimensions_sum": 158,
                "hold_height": 52,
                "hold_length": 78,
                "hold_weight": 23,
                "hold_width": 28,
                "personal_item_dimension_sum": 95,
                "personal_item_height": 30,
                "personal_item_length": 40,
                "personal_item_weight": 8,
                "personal_item_width": 25
            },
            "availability": {
                "seats": 9
            },
            "airlines": [
                "EW"
            ],
            "route": [
                {
                    "id": "0b7717884e10000031078474_0",
                    "combination_id": "0b7717884e10000031078474",
                    "flyFrom": "BUD",
                    "flyTo": "HAM",
                    "cityFrom": "Budapest",
                    "cityCodeFrom": "BUD",
                    "cityTo": "Hamburg",
                    "cityCodeTo": "HAM",
                    "local_departure": "2024-09-18T20:45:00.000Z",
                    "utc_departure": "2024-09-18T18:45:00.000Z",
                    "local_arrival": "2024-09-18T22:30:00.000Z",
                    "utc_arrival": "2024-09-18T20:30:00.000Z",
                    "airline": "EW",
                    "flight_no": 7783,
                    "operating_carrier": "EW",
                    "operating_flight_no": "7783",
                    "fare_basis": "",
                    "fare_category": "M",
                    "fare_classes": "",
                    "return": 0,
                    "bags_recheck_required": false,
                    "vi_connection": false,
                    "guarantee": false,
                    "equipment": null,
                    "vehicle_type": "aircraft"
                },
                {
                    "id": "17880b774e1700002622683f_0",
                    "combination_id": "17880b774e1700002622683f",
                    "flyFrom": "HAM",
                    "flyTo": "BUD",
                    "cityFrom": "Hamburg",
                    "cityCodeFrom": "HAM",
                    "cityTo": "Budapest",
                    "cityCodeTo": "BUD",
                    "local_departure": "2024-09-25T18:25:00.000Z",
                    "utc_departure": "2024-09-25T16:25:00.000Z",
                    "local_arrival": "2024-09-25T20:05:00.000Z",
                    "utc_arrival": "2024-09-25T18:05:00.000Z",
                    "airline": "EW",
                    "flight_no": 7782,
                    "operating_carrier": "EW",
                    "operating_flight_no": "7782",
                    "fare_basis": "",
                    "fare_category": "M",
                    "fare_classes": "L",
                    "return": 1,
                    "bags_recheck_required": false,
                    "vi_connection": false,
                    "guarantee": false,
                    "equipment": null,
                    "vehicle_type": "aircraft"
                }
            ],
            "booking_token": "HR1r2SOe1SkV3H0hQx8izulCU6ln9kT6oXwiQmzfA1YE1TYyzOfNyOMUW-Kq0y-OCxVGy9sEYZsIf0g1HWOMUOdZFT0DYSqJKnJGfGVDllv2WoBO-M3G5pM90a1qSdeOOwSAPo4btfWyKoKTipyJ67RiL_WQ6NA2H1X60HYW3J2ETemVar2ghWzpYpyqKllxiHyiFOFl3y_KJAyxMlVr6LZpgasLn-UR-uaARjNX4uNwcFexexRBsyaGPP38DXE2ri_2OA2AXP6jByAjeQHnFJ7MO5lKy6XAprCEk9blK9_NMUjuolpFz68BLzL7CLzVIMN6YRqo01ShQAx6zZTM2pHM7FYfFUvPqVNsLraEGfonpsAme3N3iHqrK4KkpCKypFONUNxecdFC1hPGmPoUOSOHKylWtl2h80tIjGdL8quZgC4Y-yv2DBcYXZH2gjR1vt53NecAbv7uK87pRJCVmzHt_BLX4bseEdt4f_qNs912j3qGU-tvHleoiLFbC-DjwvKc444ulauA3194hUn7YofNdgie099x0PIXkGLFkEej24WJBO9SabU2iZ6aZr7c6j7LsZqa89aCbVbsn1jgPCarguO-wARMV2YCwK5QbUn_zXJsQIzsyS_Wf5UB6s_yRUUEKQD4CQjeVnmX4dyHFscanSPnPdCJ53bGqI8dYgq_Z_l4nYVhh62sbWmGtT-Mk",
            "deep_link": "https://www.kiwi.com/deep?affilid=mihalytest&currency=EUR&flightsId=0b7717884e10000031078474_0%7C17880b774e1700002622683f_0&from=BUD&lang=en&passengers=1&to=HAM&booking_token=HR1r2SOe1SkV3H0hQx8izulCU6ln9kT6oXwiQmzfA1YE1TYyzOfNyOMUW-Kq0y-OCxVGy9sEYZsIf0g1HWOMUOdZFT0DYSqJKnJGfGVDllv2WoBO-M3G5pM90a1qSdeOOwSAPo4btfWyKoKTipyJ67RiL_WQ6NA2H1X60HYW3J2ETemVar2ghWzpYpyqKllxiHyiFOFl3y_KJAyxMlVr6LZpgasLn-UR-uaARjNX4uNwcFexexRBsyaGPP38DXE2ri_2OA2AXP6jByAjeQHnFJ7MO5lKy6XAprCEk9blK9_NMUjuolpFz68BLzL7CLzVIMN6YRqo01ShQAx6zZTM2pHM7FYfFUvPqVNsLraEGfonpsAme3N3iHqrK4KkpCKypFONUNxecdFC1hPGmPoUOSOHKylWtl2h80tIjGdL8quZgC4Y-yv2DBcYXZH2gjR1vt53NecAbv7uK87pRJCVmzHt_BLX4bseEdt4f_qNs912j3qGU-tvHleoiLFbC-DjwvKc444ulauA3194hUn7YofNdgie099x0PIXkGLFkEej24WJBO9SabU2iZ6aZr7c6j7LsZqa89aCbVbsn1jgPCarguO-wARMV2YCwK5QbUn_zXJsQIzsyS_Wf5UB6s_yRUUEKQD4CQjeVnmX4dyHFscanSPnPdCJ53bGqI8dYgq_Z_l4nYVhh62sbWmGtT-Mk",
            "facilitated_booking_available": true,
            "pnr_count": 2,
            "has_airport_change": false,
            "technical_stops": 0,
            "throw_away_ticketing": false,
            "hidden_city_ticketing": false,
            "virtual_interlining": false
        },
        {
            "id": "0b7717884e110000e0a905c8_0|17880b774e14000046591eaa_0",
            "flyFrom": "BUD",
            "flyTo": "HAM",
            "cityFrom": "Budapest",
            "cityCodeFrom": "BUD",
            "cityTo": "Hamburg",
            "cityCodeTo": "HAM",
            "countryFrom": {
                "code": "HU",
                "name": "Hungary"
            },
            "countryTo": {
                "code": "DE",
                "name": "Germany"
            },
            "local_departure": "2024-09-19T20:45:00.000Z",
            "utc_departure": "2024-09-19T18:45:00.000Z",
            "local_arrival": "2024-09-19T22:30:00.000Z",
            "utc_arrival": "2024-09-19T20:30:00.000Z",
            "nightsInDest": 3,
            "quality": 250.333205,
            "distance": 949.98,
            "duration": {
                "departure": 6300,
                "return": 6000,
                "total": 12300
            },
            "price": 199,
            "conversion": {
                "EUR": 199
            },
            "fare": {
                "adults": 199,
                "children": 199,
                "infants": 199
            },
            "fare_locks": {
                "EUR": [
                    {
                        "default": false,
                        "duration": "P1D",
                        "itinerary_price_limit": 399,
                        "itinerary_price_remaining": 199,
                        "fare_lock_kind": "fee",
                        "price": 9.95,
                        "rule_instance_id": 26749,
                        "version": "v1"
                    },
                    {
                        "default": true,
                        "duration": "P3D",
                        "itinerary_price_limit": 399,
                        "itinerary_price_remaining": 199,
                        "fare_lock_kind": "fee",
                        "price": 19.9,
                        "rule_instance_id": 26748,
                        "version": "v1"
                    },
                    {
                        "default": false,
                        "duration": "P7D",
                        "itinerary_price_limit": 399,
                        "itinerary_price_remaining": 199,
                        "fare_lock_kind": "fee",
                        "price": 49.75,
                        "rule_instance_id": 26750,
                        "version": "v1"
                    }
                ]
            },
            "bags_price": {
                "1": 72.8,
                "2": 282.8
            },
            "baglimit": {
                "hand_dimensions_sum": 118,
                "hand_height": 40,
                "hand_length": 55,
                "hand_weight": 8,
                "hand_width": 23,
                "hold_dimensions_sum": 158,
                "hold_height": 52,
                "hold_length": 78,
                "hold_weight": 23,
                "hold_width": 28,
                "personal_item_dimension_sum": 95,
                "personal_item_height": 30,
                "personal_item_length": 40,
                "personal_item_weight": 8,
                "personal_item_width": 25
            },
            "availability": {
                "seats": 9
            },
            "airlines": [
                "EW"
            ],
            "route": [
                {
                    "id": "0b7717884e110000e0a905c8_0",
                    "combination_id": "0b7717884e110000e0a905c8",
                    "flyFrom": "BUD",
                    "flyTo": "HAM",
                    "cityFrom": "Budapest",
                    "cityCodeFrom": "BUD",
                    "cityTo": "Hamburg",
                    "cityCodeTo": "HAM",
                    "local_departure": "2024-09-19T20:45:00.000Z",
                    "utc_departure": "2024-09-19T18:45:00.000Z",
                    "local_arrival": "2024-09-19T22:30:00.000Z",
                    "utc_arrival": "2024-09-19T20:30:00.000Z",
                    "airline": "EW",
                    "flight_no": 7783,
                    "operating_carrier": "EW",
                    "operating_flight_no": "7783",
                    "fare_basis": "",
                    "fare_category": "M",
                    "fare_classes": "",
                    "return": 0,
                    "bags_recheck_required": false,
                    "vi_connection": false,
                    "guarantee": false,
                    "equipment": null,
                    "vehicle_type": "aircraft"
                },
                {
                    "id": "17880b774e14000046591eaa_0",
                    "combination_id": "17880b774e14000046591eaa",
                    "flyFrom": "HAM",
                    "flyTo": "BUD",
                    "cityFrom": "Hamburg",
                    "cityCodeFrom": "HAM",
                    "cityTo": "Budapest",
                    "cityCodeTo": "BUD",
                    "local_departure": "2024-09-22T18:25:00.000Z",
                    "utc_departure": "2024-09-22T16:25:00.000Z",
                    "local_arrival": "2024-09-22T20:05:00.000Z",
                    "utc_arrival": "2024-09-22T18:05:00.000Z",
                    "airline": "EW",
                    "flight_no": 7782,
                    "operating_carrier": "EW",
                    "operating_flight_no": "7782",
                    "fare_basis": "",
                    "fare_category": "M",
                    "fare_classes": "",
                    "return": 1,
                    "bags_recheck_required": false,
                    "vi_connection": false,
                    "guarantee": false,
                    "equipment": null,
                    "vehicle_type": "aircraft"
                }
            ],
            "booking_token": "HszRmrUa9iKB5E2YxvO-LL8NVbPbB4_7ot3Bo20JWxWiZznAUTJAYiRMGiOCsL2nDWdSW3PmVXTNeQzlQw7R3t1ZUUrtC4sqXZThUC5H9DhG88jGJ-2IIjimSSYifJ0uwciYrP8netzsgfxxRCxwNsOZUO3B_v0tN_f9NRguNMU4V6PblEXtC3KhRXJgdqX5RVHtAqzdvpnCy4Kw3WhPgl26AMfKNmz3nPvmqposuiRg2JTl9BEISNIDMKDLONVp0mpN13gQWwx4DJNQ98O-THlO84y_jPBxPrjvcYZcEcDCBUzJ0TaNTzK-ZxvUfbBmf-T7nf4-_L-YizSr6tfEafbHqAQKpDNcwaxv-sCXqnXDaZIVnJ552OPfgZrTDZhhSfVgfuZhF8zMK00y3cR5iDghzAQEuHGEojqI5ANY_0p_qKk2V9O3zp7_gzu1dyCAeeCg5BS3_8Y4qcr6uX3IbLzaj0z3go3_GqG59wSxT8p5Rh5cQLZf_2zj12Z5_X4vsH6oSuRFjSRDIY33t3A2-S0Y2NB08y6omCtbwJazVa67iOHe5wdJfR27QMQ5JJAvnifPmgFuFtOE6eYBMKOQbjLfsIHzHoaw6M-qcRXm5JKHK0R7EZbDTMqAC1iSN4EQVg6r6pzKWzXKOGmwSd0JoW_3LbI4zYd_kbVaQESuVZ5GBna-GcHI-cObOUpJYefWyjlNnSlRX5cCzKaDy-UOCPQ==",
            "deep_link": "https://www.kiwi.com/deep?affilid=mihalytest&currency=EUR&flightsId=0b7717884e110000e0a905c8_0%7C17880b774e14000046591eaa_0&from=BUD&lang=en&passengers=1&to=HAM&booking_token=HszRmrUa9iKB5E2YxvO-LL8NVbPbB4_7ot3Bo20JWxWiZznAUTJAYiRMGiOCsL2nDWdSW3PmVXTNeQzlQw7R3t1ZUUrtC4sqXZThUC5H9DhG88jGJ-2IIjimSSYifJ0uwciYrP8netzsgfxxRCxwNsOZUO3B_v0tN_f9NRguNMU4V6PblEXtC3KhRXJgdqX5RVHtAqzdvpnCy4Kw3WhPgl26AMfKNmz3nPvmqposuiRg2JTl9BEISNIDMKDLONVp0mpN13gQWwx4DJNQ98O-THlO84y_jPBxPrjvcYZcEcDCBUzJ0TaNTzK-ZxvUfbBmf-T7nf4-_L-YizSr6tfEafbHqAQKpDNcwaxv-sCXqnXDaZIVnJ552OPfgZrTDZhhSfVgfuZhF8zMK00y3cR5iDghzAQEuHGEojqI5ANY_0p_qKk2V9O3zp7_gzu1dyCAeeCg5BS3_8Y4qcr6uX3IbLzaj0z3go3_GqG59wSxT8p5Rh5cQLZf_2zj12Z5_X4vsH6oSuRFjSRDIY33t3A2-S0Y2NB08y6omCtbwJazVa67iOHe5wdJfR27QMQ5JJAvnifPmgFuFtOE6eYBMKOQbjLfsIHzHoaw6M-qcRXm5JKHK0R7EZbDTMqAC1iSN4EQVg6r6pzKWzXKOGmwSd0JoW_3LbI4zYd_kbVaQESuVZ5GBna-GcHI-cObOUpJYefWyjlNnSlRX5cCzKaDy-UOCPQ==",
            "facilitated_booking_available": true,
            "pnr_count": 2,
            "has_airport_change": false,
            "technical_stops": 0,
            "throw_away_ticketing": false,
            "hidden_city_ticketing": false,
            "virtual_interlining": false
        },
        {
            "id": "0b7717884e110000e0a905c8_0|17880b774e18000021d8f813_0",
            "flyFrom": "BUD",
            "flyTo": "HAM",
            "cityFrom": "Budapest",
            "cityCodeFrom": "BUD",
            "cityTo": "Hamburg",
            "cityCodeTo": "HAM",
            "countryFrom": {
                "code": "HU",
                "name": "Hungary"
            },
            "countryTo": {
                "code": "DE",
                "name": "Germany"
            },
            "local_departure": "2024-09-19T20:45:00.000Z",
            "utc_departure": "2024-09-19T18:45:00.000Z",
            "local_arrival": "2024-09-19T22:30:00.000Z",
            "utc_arrival": "2024-09-19T20:30:00.000Z",
            "nightsInDest": 7,
            "quality": 250.333205,
            "distance": 949.98,
            "duration": {
                "departure": 6300,
                "return": 6000,
                "total": 12300
            },
            "price": 199,
            "conversion": {
                "EUR": 199
            },
            "fare": {
                "adults": 199,
                "children": 199,
                "infants": 199
            },
            "fare_locks": {
                "EUR": [
                    {
                        "default": false,
                        "duration": "P1D",
                        "itinerary_price_limit": 399,
                        "itinerary_price_remaining": 199,
                        "fare_lock_kind": "fee",
                        "price": 9.95,
                        "rule_instance_id": 26749,
                        "version": "v1"
                    },
                    {
                        "default": true,
                        "duration": "P3D",
                        "itinerary_price_limit": 399,
                        "itinerary_price_remaining": 199,
                        "fare_lock_kind": "fee",
                        "price": 19.9,
                        "rule_instance_id": 26748,
                        "version": "v1"
                    },
                    {
                        "default": false,
                        "duration": "P7D",
                        "itinerary_price_limit": 399,
                        "itinerary_price_remaining": 199,
                        "fare_lock_kind": "fee",
                        "price": 49.75,
                        "rule_instance_id": 26750,
                        "version": "v1"
                    }
                ]
            },
            "bags_price": {
                "1": 72.8,
                "2": 282.8
            },
            "baglimit": {
                "hand_dimensions_sum": 118,
                "hand_height": 40,
                "hand_length": 55,
                "hand_weight": 8,
                "hand_width": 23,
                "hold_dimensions_sum": 158,
                "hold_height": 52,
                "hold_length": 78,
                "hold_weight": 23,
                "hold_width": 28,
                "personal_item_dimension_sum": 95,
                "personal_item_height": 30,
                "personal_item_length": 40,
                "personal_item_weight": 8,
                "personal_item_width": 25
            },
            "availability": {
                "seats": 8
            },
            "airlines": [
                "EW"
            ],
            "route": [
                {
                    "id": "0b7717884e110000e0a905c8_0",
                    "combination_id": "0b7717884e110000e0a905c8",
                    "flyFrom": "BUD",
                    "flyTo": "HAM",
                    "cityFrom": "Budapest",
                    "cityCodeFrom": "BUD",
                    "cityTo": "Hamburg",
                    "cityCodeTo": "HAM",
                    "local_departure": "2024-09-19T20:45:00.000Z",
                    "utc_departure": "2024-09-19T18:45:00.000Z",
                    "local_arrival": "2024-09-19T22:30:00.000Z",
                    "utc_arrival": "2024-09-19T20:30:00.000Z",
                    "airline": "EW",
                    "flight_no": 7783,
                    "operating_carrier": "EW",
                    "operating_flight_no": "7783",
                    "fare_basis": "",
                    "fare_category": "M",
                    "fare_classes": "",
                    "return": 0,
                    "bags_recheck_required": false,
                    "vi_connection": false,
                    "guarantee": false,
                    "equipment": null,
                    "vehicle_type": "aircraft"
                },
                {
                    "id": "17880b774e18000021d8f813_0",
                    "combination_id": "17880b774e18000021d8f813",
                    "flyFrom": "HAM",
                    "flyTo": "BUD",
                    "cityFrom": "Hamburg",
                    "cityCodeFrom": "HAM",
                    "cityTo": "Budapest",
                    "cityCodeTo": "BUD",
                    "local_departure": "2024-09-26T18:25:00.000Z",
                    "utc_departure": "2024-09-26T16:25:00.000Z",
                    "local_arrival": "2024-09-26T20:05:00.000Z",
                    "utc_arrival": "2024-09-26T18:05:00.000Z",
                    "airline": "EW",
                    "flight_no": 7782,
                    "operating_carrier": "EW",
                    "operating_flight_no": "7782",
                    "fare_basis": "",
                    "fare_category": "M",
                    "fare_classes": "K",
                    "return": 1,
                    "bags_recheck_required": false,
                    "vi_connection": false,
                    "guarantee": false,
                    "equipment": null,
                    "vehicle_type": "aircraft"
                }
            ],
            "booking_token": "Ho8IcdPo70EVCBTdWMdALoo_D_jLmdloGXdY5h9CULE-sB9Xj_D3YhXBADoEHcuTViAXmaPtI6ZcnQKHeYW8sgxLcvdWcfdv1t7ESGzNk_ejBK5SpzUifVe7EeURZt9vUFQxlJBvCiLIotYEPtk6wVl6wlEFo_Saqb0LS59kHBpTo_Ye_Gk3C_FKw8sx51C-bZ_KE31v75xSoiRHm9x8BDtYV8l0C-iHEdbiSnbaz4-1CmXG6zLwqIqKplKVYC4ddzsBrQ2yNcSrFUvuuNt7KgFCbQlOr0oqJk8Ao0ABiiQwwXiT4o3oW2zgy1OgWXY4QDEjcxIAD6gmDZTlibx8AaMDx5J4ykpuXN8CQijRMRKNnH_MpKvLZdN6eLi0oj2NdNmEvQFlyxP-MTFxXLuJfzz3nlxdud9uySS8vtwZZwlCkVECcBLcV643eKTTSZOUMTdiBmm5SA6S1LcHCYqPbiovUMCWKVDHN-ESA4cK1kiu0pomA7HNXZmB9mhmC4hg8XdkomSqGphNwCCFw6EbqKCzHi0Sr-Wemm_hSUFsvrFI8tQPSPjjFAVbUTBVfjCLJ_KvIrqjocO0DtSOywRPI4UXXMlYSOcAXSDz0a8UdOGsyL1ikMZeEYq0DfCPUMnCKwxju1BR4fFyd-GlpzgUo5mK8gtUR9XauuuQ0Y9qFQT6aJaBl9-2qH4pu67xhOmrrNwx0QeLLlF_RS_BRTChJtQ==",
            "deep_link": "https://www.kiwi.com/deep?affilid=mihalytest&currency=EUR&flightsId=0b7717884e110000e0a905c8_0%7C17880b774e18000021d8f813_0&from=BUD&lang=en&passengers=1&to=HAM&booking_token=Ho8IcdPo70EVCBTdWMdALoo_D_jLmdloGXdY5h9CULE-sB9Xj_D3YhXBADoEHcuTViAXmaPtI6ZcnQKHeYW8sgxLcvdWcfdv1t7ESGzNk_ejBK5SpzUifVe7EeURZt9vUFQxlJBvCiLIotYEPtk6wVl6wlEFo_Saqb0LS59kHBpTo_Ye_Gk3C_FKw8sx51C-bZ_KE31v75xSoiRHm9x8BDtYV8l0C-iHEdbiSnbaz4-1CmXG6zLwqIqKplKVYC4ddzsBrQ2yNcSrFUvuuNt7KgFCbQlOr0oqJk8Ao0ABiiQwwXiT4o3oW2zgy1OgWXY4QDEjcxIAD6gmDZTlibx8AaMDx5J4ykpuXN8CQijRMRKNnH_MpKvLZdN6eLi0oj2NdNmEvQFlyxP-MTFxXLuJfzz3nlxdud9uySS8vtwZZwlCkVECcBLcV643eKTTSZOUMTdiBmm5SA6S1LcHCYqPbiovUMCWKVDHN-ESA4cK1kiu0pomA7HNXZmB9mhmC4hg8XdkomSqGphNwCCFw6EbqKCzHi0Sr-Wemm_hSUFsvrFI8tQPSPjjFAVbUTBVfjCLJ_KvIrqjocO0DtSOywRPI4UXXMlYSOcAXSDz0a8UdOGsyL1ikMZeEYq0DfCPUMnCKwxju1BR4fFyd-GlpzgUo5mK8gtUR9XauuuQ0Y9qFQT6aJaBl9-2qH4pu67xhOmrrNwx0QeLLlF_RS_BRTChJtQ==",
            "facilitated_booking_available": true,
            "pnr_count": 2,
            "has_airport_change": false,
            "technical_stops": 0,
            "throw_away_ticketing": false,
            "hidden_city_ticketing": false,
            "virtual_interlining": false
        },
        {
            "id": "0b7717884e030000768a9409_0|17880b774e0a00005931f13c_0",
            "flyFrom": "BUD",
            "flyTo": "HAM",
            "cityFrom": "Budapest",
            "cityCodeFrom": "BUD",
            "cityTo": "Hamburg",
            "cityCodeTo": "HAM",
            "countryFrom": {
                "code": "HU",
                "name": "Hungary"
            },
            "countryTo": {
                "code": "DE",
                "name": "Germany"
            },
            "local_departure": "2024-09-05T20:45:00.000Z",
            "utc_departure": "2024-09-05T18:45:00.000Z",
            "local_arrival": "2024-09-05T22:30:00.000Z",
            "utc_arrival": "2024-09-05T20:30:00.000Z",
            "nightsInDest": 7,
            "quality": 250.333205,
            "distance": 949.98,
            "duration": {
                "departure": 6300,
                "return": 6000,
                "total": 12300
            },
            "price": 199,
            "conversion": {
                "EUR": 199
            },
            "fare": {
                "adults": 199,
                "children": 199,
                "infants": 199
            },
            "fare_locks": {
                "EUR": [
                    {
                        "default": false,
                        "duration": "P1D",
                        "itinerary_price_limit": 399,
                        "itinerary_price_remaining": 199,
                        "fare_lock_kind": "fee",
                        "price": 9.95,
                        "rule_instance_id": 26749,
                        "version": "v1"
                    },
                    {
                        "default": true,
                        "duration": "P3D",
                        "itinerary_price_limit": 399,
                        "itinerary_price_remaining": 199,
                        "fare_lock_kind": "fee",
                        "price": 19.9,
                        "rule_instance_id": 26748,
                        "version": "v1"
                    },
                    {
                        "default": false,
                        "duration": "P7D",
                        "itinerary_price_limit": 399,
                        "itinerary_price_remaining": 199,
                        "fare_lock_kind": "fee",
                        "price": 49.75,
                        "rule_instance_id": 26750,
                        "version": "v1"
                    }
                ]
            },
            "bags_price": {
                "1": 72.8,
                "2": 282.8
            },
            "baglimit": {
                "hand_dimensions_sum": 118,
                "hand_height": 40,
                "hand_length": 55,
                "hand_weight": 8,
                "hand_width": 23,
                "hold_dimensions_sum": 158,
                "hold_height": 52,
                "hold_length": 78,
                "hold_weight": 23,
                "hold_width": 28,
                "personal_item_dimension_sum": 95,
                "personal_item_height": 30,
                "personal_item_length": 40,
                "personal_item_weight": 8,
                "personal_item_width": 25
            },
            "availability": {
                "seats": 2
            },
            "airlines": [
                "EW"
            ],
            "route": [
                {
                    "id": "0b7717884e030000768a9409_0",
                    "combination_id": "0b7717884e030000768a9409",
                    "flyFrom": "BUD",
                    "flyTo": "HAM",
                    "cityFrom": "Budapest",
                    "cityCodeFrom": "BUD",
                    "cityTo": "Hamburg",
                    "cityCodeTo": "HAM",
                    "local_departure": "2024-09-05T20:45:00.000Z",
                    "utc_departure": "2024-09-05T18:45:00.000Z",
                    "local_arrival": "2024-09-05T22:30:00.000Z",
                    "utc_arrival": "2024-09-05T20:30:00.000Z",
                    "airline": "EW",
                    "flight_no": 7783,
                    "operating_carrier": "EW",
                    "operating_flight_no": "7783",
                    "fare_basis": "",
                    "fare_category": "M",
                    "fare_classes": "",
                    "return": 0,
                    "bags_recheck_required": false,
                    "vi_connection": false,
                    "guarantee": false,
                    "equipment": null,
                    "vehicle_type": "aircraft"
                },
                {
                    "id": "17880b774e0a00005931f13c_0",
                    "combination_id": "17880b774e0a00005931f13c",
                    "flyFrom": "HAM",
                    "flyTo": "BUD",
                    "cityFrom": "Hamburg",
                    "cityCodeFrom": "HAM",
                    "cityTo": "Budapest",
                    "cityCodeTo": "BUD",
                    "local_departure": "2024-09-12T18:25:00.000Z",
                    "utc_departure": "2024-09-12T16:25:00.000Z",
                    "local_arrival": "2024-09-12T20:05:00.000Z",
                    "utc_arrival": "2024-09-12T18:05:00.000Z",
                    "airline": "EW",
                    "flight_no": 7782,
                    "operating_carrier": "EW",
                    "operating_flight_no": "7782",
                    "fare_basis": "",
                    "fare_category": "M",
                    "fare_classes": "",
                    "return": 1,
                    "bags_recheck_required": false,
                    "vi_connection": false,
                    "guarantee": false,
                    "equipment": null,
                    "vehicle_type": "aircraft"
                }
            ],
            "booking_token": "Hf3CdHap4JfpITgq0Jc15ptrnfPdJ82taq3d2jmLp_cgsjNi3xDlmwLWYUEoLpv4zcAtrcnnDQZkclF6fRzHylxg6t-5BDT4uJdFRoo_v0dk7dnd0fSu3_0lbVERyCblFzVujh1kyZVpAmVsSXFQZecUdCAbm2ZiBlc_N7urvUPEx7pBF-uQAs0nYdzvqrksge2Iya5KRc2NcJW5soh5aZBejm-SCztyXPz4MUFv2NzGLezl9WSftQJqk1ip5HyD0eCqBInTzKHeZJMNrKp_PUXdPEi1knF3tRHjzS5SDUtR_3gnp8Y4BTKcb91ZbKRdQpFavq4Wkeg6cWDQ7-fhTpXym5PHQkgEbhEyxjbAESfPe-CJxNxAfRMLCkS6Yh60hofXl7ULTXRnnGYz89E_oUvcDz1xqrxcYonxLKOanzokw6GbrknqibjzjXV6e2OYfKVyLZMGgEFu8Meqp7MC8fQXFpikDPNCu5X_dK_Vl_JsTlqhObBZMGfqZ3MqfVgn6fSBSgyqY6mMYuzHR69nnaMpGb6yyDdzsHDHv2-l_7DPy8QUONp8fyaVIUmHRJLw0L4iZ6i8RuQSKrU7acqx0juHzmpp-iFqyOyFZutz15zYyxQ21M6S7Sb1rh-RZcJpjjAf480uU2hLTyQaSkmN3hsU5V2BiEE86Ot2HrCDVkgjofmjDaA5D1CpokhAAIpOh3VNJeflO7TP0H-mgGNKUNQ==",
            "deep_link": "https://www.kiwi.com/deep?affilid=mihalytest&currency=EUR&flightsId=0b7717884e030000768a9409_0%7C17880b774e0a00005931f13c_0&from=BUD&lang=en&passengers=1&to=HAM&booking_token=Hf3CdHap4JfpITgq0Jc15ptrnfPdJ82taq3d2jmLp_cgsjNi3xDlmwLWYUEoLpv4zcAtrcnnDQZkclF6fRzHylxg6t-5BDT4uJdFRoo_v0dk7dnd0fSu3_0lbVERyCblFzVujh1kyZVpAmVsSXFQZecUdCAbm2ZiBlc_N7urvUPEx7pBF-uQAs0nYdzvqrksge2Iya5KRc2NcJW5soh5aZBejm-SCztyXPz4MUFv2NzGLezl9WSftQJqk1ip5HyD0eCqBInTzKHeZJMNrKp_PUXdPEi1knF3tRHjzS5SDUtR_3gnp8Y4BTKcb91ZbKRdQpFavq4Wkeg6cWDQ7-fhTpXym5PHQkgEbhEyxjbAESfPe-CJxNxAfRMLCkS6Yh60hofXl7ULTXRnnGYz89E_oUvcDz1xqrxcYonxLKOanzokw6GbrknqibjzjXV6e2OYfKVyLZMGgEFu8Meqp7MC8fQXFpikDPNCu5X_dK_Vl_JsTlqhObBZMGfqZ3MqfVgn6fSBSgyqY6mMYuzHR69nnaMpGb6yyDdzsHDHv2-l_7DPy8QUONp8fyaVIUmHRJLw0L4iZ6i8RuQSKrU7acqx0juHzmpp-iFqyOyFZutz15zYyxQ21M6S7Sb1rh-RZcJpjjAf480uU2hLTyQaSkmN3hsU5V2BiEE86Ot2HrCDVkgjofmjDaA5D1CpokhAAIpOh3VNJeflO7TP0H-mgGNKUNQ==",
            "facilitated_booking_available": true,
            "pnr_count": 2,
            "has_airport_change": false,
            "technical_stops": 0,
            "throw_away_ticketing": false,
            "hidden_city_ticketing": false,
            "virtual_interlining": false
        },
        {
            "id": "0b7717884e110000e0a905c8_0|17880b774e1500005a439d2c_0",
            "flyFrom": "BUD",
            "flyTo": "HAM",
            "cityFrom": "Budapest",
            "cityCodeFrom": "BUD",
            "cityTo": "Hamburg",
            "cityCodeTo": "HAM",
            "countryFrom": {
                "code": "HU",
                "name": "Hungary"
            },
            "countryTo": {
                "code": "DE",
                "name": "Germany"
            },
            "local_departure": "2024-09-19T20:45:00.000Z",
            "utc_departure": "2024-09-19T18:45:00.000Z",
            "local_arrival": "2024-09-19T22:30:00.000Z",
            "utc_arrival": "2024-09-19T20:30:00.000Z",
            "nightsInDest": 4,
            "quality": 250.333205,
            "distance": 949.98,
            "duration": {
                "departure": 6300,
                "return": 6000,
                "total": 12300
            },
            "price": 199,
            "conversion": {
                "EUR": 199
            },
            "fare": {
                "adults": 199,
                "children": 199,
                "infants": 199
            },
            "fare_locks": {
                "EUR": [
                    {
                        "default": false,
                        "duration": "P1D",
                        "itinerary_price_limit": 399,
                        "itinerary_price_remaining": 199,
                        "fare_lock_kind": "fee",
                        "price": 9.95,
                        "rule_instance_id": 26749,
                        "version": "v1"
                    },
                    {
                        "default": true,
                        "duration": "P3D",
                        "itinerary_price_limit": 399,
                        "itinerary_price_remaining": 199,
                        "fare_lock_kind": "fee",
                        "price": 19.9,
                        "rule_instance_id": 26748,
                        "version": "v1"
                    },
                    {
                        "default": false,
                        "duration": "P7D",
                        "itinerary_price_limit": 399,
                        "itinerary_price_remaining": 199,
                        "fare_lock_kind": "fee",
                        "price": 49.75,
                        "rule_instance_id": 26750,
                        "version": "v1"
                    }
                ]
            },
            "bags_price": {
                "1": 72.8,
                "2": 282.8
            },
            "baglimit": {
                "hand_dimensions_sum": 118,
                "hand_height": 40,
                "hand_length": 55,
                "hand_weight": 8,
                "hand_width": 23,
                "hold_dimensions_sum": 158,
                "hold_height": 52,
                "hold_length": 78,
                "hold_weight": 23,
                "hold_width": 28,
                "personal_item_dimension_sum": 95,
                "personal_item_height": 30,
                "personal_item_length": 40,
                "personal_item_weight": 8,
                "personal_item_width": 25
            },
            "availability": {
                "seats": 4
            },
            "airlines": [
                "EW"
            ],
            "route": [
                {
                    "id": "0b7717884e110000e0a905c8_0",
                    "combination_id": "0b7717884e110000e0a905c8",
                    "flyFrom": "BUD",
                    "flyTo": "HAM",
                    "cityFrom": "Budapest",
                    "cityCodeFrom": "BUD",
                    "cityTo": "Hamburg",
                    "cityCodeTo": "HAM",
                    "local_departure": "2024-09-19T20:45:00.000Z",
                    "utc_departure": "2024-09-19T18:45:00.000Z",
                    "local_arrival": "2024-09-19T22:30:00.000Z",
                    "utc_arrival": "2024-09-19T20:30:00.000Z",
                    "airline": "EW",
                    "flight_no": 7783,
                    "operating_carrier": "EW",
                    "operating_flight_no": "7783",
                    "fare_basis": "",
                    "fare_category": "M",
                    "fare_classes": "",
                    "return": 0,
                    "bags_recheck_required": false,
                    "vi_connection": false,
                    "guarantee": false,
                    "equipment": null,
                    "vehicle_type": "aircraft"
                },
                {
                    "id": "17880b774e1500005a439d2c_0",
                    "combination_id": "17880b774e1500005a439d2c",
                    "flyFrom": "HAM",
                    "flyTo": "BUD",
                    "cityFrom": "Hamburg",
                    "cityCodeFrom": "HAM",
                    "cityTo": "Budapest",
                    "cityCodeTo": "BUD",
                    "local_departure": "2024-09-23T11:30:00.000Z",
                    "utc_departure": "2024-09-23T09:30:00.000Z",
                    "local_arrival": "2024-09-23T13:10:00.000Z",
                    "utc_arrival": "2024-09-23T11:10:00.000Z",
                    "airline": "EW",
                    "flight_no": 7784,
                    "operating_carrier": "EW",
                    "operating_flight_no": "7784",
                    "fare_basis": "",
                    "fare_category": "M",
                    "fare_classes": "K",
                    "return": 1,
                    "bags_recheck_required": false,
                    "vi_connection": false,
                    "guarantee": false,
                    "equipment": null,
                    "vehicle_type": "aircraft"
                }
            ],
            "booking_token": "HKo4U_FUMkiJBBpQ8PjkloTcGdPsOuyEJhz9cOCK4wPAoThdZrYx-eR_LwP-X0xCYpkenpu1RbYJH123O0U4UDL3L7iQSpaFkStcR260WMNyztnHYPXFBbwLtdKNIz3Qv0c9KXMib754r2wkmaDJ72w2l5G73L2QoCDjAv_0Z06PR0ZZ7WG06jJsXFxUqklqLlj5iJx1mvFaAwCMUMQbU2j17SIY4Qyx9XGZgHWgUqLjdWw96jeE13ItTDPd5teQXwQ_znh77muADKukdvN-HGjDXan5zR6U76WDXaEYJXCpc4HI2uq6B_geqTElFfb5ZuYw4dbZXO97QHabarNGtOvXKvEW6mqnar-Bb8gA__ltVgu3rJwjEAtJJDjf9lZAhsI30GI7Xgw-jWn2v6JZLxMY2KGgPAvPBJg91VupnKFTPb7Qf2cwmNA2H-hQFPDILRpdlIzAnwjZlUW5h5steYxYnpYT29BhvLlVsCDoOZ4FTsW68wZjpsLAGvchYdzXRjv6bK1JSWdfyRrSLfnZeGXuygrW_I5UwbcJ9YOJCaene8qnv3sl8iak0DxyzWMM-P5PgsIvdGMLW9PFNeP_mp0F-WXwaoQMB11fzKvGB1ahBJd5mHM_XanjooXZ-S3fF2iBxqbr-PeaG1umls0iQloDZeaOkc7nqtl3uIMXrG2p2ObcM4ooSwCykPaH9oWuo",
            "deep_link": "https://www.kiwi.com/deep?affilid=mihalytest&currency=EUR&flightsId=0b7717884e110000e0a905c8_0%7C17880b774e1500005a439d2c_0&from=BUD&lang=en&passengers=1&to=HAM&booking_token=HKo4U_FUMkiJBBpQ8PjkloTcGdPsOuyEJhz9cOCK4wPAoThdZrYx-eR_LwP-X0xCYpkenpu1RbYJH123O0U4UDL3L7iQSpaFkStcR260WMNyztnHYPXFBbwLtdKNIz3Qv0c9KXMib754r2wkmaDJ72w2l5G73L2QoCDjAv_0Z06PR0ZZ7WG06jJsXFxUqklqLlj5iJx1mvFaAwCMUMQbU2j17SIY4Qyx9XGZgHWgUqLjdWw96jeE13ItTDPd5teQXwQ_znh77muADKukdvN-HGjDXan5zR6U76WDXaEYJXCpc4HI2uq6B_geqTElFfb5ZuYw4dbZXO97QHabarNGtOvXKvEW6mqnar-Bb8gA__ltVgu3rJwjEAtJJDjf9lZAhsI30GI7Xgw-jWn2v6JZLxMY2KGgPAvPBJg91VupnKFTPb7Qf2cwmNA2H-hQFPDILRpdlIzAnwjZlUW5h5steYxYnpYT29BhvLlVsCDoOZ4FTsW68wZjpsLAGvchYdzXRjv6bK1JSWdfyRrSLfnZeGXuygrW_I5UwbcJ9YOJCaene8qnv3sl8iak0DxyzWMM-P5PgsIvdGMLW9PFNeP_mp0F-WXwaoQMB11fzKvGB1ahBJd5mHM_XanjooXZ-S3fF2iBxqbr-PeaG1umls0iQloDZeaOkc7nqtl3uIMXrG2p2ObcM4ooSwCykPaH9oWuo",
            "facilitated_booking_available": true,
            "pnr_count": 2,
            "has_airport_change": false,
            "technical_stops": 0,
            "throw_away_ticketing": false,
            "hidden_city_ticketing": false,
            "virtual_interlining": false
        },
        {
            "id": "0b7717884e0e00004a267d33_0|17880b774e100000eedbaee3_0",
            "flyFrom": "BUD",
            "flyTo": "HAM",
            "cityFrom": "Budapest",
            "cityCodeFrom": "BUD",
            "cityTo": "Hamburg",
            "cityCodeTo": "HAM",
            "countryFrom": {
                "code": "HU",
                "name": "Hungary"
            },
            "countryTo": {
                "code": "DE",
                "name": "Germany"
            },
            "local_departure": "2024-09-16T13:55:00.000Z",
            "utc_departure": "2024-09-16T11:55:00.000Z",
            "local_arrival": "2024-09-16T15:40:00.000Z",
            "utc_arrival": "2024-09-16T13:40:00.000Z",
            "nightsInDest": 2,
            "quality": 250.333205,
            "distance": 949.98,
            "duration": {
                "departure": 6300,
                "return": 6000,
                "total": 12300
            },
            "price": 199,
            "conversion": {
                "EUR": 199
            },
            "fare": {
                "adults": 199,
                "children": 199,
                "infants": 199
            },
            "fare_locks": {
                "EUR": [
                    {
                        "default": false,
                        "duration": "P1D",
                        "itinerary_price_limit": 399,
                        "itinerary_price_remaining": 199,
                        "fare_lock_kind": "fee",
                        "price": 9.95,
                        "rule_instance_id": 26749,
                        "version": "v1"
                    },
                    {
                        "default": true,
                        "duration": "P3D",
                        "itinerary_price_limit": 399,
                        "itinerary_price_remaining": 199,
                        "fare_lock_kind": "fee",
                        "price": 19.9,
                        "rule_instance_id": 26748,
                        "version": "v1"
                    },
                    {
                        "default": false,
                        "duration": "P7D",
                        "itinerary_price_limit": 399,
                        "itinerary_price_remaining": 199,
                        "fare_lock_kind": "fee",
                        "price": 49.75,
                        "rule_instance_id": 26750,
                        "version": "v1"
                    }
                ]
            },
            "bags_price": {
                "1": 72.8,
                "2": 282.8
            },
            "baglimit": {
                "hand_dimensions_sum": 118,
                "hand_height": 40,
                "hand_length": 55,
                "hand_weight": 8,
                "hand_width": 23,
                "hold_dimensions_sum": 158,
                "hold_height": 52,
                "hold_length": 78,
                "hold_weight": 23,
                "hold_width": 28,
                "personal_item_dimension_sum": 95,
                "personal_item_height": 30,
                "personal_item_length": 40,
                "personal_item_weight": 8,
                "personal_item_width": 25
            },
            "availability": {
                "seats": 1
            },
            "airlines": [
                "EW"
            ],
            "route": [
                {
                    "id": "0b7717884e0e00004a267d33_0",
                    "combination_id": "0b7717884e0e00004a267d33",
                    "flyFrom": "BUD",
                    "flyTo": "HAM",
                    "cityFrom": "Budapest",
                    "cityCodeFrom": "BUD",
                    "cityTo": "Hamburg",
                    "cityCodeTo": "HAM",
                    "local_departure": "2024-09-16T13:55:00.000Z",
                    "utc_departure": "2024-09-16T11:55:00.000Z",
                    "local_arrival": "2024-09-16T15:40:00.000Z",
                    "utc_arrival": "2024-09-16T13:40:00.000Z",
                    "airline": "EW",
                    "flight_no": 7785,
                    "operating_carrier": "EW",
                    "operating_flight_no": "7785",
                    "fare_basis": "",
                    "fare_category": "M",
                    "fare_classes": "",
                    "return": 0,
                    "bags_recheck_required": false,
                    "vi_connection": false,
                    "guarantee": false,
                    "equipment": null,
                    "vehicle_type": "aircraft"
                },
                {
                    "id": "17880b774e100000eedbaee3_0",
                    "combination_id": "17880b774e100000eedbaee3",
                    "flyFrom": "HAM",
                    "flyTo": "BUD",
                    "cityFrom": "Hamburg",
                    "cityCodeFrom": "HAM",
                    "cityTo": "Budapest",
                    "cityCodeTo": "BUD",
                    "local_departure": "2024-09-18T18:25:00.000Z",
                    "utc_departure": "2024-09-18T16:25:00.000Z",
                    "local_arrival": "2024-09-18T20:05:00.000Z",
                    "utc_arrival": "2024-09-18T18:05:00.000Z",
                    "airline": "EW",
                    "flight_no": 7782,
                    "operating_carrier": "EW",
                    "operating_flight_no": "7782",
                    "fare_basis": "",
                    "fare_category": "M",
                    "fare_classes": "L",
                    "return": 1,
                    "bags_recheck_required": false,
                    "vi_connection": false,
                    "guarantee": false,
                    "equipment": null,
                    "vehicle_type": "aircraft"
                }
            ],
            "booking_token": "HXyJtFL1A-QDNpAp_7smGkLLCXYDSYlOXIQUxL96cPFRKOOnD1a1LeRg6mKwMhOW39jY9ezFcEWOcWCAsKeICojDgFYIYBBtbFeY4m2LDSBXw0wlCFVbiT9Mpw2gxBH7zxFVcSmfCHbCuNmVlPdVTXXUmvucXg2WVpJeByTCcZ0jv7mQbC3S5cJKB7Nl8yFt2cGQYTPF7z5CppYdpEsYicH-KQGOqgLCo0YaOu7n1UJzMSwPAP4XTCIbEK82KXJZo8D9oiS0olmprolmy7f3pWoMMJ7MRt-XdRkT2gwuvkn2ww4eRB56iX5lnBga8J7Dsvo2q-RU5hk8GqOkrEY4c4Wc9c7CC1h4iKUYJNu2QCXiZ1PotBGITh2_LWrJNgx9br1gqU5thXPVywaXSST-_xXeeTDV-viAiWbE2l8kA9MrlW2l3lQIV1myomQw2GY87MbbklOMRXDxhHz506y02tVVrZHGb7YQgz6cTz7WCpPyPl16KELXcLSGGnAusG2G6eQ1q503Cr9V9Rnq5ob1wo3KDgGtzNSYKd_0FA3NecHMngarTk7NNATdkEHooUo8LfeycbQ73QLesFbfOyK03W_kRZi9ISQeyMz9NWPZaNyZVOakTJo95KtKPnJkVRVl4Jp1p55J7qNeI-iopspGUIMyYMeMt8ne_5Qil6fWnDcXb4EgRaCy3evJGVtDbu323",
            "deep_link": "https://www.kiwi.com/deep?affilid=mihalytest&currency=EUR&flightsId=0b7717884e0e00004a267d33_0%7C17880b774e100000eedbaee3_0&from=BUD&lang=en&passengers=1&to=HAM&booking_token=HXyJtFL1A-QDNpAp_7smGkLLCXYDSYlOXIQUxL96cPFRKOOnD1a1LeRg6mKwMhOW39jY9ezFcEWOcWCAsKeICojDgFYIYBBtbFeY4m2LDSBXw0wlCFVbiT9Mpw2gxBH7zxFVcSmfCHbCuNmVlPdVTXXUmvucXg2WVpJeByTCcZ0jv7mQbC3S5cJKB7Nl8yFt2cGQYTPF7z5CppYdpEsYicH-KQGOqgLCo0YaOu7n1UJzMSwPAP4XTCIbEK82KXJZo8D9oiS0olmprolmy7f3pWoMMJ7MRt-XdRkT2gwuvkn2ww4eRB56iX5lnBga8J7Dsvo2q-RU5hk8GqOkrEY4c4Wc9c7CC1h4iKUYJNu2QCXiZ1PotBGITh2_LWrJNgx9br1gqU5thXPVywaXSST-_xXeeTDV-viAiWbE2l8kA9MrlW2l3lQIV1myomQw2GY87MbbklOMRXDxhHz506y02tVVrZHGb7YQgz6cTz7WCpPyPl16KELXcLSGGnAusG2G6eQ1q503Cr9V9Rnq5ob1wo3KDgGtzNSYKd_0FA3NecHMngarTk7NNATdkEHooUo8LfeycbQ73QLesFbfOyK03W_kRZi9ISQeyMz9NWPZaNyZVOakTJo95KtKPnJkVRVl4Jp1p55J7qNeI-iopspGUIMyYMeMt8ne_5Qil6fWnDcXb4EgRaCy3evJGVtDbu323",
            "facilitated_booking_available": true,
            "pnr_count": 2,
            "has_airport_change": false,
            "technical_stops": 0,
            "throw_away_ticketing": false,
            "hidden_city_ticketing": false,
            "virtual_interlining": false
        },
        {
            "id": "0b7717884e2c0000ad22070a_0|17880b774e2e00000b96f2bc_0",
            "flyFrom": "BUD",
            "flyTo": "HAM",
            "cityFrom": "Budapest",
            "cityCodeFrom": "BUD",
            "cityTo": "Hamburg",
            "cityCodeTo": "HAM",
            "countryFrom": {
                "code": "HU",
                "name": "Hungary"
            },
            "countryTo": {
                "code": "DE",
                "name": "Germany"
            },
            "local_departure": "2024-10-16T20:45:00.000Z",
            "utc_departure": "2024-10-16T18:45:00.000Z",
            "local_arrival": "2024-10-16T22:30:00.000Z",
            "utc_arrival": "2024-10-16T20:30:00.000Z",
            "nightsInDest": 2,
            "quality": 250.333205,
            "distance": 949.98,
            "duration": {
                "departure": 6300,
                "return": 6000,
                "total": 12300
            },
            "price": 199,
            "conversion": {
                "EUR": 199
            },
            "fare": {
                "adults": 199,
                "children": 199,
                "infants": 199
            },
            "fare_locks": {
                "EUR": [
                    {
                        "default": false,
                        "duration": "P1D",
                        "itinerary_price_limit": 399,
                        "itinerary_price_remaining": 199,
                        "fare_lock_kind": "fee",
                        "price": 9.95,
                        "rule_instance_id": 26749,
                        "version": "v1"
                    },
                    {
                        "default": true,
                        "duration": "P3D",
                        "itinerary_price_limit": 399,
                        "itinerary_price_remaining": 199,
                        "fare_lock_kind": "fee",
                        "price": 19.9,
                        "rule_instance_id": 26748,
                        "version": "v1"
                    },
                    {
                        "default": false,
                        "duration": "P7D",
                        "itinerary_price_limit": 399,
                        "itinerary_price_remaining": 199,
                        "fare_lock_kind": "fee",
                        "price": 49.75,
                        "rule_instance_id": 26750,
                        "version": "v1"
                    }
                ]
            },
            "bags_price": {
                "1": 72.8,
                "2": 282.8
            },
            "baglimit": {
                "hand_dimensions_sum": 118,
                "hand_height": 40,
                "hand_length": 55,
                "hand_weight": 8,
                "hand_width": 23,
                "hold_dimensions_sum": 158,
                "hold_height": 52,
                "hold_length": 78,
                "hold_weight": 23,
                "hold_width": 28,
                "personal_item_dimension_sum": 95,
                "personal_item_height": 30,
                "personal_item_length": 40,
                "personal_item_weight": 8,
                "personal_item_width": 25
            },
            "availability": {
                "seats": 9
            },
            "airlines": [
                "EW"
            ],
            "route": [
                {
                    "id": "0b7717884e2c0000ad22070a_0",
                    "combination_id": "0b7717884e2c0000ad22070a",
                    "flyFrom": "BUD",
                    "flyTo": "HAM",
                    "cityFrom": "Budapest",
                    "cityCodeFrom": "BUD",
                    "cityTo": "Hamburg",
                    "cityCodeTo": "HAM",
                    "local_departure": "2024-10-16T20:45:00.000Z",
                    "utc_departure": "2024-10-16T18:45:00.000Z",
                    "local_arrival": "2024-10-16T22:30:00.000Z",
                    "utc_arrival": "2024-10-16T20:30:00.000Z",
                    "airline": "EW",
                    "flight_no": 7783,
                    "operating_carrier": "EW",
                    "operating_flight_no": "7783",
                    "fare_basis": "",
                    "fare_category": "M",
                    "fare_classes": "L",
                    "return": 0,
                    "bags_recheck_required": false,
                    "vi_connection": false,
                    "guarantee": false,
                    "equipment": null,
                    "vehicle_type": "aircraft"
                },
                {
                    "id": "17880b774e2e00000b96f2bc_0",
                    "combination_id": "17880b774e2e00000b96f2bc",
                    "flyFrom": "HAM",
                    "flyTo": "BUD",
                    "cityFrom": "Hamburg",
                    "cityCodeFrom": "HAM",
                    "cityTo": "Budapest",
                    "cityCodeTo": "BUD",
                    "local_departure": "2024-10-18T18:25:00.000Z",
                    "utc_departure": "2024-10-18T16:25:00.000Z",
                    "local_arrival": "2024-10-18T20:05:00.000Z",
                    "utc_arrival": "2024-10-18T18:05:00.000Z",
                    "airline": "EW",
                    "flight_no": 7782,
                    "operating_carrier": "EW",
                    "operating_flight_no": "7782",
                    "fare_basis": "",
                    "fare_category": "M",
                    "fare_classes": "K",
                    "return": 1,
                    "bags_recheck_required": false,
                    "vi_connection": false,
                    "guarantee": false,
                    "equipment": null,
                    "vehicle_type": "aircraft"
                }
            ],
            "booking_token": "HOSmIA927KNN9Jl47NeleOtLjFXHtOe9W-H_dXodNYp5gQqT0u175-_32sNRsQqOmXntp2xBDJ0VYC6S8i-qIwmnn6xswIq12c2xSa3n_AJ47cb9w0lQe3WgVc52jUXNw1mPgRBwuwgM6cQw27jtay4Y_D9A2v8rUQT_H4WeflgBQAzD2YrnY99zCdY8Ad7tkSVlYa9IqJ-0-43XkGH2vk9Tnc-CtwQRsaJnEl5aHdxKk9PUxYDyIbte4N7o6OB5OZqPKHKkTv7crkZwhccLQAJaJqx8m5fhUteMU6SmUbLQBPyfENaiyRXOuNuINHR0XK8lbXSMEZzNlr3brHMqoryzgPGfOavWOdI6-7VexFLoDY1nXHLLzARQO0S5iNb9PbZA2lOyKCt4_BdxLxq5UUx2JBv3RZoxdMmSpWAaa99KuyS9ZYPx9onCMQdfJc36uLT1P1jUPVL-expc90kuwSi-_rkBr_W-uPb4AvdSwk2FdnOM3vX5UfBrZ9YWsv88r11WNYO0Q7K1K-S3h88-biQlYaHOlmzL7kOrGocvCopbZzLnc5N1BrdEvbdVDnrfXBg-_LVMrxt8EOaeDzrTnh2QpUDkxr3XKZARK1q28AGkQbqvRqKFOuu5SV73gkGhS80zmgMDOjo_XCewiERfRAUFWBSHtRzqoOcaxCl2PaX4Hcsw7bJAq9JBIdR1whHzV6Vn1U8qwdnilJXV0HjoDQA==",
            "deep_link": "https://www.kiwi.com/deep?affilid=mihalytest&currency=EUR&flightsId=0b7717884e2c0000ad22070a_0%7C17880b774e2e00000b96f2bc_0&from=BUD&lang=en&passengers=1&to=HAM&booking_token=HOSmIA927KNN9Jl47NeleOtLjFXHtOe9W-H_dXodNYp5gQqT0u175-_32sNRsQqOmXntp2xBDJ0VYC6S8i-qIwmnn6xswIq12c2xSa3n_AJ47cb9w0lQe3WgVc52jUXNw1mPgRBwuwgM6cQw27jtay4Y_D9A2v8rUQT_H4WeflgBQAzD2YrnY99zCdY8Ad7tkSVlYa9IqJ-0-43XkGH2vk9Tnc-CtwQRsaJnEl5aHdxKk9PUxYDyIbte4N7o6OB5OZqPKHKkTv7crkZwhccLQAJaJqx8m5fhUteMU6SmUbLQBPyfENaiyRXOuNuINHR0XK8lbXSMEZzNlr3brHMqoryzgPGfOavWOdI6-7VexFLoDY1nXHLLzARQO0S5iNb9PbZA2lOyKCt4_BdxLxq5UUx2JBv3RZoxdMmSpWAaa99KuyS9ZYPx9onCMQdfJc36uLT1P1jUPVL-expc90kuwSi-_rkBr_W-uPb4AvdSwk2FdnOM3vX5UfBrZ9YWsv88r11WNYO0Q7K1K-S3h88-biQlYaHOlmzL7kOrGocvCopbZzLnc5N1BrdEvbdVDnrfXBg-_LVMrxt8EOaeDzrTnh2QpUDkxr3XKZARK1q28AGkQbqvRqKFOuu5SV73gkGhS80zmgMDOjo_XCewiERfRAUFWBSHtRzqoOcaxCl2PaX4Hcsw7bJAq9JBIdR1whHzV6Vn1U8qwdnilJXV0HjoDQA==",
            "facilitated_booking_available": true,
            "pnr_count": 2,
            "has_airport_change": false,
            "technical_stops": 0,
            "throw_away_ticketing": false,
            "hidden_city_ticketing": false,
            "virtual_interlining": false
        },
        {
            "id": "0b7717884e190000629e02d1_0|17880b774e200000a293b8ce_0",
            "flyFrom": "BUD",
            "flyTo": "HAM",
            "cityFrom": "Budapest",
            "cityCodeFrom": "BUD",
            "cityTo": "Hamburg",
            "cityCodeTo": "HAM",
            "countryFrom": {
                "code": "HU",
                "name": "Hungary"
            },
            "countryTo": {
                "code": "DE",
                "name": "Germany"
            },
            "local_departure": "2024-09-27T20:45:00.000Z",
            "utc_departure": "2024-09-27T18:45:00.000Z",
            "local_arrival": "2024-09-27T22:30:00.000Z",
            "utc_arrival": "2024-09-27T20:30:00.000Z",
            "nightsInDest": 7,
            "quality": 250.333205,
            "distance": 949.98,
            "duration": {
                "departure": 6300,
                "return": 6000,
                "total": 12300
            },
            "price": 199,
            "conversion": {
                "EUR": 199
            },
            "fare": {
                "adults": 199,
                "children": 199,
                "infants": 199
            },
            "fare_locks": {
                "EUR": [
                    {
                        "default": false,
                        "duration": "P1D",
                        "itinerary_price_limit": 399,
                        "itinerary_price_remaining": 199,
                        "fare_lock_kind": "fee",
                        "price": 9.95,
                        "rule_instance_id": 26749,
                        "version": "v1"
                    },
                    {
                        "default": true,
                        "duration": "P3D",
                        "itinerary_price_limit": 399,
                        "itinerary_price_remaining": 199,
                        "fare_lock_kind": "fee",
                        "price": 19.9,
                        "rule_instance_id": 26748,
                        "version": "v1"
                    },
                    {
                        "default": false,
                        "duration": "P7D",
                        "itinerary_price_limit": 399,
                        "itinerary_price_remaining": 199,
                        "fare_lock_kind": "fee",
                        "price": 49.75,
                        "rule_instance_id": 26750,
                        "version": "v1"
                    }
                ]
            },
            "bags_price": {
                "1": 72.8,
                "2": 282.8
            },
            "baglimit": {
                "hand_dimensions_sum": 118,
                "hand_height": 40,
                "hand_length": 55,
                "hand_weight": 8,
                "hand_width": 23,
                "hold_dimensions_sum": 158,
                "hold_height": 52,
                "hold_length": 78,
                "hold_weight": 23,
                "hold_width": 28,
                "personal_item_dimension_sum": 95,
                "personal_item_height": 30,
                "personal_item_length": 40,
                "personal_item_weight": 8,
                "personal_item_width": 25
            },
            "availability": {
                "seats": 9
            },
            "airlines": [
                "EW"
            ],
            "route": [
                {
                    "id": "0b7717884e190000629e02d1_0",
                    "combination_id": "0b7717884e190000629e02d1",
                    "flyFrom": "BUD",
                    "flyTo": "HAM",
                    "cityFrom": "Budapest",
                    "cityCodeFrom": "BUD",
                    "cityTo": "Hamburg",
                    "cityCodeTo": "HAM",
                    "local_departure": "2024-09-27T20:45:00.000Z",
                    "utc_departure": "2024-09-27T18:45:00.000Z",
                    "local_arrival": "2024-09-27T22:30:00.000Z",
                    "utc_arrival": "2024-09-27T20:30:00.000Z",
                    "airline": "EW",
                    "flight_no": 7783,
                    "operating_carrier": "EW",
                    "operating_flight_no": "7783",
                    "fare_basis": "",
                    "fare_category": "M",
                    "fare_classes": "",
                    "return": 0,
                    "bags_recheck_required": false,
                    "vi_connection": false,
                    "guarantee": false,
                    "equipment": null,
                    "vehicle_type": "aircraft"
                },
                {
                    "id": "17880b774e200000a293b8ce_0",
                    "combination_id": "17880b774e200000a293b8ce",
                    "flyFrom": "HAM",
                    "flyTo": "BUD",
                    "cityFrom": "Hamburg",
                    "cityCodeFrom": "HAM",
                    "cityTo": "Budapest",
                    "cityCodeTo": "BUD",
                    "local_departure": "2024-10-04T18:25:00.000Z",
                    "utc_departure": "2024-10-04T16:25:00.000Z",
                    "local_arrival": "2024-10-04T20:05:00.000Z",
                    "utc_arrival": "2024-10-04T18:05:00.000Z",
                    "airline": "EW",
                    "flight_no": 7782,
                    "operating_carrier": "EW",
                    "operating_flight_no": "7782",
                    "fare_basis": "",
                    "fare_category": "M",
                    "fare_classes": "K",
                    "return": 1,
                    "bags_recheck_required": false,
                    "vi_connection": false,
                    "guarantee": false,
                    "equipment": null,
                    "vehicle_type": "aircraft"
                }
            ],
            "booking_token": "HH3AM04W-kkbBx5vWSDEbPLMkWfGtmGVrydCyVeZzRZ66woxDAdetwJngRFp8m_9vEHqjhehDsoG48yTxv02BTMZTW8GdCzt9KCZDDtFY1wlJIGDkzOYm9eOC1ut2Krw76-ie5Xy1uXdZ1p-AHyP7KTlDzMe_dS9jelLROOMIJ8BpsTBJCuahzHwotBfkGipcvlLa-xoi3WI9UwUa4_J8iyp7wGh8UbGzFEiTQzm-ucObsXj_VTelRPqgEr1mS4LJEJWXQT0f15n2wnXaXncEImT1xGDWgx9UZ0snWj8dJLx6rh_IhisfeQKAee5tLfnQDWGRSxFiYCKtMwX9hejYF1HRk-Cj79L8OTnoDVbzs0U9r1d-3cFV_Kftmj9qHYe1PEg5W90tXNVJwRE5qxd_FJ27_Nav8UEdIrqhVIeO7jRJpZepzdpODT32LzDmhHyB9asYIGvYZLy3plhtB838IRoyLy9r141xHX5UvL7Hx0HNDEW3zUHHD0pwXrIjbPou3gds6tn4uXGOtRCAteWVEc9Cy-e2Vu9lRHGf9ntQGHgoBo9URjhCj4PXRNGGPOwdq1QBrjPDo0P-XitM8V3dbwdE4e2nOWV8x33XnzJjhhtXxZCjxuCC9SZKD8CxtIX5wUI-R66S0Z-TsbvnjQXyBD8ZyxG5O9B0YmD2UlLLXbkg-y1l27BtnYFhV5ZGBwzY",
            "deep_link": "https://www.kiwi.com/deep?affilid=mihalytest&currency=EUR&flightsId=0b7717884e190000629e02d1_0%7C17880b774e200000a293b8ce_0&from=BUD&lang=en&passengers=1&to=HAM&booking_token=HH3AM04W-kkbBx5vWSDEbPLMkWfGtmGVrydCyVeZzRZ66woxDAdetwJngRFp8m_9vEHqjhehDsoG48yTxv02BTMZTW8GdCzt9KCZDDtFY1wlJIGDkzOYm9eOC1ut2Krw76-ie5Xy1uXdZ1p-AHyP7KTlDzMe_dS9jelLROOMIJ8BpsTBJCuahzHwotBfkGipcvlLa-xoi3WI9UwUa4_J8iyp7wGh8UbGzFEiTQzm-ucObsXj_VTelRPqgEr1mS4LJEJWXQT0f15n2wnXaXncEImT1xGDWgx9UZ0snWj8dJLx6rh_IhisfeQKAee5tLfnQDWGRSxFiYCKtMwX9hejYF1HRk-Cj79L8OTnoDVbzs0U9r1d-3cFV_Kftmj9qHYe1PEg5W90tXNVJwRE5qxd_FJ27_Nav8UEdIrqhVIeO7jRJpZepzdpODT32LzDmhHyB9asYIGvYZLy3plhtB838IRoyLy9r141xHX5UvL7Hx0HNDEW3zUHHD0pwXrIjbPou3gds6tn4uXGOtRCAteWVEc9Cy-e2Vu9lRHGf9ntQGHgoBo9URjhCj4PXRNGGPOwdq1QBrjPDo0P-XitM8V3dbwdE4e2nOWV8x33XnzJjhhtXxZCjxuCC9SZKD8CxtIX5wUI-R66S0Z-TsbvnjQXyBD8ZyxG5O9B0YmD2UlLLXbkg-y1l27BtnYFhV5ZGBwzY",
            "facilitated_booking_available": true,
            "pnr_count": 2,
            "has_airport_change": false,
            "technical_stops": 0,
            "throw_away_ticketing": false,
            "hidden_city_ticketing": false,
            "virtual_interlining": false
        },
        {
            "id": "0b7717884e190000629e02d1_0|17880b774e1b0000179659a2_0",
            "flyFrom": "BUD",
            "flyTo": "HAM",
            "cityFrom": "Budapest",
            "cityCodeFrom": "BUD",
            "cityTo": "Hamburg",
            "cityCodeTo": "HAM",
            "countryFrom": {
                "code": "HU",
                "name": "Hungary"
            },
            "countryTo": {
                "code": "DE",
                "name": "Germany"
            },
            "local_departure": "2024-09-27T20:45:00.000Z",
            "utc_departure": "2024-09-27T18:45:00.000Z",
            "local_arrival": "2024-09-27T22:30:00.000Z",
            "utc_arrival": "2024-09-27T20:30:00.000Z",
            "nightsInDest": 2,
            "quality": 250.333205,
            "distance": 949.98,
            "duration": {
                "departure": 6300,
                "return": 6000,
                "total": 12300
            },
            "price": 199,
            "conversion": {
                "EUR": 199
            },
            "fare": {
                "adults": 199,
                "children": 199,
                "infants": 199
            },
            "fare_locks": {
                "EUR": [
                    {
                        "default": false,
                        "duration": "P1D",
                        "itinerary_price_limit": 399,
                        "itinerary_price_remaining": 199,
                        "fare_lock_kind": "fee",
                        "price": 9.95,
                        "rule_instance_id": 26749,
                        "version": "v1"
                    },
                    {
                        "default": true,
                        "duration": "P3D",
                        "itinerary_price_limit": 399,
                        "itinerary_price_remaining": 199,
                        "fare_lock_kind": "fee",
                        "price": 19.9,
                        "rule_instance_id": 26748,
                        "version": "v1"
                    },
                    {
                        "default": false,
                        "duration": "P7D",
                        "itinerary_price_limit": 399,
                        "itinerary_price_remaining": 199,
                        "fare_lock_kind": "fee",
                        "price": 49.75,
                        "rule_instance_id": 26750,
                        "version": "v1"
                    }
                ]
            },
            "bags_price": {
                "1": 72.8,
                "2": 282.8
            },
            "baglimit": {
                "hand_dimensions_sum": 118,
                "hand_height": 40,
                "hand_length": 55,
                "hand_weight": 8,
                "hand_width": 23,
                "hold_dimensions_sum": 158,
                "hold_height": 52,
                "hold_length": 78,
                "hold_weight": 23,
                "hold_width": 28,
                "personal_item_dimension_sum": 95,
                "personal_item_height": 30,
                "personal_item_length": 40,
                "personal_item_weight": 8,
                "personal_item_width": 25
            },
            "availability": {
                "seats": 6
            },
            "airlines": [
                "EW"
            ],
            "route": [
                {
                    "id": "0b7717884e190000629e02d1_0",
                    "combination_id": "0b7717884e190000629e02d1",
                    "flyFrom": "BUD",
                    "flyTo": "HAM",
                    "cityFrom": "Budapest",
                    "cityCodeFrom": "BUD",
                    "cityTo": "Hamburg",
                    "cityCodeTo": "HAM",
                    "local_departure": "2024-09-27T20:45:00.000Z",
                    "utc_departure": "2024-09-27T18:45:00.000Z",
                    "local_arrival": "2024-09-27T22:30:00.000Z",
                    "utc_arrival": "2024-09-27T20:30:00.000Z",
                    "airline": "EW",
                    "flight_no": 7783,
                    "operating_carrier": "EW",
                    "operating_flight_no": "7783",
                    "fare_basis": "",
                    "fare_category": "M",
                    "fare_classes": "",
                    "return": 0,
                    "bags_recheck_required": false,
                    "vi_connection": false,
                    "guarantee": false,
                    "equipment": null,
                    "vehicle_type": "aircraft"
                },
                {
                    "id": "17880b774e1b0000179659a2_0",
                    "combination_id": "17880b774e1b0000179659a2",
                    "flyFrom": "HAM",
                    "flyTo": "BUD",
                    "cityFrom": "Hamburg",
                    "cityCodeFrom": "HAM",
                    "cityTo": "Budapest",
                    "cityCodeTo": "BUD",
                    "local_departure": "2024-09-29T18:25:00.000Z",
                    "utc_departure": "2024-09-29T16:25:00.000Z",
                    "local_arrival": "2024-09-29T20:05:00.000Z",
                    "utc_arrival": "2024-09-29T18:05:00.000Z",
                    "airline": "EW",
                    "flight_no": 7782,
                    "operating_carrier": "EW",
                    "operating_flight_no": "7782",
                    "fare_basis": "",
                    "fare_category": "M",
                    "fare_classes": "K",
                    "return": 1,
                    "bags_recheck_required": false,
                    "vi_connection": false,
                    "guarantee": false,
                    "equipment": null,
                    "vehicle_type": "aircraft"
                }
            ],
            "booking_token": "HJ4FedTV1aNLhHAKar4hMJbGzt2FMBnNWG3GbngvNTebiZGda6YxNE1-SPIGbIQE0oeLTjhdE9tzndlDFwWFY5-1uRX_GYArhG0uaxvrrJvG9snTyR9MGfRHHBVLMecjfL2caXsymanhAMVfLmwhuOnT4tPRKvykIqzBpjcaghnHfqyMXB9lpX9vO7Nn6KavWd1fOXuAxMRDWh3wtqFlJYgv2rDO4zU0TEajCxvyFwSIIE-ndlRK0mrGaeheHGpwPCvtTQVRCL0o8fZFe50Ini5r4JQrCz4wpwNneWaYw8-3JL0uhTiTsQd_wl4wvDyUjaCdfNgdV3_vAegIlWfdnutLU-HoUqdbGFT1KjhWPTYD2BJtf1sDPGN_ikXPXvPVHJTUUWIU93HiYsa-PF3NbKglcp62CuGee5WRW-UuphYoBjbi-7Kio8RDRb5c3xXUlZmYBsUtpkY82jNsB7Xtaqzm_KTwZkXpS3Y1OGcRn8p1E0YI3OIJ4SaaACKG4IqZ_iGnyYBSNHqulmAh3DsbHGareMbofHkXj9aHWuXOIBLSSDSydrFzEuO-Mkqe0xptOrtFtcobS7XHb5AZ4k9MemVB7-pU0DxwDQMhOtSvHPWqvtHCYlvbyHpUgeY6AG2PTn-PuEUkS7j-iUPDxGYsJxC-_OZgfrCfeAuwWr_kzVgpRfHgVZye44prbWejNl0E6GosTlAE7exqCAHRO4Z06Qg==",
            "deep_link": "https://www.kiwi.com/deep?affilid=mihalytest&currency=EUR&flightsId=0b7717884e190000629e02d1_0%7C17880b774e1b0000179659a2_0&from=BUD&lang=en&passengers=1&to=HAM&booking_token=HJ4FedTV1aNLhHAKar4hMJbGzt2FMBnNWG3GbngvNTebiZGda6YxNE1-SPIGbIQE0oeLTjhdE9tzndlDFwWFY5-1uRX_GYArhG0uaxvrrJvG9snTyR9MGfRHHBVLMecjfL2caXsymanhAMVfLmwhuOnT4tPRKvykIqzBpjcaghnHfqyMXB9lpX9vO7Nn6KavWd1fOXuAxMRDWh3wtqFlJYgv2rDO4zU0TEajCxvyFwSIIE-ndlRK0mrGaeheHGpwPCvtTQVRCL0o8fZFe50Ini5r4JQrCz4wpwNneWaYw8-3JL0uhTiTsQd_wl4wvDyUjaCdfNgdV3_vAegIlWfdnutLU-HoUqdbGFT1KjhWPTYD2BJtf1sDPGN_ikXPXvPVHJTUUWIU93HiYsa-PF3NbKglcp62CuGee5WRW-UuphYoBjbi-7Kio8RDRb5c3xXUlZmYBsUtpkY82jNsB7Xtaqzm_KTwZkXpS3Y1OGcRn8p1E0YI3OIJ4SaaACKG4IqZ_iGnyYBSNHqulmAh3DsbHGareMbofHkXj9aHWuXOIBLSSDSydrFzEuO-Mkqe0xptOrtFtcobS7XHb5AZ4k9MemVB7-pU0DxwDQMhOtSvHPWqvtHCYlvbyHpUgeY6AG2PTn-PuEUkS7j-iUPDxGYsJxC-_OZgfrCfeAuwWr_kzVgpRfHgVZye44prbWejNl0E6GosTlAE7exqCAHRO4Z06Qg==",
            "facilitated_booking_available": true,
            "pnr_count": 2,
            "has_airport_change": false,
            "technical_stops": 0,
            "throw_away_ticketing": false,
            "hidden_city_ticketing": false,
            "virtual_interlining": false
        },
        {
            "id": "0b7717884e310000da73c16b_0|17880b774e3800008a3958a2_0",
            "flyFrom": "BUD",
            "flyTo": "HAM",
            "cityFrom": "Budapest",
            "cityCodeFrom": "BUD",
            "cityTo": "Hamburg",
            "cityCodeTo": "HAM",
            "countryFrom": {
                "code": "HU",
                "name": "Hungary"
            },
            "countryTo": {
                "code": "DE",
                "name": "Germany"
            },
            "local_departure": "2024-10-21T13:40:00.000Z",
            "utc_departure": "2024-10-21T11:40:00.000Z",
            "local_arrival": "2024-10-21T15:25:00.000Z",
            "utc_arrival": "2024-10-21T13:25:00.000Z",
            "nightsInDest": 7,
            "quality": 250.99987,
            "distance": 949.98,
            "duration": {
                "departure": 6300,
                "return": 6300,
                "total": 12600
            },
            "price": 199,
            "conversion": {
                "EUR": 199
            },
            "fare": {
                "adults": 199,
                "children": 199,
                "infants": 199
            },
            "fare_locks": {
                "EUR": [
                    {
                        "default": false,
                        "duration": "P1D",
                        "itinerary_price_limit": 399,
                        "itinerary_price_remaining": 199,
                        "fare_lock_kind": "fee",
                        "price": 9.95,
                        "rule_instance_id": 26749,
                        "version": "v1"
                    },
                    {
                        "default": true,
                        "duration": "P3D",
                        "itinerary_price_limit": 399,
                        "itinerary_price_remaining": 199,
                        "fare_lock_kind": "fee",
                        "price": 19.9,
                        "rule_instance_id": 26748,
                        "version": "v1"
                    },
                    {
                        "default": false,
                        "duration": "P7D",
                        "itinerary_price_limit": 399,
                        "itinerary_price_remaining": 199,
                        "fare_lock_kind": "fee",
                        "price": 49.75,
                        "rule_instance_id": 26750,
                        "version": "v1"
                    }
                ]
            },
            "bags_price": {
                "1": 72.8,
                "2": 282.8
            },
            "baglimit": {
                "hand_dimensions_sum": 118,
                "hand_height": 40,
                "hand_length": 55,
                "hand_weight": 8,
                "hand_width": 23,
                "hold_dimensions_sum": 158,
                "hold_height": 52,
                "hold_length": 78,
                "hold_weight": 23,
                "hold_width": 28,
                "personal_item_dimension_sum": 95,
                "personal_item_height": 30,
                "personal_item_length": 40,
                "personal_item_weight": 8,
                "personal_item_width": 25
            },
            "availability": {
                "seats": 9
            },
            "airlines": [
                "EW"
            ],
            "route": [
                {
                    "id": "0b7717884e310000da73c16b_0",
                    "combination_id": "0b7717884e310000da73c16b",
                    "flyFrom": "BUD",
                    "flyTo": "HAM",
                    "cityFrom": "Budapest",
                    "cityCodeFrom": "BUD",
                    "cityTo": "Hamburg",
                    "cityCodeTo": "HAM",
                    "local_departure": "2024-10-21T13:40:00.000Z",
                    "utc_departure": "2024-10-21T11:40:00.000Z",
                    "local_arrival": "2024-10-21T15:25:00.000Z",
                    "utc_arrival": "2024-10-21T13:25:00.000Z",
                    "airline": "EW",
                    "flight_no": 7785,
                    "operating_carrier": "EW",
                    "operating_flight_no": "7785",
                    "fare_basis": "",
                    "fare_category": "M",
                    "fare_classes": "",
                    "return": 0,
                    "bags_recheck_required": false,
                    "vi_connection": false,
                    "guarantee": false,
                    "equipment": null,
                    "vehicle_type": "aircraft"
                },
                {
                    "id": "17880b774e3800008a3958a2_0",
                    "combination_id": "17880b774e3800008a3958a2",
                    "flyFrom": "HAM",
                    "flyTo": "BUD",
                    "cityFrom": "Hamburg",
                    "cityCodeFrom": "HAM",
                    "cityTo": "Budapest",
                    "cityCodeTo": "BUD",
                    "local_departure": "2024-10-28T06:45:00.000Z",
                    "utc_departure": "2024-10-28T05:45:00.000Z",
                    "local_arrival": "2024-10-28T08:30:00.000Z",
                    "utc_arrival": "2024-10-28T07:30:00.000Z",
                    "airline": "EW",
                    "flight_no": 7780,
                    "operating_carrier": "EW",
                    "operating_flight_no": "7780",
                    "fare_basis": "",
                    "fare_category": "M",
                    "fare_classes": "",
                    "return": 1,
                    "bags_recheck_required": false,
                    "vi_connection": false,
                    "guarantee": false,
                    "equipment": null,
                    "vehicle_type": "aircraft"
                }
            ],
            "booking_token": "HVVScjVLxLsnJnEFAe7R9WiiUBzlduJnkf895DMA6gvPmMJHG2Zy9W7fVHH261Ptf_znwPUMrRKGhSkxkG1Nt9liuLpR2SPt1BywY5G3Bhuc6RQ06WIjOtHY4scJjyEeftMn5OXXhI3Yvwtg2YHxWIrYYwlo9JYhH8JtMzQyh9a7lCzBOoe-l6QWHLtshIlzfKHZv134in31P4sSs_K3pdIj1QbtC0anAJns4BF-nK1AEQ0wvBeUSvLR6bxFv1NqqHH0qeFFrQpr703t6wj8AunaM0A0XA3h0s-9vPRUo7mXeTlz3Ti41WvR-M0vbpBWqIEbvvq1h9V3xvsryAZI-UTAmbBqyOYRdwtMYP4WcJxW5OjrmJT5JTlEAynm952jNswrcRFBlUrcnmGenPJDLO4asC59Ith4TOKRHoeESvVZsYw_FVT2puMV8egVZF8BkchZ4QZ5qeiKUcfc3REi1YxddJ1lN4C0ZpeCjUtFRTFf6RXWW_BHARdfk9TE8rqJsYUI52laVtH0H0tWjkODRXU0ShK7WjFGUWOpzx3LyVn3vRhmO5gYnhVZs_C_NWP0U3M--g-JXJAl2AgCOAMGhtgUzq_CLFPX7QaUmyBtwgakM_7DcOFSTPSWNkaHARzWEMbNpp-26OUwpDPVueRa71-ArSex5-cr48hZ8OzkOcgJXQxT7Hzyz-dMPV3l_NI_9",
            "deep_link": "https://www.kiwi.com/deep?affilid=mihalytest&currency=EUR&flightsId=0b7717884e310000da73c16b_0%7C17880b774e3800008a3958a2_0&from=BUD&lang=en&passengers=1&to=HAM&booking_token=HVVScjVLxLsnJnEFAe7R9WiiUBzlduJnkf895DMA6gvPmMJHG2Zy9W7fVHH261Ptf_znwPUMrRKGhSkxkG1Nt9liuLpR2SPt1BywY5G3Bhuc6RQ06WIjOtHY4scJjyEeftMn5OXXhI3Yvwtg2YHxWIrYYwlo9JYhH8JtMzQyh9a7lCzBOoe-l6QWHLtshIlzfKHZv134in31P4sSs_K3pdIj1QbtC0anAJns4BF-nK1AEQ0wvBeUSvLR6bxFv1NqqHH0qeFFrQpr703t6wj8AunaM0A0XA3h0s-9vPRUo7mXeTlz3Ti41WvR-M0vbpBWqIEbvvq1h9V3xvsryAZI-UTAmbBqyOYRdwtMYP4WcJxW5OjrmJT5JTlEAynm952jNswrcRFBlUrcnmGenPJDLO4asC59Ith4TOKRHoeESvVZsYw_FVT2puMV8egVZF8BkchZ4QZ5qeiKUcfc3REi1YxddJ1lN4C0ZpeCjUtFRTFf6RXWW_BHARdfk9TE8rqJsYUI52laVtH0H0tWjkODRXU0ShK7WjFGUWOpzx3LyVn3vRhmO5gYnhVZs_C_NWP0U3M--g-JXJAl2AgCOAMGhtgUzq_CLFPX7QaUmyBtwgakM_7DcOFSTPSWNkaHARzWEMbNpp-26OUwpDPVueRa71-ArSex5-cr48hZ8OzkOcgJXQxT7Hzyz-dMPV3l_NI_9",
            "facilitated_booking_available": true,
            "pnr_count": 2,
            "has_airport_change": false,
            "technical_stops": 0,
            "throw_away_ticketing": false,
            "hidden_city_ticketing": false,
            "virtual_interlining": false
        },
        {
            "id": "0b7717884e3c0000f946f594_0|17880b774e43000055bbbbc7_0",
            "flyFrom": "BUD",
            "flyTo": "HAM",
            "cityFrom": "Budapest",
            "cityCodeFrom": "BUD",
            "cityTo": "Hamburg",
            "cityCodeTo": "HAM",
            "countryFrom": {
                "code": "HU",
                "name": "Hungary"
            },
            "countryTo": {
                "code": "DE",
                "name": "Germany"
            },
            "local_departure": "2024-11-01T20:35:00.000Z",
            "utc_departure": "2024-11-01T19:35:00.000Z",
            "local_arrival": "2024-11-01T22:25:00.000Z",
            "utc_arrival": "2024-11-01T21:25:00.000Z",
            "nightsInDest": 7,
            "quality": 251.666535,
            "distance": 949.98,
            "duration": {
                "departure": 6600,
                "return": 6300,
                "total": 12900
            },
            "price": 199,
            "conversion": {
                "EUR": 199
            },
            "fare": {
                "adults": 199,
                "children": 199,
                "infants": 199
            },
            "fare_locks": {
                "EUR": [
                    {
                        "default": false,
                        "duration": "P1D",
                        "itinerary_price_limit": 399,
                        "itinerary_price_remaining": 199,
                        "fare_lock_kind": "fee",
                        "price": 9.95,
                        "rule_instance_id": 26749,
                        "version": "v1"
                    },
                    {
                        "default": true,
                        "duration": "P3D",
                        "itinerary_price_limit": 399,
                        "itinerary_price_remaining": 199,
                        "fare_lock_kind": "fee",
                        "price": 19.9,
                        "rule_instance_id": 26748,
                        "version": "v1"
                    },
                    {
                        "default": false,
                        "duration": "P7D",
                        "itinerary_price_limit": 399,
                        "itinerary_price_remaining": 199,
                        "fare_lock_kind": "fee",
                        "price": 49.75,
                        "rule_instance_id": 26750,
                        "version": "v1"
                    }
                ]
            },
            "bags_price": {
                "1": 72.8,
                "2": 282.8
            },
            "baglimit": {
                "hand_dimensions_sum": 118,
                "hand_height": 40,
                "hand_length": 55,
                "hand_weight": 8,
                "hand_width": 23,
                "hold_dimensions_sum": 158,
                "hold_height": 52,
                "hold_length": 78,
                "hold_weight": 23,
                "hold_width": 28,
                "personal_item_dimension_sum": 95,
                "personal_item_height": 30,
                "personal_item_length": 40,
                "personal_item_weight": 8,
                "personal_item_width": 25
            },
            "availability": {
                "seats": 9
            },
            "airlines": [
                "EW"
            ],
            "route": [
                {
                    "id": "0b7717884e3c0000f946f594_0",
                    "combination_id": "0b7717884e3c0000f946f594",
                    "flyFrom": "BUD",
                    "flyTo": "HAM",
                    "cityFrom": "Budapest",
                    "cityCodeFrom": "BUD",
                    "cityTo": "Hamburg",
                    "cityCodeTo": "HAM",
                    "local_departure": "2024-11-01T20:35:00.000Z",
                    "utc_departure": "2024-11-01T19:35:00.000Z",
                    "local_arrival": "2024-11-01T22:25:00.000Z",
                    "utc_arrival": "2024-11-01T21:25:00.000Z",
                    "airline": "EW",
                    "flight_no": 7781,
                    "operating_carrier": "EW",
                    "operating_flight_no": "7781",
                    "fare_basis": "",
                    "fare_category": "M",
                    "fare_classes": "",
                    "return": 0,
                    "bags_recheck_required": false,
                    "vi_connection": false,
                    "guarantee": false,
                    "equipment": null,
                    "vehicle_type": "aircraft"
                },
                {
                    "id": "17880b774e43000055bbbbc7_0",
                    "combination_id": "17880b774e43000055bbbbc7",
                    "flyFrom": "HAM",
                    "flyTo": "BUD",
                    "cityFrom": "Hamburg",
                    "cityCodeFrom": "HAM",
                    "cityTo": "Budapest",
                    "cityCodeTo": "BUD",
                    "local_departure": "2024-11-08T18:10:00.000Z",
                    "utc_departure": "2024-11-08T17:10:00.000Z",
                    "local_arrival": "2024-11-08T19:55:00.000Z",
                    "utc_arrival": "2024-11-08T18:55:00.000Z",
                    "airline": "EW",
                    "flight_no": 7780,
                    "operating_carrier": "EW",
                    "operating_flight_no": "7780",
                    "fare_basis": "",
                    "fare_category": "M",
                    "fare_classes": "",
                    "return": 1,
                    "bags_recheck_required": false,
                    "vi_connection": false,
                    "guarantee": false,
                    "equipment": null,
                    "vehicle_type": "aircraft"
                }
            ],
            "booking_token": "Hbeu_V7wopVZ8a8g542IKzz9FlvfH2mV96SjD7V7_9XSqffr9CHjVbxS5woaVBTKkJ7lY8jcElGwufTF5wgbb9ixgRsDvP1sMAIC_g9N-MclkF40660FDClA87GNXIrE7re4-RSQpNY2uGo9VbPs8vaOX3KBiD3Xyz9HVV95i9AnIspesyPEyfcCwnm_ykU3FnpNaH2mUAAu7IDgT9m1syfR0wY8QhRjqznIjlvDqMlVDe6K2A_kJ_e1AK0neWe2aopB_NY0iVNEZW5DnNqO3zwFvstvq7IHS00wGgsNus7Sw5CPKU6ENlbxdCDVHD3lt0_oOKelDcT8op1lMfBvKqKXTU-i3ESt3bHwNUchYL43y3x1JSOmkZJXnJTVdl3r7I5_dWF5oUwWSqO_RWlK17nzKArM6JpptKrjQCH3uY3u3JGFYn1Ur-Ajl1CR3__JZkugDErg3dycwZd6EROw6REdv_Xy2wr7qsXxKM-1wln-bUA6bZU6FAXUQokEUg6J133qJvEVeZj0NnwSb5LZNOFifpBMylr1fmjjUgHBc1C8qZnv4-Kq_WCve5cLYT2xpCnkyFE2OGS69NENsegPHj4rjE-1H8zgrdfU-6XGFp5RvhT3EhsbjDCQ8-_8ZVWAs-6Phz-Voa_zhIc-PoIU5E6PpMPO6kHh2I9WLKj2hZ_zgJObg-O4bT7RMTKthrEGZMrYcFkDJ9thiPRX4KiPQcA==",
            "deep_link": "https://www.kiwi.com/deep?affilid=mihalytest&currency=EUR&flightsId=0b7717884e3c0000f946f594_0%7C17880b774e43000055bbbbc7_0&from=BUD&lang=en&passengers=1&to=HAM&booking_token=Hbeu_V7wopVZ8a8g542IKzz9FlvfH2mV96SjD7V7_9XSqffr9CHjVbxS5woaVBTKkJ7lY8jcElGwufTF5wgbb9ixgRsDvP1sMAIC_g9N-MclkF40660FDClA87GNXIrE7re4-RSQpNY2uGo9VbPs8vaOX3KBiD3Xyz9HVV95i9AnIspesyPEyfcCwnm_ykU3FnpNaH2mUAAu7IDgT9m1syfR0wY8QhRjqznIjlvDqMlVDe6K2A_kJ_e1AK0neWe2aopB_NY0iVNEZW5DnNqO3zwFvstvq7IHS00wGgsNus7Sw5CPKU6ENlbxdCDVHD3lt0_oOKelDcT8op1lMfBvKqKXTU-i3ESt3bHwNUchYL43y3x1JSOmkZJXnJTVdl3r7I5_dWF5oUwWSqO_RWlK17nzKArM6JpptKrjQCH3uY3u3JGFYn1Ur-Ajl1CR3__JZkugDErg3dycwZd6EROw6REdv_Xy2wr7qsXxKM-1wln-bUA6bZU6FAXUQokEUg6J133qJvEVeZj0NnwSb5LZNOFifpBMylr1fmjjUgHBc1C8qZnv4-Kq_WCve5cLYT2xpCnkyFE2OGS69NENsegPHj4rjE-1H8zgrdfU-6XGFp5RvhT3EhsbjDCQ8-_8ZVWAs-6Phz-Voa_zhIc-PoIU5E6PpMPO6kHh2I9WLKj2hZ_zgJObg-O4bT7RMTKthrEGZMrYcFkDJ9thiPRX4KiPQcA==",
            "facilitated_booking_available": true,
            "pnr_count": 2,
            "has_airport_change": false,
            "technical_stops": 0,
            "throw_away_ticketing": false,
            "hidden_city_ticketing": false,
            "virtual_interlining": false
        },
        {
            "id": "0b7717884e38000055e57235_0|17880b774e3f0000a2fc0b41_0",
            "flyFrom": "BUD",
            "flyTo": "HAM",
            "cityFrom": "Budapest",
            "cityCodeFrom": "BUD",
            "cityTo": "Hamburg",
            "cityCodeTo": "HAM",
            "countryFrom": {
                "code": "HU",
                "name": "Hungary"
            },
            "countryTo": {
                "code": "DE",
                "name": "Germany"
            },
            "local_departure": "2024-10-28T09:15:00.000Z",
            "utc_departure": "2024-10-28T08:15:00.000Z",
            "local_arrival": "2024-10-28T11:05:00.000Z",
            "utc_arrival": "2024-10-28T10:05:00.000Z",
            "nightsInDest": 7,
            "quality": 251.666535,
            "distance": 949.98,
            "duration": {
                "departure": 6600,
                "return": 6300,
                "total": 12900
            },
            "price": 199,
            "conversion": {
                "EUR": 199
            },
            "fare": {
                "adults": 199,
                "children": 199,
                "infants": 199
            },
            "fare_locks": {
                "EUR": [
                    {
                        "default": false,
                        "duration": "P1D",
                        "itinerary_price_limit": 399,
                        "itinerary_price_remaining": 199,
                        "fare_lock_kind": "fee",
                        "price": 9.95,
                        "rule_instance_id": 26749,
                        "version": "v1"
                    },
                    {
                        "default": true,
                        "duration": "P3D",
                        "itinerary_price_limit": 399,
                        "itinerary_price_remaining": 199,
                        "fare_lock_kind": "fee",
                        "price": 19.9,
                        "rule_instance_id": 26748,
                        "version": "v1"
                    },
                    {
                        "default": false,
                        "duration": "P7D",
                        "itinerary_price_limit": 399,
                        "itinerary_price_remaining": 199,
                        "fare_lock_kind": "fee",
                        "price": 49.75,
                        "rule_instance_id": 26750,
                        "version": "v1"
                    }
                ]
            },
            "bags_price": {
                "1": 72.8,
                "2": 282.8
            },
            "baglimit": {
                "hand_dimensions_sum": 118,
                "hand_height": 40,
                "hand_length": 55,
                "hand_weight": 8,
                "hand_width": 23,
                "hold_dimensions_sum": 158,
                "hold_height": 52,
                "hold_length": 78,
                "hold_weight": 23,
                "hold_width": 28,
                "personal_item_dimension_sum": 95,
                "personal_item_height": 30,
                "personal_item_length": 40,
                "personal_item_weight": 8,
                "personal_item_width": 25
            },
            "availability": {
                "seats": 9
            },
            "airlines": [
                "EW"
            ],
            "route": [
                {
                    "id": "0b7717884e38000055e57235_0",
                    "combination_id": "0b7717884e38000055e57235",
                    "flyFrom": "BUD",
                    "flyTo": "HAM",
                    "cityFrom": "Budapest",
                    "cityCodeFrom": "BUD",
                    "cityTo": "Hamburg",
                    "cityCodeTo": "HAM",
                    "local_departure": "2024-10-28T09:15:00.000Z",
                    "utc_departure": "2024-10-28T08:15:00.000Z",
                    "local_arrival": "2024-10-28T11:05:00.000Z",
                    "utc_arrival": "2024-10-28T10:05:00.000Z",
                    "airline": "EW",
                    "flight_no": 7781,
                    "operating_carrier": "EW",
                    "operating_flight_no": "7781",
                    "fare_basis": "",
                    "fare_category": "M",
                    "fare_classes": "",
                    "return": 0,
                    "bags_recheck_required": false,
                    "vi_connection": false,
                    "guarantee": false,
                    "equipment": null,
                    "vehicle_type": "aircraft"
                },
                {
                    "id": "17880b774e3f0000a2fc0b41_0",
                    "combination_id": "17880b774e3f0000a2fc0b41",
                    "flyFrom": "HAM",
                    "flyTo": "BUD",
                    "cityFrom": "Hamburg",
                    "cityCodeFrom": "HAM",
                    "cityTo": "Budapest",
                    "cityCodeTo": "BUD",
                    "local_departure": "2024-11-04T06:45:00.000Z",
                    "utc_departure": "2024-11-04T05:45:00.000Z",
                    "local_arrival": "2024-11-04T08:30:00.000Z",
                    "utc_arrival": "2024-11-04T07:30:00.000Z",
                    "airline": "EW",
                    "flight_no": 7780,
                    "operating_carrier": "EW",
                    "operating_flight_no": "7780",
                    "fare_basis": "",
                    "fare_category": "M",
                    "fare_classes": "",
                    "return": 1,
                    "bags_recheck_required": false,
                    "vi_connection": false,
                    "guarantee": false,
                    "equipment": null,
                    "vehicle_type": "aircraft"
                }
            ],
            "booking_token": "H6rOPLe_AZK9Php0tuDNowqqvQoqLPGbxouK-0I0VYz0700PdW03EYFI7U6VmM-3040wi_VKdlJXw7mMfe2Juw9_-6TNQKfMKlZ0NliNIEhImMTpGPoUO5_uamXz5uC2uB4jmxig55zf5TRC6ZMzTNLpXl9m89_qEbEk2cOt-GMj0hY9bn55vnhV9jXGdGGkhRc5jDAb5tDOoE5wdlHHX8EZ_iLwuDfJ6R3yY9eLgXC53820git6eDFGy2jvWtd4nr0dMOgn1X1ffEPQjoAZm-C8KMZJflNjyhQ1IY_bPIwvwP-9JmzpUGwGBRQwizFpbj4hT6CzfYM0i8SAbrsiTur9k_lcxioQleZVJ_QZbeVNJKa6Yv29JZ5Lg95fcFNJXqeHvuREzeTiA-yZr5-p7n6_nq77WBzPKGSTH3JznN6q5uLlg9KU72f7jwc9hu0yzRJAckQJAAa0BN0WFXOr4gZ-3h5DFJqjnoez3fQ0ZKWTq8IdSCJijBQEPNfnIpd8ZnSlCyFb58hiru_vWLcCP6z3Mcs98J5HPTIr80UOmLzQZLL6Ds71KxhQBZ-8HyX5su84rS3H8x3L2yvuZvAiJ5rxW6izSnA-dQht1es4-BUqSUCn09XpA0QiztmKIdZuGyOffJQuM8TgEspTLFvpgt9UaJb1FMHti6Xi8taYmy4KSd1nGSUkxTQivxYWTyi--",
            "deep_link": "https://www.kiwi.com/deep?affilid=mihalytest&currency=EUR&flightsId=0b7717884e38000055e57235_0%7C17880b774e3f0000a2fc0b41_0&from=BUD&lang=en&passengers=1&to=HAM&booking_token=H6rOPLe_AZK9Php0tuDNowqqvQoqLPGbxouK-0I0VYz0700PdW03EYFI7U6VmM-3040wi_VKdlJXw7mMfe2Juw9_-6TNQKfMKlZ0NliNIEhImMTpGPoUO5_uamXz5uC2uB4jmxig55zf5TRC6ZMzTNLpXl9m89_qEbEk2cOt-GMj0hY9bn55vnhV9jXGdGGkhRc5jDAb5tDOoE5wdlHHX8EZ_iLwuDfJ6R3yY9eLgXC53820git6eDFGy2jvWtd4nr0dMOgn1X1ffEPQjoAZm-C8KMZJflNjyhQ1IY_bPIwvwP-9JmzpUGwGBRQwizFpbj4hT6CzfYM0i8SAbrsiTur9k_lcxioQleZVJ_QZbeVNJKa6Yv29JZ5Lg95fcFNJXqeHvuREzeTiA-yZr5-p7n6_nq77WBzPKGSTH3JznN6q5uLlg9KU72f7jwc9hu0yzRJAckQJAAa0BN0WFXOr4gZ-3h5DFJqjnoez3fQ0ZKWTq8IdSCJijBQEPNfnIpd8ZnSlCyFb58hiru_vWLcCP6z3Mcs98J5HPTIr80UOmLzQZLL6Ds71KxhQBZ-8HyX5su84rS3H8x3L2yvuZvAiJ5rxW6izSnA-dQht1es4-BUqSUCn09XpA0QiztmKIdZuGyOffJQuM8TgEspTLFvpgt9UaJb1FMHti6Xi8taYmy4KSd1nGSUkxTQivxYWTyi--",
            "facilitated_booking_available": true,
            "pnr_count": 2,
            "has_airport_change": false,
            "technical_stops": 0,
            "throw_away_ticketing": false,
            "hidden_city_ticketing": false,
            "virtual_interlining": false
        },
        {
            "id": "0b7717884e3e0000eb6ff300_0|17880b774e3f0000a2fc0b41_0",
            "flyFrom": "BUD",
            "flyTo": "HAM",
            "cityFrom": "Budapest",
            "cityCodeFrom": "BUD",
            "cityTo": "Hamburg",
            "cityCodeTo": "HAM",
            "countryFrom": {
                "code": "HU",
                "name": "Hungary"
            },
            "countryTo": {
                "code": "DE",
                "name": "Germany"
            },
            "local_departure": "2024-11-03T15:35:00.000Z",
            "utc_departure": "2024-11-03T14:35:00.000Z",
            "local_arrival": "2024-11-03T17:25:00.000Z",
            "utc_arrival": "2024-11-03T16:25:00.000Z",
            "nightsInDest": 1,
            "quality": 251.666535,
            "distance": 949.98,
            "duration": {
                "departure": 6600,
                "return": 6300,
                "total": 12900
            },
            "price": 199,
            "conversion": {
                "EUR": 199
            },
            "fare": {
                "adults": 199,
                "children": 199,
                "infants": 199
            },
            "fare_locks": {
                "EUR": [
                    {
                        "default": false,
                        "duration": "P1D",
                        "itinerary_price_limit": 399,
                        "itinerary_price_remaining": 199,
                        "fare_lock_kind": "fee",
                        "price": 9.95,
                        "rule_instance_id": 26749,
                        "version": "v1"
                    },
                    {
                        "default": true,
                        "duration": "P3D",
                        "itinerary_price_limit": 399,
                        "itinerary_price_remaining": 199,
                        "fare_lock_kind": "fee",
                        "price": 19.9,
                        "rule_instance_id": 26748,
                        "version": "v1"
                    },
                    {
                        "default": false,
                        "duration": "P7D",
                        "itinerary_price_limit": 399,
                        "itinerary_price_remaining": 199,
                        "fare_lock_kind": "fee",
                        "price": 49.75,
                        "rule_instance_id": 26750,
                        "version": "v1"
                    }
                ]
            },
            "bags_price": {
                "1": 72.8,
                "2": 282.8
            },
            "baglimit": {
                "hand_dimensions_sum": 118,
                "hand_height": 40,
                "hand_length": 55,
                "hand_weight": 8,
                "hand_width": 23,
                "hold_dimensions_sum": 158,
                "hold_height": 52,
                "hold_length": 78,
                "hold_weight": 23,
                "hold_width": 28,
                "personal_item_dimension_sum": 95,
                "personal_item_height": 30,
                "personal_item_length": 40,
                "personal_item_weight": 8,
                "personal_item_width": 25
            },
            "availability": {
                "seats": 8
            },
            "airlines": [
                "EW"
            ],
            "route": [
                {
                    "id": "0b7717884e3e0000eb6ff300_0",
                    "combination_id": "0b7717884e3e0000eb6ff300",
                    "flyFrom": "BUD",
                    "flyTo": "HAM",
                    "cityFrom": "Budapest",
                    "cityCodeFrom": "BUD",
                    "cityTo": "Hamburg",
                    "cityCodeTo": "HAM",
                    "local_departure": "2024-11-03T15:35:00.000Z",
                    "utc_departure": "2024-11-03T14:35:00.000Z",
                    "local_arrival": "2024-11-03T17:25:00.000Z",
                    "utc_arrival": "2024-11-03T16:25:00.000Z",
                    "airline": "EW",
                    "flight_no": 7781,
                    "operating_carrier": "EW",
                    "operating_flight_no": "7781",
                    "fare_basis": "",
                    "fare_category": "M",
                    "fare_classes": "",
                    "return": 0,
                    "bags_recheck_required": false,
                    "vi_connection": false,
                    "guarantee": false,
                    "equipment": null,
                    "vehicle_type": "aircraft"
                },
                {
                    "id": "17880b774e3f0000a2fc0b41_0",
                    "combination_id": "17880b774e3f0000a2fc0b41",
                    "flyFrom": "HAM",
                    "flyTo": "BUD",
                    "cityFrom": "Hamburg",
                    "cityCodeFrom": "HAM",
                    "cityTo": "Budapest",
                    "cityCodeTo": "BUD",
                    "local_departure": "2024-11-04T06:45:00.000Z",
                    "utc_departure": "2024-11-04T05:45:00.000Z",
                    "local_arrival": "2024-11-04T08:30:00.000Z",
                    "utc_arrival": "2024-11-04T07:30:00.000Z",
                    "airline": "EW",
                    "flight_no": 7780,
                    "operating_carrier": "EW",
                    "operating_flight_no": "7780",
                    "fare_basis": "",
                    "fare_category": "M",
                    "fare_classes": "",
                    "return": 1,
                    "bags_recheck_required": false,
                    "vi_connection": false,
                    "guarantee": false,
                    "equipment": null,
                    "vehicle_type": "aircraft"
                }
            ],
            "booking_token": "HC0IKbMiG0TqkGMVM0u5ajZ6brCpxzVmMfUtCIRqtSLZgsWIEYivlvCTtgUA2zRDg0XxjKy3Fz0ZIimlE-JR2J6ehvExA-F-AfKI4fsNrXn9LEsXky1UgODqnkoMUlL8oOS7w-dKhFcwWyUHlmOFyO2VIZ4NoY3cIAXpcO1RKhhvg-UPU_PFg91V9llw1iiL0YNJj-YLBlT3kjl4P3jIwBh9j2d48TqNjhrCuaHVuM7CZ7gavITSCeg8tTvOJIALmkNe1u2xLZ011eEkfqrLdEGS6CMQvcIoKE6ddhPXz7tvdbGZTuOjKlSJTEl0LC9f-i8C6Z3fibdlNChXZYIzV-3Qsv8FaQE4D09FVrVYJFdV_pKwYBOtaDekXXSoXfHDGMbgn4zUzRgLm30E84v6W790KX2MgaNV6YkyvD3w6o1kXS9BazTRpbk_wjFCT1MDrzMgxEJuqG9MG2DZIX5KtFFZ9zEmgBQ_hnzEC5aDBsIUwHFukXpjkCpr1kVrXgBBlvNjlnFJ6y3u2S0lsKMZGH-iDerZZKkNpdeo-E80DeY-wAlVkBZ6AWUOJAaVBnPNDTUyIowIpv_byNhx8jw6xHg7C9sbMvMahZHvC6BGCdAeCb9JnAx23Fdwno6AsIPIITHBLl7QsbfFi0MtQixQrYeHruVzYMAd2xRp8xCTWVH2h1FIkASZ3-Jx7usXiLxi3uqaWjjabNsgrODZoHpNX7UcVNen3KmyM0nE6xS699_k=",
            "deep_link": "https://www.kiwi.com/deep?affilid=mihalytest&currency=EUR&flightsId=0b7717884e3e0000eb6ff300_0%7C17880b774e3f0000a2fc0b41_0&from=BUD&lang=en&passengers=1&to=HAM&booking_token=HC0IKbMiG0TqkGMVM0u5ajZ6brCpxzVmMfUtCIRqtSLZgsWIEYivlvCTtgUA2zRDg0XxjKy3Fz0ZIimlE-JR2J6ehvExA-F-AfKI4fsNrXn9LEsXky1UgODqnkoMUlL8oOS7w-dKhFcwWyUHlmOFyO2VIZ4NoY3cIAXpcO1RKhhvg-UPU_PFg91V9llw1iiL0YNJj-YLBlT3kjl4P3jIwBh9j2d48TqNjhrCuaHVuM7CZ7gavITSCeg8tTvOJIALmkNe1u2xLZ011eEkfqrLdEGS6CMQvcIoKE6ddhPXz7tvdbGZTuOjKlSJTEl0LC9f-i8C6Z3fibdlNChXZYIzV-3Qsv8FaQE4D09FVrVYJFdV_pKwYBOtaDekXXSoXfHDGMbgn4zUzRgLm30E84v6W790KX2MgaNV6YkyvD3w6o1kXS9BazTRpbk_wjFCT1MDrzMgxEJuqG9MG2DZIX5KtFFZ9zEmgBQ_hnzEC5aDBsIUwHFukXpjkCpr1kVrXgBBlvNjlnFJ6y3u2S0lsKMZGH-iDerZZKkNpdeo-E80DeY-wAlVkBZ6AWUOJAaVBnPNDTUyIowIpv_byNhx8jw6xHg7C9sbMvMahZHvC6BGCdAeCb9JnAx23Fdwno6AsIPIITHBLl7QsbfFi0MtQixQrYeHruVzYMAd2xRp8xCTWVH2h1FIkASZ3-Jx7usXiLxi3uqaWjjabNsgrODZoHpNX7UcVNen3KmyM0nE6xS699_k=",
            "facilitated_booking_available": true,
            "pnr_count": 2,
            "has_airport_change": false,
            "technical_stops": 0,
            "throw_away_ticketing": false,
            "hidden_city_ticketing": false,
            "virtual_interlining": false
        },
        {
            "id": "0b7717884e38000055e57235_0|17880b774e3e000034b3d997_0",
            "flyFrom": "BUD",
            "flyTo": "HAM",
            "cityFrom": "Budapest",
            "cityCodeFrom": "BUD",
            "cityTo": "Hamburg",
            "cityCodeTo": "HAM",
            "countryFrom": {
                "code": "HU",
                "name": "Hungary"
            },
            "countryTo": {
                "code": "DE",
                "name": "Germany"
            },
            "local_departure": "2024-10-28T09:15:00.000Z",
            "utc_departure": "2024-10-28T08:15:00.000Z",
            "local_arrival": "2024-10-28T11:05:00.000Z",
            "utc_arrival": "2024-10-28T10:05:00.000Z",
            "nightsInDest": 6,
            "quality": 251.666535,
            "distance": 949.98,
            "duration": {
                "departure": 6600,
                "return": 6300,
                "total": 12900
            },
            "price": 199,
            "conversion": {
                "EUR": 199
            },
            "fare": {
                "adults": 199,
                "children": 199,
                "infants": 199
            },
            "fare_locks": {
                "EUR": [
                    {
                        "default": false,
                        "duration": "P1D",
                        "itinerary_price_limit": 399,
                        "itinerary_price_remaining": 199,
                        "fare_lock_kind": "fee",
                        "price": 9.95,
                        "rule_instance_id": 26749,
                        "version": "v1"
                    },
                    {
                        "default": true,
                        "duration": "P3D",
                        "itinerary_price_limit": 399,
                        "itinerary_price_remaining": 199,
                        "fare_lock_kind": "fee",
                        "price": 19.9,
                        "rule_instance_id": 26748,
                        "version": "v1"
                    },
                    {
                        "default": false,
                        "duration": "P7D",
                        "itinerary_price_limit": 399,
                        "itinerary_price_remaining": 199,
                        "fare_lock_kind": "fee",
                        "price": 49.75,
                        "rule_instance_id": 26750,
                        "version": "v1"
                    }
                ]
            },
            "bags_price": {
                "1": 72.8,
                "2": 282.8
            },
            "baglimit": {
                "hand_dimensions_sum": 118,
                "hand_height": 40,
                "hand_length": 55,
                "hand_weight": 8,
                "hand_width": 23,
                "hold_dimensions_sum": 158,
                "hold_height": 52,
                "hold_length": 78,
                "hold_weight": 23,
                "hold_width": 28,
                "personal_item_dimension_sum": 95,
                "personal_item_height": 30,
                "personal_item_length": 40,
                "personal_item_weight": 8,
                "personal_item_width": 25
            },
            "availability": {
                "seats": 5
            },
            "airlines": [
                "EW"
            ],
            "route": [
                {
                    "id": "0b7717884e38000055e57235_0",
                    "combination_id": "0b7717884e38000055e57235",
                    "flyFrom": "BUD",
                    "flyTo": "HAM",
                    "cityFrom": "Budapest",
                    "cityCodeFrom": "BUD",
                    "cityTo": "Hamburg",
                    "cityCodeTo": "HAM",
                    "local_departure": "2024-10-28T09:15:00.000Z",
                    "utc_departure": "2024-10-28T08:15:00.000Z",
                    "local_arrival": "2024-10-28T11:05:00.000Z",
                    "utc_arrival": "2024-10-28T10:05:00.000Z",
                    "airline": "EW",
                    "flight_no": 7781,
                    "operating_carrier": "EW",
                    "operating_flight_no": "7781",
                    "fare_basis": "",
                    "fare_category": "M",
                    "fare_classes": "",
                    "return": 0,
                    "bags_recheck_required": false,
                    "vi_connection": false,
                    "guarantee": false,
                    "equipment": null,
                    "vehicle_type": "aircraft"
                },
                {
                    "id": "17880b774e3e000034b3d997_0",
                    "combination_id": "17880b774e3e000034b3d997",
                    "flyFrom": "HAM",
                    "flyTo": "BUD",
                    "cityFrom": "Hamburg",
                    "cityCodeFrom": "HAM",
                    "cityTo": "Budapest",
                    "cityCodeTo": "BUD",
                    "local_departure": "2024-11-03T13:05:00.000Z",
                    "utc_departure": "2024-11-03T12:05:00.000Z",
                    "local_arrival": "2024-11-03T14:50:00.000Z",
                    "utc_arrival": "2024-11-03T13:50:00.000Z",
                    "airline": "EW",
                    "flight_no": 7780,
                    "operating_carrier": "EW",
                    "operating_flight_no": "7780",
                    "fare_basis": "",
                    "fare_category": "M",
                    "fare_classes": "",
                    "return": 1,
                    "bags_recheck_required": false,
                    "vi_connection": false,
                    "guarantee": false,
                    "equipment": null,
                    "vehicle_type": "aircraft"
                }
            ],
            "booking_token": "HUlTTdj10DH7RTLxZk17jp0qX5OgHSdOuqeSe6lL2KF8cnkMkodmFJJwW5f83ttsI1KzaAxLDL71wt8xjmrvWw7fgLsngSotcnq51Rsq9YgfPcj6sxhqPNUSL2qrccH7j4sdf_9cBvgorONYJTPElrEi91O_PwEo0ofZgdeZz13qReBS_TzB4N8pK2HdDzP32uBnELLgB26c2Qafny3DJKOOeRVwZPWuZqwKbJGyjUJHwnzkBdlsbn-15r7SfH3_c4t2rrNtRvwiIqkPcLLcRluy4OAjf23697PNPwd5Z_uObE7wc2B5eKiWIhIIXI1EAfHVdoL52u8uMS2Tb5lIM0JdLCYPds9HOQgwT1bzobKCwknFprZti9UGoxdqoZ1AVSJNC2dBXvYMVJIRkXNmd0Z_xZZ7pVnebF-XHCo018BfK22gfhkL27Q9S5RTO_ym50To-k3s3ozRWy6TA1x977Z_u1pdEsRhE-z_abiHFXTx6j0b3ZPS2ZX8uFIQ2OHyvz22fF65qdCK_oiegkVBKuG7VXqi09JkFFbs9VsJiSxsyAWDnjqkuknv2nXbZJzwOdr8QSKhjd7LIlk1nt1-krClXWrwRBcmzwy8NYFCnWSHoLub3pHWrWzG3ljs_ATdzy2QVJmhbGTVBY_v1b0hef2A3EoFn30ZbZaqA_Swlb3eG-5DrK26s6XTKFHN2PfVf4mU-yy-5_FGQx_YhM9T-xg==",
            "deep_link": "https://www.kiwi.com/deep?affilid=mihalytest&currency=EUR&flightsId=0b7717884e38000055e57235_0%7C17880b774e3e000034b3d997_0&from=BUD&lang=en&passengers=1&to=HAM&booking_token=HUlTTdj10DH7RTLxZk17jp0qX5OgHSdOuqeSe6lL2KF8cnkMkodmFJJwW5f83ttsI1KzaAxLDL71wt8xjmrvWw7fgLsngSotcnq51Rsq9YgfPcj6sxhqPNUSL2qrccH7j4sdf_9cBvgorONYJTPElrEi91O_PwEo0ofZgdeZz13qReBS_TzB4N8pK2HdDzP32uBnELLgB26c2Qafny3DJKOOeRVwZPWuZqwKbJGyjUJHwnzkBdlsbn-15r7SfH3_c4t2rrNtRvwiIqkPcLLcRluy4OAjf23697PNPwd5Z_uObE7wc2B5eKiWIhIIXI1EAfHVdoL52u8uMS2Tb5lIM0JdLCYPds9HOQgwT1bzobKCwknFprZti9UGoxdqoZ1AVSJNC2dBXvYMVJIRkXNmd0Z_xZZ7pVnebF-XHCo018BfK22gfhkL27Q9S5RTO_ym50To-k3s3ozRWy6TA1x977Z_u1pdEsRhE-z_abiHFXTx6j0b3ZPS2ZX8uFIQ2OHyvz22fF65qdCK_oiegkVBKuG7VXqi09JkFFbs9VsJiSxsyAWDnjqkuknv2nXbZJzwOdr8QSKhjd7LIlk1nt1-krClXWrwRBcmzwy8NYFCnWSHoLub3pHWrWzG3ljs_ATdzy2QVJmhbGTVBY_v1b0hef2A3EoFn30ZbZaqA_Swlb3eG-5DrK26s6XTKFHN2PfVf4mU-yy-5_FGQx_YhM9T-xg==",
            "facilitated_booking_available": true,
            "pnr_count": 2,
            "has_airport_change": false,
            "technical_stops": 0,
            "throw_away_ticketing": false,
            "hidden_city_ticketing": false,
            "virtual_interlining": false
        },
        {
            "id": "0b7717884e370000463aabdf_0|17880b774e3e000034b3d997_0",
            "flyFrom": "BUD",
            "flyTo": "HAM",
            "cityFrom": "Budapest",
            "cityCodeFrom": "BUD",
            "cityTo": "Hamburg",
            "cityCodeTo": "HAM",
            "countryFrom": {
                "code": "HU",
                "name": "Hungary"
            },
            "countryTo": {
                "code": "DE",
                "name": "Germany"
            },
            "local_departure": "2024-10-27T15:35:00.000Z",
            "utc_departure": "2024-10-27T14:35:00.000Z",
            "local_arrival": "2024-10-27T17:25:00.000Z",
            "utc_arrival": "2024-10-27T16:25:00.000Z",
            "nightsInDest": 7,
            "quality": 251.666535,
            "distance": 949.98,
            "duration": {
                "departure": 6600,
                "return": 6300,
                "total": 12900
            },
            "price": 199,
            "conversion": {
                "EUR": 199
            },
            "fare": {
                "adults": 199,
                "children": 199,
                "infants": 199
            },
            "fare_locks": {
                "EUR": [
                    {
                        "default": false,
                        "duration": "P1D",
                        "itinerary_price_limit": 399,
                        "itinerary_price_remaining": 199,
                        "fare_lock_kind": "fee",
                        "price": 9.95,
                        "rule_instance_id": 26749,
                        "version": "v1"
                    },
                    {
                        "default": true,
                        "duration": "P3D",
                        "itinerary_price_limit": 399,
                        "itinerary_price_remaining": 199,
                        "fare_lock_kind": "fee",
                        "price": 19.9,
                        "rule_instance_id": 26748,
                        "version": "v1"
                    },
                    {
                        "default": false,
                        "duration": "P7D",
                        "itinerary_price_limit": 399,
                        "itinerary_price_remaining": 199,
                        "fare_lock_kind": "fee",
                        "price": 49.75,
                        "rule_instance_id": 26750,
                        "version": "v1"
                    }
                ]
            },
            "bags_price": {
                "1": 72.8,
                "2": 282.8
            },
            "baglimit": {
                "hand_dimensions_sum": 118,
                "hand_height": 40,
                "hand_length": 55,
                "hand_weight": 8,
                "hand_width": 23,
                "hold_dimensions_sum": 158,
                "hold_height": 52,
                "hold_length": 78,
                "hold_weight": 23,
                "hold_width": 28,
                "personal_item_dimension_sum": 95,
                "personal_item_height": 30,
                "personal_item_length": 40,
                "personal_item_weight": 8,
                "personal_item_width": 25
            },
            "availability": {
                "seats": 5
            },
            "airlines": [
                "EW"
            ],
            "route": [
                {
                    "id": "0b7717884e370000463aabdf_0",
                    "combination_id": "0b7717884e370000463aabdf",
                    "flyFrom": "BUD",
                    "flyTo": "HAM",
                    "cityFrom": "Budapest",
                    "cityCodeFrom": "BUD",
                    "cityTo": "Hamburg",
                    "cityCodeTo": "HAM",
                    "local_departure": "2024-10-27T15:35:00.000Z",
                    "utc_departure": "2024-10-27T14:35:00.000Z",
                    "local_arrival": "2024-10-27T17:25:00.000Z",
                    "utc_arrival": "2024-10-27T16:25:00.000Z",
                    "airline": "EW",
                    "flight_no": 7781,
                    "operating_carrier": "EW",
                    "operating_flight_no": "7781",
                    "fare_basis": "",
                    "fare_category": "M",
                    "fare_classes": "G",
                    "return": 0,
                    "bags_recheck_required": false,
                    "vi_connection": false,
                    "guarantee": false,
                    "equipment": null,
                    "vehicle_type": "aircraft"
                },
                {
                    "id": "17880b774e3e000034b3d997_0",
                    "combination_id": "17880b774e3e000034b3d997",
                    "flyFrom": "HAM",
                    "flyTo": "BUD",
                    "cityFrom": "Hamburg",
                    "cityCodeFrom": "HAM",
                    "cityTo": "Budapest",
                    "cityCodeTo": "BUD",
                    "local_departure": "2024-11-03T13:05:00.000Z",
                    "utc_departure": "2024-11-03T12:05:00.000Z",
                    "local_arrival": "2024-11-03T14:50:00.000Z",
                    "utc_arrival": "2024-11-03T13:50:00.000Z",
                    "airline": "EW",
                    "flight_no": 7780,
                    "operating_carrier": "EW",
                    "operating_flight_no": "7780",
                    "fare_basis": "",
                    "fare_category": "M",
                    "fare_classes": "",
                    "return": 1,
                    "bags_recheck_required": false,
                    "vi_connection": false,
                    "guarantee": false,
                    "equipment": null,
                    "vehicle_type": "aircraft"
                }
            ],
            "booking_token": "HtSmFnxJv8b8OUtBkUQfr3xcwCw6cGxhAnmJ04HRBL1qgv2beJbsUx0YmZ8ZxWxKh8vbMOBkDx5X5XYWXn779nHPlP--p8dncvNNBOuz__eBZEaZhAptIpvBe-o90EC-Qqw3l9tKqYevo8pSyh8aQjvuGU_heHiO1RsMSsSVpUHx9I3iYBEC4BzDlmJpsrWRPDWmymLaTNNB6n7XHOeKZLcHDUVnyp1AH01BNRioeLUpIBdr9HNB2Wx7jX1bzpxL7pcndOa3NrLuGiWxBG5_eYUL9gl1NWIiGuU6L9T6zgdBjeTn_zaA-wrNUy1LKhiJJtRxEBnVgQLHS6Y__6GYnRLKE8jEUxnFKkPcZqDcJniJ1g8W9no9WSOWkR54JuZRG1VNyaG3v8ZLt8pTl29N0NzacIwQW0prYJoN8bdIlsaNpVe2WHaPTfkePxBVLYrBPlIX_0lIMvyCfpjvj_5_NN-ZwVue45MDA5W-w14RgMmhrZb3MUD6sNAdfRPhpGNfORs44PJrGB7E_01ZrALCol3kECIx-1XvkYkwhSQ4Kx3kB2ahZWoC-2YA8nsf-hrFSsSZ4Hy5kXBzMdZKKAUgLbEAGIlhhoI8gwEG23Jdtm8NoBTXfmFtXV1mDx23Rj9QEQdtmUDGrEfty6YgBl2Rb_Rb45oYAoBqK_BEdt6BikfhezTvlGVK0zit3LaiLwymFZui2tyjivsjaPVUDm2G7rA==",
            "deep_link": "https://www.kiwi.com/deep?affilid=mihalytest&currency=EUR&flightsId=0b7717884e370000463aabdf_0%7C17880b774e3e000034b3d997_0&from=BUD&lang=en&passengers=1&to=HAM&booking_token=HtSmFnxJv8b8OUtBkUQfr3xcwCw6cGxhAnmJ04HRBL1qgv2beJbsUx0YmZ8ZxWxKh8vbMOBkDx5X5XYWXn779nHPlP--p8dncvNNBOuz__eBZEaZhAptIpvBe-o90EC-Qqw3l9tKqYevo8pSyh8aQjvuGU_heHiO1RsMSsSVpUHx9I3iYBEC4BzDlmJpsrWRPDWmymLaTNNB6n7XHOeKZLcHDUVnyp1AH01BNRioeLUpIBdr9HNB2Wx7jX1bzpxL7pcndOa3NrLuGiWxBG5_eYUL9gl1NWIiGuU6L9T6zgdBjeTn_zaA-wrNUy1LKhiJJtRxEBnVgQLHS6Y__6GYnRLKE8jEUxnFKkPcZqDcJniJ1g8W9no9WSOWkR54JuZRG1VNyaG3v8ZLt8pTl29N0NzacIwQW0prYJoN8bdIlsaNpVe2WHaPTfkePxBVLYrBPlIX_0lIMvyCfpjvj_5_NN-ZwVue45MDA5W-w14RgMmhrZb3MUD6sNAdfRPhpGNfORs44PJrGB7E_01ZrALCol3kECIx-1XvkYkwhSQ4Kx3kB2ahZWoC-2YA8nsf-hrFSsSZ4Hy5kXBzMdZKKAUgLbEAGIlhhoI8gwEG23Jdtm8NoBTXfmFtXV1mDx23Rj9QEQdtmUDGrEfty6YgBl2Rb_Rb45oYAoBqK_BEdt6BikfhezTvlGVK0zit3LaiLwymFZui2tyjivsjaPVUDm2G7rA==",
            "facilitated_booking_available": true,
            "pnr_count": 2,
            "has_airport_change": false,
            "technical_stops": 0,
            "throw_away_ticketing": false,
            "hidden_city_ticketing": false,
            "virtual_interlining": false
        },
        {
            "id": "0b7717884e690000f47b6bc4_0|17880b774e6f0000a6cf3056_0",
            "flyFrom": "BUD",
            "flyTo": "HAM",
            "cityFrom": "Budapest",
            "cityCodeFrom": "BUD",
            "cityTo": "Hamburg",
            "cityCodeTo": "HAM",
            "countryFrom": {
                "code": "HU",
                "name": "Hungary"
            },
            "countryTo": {
                "code": "DE",
                "name": "Germany"
            },
            "local_departure": "2024-12-16T09:15:00.000Z",
            "utc_departure": "2024-12-16T08:15:00.000Z",
            "local_arrival": "2024-12-16T11:05:00.000Z",
            "utc_arrival": "2024-12-16T10:05:00.000Z",
            "nightsInDest": 6,
            "quality": 251.666535,
            "distance": 949.98,
            "duration": {
                "departure": 6600,
                "return": 6300,
                "total": 12900
            },
            "price": 199,
            "conversion": {
                "EUR": 199
            },
            "fare": {
                "adults": 199,
                "children": 199,
                "infants": 199
            },
            "fare_locks": {
                "EUR": [
                    {
                        "default": false,
                        "duration": "P1D",
                        "itinerary_price_limit": 399,
                        "itinerary_price_remaining": 199,
                        "fare_lock_kind": "fee",
                        "price": 9.95,
                        "rule_instance_id": 26749,
                        "version": "v1"
                    },
                    {
                        "default": true,
                        "duration": "P3D",
                        "itinerary_price_limit": 399,
                        "itinerary_price_remaining": 199,
                        "fare_lock_kind": "fee",
                        "price": 19.9,
                        "rule_instance_id": 26748,
                        "version": "v1"
                    },
                    {
                        "default": false,
                        "duration": "P7D",
                        "itinerary_price_limit": 399,
                        "itinerary_price_remaining": 199,
                        "fare_lock_kind": "fee",
                        "price": 49.75,
                        "rule_instance_id": 26750,
                        "version": "v1"
                    }
                ]
            },
            "bags_price": {
                "1": 72.8,
                "2": 282.8
            },
            "baglimit": {
                "hand_dimensions_sum": 118,
                "hand_height": 40,
                "hand_length": 55,
                "hand_weight": 8,
                "hand_width": 23,
                "hold_dimensions_sum": 158,
                "hold_height": 52,
                "hold_length": 78,
                "hold_weight": 23,
                "hold_width": 28,
                "personal_item_dimension_sum": 95,
                "personal_item_height": 30,
                "personal_item_length": 40,
                "personal_item_weight": 8,
                "personal_item_width": 25
            },
            "availability": {
                "seats": 2
            },
            "airlines": [
                "EW"
            ],
            "route": [
                {
                    "id": "0b7717884e690000f47b6bc4_0",
                    "combination_id": "0b7717884e690000f47b6bc4",
                    "flyFrom": "BUD",
                    "flyTo": "HAM",
                    "cityFrom": "Budapest",
                    "cityCodeFrom": "BUD",
                    "cityTo": "Hamburg",
                    "cityCodeTo": "HAM",
                    "local_departure": "2024-12-16T09:15:00.000Z",
                    "utc_departure": "2024-12-16T08:15:00.000Z",
                    "local_arrival": "2024-12-16T11:05:00.000Z",
                    "utc_arrival": "2024-12-16T10:05:00.000Z",
                    "airline": "EW",
                    "flight_no": 7781,
                    "operating_carrier": "EW",
                    "operating_flight_no": "7781",
                    "fare_basis": "",
                    "fare_category": "M",
                    "fare_classes": "L",
                    "return": 0,
                    "bags_recheck_required": false,
                    "vi_connection": false,
                    "guarantee": false,
                    "equipment": null,
                    "vehicle_type": "aircraft"
                },
                {
                    "id": "17880b774e6f0000a6cf3056_0",
                    "combination_id": "17880b774e6f0000a6cf3056",
                    "flyFrom": "HAM",
                    "flyTo": "BUD",
                    "cityFrom": "Hamburg",
                    "cityCodeFrom": "HAM",
                    "cityTo": "Budapest",
                    "cityCodeTo": "BUD",
                    "local_departure": "2024-12-22T13:05:00.000Z",
                    "utc_departure": "2024-12-22T12:05:00.000Z",
                    "local_arrival": "2024-12-22T14:50:00.000Z",
                    "utc_arrival": "2024-12-22T13:50:00.000Z",
                    "airline": "EW",
                    "flight_no": 7780,
                    "operating_carrier": "EW",
                    "operating_flight_no": "7780",
                    "fare_basis": "",
                    "fare_category": "M",
                    "fare_classes": "K",
                    "return": 1,
                    "bags_recheck_required": false,
                    "vi_connection": false,
                    "guarantee": false,
                    "equipment": null,
                    "vehicle_type": "aircraft"
                }
            ],
            "booking_token": "HMnEWGYJmZRUk05jKi6j8ZI5aUm5mZs1i4OupeBXjHOnHd6xPtzGDlb9F-jkaHJxSyj1t_MOPqKe33am2Pr6YgEhmKkFrwOWFOjoZGX9og1n7vCY-x9RNjcJ1j1304ckCH2Gnc18wcLa4_QCagSyivvvZ_SCXINQnepsJ3VIcWZQemV_cTOCS4fuDt4bIANZLDZb3CGx2jxtOlFk3XYG2zbgjlaowYXCgEhy3nMt934I5LbxJcPnM0n1jnEs7jNnKgqPd__NZ9-QfufmoAYc5XNNKfJHyguJerKoH_DM0FlqK55YSs1koEK4J2dTRNr2_t0MQbwGFLRK4UEBo3TqIs-uxJaY0H7c_AIc99OO08tT06uCas2JytVWBGapmEDEywd_DS4NadnyXSDoWRoWvLYhIxlhtzhUFRT3dIlbTdYXA72nLmHmYpP-p0uwF9aimxkZ0oonrR7nUjwMf9WnqBfUzAkr-FHUL3vXdIsdqahP4uQMc4m1mgIg2dTiCxX5_PnDoLjDB5-lqAetVeZLA12F40OnXpqO1bwVmr6ZgQwfY7NKBu1Mpd7eMZGdNwIwUSxpAxFHsgq2yEc3ZvIsfwF0yjKRLu_pZoaQdAWOTSx5thLWjRmn66O6yiINL5h8nxbFJg0u697lcBUU8mi8FFDJP7Y1s-N8lc775LIY5rKfnkfOCvGMd8iNSjb_W87I2",
            "deep_link": "https://www.kiwi.com/deep?affilid=mihalytest&currency=EUR&flightsId=0b7717884e690000f47b6bc4_0%7C17880b774e6f0000a6cf3056_0&from=BUD&lang=en&passengers=1&to=HAM&booking_token=HMnEWGYJmZRUk05jKi6j8ZI5aUm5mZs1i4OupeBXjHOnHd6xPtzGDlb9F-jkaHJxSyj1t_MOPqKe33am2Pr6YgEhmKkFrwOWFOjoZGX9og1n7vCY-x9RNjcJ1j1304ckCH2Gnc18wcLa4_QCagSyivvvZ_SCXINQnepsJ3VIcWZQemV_cTOCS4fuDt4bIANZLDZb3CGx2jxtOlFk3XYG2zbgjlaowYXCgEhy3nMt934I5LbxJcPnM0n1jnEs7jNnKgqPd__NZ9-QfufmoAYc5XNNKfJHyguJerKoH_DM0FlqK55YSs1koEK4J2dTRNr2_t0MQbwGFLRK4UEBo3TqIs-uxJaY0H7c_AIc99OO08tT06uCas2JytVWBGapmEDEywd_DS4NadnyXSDoWRoWvLYhIxlhtzhUFRT3dIlbTdYXA72nLmHmYpP-p0uwF9aimxkZ0oonrR7nUjwMf9WnqBfUzAkr-FHUL3vXdIsdqahP4uQMc4m1mgIg2dTiCxX5_PnDoLjDB5-lqAetVeZLA12F40OnXpqO1bwVmr6ZgQwfY7NKBu1Mpd7eMZGdNwIwUSxpAxFHsgq2yEc3ZvIsfwF0yjKRLu_pZoaQdAWOTSx5thLWjRmn66O6yiINL5h8nxbFJg0u697lcBUU8mi8FFDJP7Y1s-N8lc775LIY5rKfnkfOCvGMd8iNSjb_W87I2",
            "facilitated_booking_available": true,
            "pnr_count": 2,
            "has_airport_change": false,
            "technical_stops": 0,
            "throw_away_ticketing": false,
            "hidden_city_ticketing": false,
            "virtual_interlining": false
        },
        {
            "id": "0b7717884e6d0000b8525545_0|17880b774e6f0000a6cf3056_0",
            "flyFrom": "BUD",
            "flyTo": "HAM",
            "cityFrom": "Budapest",
            "cityCodeFrom": "BUD",
            "cityTo": "Hamburg",
            "cityCodeTo": "HAM",
            "countryFrom": {
                "code": "HU",
                "name": "Hungary"
            },
            "countryTo": {
                "code": "DE",
                "name": "Germany"
            },
            "local_departure": "2024-12-20T20:35:00.000Z",
            "utc_departure": "2024-12-20T19:35:00.000Z",
            "local_arrival": "2024-12-20T22:25:00.000Z",
            "utc_arrival": "2024-12-20T21:25:00.000Z",
            "nightsInDest": 2,
            "quality": 251.666535,
            "distance": 949.98,
            "duration": {
                "departure": 6600,
                "return": 6300,
                "total": 12900
            },
            "price": 199,
            "conversion": {
                "EUR": 199
            },
            "fare": {
                "adults": 199,
                "children": 199,
                "infants": 199
            },
            "fare_locks": {
                "EUR": [
                    {
                        "default": false,
                        "duration": "P1D",
                        "itinerary_price_limit": 399,
                        "itinerary_price_remaining": 199,
                        "fare_lock_kind": "fee",
                        "price": 9.95,
                        "rule_instance_id": 26749,
                        "version": "v1"
                    },
                    {
                        "default": true,
                        "duration": "P3D",
                        "itinerary_price_limit": 399,
                        "itinerary_price_remaining": 199,
                        "fare_lock_kind": "fee",
                        "price": 19.9,
                        "rule_instance_id": 26748,
                        "version": "v1"
                    },
                    {
                        "default": false,
                        "duration": "P7D",
                        "itinerary_price_limit": 399,
                        "itinerary_price_remaining": 199,
                        "fare_lock_kind": "fee",
                        "price": 49.75,
                        "rule_instance_id": 26750,
                        "version": "v1"
                    }
                ]
            },
            "bags_price": {
                "1": 72.8,
                "2": 282.8
            },
            "baglimit": {
                "hand_dimensions_sum": 118,
                "hand_height": 40,
                "hand_length": 55,
                "hand_weight": 8,
                "hand_width": 23,
                "hold_dimensions_sum": 158,
                "hold_height": 52,
                "hold_length": 78,
                "hold_weight": 23,
                "hold_width": 28,
                "personal_item_dimension_sum": 95,
                "personal_item_height": 30,
                "personal_item_length": 40,
                "personal_item_weight": 8,
                "personal_item_width": 25
            },
            "availability": {
                "seats": 3
            },
            "airlines": [
                "EW"
            ],
            "route": [
                {
                    "id": "0b7717884e6d0000b8525545_0",
                    "combination_id": "0b7717884e6d0000b8525545",
                    "flyFrom": "BUD",
                    "flyTo": "HAM",
                    "cityFrom": "Budapest",
                    "cityCodeFrom": "BUD",
                    "cityTo": "Hamburg",
                    "cityCodeTo": "HAM",
                    "local_departure": "2024-12-20T20:35:00.000Z",
                    "utc_departure": "2024-12-20T19:35:00.000Z",
                    "local_arrival": "2024-12-20T22:25:00.000Z",
                    "utc_arrival": "2024-12-20T21:25:00.000Z",
                    "airline": "EW",
                    "flight_no": 7781,
                    "operating_carrier": "EW",
                    "operating_flight_no": "7781",
                    "fare_basis": "",
                    "fare_category": "M",
                    "fare_classes": "",
                    "return": 0,
                    "bags_recheck_required": false,
                    "vi_connection": false,
                    "guarantee": false,
                    "equipment": null,
                    "vehicle_type": "aircraft"
                },
                {
                    "id": "17880b774e6f0000a6cf3056_0",
                    "combination_id": "17880b774e6f0000a6cf3056",
                    "flyFrom": "HAM",
                    "flyTo": "BUD",
                    "cityFrom": "Hamburg",
                    "cityCodeFrom": "HAM",
                    "cityTo": "Budapest",
                    "cityCodeTo": "BUD",
                    "local_departure": "2024-12-22T13:05:00.000Z",
                    "utc_departure": "2024-12-22T12:05:00.000Z",
                    "local_arrival": "2024-12-22T14:50:00.000Z",
                    "utc_arrival": "2024-12-22T13:50:00.000Z",
                    "airline": "EW",
                    "flight_no": 7780,
                    "operating_carrier": "EW",
                    "operating_flight_no": "7780",
                    "fare_basis": "",
                    "fare_category": "M",
                    "fare_classes": "K",
                    "return": 1,
                    "bags_recheck_required": false,
                    "vi_connection": false,
                    "guarantee": false,
                    "equipment": null,
                    "vehicle_type": "aircraft"
                }
            ],
            "booking_token": "HKpASaclr93axQ6J7fTapFqzvfLxrGtv5q_SPg-vHtWq0TqMgndYPjtSRHNdvs4gwoGRgodqsyBgZ9i7F-7gUF2bfDSLGuh-U7YuIQYZJDXQYQkf5G3PnatfvLQQKDfLJX-lxE4unG7a2sg4V9m-jmUzdeoiVR6GE4pApKlEyAEfZaTC_dTiSgQMU93FsQYjKdmk_eV_EMj2hng7qEHwd_3BJMY83Ezz3eDUP2yjzNeowkQr0xveGuyb2v2JtF5FFstu--1yenQ14M3aOTmJFtRWiWw7dOroAOo_9W089cnjvZsdf1RX8LFxZrMEKfovT32D1IPJ7LevK1uV7fACgPIOM-7CmZDwMzJlFGrgMozdIwFKtLDE7tq_HamXF_BI76irMI98W5RgAmCWFYbg_0LEgahWs59Nz1vDeu2T7l3iDUQWv6bNK-bjxWSxvAqqzcyY1NG4WxIlRBdmBKsWq9syL_Pieksow_ipMd-zg6omTdO5hJSxNdIrMIwJ-_tqZQWqfMHzXNtGIFyQ3PPtayQBJQiEwOaNq8-zPVhsntq-4fFJMvK0e4K2eVyLxLuQPi3LUzqi-oD2xP-kHpnANKSviPZVbpM-aikJDxHxHUZEMH4fFcwOhjr3QCfkFP5zqxoZ_WraGU1yRNPGDAXdhaF2DnvpAeryvCHpkJB1oy6NowjU9G1UVqolcS5kxEDfu",
            "deep_link": "https://www.kiwi.com/deep?affilid=mihalytest&currency=EUR&flightsId=0b7717884e6d0000b8525545_0%7C17880b774e6f0000a6cf3056_0&from=BUD&lang=en&passengers=1&to=HAM&booking_token=HKpASaclr93axQ6J7fTapFqzvfLxrGtv5q_SPg-vHtWq0TqMgndYPjtSRHNdvs4gwoGRgodqsyBgZ9i7F-7gUF2bfDSLGuh-U7YuIQYZJDXQYQkf5G3PnatfvLQQKDfLJX-lxE4unG7a2sg4V9m-jmUzdeoiVR6GE4pApKlEyAEfZaTC_dTiSgQMU93FsQYjKdmk_eV_EMj2hng7qEHwd_3BJMY83Ezz3eDUP2yjzNeowkQr0xveGuyb2v2JtF5FFstu--1yenQ14M3aOTmJFtRWiWw7dOroAOo_9W089cnjvZsdf1RX8LFxZrMEKfovT32D1IPJ7LevK1uV7fACgPIOM-7CmZDwMzJlFGrgMozdIwFKtLDE7tq_HamXF_BI76irMI98W5RgAmCWFYbg_0LEgahWs59Nz1vDeu2T7l3iDUQWv6bNK-bjxWSxvAqqzcyY1NG4WxIlRBdmBKsWq9syL_Pieksow_ipMd-zg6omTdO5hJSxNdIrMIwJ-_tqZQWqfMHzXNtGIFyQ3PPtayQBJQiEwOaNq8-zPVhsntq-4fFJMvK0e4K2eVyLxLuQPi3LUzqi-oD2xP-kHpnANKSviPZVbpM-aikJDxHxHUZEMH4fFcwOhjr3QCfkFP5zqxoZ_WraGU1yRNPGDAXdhaF2DnvpAeryvCHpkJB1oy6NowjU9G1UVqolcS5kxEDfu",
            "facilitated_booking_available": true,
            "pnr_count": 2,
            "has_airport_change": false,
            "technical_stops": 0,
            "throw_away_ticketing": false,
            "hidden_city_ticketing": false,
            "virtual_interlining": false
        },
        {
            "id": "0b7717884e260000dc48f9c7_0|17880b774e290000cb7ad27a_0",
            "flyFrom": "BUD",
            "flyTo": "HAM",
            "cityFrom": "Budapest",
            "cityCodeFrom": "BUD",
            "cityTo": "Hamburg",
            "cityCodeTo": "HAM",
            "countryFrom": {
                "code": "HU",
                "name": "Hungary"
            },
            "countryTo": {
                "code": "DE",
                "name": "Germany"
            },
            "local_departure": "2024-10-10T20:45:00.000Z",
            "utc_departure": "2024-10-10T18:45:00.000Z",
            "local_arrival": "2024-10-10T22:30:00.000Z",
            "utc_arrival": "2024-10-10T20:30:00.000Z",
            "nightsInDest": 3,
            "quality": 252.333205,
            "distance": 949.98,
            "duration": {
                "departure": 6300,
                "return": 6000,
                "total": 12300
            },
            "price": 201,
            "conversion": {
                "EUR": 201
            },
            "fare": {
                "adults": 201,
                "children": 201,
                "infants": 201
            },
            "fare_locks": {
                "EUR": [
                    {
                        "default": false,
                        "duration": "P1D",
                        "itinerary_price_limit": 401,
                        "itinerary_price_remaining": 201,
                        "fare_lock_kind": "fee",
                        "price": 10.05,
                        "rule_instance_id": 26749,
                        "version": "v1"
                    },
                    {
                        "default": true,
                        "duration": "P3D",
                        "itinerary_price_limit": 401,
                        "itinerary_price_remaining": 201,
                        "fare_lock_kind": "fee",
                        "price": 20.1,
                        "rule_instance_id": 26748,
                        "version": "v1"
                    },
                    {
                        "default": false,
                        "duration": "P7D",
                        "itinerary_price_limit": 401,
                        "itinerary_price_remaining": 201,
                        "fare_lock_kind": "fee",
                        "price": 50.25,
                        "rule_instance_id": 26750,
                        "version": "v1"
                    }
                ]
            },
            "bags_price": {
                "1": 72.8,
                "2": 282.8
            },
            "baglimit": {
                "hand_dimensions_sum": 118,
                "hand_height": 40,
                "hand_length": 55,
                "hand_weight": 8,
                "hand_width": 23,
                "hold_dimensions_sum": 158,
                "hold_height": 52,
                "hold_length": 78,
                "hold_weight": 23,
                "hold_width": 28,
                "personal_item_dimension_sum": 95,
                "personal_item_height": 30,
                "personal_item_length": 40,
                "personal_item_weight": 8,
                "personal_item_width": 25
            },
            "availability": {
                "seats": 9
            },
            "airlines": [
                "EW"
            ],
            "route": [
                {
                    "id": "0b7717884e260000dc48f9c7_0",
                    "combination_id": "0b7717884e260000dc48f9c7",
                    "flyFrom": "BUD",
                    "flyTo": "HAM",
                    "cityFrom": "Budapest",
                    "cityCodeFrom": "BUD",
                    "cityTo": "Hamburg",
                    "cityCodeTo": "HAM",
                    "local_departure": "2024-10-10T20:45:00.000Z",
                    "utc_departure": "2024-10-10T18:45:00.000Z",
                    "local_arrival": "2024-10-10T22:30:00.000Z",
                    "utc_arrival": "2024-10-10T20:30:00.000Z",
                    "airline": "EW",
                    "flight_no": 7783,
                    "operating_carrier": "EW",
                    "operating_flight_no": "7783",
                    "fare_basis": "",
                    "fare_category": "M",
                    "fare_classes": "",
                    "return": 0,
                    "bags_recheck_required": false,
                    "vi_connection": false,
                    "guarantee": false,
                    "equipment": null,
                    "vehicle_type": "aircraft"
                },
                {
                    "id": "17880b774e290000cb7ad27a_0",
                    "combination_id": "17880b774e290000cb7ad27a",
                    "flyFrom": "HAM",
                    "flyTo": "BUD",
                    "cityFrom": "Hamburg",
                    "cityCodeFrom": "HAM",
                    "cityTo": "Budapest",
                    "cityCodeTo": "BUD",
                    "local_departure": "2024-10-13T18:25:00.000Z",
                    "utc_departure": "2024-10-13T16:25:00.000Z",
                    "local_arrival": "2024-10-13T20:05:00.000Z",
                    "utc_arrival": "2024-10-13T18:05:00.000Z",
                    "airline": "EW",
                    "flight_no": 7782,
                    "operating_carrier": "EW",
                    "operating_flight_no": "7782",
                    "fare_basis": "",
                    "fare_category": "M",
                    "fare_classes": "",
                    "return": 1,
                    "bags_recheck_required": false,
                    "vi_connection": false,
                    "guarantee": false,
                    "equipment": null,
                    "vehicle_type": "aircraft"
                }
            ],
            "booking_token": "HPH-xNiUtImJYEOLqdt28ndw6BDA0rcBykIcOjE83u2Oy66vs2mwltGWubtrqjynD9Co_gR7zqlIPTR_u19MIJaRdTmOfBwHbOg3aOswyVmDdL_98AFXOGP0C5o_auvPXIsYfmRKD324gQjdS5OPTXYq93p5H75vuYeRAwOCwAufBA91t1-fok4Clls-Q7YwAlY4OviUXOXkvWHZUCt9I8W5zVkeJ5p2dTkfpM2qNd2FsyiPR14sFyRvdnwM7IEZo7CUJXww5eMXNAc4Hiaa6N7JHI64oyYNioYQ1-Su_9NNZHcG9kuyfsIfC28Pf52G6JrJPE3eDCEr-MEcMl2J5essJ_WrK2sU-eeYMMkZSskCZMnlSxmJWzPxZzaSde6QZRhhvjPrIew-BeH9rsCOT4-jQ_eSly3VsqEOdm8Gbjc3Hvbqm4Dz3RpSkuwwddsRoKCD_5rpC9U3QZYmepHAw_w5TPSLr4Hc_TauQYYo5KEiALzrYrcn0DOpaWuYequX5oRaCsj5aMC2eSa10RMErU0Sjzu_oZAOjCZjvVRC6HHs2qm7-z3Bl9Ml5F-RwYw-aWOMynO48pCNNtcYEIwMi_fdRrF3kfuu_h4ZBXVJaODK3w8W-JKwRVJyIDpIaO3MrfUpJ7ujlcMR83ajr739clsvWZ2YHb-r3Gj2fXBQjD6v_ol22uJGT1vfGfmO2Ue5jJtHfjfrqHaMWT3Xloh7NTIy2PB0klF0MXfehrCe5GlreJfJK5SaLXEqhgA5AL1ME",
            "deep_link": "https://www.kiwi.com/deep?affilid=mihalytest&currency=EUR&flightsId=0b7717884e260000dc48f9c7_0%7C17880b774e290000cb7ad27a_0&from=BUD&lang=en&passengers=1&to=HAM&booking_token=HPH-xNiUtImJYEOLqdt28ndw6BDA0rcBykIcOjE83u2Oy66vs2mwltGWubtrqjynD9Co_gR7zqlIPTR_u19MIJaRdTmOfBwHbOg3aOswyVmDdL_98AFXOGP0C5o_auvPXIsYfmRKD324gQjdS5OPTXYq93p5H75vuYeRAwOCwAufBA91t1-fok4Clls-Q7YwAlY4OviUXOXkvWHZUCt9I8W5zVkeJ5p2dTkfpM2qNd2FsyiPR14sFyRvdnwM7IEZo7CUJXww5eMXNAc4Hiaa6N7JHI64oyYNioYQ1-Su_9NNZHcG9kuyfsIfC28Pf52G6JrJPE3eDCEr-MEcMl2J5essJ_WrK2sU-eeYMMkZSskCZMnlSxmJWzPxZzaSde6QZRhhvjPrIew-BeH9rsCOT4-jQ_eSly3VsqEOdm8Gbjc3Hvbqm4Dz3RpSkuwwddsRoKCD_5rpC9U3QZYmepHAw_w5TPSLr4Hc_TauQYYo5KEiALzrYrcn0DOpaWuYequX5oRaCsj5aMC2eSa10RMErU0Sjzu_oZAOjCZjvVRC6HHs2qm7-z3Bl9Ml5F-RwYw-aWOMynO48pCNNtcYEIwMi_fdRrF3kfuu_h4ZBXVJaODK3w8W-JKwRVJyIDpIaO3MrfUpJ7ujlcMR83ajr739clsvWZ2YHb-r3Gj2fXBQjD6v_ol22uJGT1vfGfmO2Ue5jJtHfjfrqHaMWT3Xloh7NTIy2PB0klF0MXfehrCe5GlreJfJK5SaLXEqhgA5AL1ME",
            "facilitated_booking_available": true,
            "pnr_count": 2,
            "has_airport_change": false,
            "technical_stops": 0,
            "throw_away_ticketing": false,
            "hidden_city_ticketing": false,
            "virtual_interlining": false
        },
        {
            "id": "0b7717884e030000768a9409_0|17880b774e0400008d594e23_0",
            "flyFrom": "BUD",
            "flyTo": "HAM",
            "cityFrom": "Budapest",
            "cityCodeFrom": "BUD",
            "cityTo": "Hamburg",
            "cityCodeTo": "HAM",
            "countryFrom": {
                "code": "HU",
                "name": "Hungary"
            },
            "countryTo": {
                "code": "DE",
                "name": "Germany"
            },
            "local_departure": "2024-09-05T20:45:00.000Z",
            "utc_departure": "2024-09-05T18:45:00.000Z",
            "local_arrival": "2024-09-05T22:30:00.000Z",
            "utc_arrival": "2024-09-05T20:30:00.000Z",
            "nightsInDest": 1,
            "quality": 252.333205,
            "distance": 949.98,
            "duration": {
                "departure": 6300,
                "return": 6000,
                "total": 12300
            },
            "price": 201,
            "conversion": {
                "EUR": 201
            },
            "fare": {
                "adults": 201,
                "children": 201,
                "infants": 201
            },
            "fare_locks": {
                "EUR": [
                    {
                        "default": false,
                        "duration": "P1D",
                        "itinerary_price_limit": 401,
                        "itinerary_price_remaining": 201,
                        "fare_lock_kind": "fee",
                        "price": 10.05,
                        "rule_instance_id": 26749,
                        "version": "v1"
                    },
                    {
                        "default": true,
                        "duration": "P3D",
                        "itinerary_price_limit": 401,
                        "itinerary_price_remaining": 201,
                        "fare_lock_kind": "fee",
                        "price": 20.1,
                        "rule_instance_id": 26748,
                        "version": "v1"
                    },
                    {
                        "default": false,
                        "duration": "P7D",
                        "itinerary_price_limit": 401,
                        "itinerary_price_remaining": 201,
                        "fare_lock_kind": "fee",
                        "price": 50.25,
                        "rule_instance_id": 26750,
                        "version": "v1"
                    }
                ]
            },
            "bags_price": {
                "1": 72.8,
                "2": 282.8
            },
            "baglimit": {
                "hand_dimensions_sum": 118,
                "hand_height": 40,
                "hand_length": 55,
                "hand_weight": 8,
                "hand_width": 23,
                "hold_dimensions_sum": 158,
                "hold_height": 52,
                "hold_length": 78,
                "hold_weight": 23,
                "hold_width": 28,
                "personal_item_dimension_sum": 95,
                "personal_item_height": 30,
                "personal_item_length": 40,
                "personal_item_weight": 8,
                "personal_item_width": 25
            },
            "availability": {
                "seats": 3
            },
            "airlines": [
                "EW"
            ],
            "route": [
                {
                    "id": "0b7717884e030000768a9409_0",
                    "combination_id": "0b7717884e030000768a9409",
                    "flyFrom": "BUD",
                    "flyTo": "HAM",
                    "cityFrom": "Budapest",
                    "cityCodeFrom": "BUD",
                    "cityTo": "Hamburg",
                    "cityCodeTo": "HAM",
                    "local_departure": "2024-09-05T20:45:00.000Z",
                    "utc_departure": "2024-09-05T18:45:00.000Z",
                    "local_arrival": "2024-09-05T22:30:00.000Z",
                    "utc_arrival": "2024-09-05T20:30:00.000Z",
                    "airline": "EW",
                    "flight_no": 7783,
                    "operating_carrier": "EW",
                    "operating_flight_no": "7783",
                    "fare_basis": "",
                    "fare_category": "M",
                    "fare_classes": "",
                    "return": 0,
                    "bags_recheck_required": false,
                    "vi_connection": false,
                    "guarantee": false,
                    "equipment": null,
                    "vehicle_type": "aircraft"
                },
                {
                    "id": "17880b774e0400008d594e23_0",
                    "combination_id": "17880b774e0400008d594e23",
                    "flyFrom": "HAM",
                    "flyTo": "BUD",
                    "cityFrom": "Hamburg",
                    "cityCodeFrom": "HAM",
                    "cityTo": "Budapest",
                    "cityCodeTo": "BUD",
                    "local_departure": "2024-09-06T18:25:00.000Z",
                    "utc_departure": "2024-09-06T16:25:00.000Z",
                    "local_arrival": "2024-09-06T20:05:00.000Z",
                    "utc_arrival": "2024-09-06T18:05:00.000Z",
                    "airline": "EW",
                    "flight_no": 7782,
                    "operating_carrier": "EW",
                    "operating_flight_no": "7782",
                    "fare_basis": "",
                    "fare_category": "M",
                    "fare_classes": "",
                    "return": 1,
                    "bags_recheck_required": false,
                    "vi_connection": false,
                    "guarantee": false,
                    "equipment": null,
                    "vehicle_type": "aircraft"
                }
            ],
            "booking_token": "HVrFHn0svETjL93d7ot7MJJD7SHGiTcdvfBNPlhfpr_LtmZcv41ZQah1sBY4Jb-wtwzp769wijeCzbwTCuH-yrOI4PURHBnuaNFaqWOSaKgbIgMZ5YgRDu2Vvkh_pVIF9jXBoqrpD2Lu4fI7fhTjW-9Ylz7R_PAu_qKgMgApLLDQD0lqOVkC59vZrNtwoRnrHEH9qkfMW2ugOh3tDkuBMNXgjtuwyollihUUtPdWwY8B7QYjwJ6my8z7JsL5N9v_0IUK33HoxrXdsshzvWzjp80FPhCRWSEzu0vhvHzUAhSY5S5JWThSgSJs_jMt8z4Tm86ZKczLBO0johnAf3d3Rc2SKCZruGZqgTRe6PqbAtcpQXzz1jhrPE-Omggkmz6Eh0EAos12-KirzTnoTxhh5musbuezHz7Ni6mSm2COsIoGcL6jqyRj5Kh44WflfWOKtCfjuOiu2GvLyd0TpLJr5YA8J3RCxqT8a8vYIzBEPP4fE7d9pv4z1o0MmYXJplKRR6XlpL8RsPaUcM9OIvAb1jXLXZKB8ujrIGR5XYDITIEaQOT0ynhgRI_DDeyj4iGabj6V8rOOZKPLlVAL1ZG7qzwGgq0bph50_r2n7zVdPA1oCIjglaavyOXCepW_6ICtj_ZSwEU8zDPHoi9auHJD3uTwLpLhMrbAfH5Jp-ihnYESPSFT1zekiTikMgHAYEE998ilpi8CZZG5412K1fHYBXH85SAn_Qw2DVhFwnWNnYG8=",
            "deep_link": "https://www.kiwi.com/deep?affilid=mihalytest&currency=EUR&flightsId=0b7717884e030000768a9409_0%7C17880b774e0400008d594e23_0&from=BUD&lang=en&passengers=1&to=HAM&booking_token=HVrFHn0svETjL93d7ot7MJJD7SHGiTcdvfBNPlhfpr_LtmZcv41ZQah1sBY4Jb-wtwzp769wijeCzbwTCuH-yrOI4PURHBnuaNFaqWOSaKgbIgMZ5YgRDu2Vvkh_pVIF9jXBoqrpD2Lu4fI7fhTjW-9Ylz7R_PAu_qKgMgApLLDQD0lqOVkC59vZrNtwoRnrHEH9qkfMW2ugOh3tDkuBMNXgjtuwyollihUUtPdWwY8B7QYjwJ6my8z7JsL5N9v_0IUK33HoxrXdsshzvWzjp80FPhCRWSEzu0vhvHzUAhSY5S5JWThSgSJs_jMt8z4Tm86ZKczLBO0johnAf3d3Rc2SKCZruGZqgTRe6PqbAtcpQXzz1jhrPE-Omggkmz6Eh0EAos12-KirzTnoTxhh5musbuezHz7Ni6mSm2COsIoGcL6jqyRj5Kh44WflfWOKtCfjuOiu2GvLyd0TpLJr5YA8J3RCxqT8a8vYIzBEPP4fE7d9pv4z1o0MmYXJplKRR6XlpL8RsPaUcM9OIvAb1jXLXZKB8ujrIGR5XYDITIEaQOT0ynhgRI_DDeyj4iGabj6V8rOOZKPLlVAL1ZG7qzwGgq0bph50_r2n7zVdPA1oCIjglaavyOXCepW_6ICtj_ZSwEU8zDPHoi9auHJD3uTwLpLhMrbAfH5Jp-ihnYESPSFT1zekiTikMgHAYEE998ilpi8CZZG5412K1fHYBXH85SAn_Qw2DVhFwnWNnYG8=",
            "facilitated_booking_available": true,
            "pnr_count": 2,
            "has_airport_change": false,
            "technical_stops": 0,
            "throw_away_ticketing": false,
            "hidden_city_ticketing": false,
            "virtual_interlining": false
        },
        {
            "id": "0b7717884e040000528564b4_0|17880b774e0b00001503b82c_0",
            "flyFrom": "BUD",
            "flyTo": "HAM",
            "cityFrom": "Budapest",
            "cityCodeFrom": "BUD",
            "cityTo": "Hamburg",
            "cityCodeTo": "HAM",
            "countryFrom": {
                "code": "HU",
                "name": "Hungary"
            },
            "countryTo": {
                "code": "DE",
                "name": "Germany"
            },
            "local_departure": "2024-09-06T20:45:00.000Z",
            "utc_departure": "2024-09-06T18:45:00.000Z",
            "local_arrival": "2024-09-06T22:30:00.000Z",
            "utc_arrival": "2024-09-06T20:30:00.000Z",
            "nightsInDest": 7,
            "quality": 252.333205,
            "distance": 949.98,
            "duration": {
                "departure": 6300,
                "return": 6000,
                "total": 12300
            },
            "price": 201,
            "conversion": {
                "EUR": 201
            },
            "fare": {
                "adults": 201,
                "children": 201,
                "infants": 201
            },
            "fare_locks": {
                "EUR": [
                    {
                        "default": false,
                        "duration": "P1D",
                        "itinerary_price_limit": 401,
                        "itinerary_price_remaining": 201,
                        "fare_lock_kind": "fee",
                        "price": 10.05,
                        "rule_instance_id": 26749,
                        "version": "v1"
                    },
                    {
                        "default": true,
                        "duration": "P3D",
                        "itinerary_price_limit": 401,
                        "itinerary_price_remaining": 201,
                        "fare_lock_kind": "fee",
                        "price": 20.1,
                        "rule_instance_id": 26748,
                        "version": "v1"
                    },
                    {
                        "default": false,
                        "duration": "P7D",
                        "itinerary_price_limit": 401,
                        "itinerary_price_remaining": 201,
                        "fare_lock_kind": "fee",
                        "price": 50.25,
                        "rule_instance_id": 26750,
                        "version": "v1"
                    }
                ]
            },
            "bags_price": {
                "1": 72.8,
                "2": 282.8
            },
            "baglimit": {
                "hand_dimensions_sum": 118,
                "hand_height": 40,
                "hand_length": 55,
                "hand_weight": 8,
                "hand_width": 23,
                "hold_dimensions_sum": 158,
                "hold_height": 52,
                "hold_length": 78,
                "hold_weight": 23,
                "hold_width": 28,
                "personal_item_dimension_sum": 95,
                "personal_item_height": 30,
                "personal_item_length": 40,
                "personal_item_weight": 8,
                "personal_item_width": 25
            },
            "availability": {
                "seats": 4
            },
            "airlines": [
                "EW"
            ],
            "route": [
                {
                    "id": "0b7717884e040000528564b4_0",
                    "combination_id": "0b7717884e040000528564b4",
                    "flyFrom": "BUD",
                    "flyTo": "HAM",
                    "cityFrom": "Budapest",
                    "cityCodeFrom": "BUD",
                    "cityTo": "Hamburg",
                    "cityCodeTo": "HAM",
                    "local_departure": "2024-09-06T20:45:00.000Z",
                    "utc_departure": "2024-09-06T18:45:00.000Z",
                    "local_arrival": "2024-09-06T22:30:00.000Z",
                    "utc_arrival": "2024-09-06T20:30:00.000Z",
                    "airline": "EW",
                    "flight_no": 7783,
                    "operating_carrier": "EW",
                    "operating_flight_no": "7783",
                    "fare_basis": "",
                    "fare_category": "M",
                    "fare_classes": "",
                    "return": 0,
                    "bags_recheck_required": false,
                    "vi_connection": false,
                    "guarantee": false,
                    "equipment": null,
                    "vehicle_type": "aircraft"
                },
                {
                    "id": "17880b774e0b00001503b82c_0",
                    "combination_id": "17880b774e0b00001503b82c",
                    "flyFrom": "HAM",
                    "flyTo": "BUD",
                    "cityFrom": "Hamburg",
                    "cityCodeFrom": "HAM",
                    "cityTo": "Budapest",
                    "cityCodeTo": "BUD",
                    "local_departure": "2024-09-13T18:25:00.000Z",
                    "utc_departure": "2024-09-13T16:25:00.000Z",
                    "local_arrival": "2024-09-13T20:05:00.000Z",
                    "utc_arrival": "2024-09-13T18:05:00.000Z",
                    "airline": "EW",
                    "flight_no": 7782,
                    "operating_carrier": "EW",
                    "operating_flight_no": "7782",
                    "fare_basis": "",
                    "fare_category": "M",
                    "fare_classes": "",
                    "return": 1,
                    "bags_recheck_required": false,
                    "vi_connection": false,
                    "guarantee": false,
                    "equipment": null,
                    "vehicle_type": "aircraft"
                }
            ],
            "booking_token": "H9f7mj1XxZQzwj9lwzVQ_Dvo-gaiBRP_hsOMoL3w2PdD672WFFh1nNHEM_f-woRZR-c4GMkjL-sbVCIs2lva0G83PkpN0oRo0u_LwDBgh3Vv7EgOOuf6sLQj_gyJELhJvbIhsFYmQSVeb37R8AN6Dog42hGNwrNXUURDH3Vo-uUtleKpvR0FwkNjSJGT9zjAA84o3nZ-dpZOvr2cX7evOVUhOets9O-1A4QDkh6PWeGUt74YPu7qrEt42Us6OuiBKeIfc15i6_xCcNUisODmvY8tL2RrjIcly2TUtFlpPTDuXadTjExF-HJlpizwUJJ3jN9E32MV4-O1aynFc_X7M3ZyBpn64zL8SAXnmP03g4Os-6KYU7iDAcUTJO4il4tw8WHXiKve0JB3YZER3rGUu-VIThmo-9-BN04Pt9py7YbDlb6Enq_75aCjMBjr7IiWajZw32_7ifOz5-Nu0UD5X6PEOGlJWMoWHGy4hDbDn5TWaDbtQ9Sg7-6_bTcdXnqt345H2zUmCOS8k0QbVugCRYn2SlsXRayc0Bwms55XBT9xZH6vLZHcQNK3ZF5enWoNdfkJh7guULHql_Dwg2ZtH8PtIwrl_X6dL9fWQ1tYNjzAMbpKuwmDdIzBK9F-rILuZie9Z_vzRmrSo64H6-egDDD9CEh01RHKGv9HmA44Vbc3a_GTO9vL3JYbxcUjg1mW3uyeBP-7_moz8b6GsWCH_rQ==",
            "deep_link": "https://www.kiwi.com/deep?affilid=mihalytest&currency=EUR&flightsId=0b7717884e040000528564b4_0%7C17880b774e0b00001503b82c_0&from=BUD&lang=en&passengers=1&to=HAM&booking_token=H9f7mj1XxZQzwj9lwzVQ_Dvo-gaiBRP_hsOMoL3w2PdD672WFFh1nNHEM_f-woRZR-c4GMkjL-sbVCIs2lva0G83PkpN0oRo0u_LwDBgh3Vv7EgOOuf6sLQj_gyJELhJvbIhsFYmQSVeb37R8AN6Dog42hGNwrNXUURDH3Vo-uUtleKpvR0FwkNjSJGT9zjAA84o3nZ-dpZOvr2cX7evOVUhOets9O-1A4QDkh6PWeGUt74YPu7qrEt42Us6OuiBKeIfc15i6_xCcNUisODmvY8tL2RrjIcly2TUtFlpPTDuXadTjExF-HJlpizwUJJ3jN9E32MV4-O1aynFc_X7M3ZyBpn64zL8SAXnmP03g4Os-6KYU7iDAcUTJO4il4tw8WHXiKve0JB3YZER3rGUu-VIThmo-9-BN04Pt9py7YbDlb6Enq_75aCjMBjr7IiWajZw32_7ifOz5-Nu0UD5X6PEOGlJWMoWHGy4hDbDn5TWaDbtQ9Sg7-6_bTcdXnqt345H2zUmCOS8k0QbVugCRYn2SlsXRayc0Bwms55XBT9xZH6vLZHcQNK3ZF5enWoNdfkJh7guULHql_Dwg2ZtH8PtIwrl_X6dL9fWQ1tYNjzAMbpKuwmDdIzBK9F-rILuZie9Z_vzRmrSo64H6-egDDD9CEh01RHKGv9HmA44Vbc3a_GTO9vL3JYbxcUjg1mW3uyeBP-7_moz8b6GsWCH_rQ==",
            "facilitated_booking_available": true,
            "pnr_count": 2,
            "has_airport_change": false,
            "technical_stops": 0,
            "throw_away_ticketing": false,
            "hidden_city_ticketing": false,
            "virtual_interlining": false
        },
        {
            "id": "0b7717884df9000016ee0557_0|17880b774e0000006eb65ce5_0",
            "flyFrom": "BUD",
            "flyTo": "HAM",
            "cityFrom": "Budapest",
            "cityCodeFrom": "BUD",
            "cityTo": "Hamburg",
            "cityCodeTo": "HAM",
            "countryFrom": {
                "code": "HU",
                "name": "Hungary"
            },
            "countryTo": {
                "code": "DE",
                "name": "Germany"
            },
            "local_departure": "2024-08-26T08:40:00.000Z",
            "utc_departure": "2024-08-26T06:40:00.000Z",
            "local_arrival": "2024-08-26T10:25:00.000Z",
            "utc_arrival": "2024-08-26T08:25:00.000Z",
            "nightsInDest": 7,
            "quality": 252.333205,
            "distance": 949.98,
            "duration": {
                "departure": 6300,
                "return": 6000,
                "total": 12300
            },
            "price": 201,
            "conversion": {
                "EUR": 201
            },
            "fare": {
                "adults": 201,
                "children": 201,
                "infants": 201
            },
            "fare_locks": {
                "EUR": [
                    {
                        "default": false,
                        "duration": "P1D",
                        "itinerary_price_limit": 401,
                        "itinerary_price_remaining": 201,
                        "fare_lock_kind": "fee",
                        "price": 10.05,
                        "rule_instance_id": 26749,
                        "version": "v1"
                    },
                    {
                        "default": true,
                        "duration": "P3D",
                        "itinerary_price_limit": 401,
                        "itinerary_price_remaining": 201,
                        "fare_lock_kind": "fee",
                        "price": 20.1,
                        "rule_instance_id": 26748,
                        "version": "v1"
                    },
                    {
                        "default": false,
                        "duration": "P7D",
                        "itinerary_price_limit": 401,
                        "itinerary_price_remaining": 201,
                        "fare_lock_kind": "fee",
                        "price": 50.25,
                        "rule_instance_id": 26750,
                        "version": "v1"
                    }
                ]
            },
            "bags_price": {
                "1": 72.8,
                "2": 282.8
            },
            "baglimit": {
                "hand_dimensions_sum": 118,
                "hand_height": 40,
                "hand_length": 55,
                "hand_weight": 8,
                "hand_width": 23,
                "hold_dimensions_sum": 158,
                "hold_height": 52,
                "hold_length": 78,
                "hold_weight": 23,
                "hold_width": 28,
                "personal_item_dimension_sum": 95,
                "personal_item_height": 30,
                "personal_item_length": 40,
                "personal_item_weight": 8,
                "personal_item_width": 25
            },
            "availability": {
                "seats": 8
            },
            "airlines": [
                "EW"
            ],
            "route": [
                {
                    "id": "0b7717884df9000016ee0557_0",
                    "combination_id": "0b7717884df9000016ee0557",
                    "flyFrom": "BUD",
                    "flyTo": "HAM",
                    "cityFrom": "Budapest",
                    "cityCodeFrom": "BUD",
                    "cityTo": "Hamburg",
                    "cityCodeTo": "HAM",
                    "local_departure": "2024-08-26T08:40:00.000Z",
                    "utc_departure": "2024-08-26T06:40:00.000Z",
                    "local_arrival": "2024-08-26T10:25:00.000Z",
                    "utc_arrival": "2024-08-26T08:25:00.000Z",
                    "airline": "EW",
                    "flight_no": 7785,
                    "operating_carrier": "EW",
                    "operating_flight_no": "7785",
                    "fare_basis": "",
                    "fare_category": "M",
                    "fare_classes": "K",
                    "return": 0,
                    "bags_recheck_required": false,
                    "vi_connection": false,
                    "guarantee": false,
                    "equipment": null,
                    "vehicle_type": "aircraft"
                },
                {
                    "id": "17880b774e0000006eb65ce5_0",
                    "combination_id": "17880b774e0000006eb65ce5",
                    "flyFrom": "HAM",
                    "flyTo": "BUD",
                    "cityFrom": "Hamburg",
                    "cityCodeFrom": "HAM",
                    "cityTo": "Budapest",
                    "cityCodeTo": "BUD",
                    "local_departure": "2024-09-02T06:15:00.000Z",
                    "utc_departure": "2024-09-02T04:15:00.000Z",
                    "local_arrival": "2024-09-02T07:55:00.000Z",
                    "utc_arrival": "2024-09-02T05:55:00.000Z",
                    "airline": "EW",
                    "flight_no": 7784,
                    "operating_carrier": "EW",
                    "operating_flight_no": "7784",
                    "fare_basis": "",
                    "fare_category": "M",
                    "fare_classes": "",
                    "return": 1,
                    "bags_recheck_required": false,
                    "vi_connection": false,
                    "guarantee": false,
                    "equipment": null,
                    "vehicle_type": "aircraft"
                }
            ],
            "booking_token": "HQ_sl-_Apmqmgud4MV0YLBZ7cPuhrYbhUrd42vEeVeTNjtQav5qpV7qBIF_jooxxsdrQxcZXfh2aAaFn9AUf_Q872E12xPLwA7CILjG0GWxkjoEPOXQ3sG9rn8qJpPOROoclPmBEyE8dmSrMU8fNCqzRf9JvbMU0uxvpsul-zPVtQc82q-eEkeja5XN9OZ5osycunU6Vm0OGUH1sA3P1HFEu1ngUUCLSqZ-UivvUVFnnxUCKUG4N5atyygqa17yUxZ0BgXNCa6OkfF0901hKtqi01MDaYJXnghmmPYhZKX7Bt1AqbzEdRxyMqHqU9qk0_HwC3SbB9_urWE3gIQJNadFXfGx0R3vZfn2VnQOn8jz98VLylujzMRGDzKxxl5XkrUMho673PJFT7KKtojWGtrrCktTv5JqX6rFi7FKmSStwTuyK80K39l5qUVH0GL0ev3q01dSrwMPKeSb4QcY8ej7otllyZKilrEhhiTahmy2xl0UegeFqpqEnk7ooVKZKm-Cvb8sCQZq3qe-B3s2JltCFszVBk3jc0DyMQnkrHHHbMHiCoXLtKCrYaUL91YTQhG12sWuPUsk0WL-iN1LUkkxknFTx9DmNzinEvgUgHfN0s51-qmiV8-CcbqWkgkXDc-vC3WBzMRyAsLhaUaUKjs61UEL81kvge39S9NEMuV2HUnJuEStlJCu_9IVZTyO1o2ddHVGQTnAubYSwCcQsTxg==",
            "deep_link": "https://www.kiwi.com/deep?affilid=mihalytest&currency=EUR&flightsId=0b7717884df9000016ee0557_0%7C17880b774e0000006eb65ce5_0&from=BUD&lang=en&passengers=1&to=HAM&booking_token=HQ_sl-_Apmqmgud4MV0YLBZ7cPuhrYbhUrd42vEeVeTNjtQav5qpV7qBIF_jooxxsdrQxcZXfh2aAaFn9AUf_Q872E12xPLwA7CILjG0GWxkjoEPOXQ3sG9rn8qJpPOROoclPmBEyE8dmSrMU8fNCqzRf9JvbMU0uxvpsul-zPVtQc82q-eEkeja5XN9OZ5osycunU6Vm0OGUH1sA3P1HFEu1ngUUCLSqZ-UivvUVFnnxUCKUG4N5atyygqa17yUxZ0BgXNCa6OkfF0901hKtqi01MDaYJXnghmmPYhZKX7Bt1AqbzEdRxyMqHqU9qk0_HwC3SbB9_urWE3gIQJNadFXfGx0R3vZfn2VnQOn8jz98VLylujzMRGDzKxxl5XkrUMho673PJFT7KKtojWGtrrCktTv5JqX6rFi7FKmSStwTuyK80K39l5qUVH0GL0ev3q01dSrwMPKeSb4QcY8ej7otllyZKilrEhhiTahmy2xl0UegeFqpqEnk7ooVKZKm-Cvb8sCQZq3qe-B3s2JltCFszVBk3jc0DyMQnkrHHHbMHiCoXLtKCrYaUL91YTQhG12sWuPUsk0WL-iN1LUkkxknFTx9DmNzinEvgUgHfN0s51-qmiV8-CcbqWkgkXDc-vC3WBzMRyAsLhaUaUKjs61UEL81kvge39S9NEMuV2HUnJuEStlJCu_9IVZTyO1o2ddHVGQTnAubYSwCcQsTxg==",
            "facilitated_booking_available": true,
            "pnr_count": 2,
            "has_airport_change": false,
            "technical_stops": 0,
            "throw_away_ticketing": false,
            "hidden_city_ticketing": false,
            "virtual_interlining": false
        },
        {
            "id": "0b7717884dfd000092ce83ae_0|17880b774e0000006eb65ce5_0",
            "flyFrom": "BUD",
            "flyTo": "HAM",
            "cityFrom": "Budapest",
            "cityCodeFrom": "BUD",
            "cityTo": "Hamburg",
            "cityCodeTo": "HAM",
            "countryFrom": {
                "code": "HU",
                "name": "Hungary"
            },
            "countryTo": {
                "code": "DE",
                "name": "Germany"
            },
            "local_departure": "2024-08-30T20:45:00.000Z",
            "utc_departure": "2024-08-30T18:45:00.000Z",
            "local_arrival": "2024-08-30T22:30:00.000Z",
            "utc_arrival": "2024-08-30T20:30:00.000Z",
            "nightsInDest": 3,
            "quality": 252.333205,
            "distance": 949.98,
            "duration": {
                "departure": 6300,
                "return": 6000,
                "total": 12300
            },
            "price": 201,
            "conversion": {
                "EUR": 201
            },
            "fare": {
                "adults": 201,
                "children": 201,
                "infants": 201
            },
            "fare_locks": {
                "EUR": [
                    {
                        "default": false,
                        "duration": "P1D",
                        "itinerary_price_limit": 401,
                        "itinerary_price_remaining": 201,
                        "fare_lock_kind": "fee",
                        "price": 10.05,
                        "rule_instance_id": 26749,
                        "version": "v1"
                    },
                    {
                        "default": true,
                        "duration": "P3D",
                        "itinerary_price_limit": 401,
                        "itinerary_price_remaining": 201,
                        "fare_lock_kind": "fee",
                        "price": 20.1,
                        "rule_instance_id": 26748,
                        "version": "v1"
                    },
                    {
                        "default": false,
                        "duration": "P7D",
                        "itinerary_price_limit": 401,
                        "itinerary_price_remaining": 201,
                        "fare_lock_kind": "fee",
                        "price": 50.25,
                        "rule_instance_id": 26750,
                        "version": "v1"
                    }
                ]
            },
            "bags_price": {
                "1": 72.8,
                "2": 282.8
            },
            "baglimit": {
                "hand_dimensions_sum": 118,
                "hand_height": 40,
                "hand_length": 55,
                "hand_weight": 8,
                "hand_width": 23,
                "hold_dimensions_sum": 158,
                "hold_height": 52,
                "hold_length": 78,
                "hold_weight": 23,
                "hold_width": 28,
                "personal_item_dimension_sum": 95,
                "personal_item_height": 30,
                "personal_item_length": 40,
                "personal_item_weight": 8,
                "personal_item_width": 25
            },
            "availability": {
                "seats": 9
            },
            "airlines": [
                "EW"
            ],
            "route": [
                {
                    "id": "0b7717884dfd000092ce83ae_0",
                    "combination_id": "0b7717884dfd000092ce83ae",
                    "flyFrom": "BUD",
                    "flyTo": "HAM",
                    "cityFrom": "Budapest",
                    "cityCodeFrom": "BUD",
                    "cityTo": "Hamburg",
                    "cityCodeTo": "HAM",
                    "local_departure": "2024-08-30T20:45:00.000Z",
                    "utc_departure": "2024-08-30T18:45:00.000Z",
                    "local_arrival": "2024-08-30T22:30:00.000Z",
                    "utc_arrival": "2024-08-30T20:30:00.000Z",
                    "airline": "EW",
                    "flight_no": 7783,
                    "operating_carrier": "EW",
                    "operating_flight_no": "7783",
                    "fare_basis": "",
                    "fare_category": "M",
                    "fare_classes": "",
                    "return": 0,
                    "bags_recheck_required": false,
                    "vi_connection": false,
                    "guarantee": false,
                    "equipment": null,
                    "vehicle_type": "aircraft"
                },
                {
                    "id": "17880b774e0000006eb65ce5_0",
                    "combination_id": "17880b774e0000006eb65ce5",
                    "flyFrom": "HAM",
                    "flyTo": "BUD",
                    "cityFrom": "Hamburg",
                    "cityCodeFrom": "HAM",
                    "cityTo": "Budapest",
                    "cityCodeTo": "BUD",
                    "local_departure": "2024-09-02T06:15:00.000Z",
                    "utc_departure": "2024-09-02T04:15:00.000Z",
                    "local_arrival": "2024-09-02T07:55:00.000Z",
                    "utc_arrival": "2024-09-02T05:55:00.000Z",
                    "airline": "EW",
                    "flight_no": 7784,
                    "operating_carrier": "EW",
                    "operating_flight_no": "7784",
                    "fare_basis": "",
                    "fare_category": "M",
                    "fare_classes": "",
                    "return": 1,
                    "bags_recheck_required": false,
                    "vi_connection": false,
                    "guarantee": false,
                    "equipment": null,
                    "vehicle_type": "aircraft"
                }
            ],
            "booking_token": "HrjWEtzcsaiCYfrjiC-WfvznMpHZvXri2Hu-_6NXywTMK96gtsbv6z3GojkvhxNcDrBQ-NDG21jYX4XIXwTbkUBFpj25IRL5Cs0hINYCwBVgTL8Df3kaUrYXs23hqgytRCSK8ODCEvfSgCHF5Gv8BkkVtop3MVXJDJX5yJBJtCdEQCmh6jtLbqagYE3GZh3Big8lo-aIi22izxsS-DE2dD_ZCobzRnB1EgJyXxxAGMqeX3zKJqELsBBjKFFA6J4o4A1BAWX9peR9KFfKc1c3vrIB3CxCNiYo49wtcrJeJnKDAlZwyFTqi0A0yNemqznUMxFjjkJkvUAVA4ySxyQYtzdyk56DyoUP6JQg2d1c7fbxUkqtBryiCRmAvgsKIadX5xxUAWe5Yi3plcAtvZ_9sYaMSraekw5-v_gQMknNTRkP40gT5stJeuRtFTH0-sR_R90IyUpuXFzroINoBi6DRbV328szeOcwRPNJHnCUZ3vtnh_v2Hn9NmO45WeLlHodUTm4xWm_08jwmTtuZtwyC7sQ-4wY1vUnlRu4lvapGxduVV-_ynQlpgicww0eGH5O9IzTl3UN-RgOChImBC2WJzuaoUl0UeHNLnzSWWgxa7N482gT0856fpOccYqrMH9I1OrzexF9_5AW8ROMV-Xm_frd7vUJLAqUyaaPP7qvW8SmuaDCcq8en6yvKNVtNTnh_9RUETvsusgo4fpTeLrhUWUERmQz2nYGtepJ6Q9qUwsE=",
            "deep_link": "https://www.kiwi.com/deep?affilid=mihalytest&currency=EUR&flightsId=0b7717884dfd000092ce83ae_0%7C17880b774e0000006eb65ce5_0&from=BUD&lang=en&passengers=1&to=HAM&booking_token=HrjWEtzcsaiCYfrjiC-WfvznMpHZvXri2Hu-_6NXywTMK96gtsbv6z3GojkvhxNcDrBQ-NDG21jYX4XIXwTbkUBFpj25IRL5Cs0hINYCwBVgTL8Df3kaUrYXs23hqgytRCSK8ODCEvfSgCHF5Gv8BkkVtop3MVXJDJX5yJBJtCdEQCmh6jtLbqagYE3GZh3Big8lo-aIi22izxsS-DE2dD_ZCobzRnB1EgJyXxxAGMqeX3zKJqELsBBjKFFA6J4o4A1BAWX9peR9KFfKc1c3vrIB3CxCNiYo49wtcrJeJnKDAlZwyFTqi0A0yNemqznUMxFjjkJkvUAVA4ySxyQYtzdyk56DyoUP6JQg2d1c7fbxUkqtBryiCRmAvgsKIadX5xxUAWe5Yi3plcAtvZ_9sYaMSraekw5-v_gQMknNTRkP40gT5stJeuRtFTH0-sR_R90IyUpuXFzroINoBi6DRbV328szeOcwRPNJHnCUZ3vtnh_v2Hn9NmO45WeLlHodUTm4xWm_08jwmTtuZtwyC7sQ-4wY1vUnlRu4lvapGxduVV-_ynQlpgicww0eGH5O9IzTl3UN-RgOChImBC2WJzuaoUl0UeHNLnzSWWgxa7N482gT0856fpOccYqrMH9I1OrzexF9_5AW8ROMV-Xm_frd7vUJLAqUyaaPP7qvW8SmuaDCcq8en6yvKNVtNTnh_9RUETvsusgo4fpTeLrhUWUERmQz2nYGtepJ6Q9qUwsE=",
            "facilitated_booking_available": true,
            "pnr_count": 2,
            "has_airport_change": false,
            "technical_stops": 0,
            "throw_away_ticketing": false,
            "hidden_city_ticketing": false,
            "virtual_interlining": false
        },
        {
            "id": "0b7717884e4c0000b8a9ece0_0|17880b774e5100003785df86_0",
            "flyFrom": "BUD",
            "flyTo": "HAM",
            "cityFrom": "Budapest",
            "cityCodeFrom": "BUD",
            "cityTo": "Hamburg",
            "cityCodeTo": "HAM",
            "countryFrom": {
                "code": "HU",
                "name": "Hungary"
            },
            "countryTo": {
                "code": "DE",
                "name": "Germany"
            },
            "local_departure": "2024-11-17T15:35:00.000Z",
            "utc_departure": "2024-11-17T14:35:00.000Z",
            "local_arrival": "2024-11-17T17:25:00.000Z",
            "utc_arrival": "2024-11-17T16:25:00.000Z",
            "nightsInDest": 5,
            "quality": 253.666535,
            "distance": 949.98,
            "duration": {
                "departure": 6600,
                "return": 6300,
                "total": 12900
            },
            "price": 201,
            "conversion": {
                "EUR": 201
            },
            "fare": {
                "adults": 201,
                "children": 201,
                "infants": 201
            },
            "fare_locks": {
                "EUR": [
                    {
                        "default": false,
                        "duration": "P1D",
                        "itinerary_price_limit": 401,
                        "itinerary_price_remaining": 201,
                        "fare_lock_kind": "fee",
                        "price": 10.05,
                        "rule_instance_id": 26749,
                        "version": "v1"
                    },
                    {
                        "default": true,
                        "duration": "P3D",
                        "itinerary_price_limit": 401,
                        "itinerary_price_remaining": 201,
                        "fare_lock_kind": "fee",
                        "price": 20.1,
                        "rule_instance_id": 26748,
                        "version": "v1"
                    },
                    {
                        "default": false,
                        "duration": "P7D",
                        "itinerary_price_limit": 401,
                        "itinerary_price_remaining": 201,
                        "fare_lock_kind": "fee",
                        "price": 50.25,
                        "rule_instance_id": 26750,
                        "version": "v1"
                    }
                ]
            },
            "bags_price": {
                "1": 72.8,
                "2": 282.8
            },
            "baglimit": {
                "hand_dimensions_sum": 118,
                "hand_height": 40,
                "hand_length": 55,
                "hand_weight": 8,
                "hand_width": 23,
                "hold_dimensions_sum": 158,
                "hold_height": 52,
                "hold_length": 78,
                "hold_weight": 23,
                "hold_width": 28,
                "personal_item_dimension_sum": 95,
                "personal_item_height": 30,
                "personal_item_length": 40,
                "personal_item_weight": 8,
                "personal_item_width": 25
            },
            "availability": {
                "seats": 3
            },
            "airlines": [
                "EW"
            ],
            "route": [
                {
                    "id": "0b7717884e4c0000b8a9ece0_0",
                    "combination_id": "0b7717884e4c0000b8a9ece0",
                    "flyFrom": "BUD",
                    "flyTo": "HAM",
                    "cityFrom": "Budapest",
                    "cityCodeFrom": "BUD",
                    "cityTo": "Hamburg",
                    "cityCodeTo": "HAM",
                    "local_departure": "2024-11-17T15:35:00.000Z",
                    "utc_departure": "2024-11-17T14:35:00.000Z",
                    "local_arrival": "2024-11-17T17:25:00.000Z",
                    "utc_arrival": "2024-11-17T16:25:00.000Z",
                    "airline": "EW",
                    "flight_no": 7781,
                    "operating_carrier": "EW",
                    "operating_flight_no": "7781",
                    "fare_basis": "",
                    "fare_category": "M",
                    "fare_classes": "K",
                    "return": 0,
                    "bags_recheck_required": false,
                    "vi_connection": false,
                    "guarantee": false,
                    "equipment": null,
                    "vehicle_type": "aircraft"
                },
                {
                    "id": "17880b774e5100003785df86_0",
                    "combination_id": "17880b774e5100003785df86",
                    "flyFrom": "HAM",
                    "flyTo": "BUD",
                    "cityFrom": "Hamburg",
                    "cityCodeFrom": "HAM",
                    "cityTo": "Budapest",
                    "cityCodeTo": "BUD",
                    "local_departure": "2024-11-22T18:10:00.000Z",
                    "utc_departure": "2024-11-22T17:10:00.000Z",
                    "local_arrival": "2024-11-22T19:55:00.000Z",
                    "utc_arrival": "2024-11-22T18:55:00.000Z",
                    "airline": "EW",
                    "flight_no": 7780,
                    "operating_carrier": "EW",
                    "operating_flight_no": "7780",
                    "fare_basis": "",
                    "fare_category": "M",
                    "fare_classes": "",
                    "return": 1,
                    "bags_recheck_required": false,
                    "vi_connection": false,
                    "guarantee": false,
                    "equipment": null,
                    "vehicle_type": "aircraft"
                }
            ],
            "booking_token": "HZYdmIFfrmeNXqYkumn4kV3NvDY0vz4sVVqvl8bsG_sJmyOoeGQUqaweZXpIZQcTmDSWPydOHozztpq0glbyhSvjGMayFt34ZSkgFc2ztQqVAYXXF2fXYshRjzqueOxYN77PRxEwdPoPtYCZ4Cliq7DemTzZ0v5ZIPwrlTALAhlTxtSRLSCdNC9wM889t19KIlTRj3vuBF59sM0fS1pdyhPxvwMDUw4_9BRzaSq8GqqidZT9mq2jMxUn1BsqnWjYtPCoaih-LJWSGXcTlH0ZDZvs7ahsypzmd_zHfAoEcCQfkbDRkL1PVpEbpON42OuG3PzsxuVTOMfKlAR4VEaHtxSi-wA2rSBms6jsW2q_V-DXF7gWbxrfbC6U1FM2k2YiQ0EryV7Tgll2rfOBapPntxS3T3cKqdMM1KqQWXfr2LvOjAMBshkGVGzReERQL40VvfGpq4tJNTGyTTJNGxL5QYT8d3_fWOASeblbTCHnYJ-R5P3J1Ab0IUTIshByrIloNh7I8zfPucDs7xNxa09uG5aniWm3Y2xRoqI7DmxvRo6asOzNV0dOMKCoJWTsehY3PGsXPH7tftPEhyE8_tZwE_-CHnOEz9sr_iIMGfRBthLwTAn1--oRvrvVqqNZJlWj9Aaj7IvvX2Us0CzJquL_rky2O7M-kwQrSgsCxvjEImpL6M8U0zkA0_QWKS6vPWyLgGJvUCmgy0N_FBkYrDsuFkUUjthnVOOnLQ0gqJTnhLBovLVX5u_-GAzm3bhWBpmUW",
            "deep_link": "https://www.kiwi.com/deep?affilid=mihalytest&currency=EUR&flightsId=0b7717884e4c0000b8a9ece0_0%7C17880b774e5100003785df86_0&from=BUD&lang=en&passengers=1&to=HAM&booking_token=HZYdmIFfrmeNXqYkumn4kV3NvDY0vz4sVVqvl8bsG_sJmyOoeGQUqaweZXpIZQcTmDSWPydOHozztpq0glbyhSvjGMayFt34ZSkgFc2ztQqVAYXXF2fXYshRjzqueOxYN77PRxEwdPoPtYCZ4Cliq7DemTzZ0v5ZIPwrlTALAhlTxtSRLSCdNC9wM889t19KIlTRj3vuBF59sM0fS1pdyhPxvwMDUw4_9BRzaSq8GqqidZT9mq2jMxUn1BsqnWjYtPCoaih-LJWSGXcTlH0ZDZvs7ahsypzmd_zHfAoEcCQfkbDRkL1PVpEbpON42OuG3PzsxuVTOMfKlAR4VEaHtxSi-wA2rSBms6jsW2q_V-DXF7gWbxrfbC6U1FM2k2YiQ0EryV7Tgll2rfOBapPntxS3T3cKqdMM1KqQWXfr2LvOjAMBshkGVGzReERQL40VvfGpq4tJNTGyTTJNGxL5QYT8d3_fWOASeblbTCHnYJ-R5P3J1Ab0IUTIshByrIloNh7I8zfPucDs7xNxa09uG5aniWm3Y2xRoqI7DmxvRo6asOzNV0dOMKCoJWTsehY3PGsXPH7tftPEhyE8_tZwE_-CHnOEz9sr_iIMGfRBthLwTAn1--oRvrvVqqNZJlWj9Aaj7IvvX2Us0CzJquL_rky2O7M-kwQrSgsCxvjEImpL6M8U0zkA0_QWKS6vPWyLgGJvUCmgy0N_FBkYrDsuFkUUjthnVOOnLQ0gqJTnhLBovLVX5u_-GAzm3bhWBpmUW",
            "facilitated_booking_available": true,
            "pnr_count": 2,
            "has_airport_change": false,
            "technical_stops": 0,
            "throw_away_ticketing": false,
            "hidden_city_ticketing": false,
            "virtual_interlining": false
        },
        {
            "id": "0b7717884e5e4e60e3a1bfc3_0|0b7717884e5e4e60e3a1bfc3_1|0b7717884e5e4e60e3a1bfc3_2|0b7717884e5e4e60e3a1bfc3_3",
            "flyFrom": "BUD",
            "flyTo": "HAM",
            "cityFrom": "Budapest",
            "cityCodeFrom": "BUD",
            "cityTo": "Hamburg",
            "cityCodeTo": "HAM",
            "countryFrom": {
                "code": "HU",
                "name": "Hungary"
            },
            "countryTo": {
                "code": "DE",
                "name": "Germany"
            },
            "local_departure": "2024-12-05T17:50:00.000Z",
            "utc_departure": "2024-12-05T16:50:00.000Z",
            "local_arrival": "2024-12-05T22:20:00.000Z",
            "utc_arrival": "2024-12-05T21:20:00.000Z",
            "nightsInDest": 2,
            "quality": 303.999745,
            "distance": 949.98,
            "duration": {
                "departure": 16200,
                "return": 18900,
                "total": 35100
            },
            "price": 202,
            "conversion": {
                "EUR": 202
            },
            "fare": {
                "adults": 202,
                "children": 202,
                "infants": 202
            },
            "fare_locks": {
                "EUR": [
                    {
                        "default": false,
                        "duration": "P1D",
                        "itinerary_price_limit": 402,
                        "itinerary_price_remaining": 202,
                        "fare_lock_kind": "fee",
                        "price": 10.1,
                        "rule_instance_id": 26749,
                        "version": "v1"
                    },
                    {
                        "default": true,
                        "duration": "P3D",
                        "itinerary_price_limit": 402,
                        "itinerary_price_remaining": 202,
                        "fare_lock_kind": "fee",
                        "price": 20.2,
                        "rule_instance_id": 26748,
                        "version": "v1"
                    },
                    {
                        "default": false,
                        "duration": "P7D",
                        "itinerary_price_limit": 402,
                        "itinerary_price_remaining": 202,
                        "fare_lock_kind": "fee",
                        "price": 50.5,
                        "rule_instance_id": 26750,
                        "version": "v1"
                    }
                ]
            },
            "bags_price": {
                "1": 98
            },
            "baglimit": {
                "hand_dimensions_sum": 118,
                "hand_height": 40,
                "hand_length": 55,
                "hand_weight": 8,
                "hand_width": 23,
                "hold_dimensions_sum": 158,
                "hold_height": 52,
                "hold_length": 78,
                "hold_weight": 23,
                "hold_width": 28,
                "personal_item_dimension_sum": 87,
                "personal_item_height": 35,
                "personal_item_length": 40,
                "personal_item_weight": 2,
                "personal_item_width": 12
            },
            "availability": {
                "seats": null
            },
            "airlines": [
                "LO"
            ],
            "route": [
                {
                    "id": "0b7717884e5e4e60e3a1bfc3_0",
                    "combination_id": "0b7717884e5e4e60e3a1bfc3",
                    "flyFrom": "BUD",
                    "flyTo": "WAW",
                    "cityFrom": "Budapest",
                    "cityCodeFrom": "BUD",
                    "cityTo": "Warsaw",
                    "cityCodeTo": "WAW",
                    "local_departure": "2024-12-05T17:50:00.000Z",
                    "utc_departure": "2024-12-05T16:50:00.000Z",
                    "local_arrival": "2024-12-05T19:10:00.000Z",
                    "utc_arrival": "2024-12-05T18:10:00.000Z",
                    "airline": "LO",
                    "flight_no": 538,
                    "operating_carrier": "LO",
                    "operating_flight_no": "538",
                    "fare_basis": "OSAVI0",
                    "fare_category": "M",
                    "fare_classes": "O",
                    "return": 0,
                    "bags_recheck_required": false,
                    "vi_connection": false,
                    "guarantee": false,
                    "equipment": null,
                    "vehicle_type": "aircraft"
                },
                {
                    "id": "0b7717884e5e4e60e3a1bfc3_1",
                    "combination_id": "0b7717884e5e4e60e3a1bfc3",
                    "flyFrom": "WAW",
                    "flyTo": "HAM",
                    "cityFrom": "Warsaw",
                    "cityCodeFrom": "WAW",
                    "cityTo": "Hamburg",
                    "cityCodeTo": "HAM",
                    "local_departure": "2024-12-05T20:35:00.000Z",
                    "utc_departure": "2024-12-05T19:35:00.000Z",
                    "local_arrival": "2024-12-05T22:20:00.000Z",
                    "utc_arrival": "2024-12-05T21:20:00.000Z",
                    "airline": "LO",
                    "flight_no": 397,
                    "operating_carrier": "LO",
                    "operating_flight_no": "397",
                    "fare_basis": "OSAVI0",
                    "fare_category": "M",
                    "fare_classes": "O",
                    "return": 0,
                    "bags_recheck_required": false,
                    "vi_connection": false,
                    "guarantee": false,
                    "equipment": null,
                    "vehicle_type": "aircraft"
                },
                {
                    "id": "0b7717884e5e4e60e3a1bfc3_2",
                    "combination_id": "0b7717884e5e4e60e3a1bfc3",
                    "flyFrom": "HAM",
                    "flyTo": "WAW",
                    "cityFrom": "Hamburg",
                    "cityCodeFrom": "HAM",
                    "cityTo": "Warsaw",
                    "cityCodeTo": "WAW",
                    "local_departure": "2024-12-07T06:55:00.000Z",
                    "utc_departure": "2024-12-07T05:55:00.000Z",
                    "local_arrival": "2024-12-07T08:25:00.000Z",
                    "utc_arrival": "2024-12-07T07:25:00.000Z",
                    "airline": "LO",
                    "flight_no": 398,
                    "operating_carrier": "LO",
                    "operating_flight_no": "398",
                    "fare_basis": "LSAVP0",
                    "fare_category": "M",
                    "fare_classes": "L",
                    "return": 1,
                    "bags_recheck_required": false,
                    "vi_connection": false,
                    "guarantee": false,
                    "equipment": null,
                    "vehicle_type": "aircraft"
                },
                {
                    "id": "0b7717884e5e4e60e3a1bfc3_3",
                    "combination_id": "0b7717884e5e4e60e3a1bfc3",
                    "flyFrom": "WAW",
                    "flyTo": "BUD",
                    "cityFrom": "Warsaw",
                    "cityCodeFrom": "WAW",
                    "cityTo": "Budapest",
                    "cityCodeTo": "BUD",
                    "local_departure": "2024-12-07T10:50:00.000Z",
                    "utc_departure": "2024-12-07T09:50:00.000Z",
                    "local_arrival": "2024-12-07T12:10:00.000Z",
                    "utc_arrival": "2024-12-07T11:10:00.000Z",
                    "airline": "LO",
                    "flight_no": 535,
                    "operating_carrier": "LO",
                    "operating_flight_no": "535",
                    "fare_basis": "LSAVP0",
                    "fare_category": "M",
                    "fare_classes": "L",
                    "return": 1,
                    "bags_recheck_required": false,
                    "vi_connection": false,
                    "guarantee": false,
                    "equipment": null,
                    "vehicle_type": "aircraft"
                }
            ],
            "booking_token": "H-HOrH711XVhNlR8Iv3oEI6IgV9aTUu3J6lYZTm7jdDPbjMvwrxbsarC7RRIMtrHPkuM7yik_dVPgvQOGPJK7gX75gSLlHoGh4ao8cKhxB1loinA7vO0h0zwAl4Wmwc2L9rg4IpmC_3wWdkxWiGgYWSTf8KUhTXpsCyxn68BEXypq5Id0qkMykygTs77dgagsEJYEYK7svlKD_lM6IclWjZd1_LY9Dmx0jlhcztmzNTlxcuNoTESlveqD6sqGQWn0UemmKrY1_bkwaUqav39ftpXlg3mwQaLxuBRCjPQRcKGZrUN-2PQ1KQur9eZjRAQL_TcnIwiJTCAgW9dj1nQs7ja9d2OaUg_391lOEAL01yy_ll-yUBLayVmuDN7QlLkdFmUKazpz3_O4z0JyipQH3JA2GcZqCePQWJkkQvvGjZbEWn7UsdykcfiPC5JMDMToFat3YDK7qR-PiYbRCOvT0wTmnTTRNA03sg5tC0QqtITqp8BEXcBsDoGOkZd5mYiQ_ARZO_QTj7tlJ2bDCcI307KFAPL7SH_lLt9oEIgq7VckzUsV29muHeynE_3W0KPhwlsWt0ghTgtNAqJmscrd8hBwa0xx0kuLLo38EEZL_eE1_08-14mFr8Uz67k9mkw0wogDrXSMyLfotiq0cDYHPt-ngg3TM1x8-7cnoIVbY93PJvqPyRcv8WyLiJ5equgUaaB37hkiHWvvEJnotqbxjg==",
            "deep_link": "https://www.kiwi.com/deep?affilid=mihalytest&currency=EUR&flightsId=0b7717884e5e4e60e3a1bfc3_0%7C0b7717884e5e4e60e3a1bfc3_1%7C0b7717884e5e4e60e3a1bfc3_2%7C0b7717884e5e4e60e3a1bfc3_3&from=BUD&lang=en&passengers=1&to=HAM&booking_token=H-HOrH711XVhNlR8Iv3oEI6IgV9aTUu3J6lYZTm7jdDPbjMvwrxbsarC7RRIMtrHPkuM7yik_dVPgvQOGPJK7gX75gSLlHoGh4ao8cKhxB1loinA7vO0h0zwAl4Wmwc2L9rg4IpmC_3wWdkxWiGgYWSTf8KUhTXpsCyxn68BEXypq5Id0qkMykygTs77dgagsEJYEYK7svlKD_lM6IclWjZd1_LY9Dmx0jlhcztmzNTlxcuNoTESlveqD6sqGQWn0UemmKrY1_bkwaUqav39ftpXlg3mwQaLxuBRCjPQRcKGZrUN-2PQ1KQur9eZjRAQL_TcnIwiJTCAgW9dj1nQs7ja9d2OaUg_391lOEAL01yy_ll-yUBLayVmuDN7QlLkdFmUKazpz3_O4z0JyipQH3JA2GcZqCePQWJkkQvvGjZbEWn7UsdykcfiPC5JMDMToFat3YDK7qR-PiYbRCOvT0wTmnTTRNA03sg5tC0QqtITqp8BEXcBsDoGOkZd5mYiQ_ARZO_QTj7tlJ2bDCcI307KFAPL7SH_lLt9oEIgq7VckzUsV29muHeynE_3W0KPhwlsWt0ghTgtNAqJmscrd8hBwa0xx0kuLLo38EEZL_eE1_08-14mFr8Uz67k9mkw0wogDrXSMyLfotiq0cDYHPt-ngg3TM1x8-7cnoIVbY93PJvqPyRcv8WyLiJ5equgUaaB37hkiHWvvEJnotqbxjg==",
            "facilitated_booking_available": true,
            "pnr_count": 1,
            "has_airport_change": false,
            "technical_stops": 0,
            "throw_away_ticketing": false,
            "hidden_city_ticketing": false,
            "virtual_interlining": false
        },
        {
            "id": "0b7717884e5e4e60ca3dc268_0|0b7717884e5e4e60ca3dc268_1|0b7717884e5e4e60ca3dc268_2|0b7717884e5e4e60ca3dc268_3",
            "flyFrom": "BUD",
            "flyTo": "HAM",
            "cityFrom": "Budapest",
            "cityCodeFrom": "BUD",
            "cityTo": "Hamburg",
            "cityCodeTo": "HAM",
            "countryFrom": {
                "code": "HU",
                "name": "Hungary"
            },
            "countryTo": {
                "code": "DE",
                "name": "Germany"
            },
            "local_departure": "2024-12-05T09:45:00.000Z",
            "utc_departure": "2024-12-05T08:45:00.000Z",
            "local_arrival": "2024-12-05T18:55:00.000Z",
            "utc_arrival": "2024-12-05T17:55:00.000Z",
            "nightsInDest": 2,
            "quality": 341.332985,
            "distance": 949.98,
            "duration": {
                "departure": 33000,
                "return": 18900,
                "total": 51900
            },
            "price": 202,
            "conversion": {
                "EUR": 202
            },
            "fare": {
                "adults": 202,
                "children": 202,
                "infants": 202
            },
            "fare_locks": {
                "EUR": [
                    {
                        "default": false,
                        "duration": "P1D",
                        "itinerary_price_limit": 402,
                        "itinerary_price_remaining": 202,
                        "fare_lock_kind": "fee",
                        "price": 10.1,
                        "rule_instance_id": 26749,
                        "version": "v1"
                    },
                    {
                        "default": true,
                        "duration": "P3D",
                        "itinerary_price_limit": 402,
                        "itinerary_price_remaining": 202,
                        "fare_lock_kind": "fee",
                        "price": 20.2,
                        "rule_instance_id": 26748,
                        "version": "v1"
                    },
                    {
                        "default": false,
                        "duration": "P7D",
                        "itinerary_price_limit": 402,
                        "itinerary_price_remaining": 202,
                        "fare_lock_kind": "fee",
                        "price": 50.5,
                        "rule_instance_id": 26750,
                        "version": "v1"
                    }
                ]
            },
            "bags_price": {
                "1": 98
            },
            "baglimit": {
                "hand_dimensions_sum": 118,
                "hand_height": 40,
                "hand_length": 55,
                "hand_weight": 8,
                "hand_width": 23,
                "hold_dimensions_sum": 158,
                "hold_height": 52,
                "hold_length": 78,
                "hold_weight": 23,
                "hold_width": 28,
                "personal_item_dimension_sum": 87,
                "personal_item_height": 35,
                "personal_item_length": 40,
                "personal_item_weight": 2,
                "personal_item_width": 12
            },
            "availability": {
                "seats": null
            },
            "airlines": [
                "LO"
            ],
            "route": [
                {
                    "id": "0b7717884e5e4e60ca3dc268_0",
                    "combination_id": "0b7717884e5e4e60ca3dc268",
                    "flyFrom": "BUD",
                    "flyTo": "WAW",
                    "cityFrom": "Budapest",
                    "cityCodeFrom": "BUD",
                    "cityTo": "Warsaw",
                    "cityCodeTo": "WAW",
                    "local_departure": "2024-12-05T09:45:00.000Z",
                    "utc_departure": "2024-12-05T08:45:00.000Z",
                    "local_arrival": "2024-12-05T11:00:00.000Z",
                    "utc_arrival": "2024-12-05T10:00:00.000Z",
                    "airline": "LO",
                    "flight_no": 534,
                    "operating_carrier": "LO",
                    "operating_flight_no": "534",
                    "fare_basis": "OSAVI0",
                    "fare_category": "M",
                    "fare_classes": "O",
                    "return": 0,
                    "bags_recheck_required": false,
                    "vi_connection": false,
                    "guarantee": false,
                    "equipment": null,
                    "vehicle_type": "aircraft"
                },
                {
                    "id": "0b7717884e5e4e60ca3dc268_1",
                    "combination_id": "0b7717884e5e4e60ca3dc268",
                    "flyFrom": "WAW",
                    "flyTo": "HAM",
                    "cityFrom": "Warsaw",
                    "cityCodeFrom": "WAW",
                    "cityTo": "Hamburg",
                    "cityCodeTo": "HAM",
                    "local_departure": "2024-12-05T17:10:00.000Z",
                    "utc_departure": "2024-12-05T16:10:00.000Z",
                    "local_arrival": "2024-12-05T18:55:00.000Z",
                    "utc_arrival": "2024-12-05T17:55:00.000Z",
                    "airline": "LO",
                    "flight_no": 393,
                    "operating_carrier": "LO",
                    "operating_flight_no": "393",
                    "fare_basis": "OSAVI0",
                    "fare_category": "M",
                    "fare_classes": "O",
                    "return": 0,
                    "bags_recheck_required": false,
                    "vi_connection": false,
                    "guarantee": false,
                    "equipment": null,
                    "vehicle_type": "aircraft"
                },
                {
                    "id": "0b7717884e5e4e60ca3dc268_2",
                    "combination_id": "0b7717884e5e4e60ca3dc268",
                    "flyFrom": "HAM",
                    "flyTo": "WAW",
                    "cityFrom": "Hamburg",
                    "cityCodeFrom": "HAM",
                    "cityTo": "Warsaw",
                    "cityCodeTo": "WAW",
                    "local_departure": "2024-12-07T06:55:00.000Z",
                    "utc_departure": "2024-12-07T05:55:00.000Z",
                    "local_arrival": "2024-12-07T08:25:00.000Z",
                    "utc_arrival": "2024-12-07T07:25:00.000Z",
                    "airline": "LO",
                    "flight_no": 398,
                    "operating_carrier": "LO",
                    "operating_flight_no": "398",
                    "fare_basis": "LSAVP0",
                    "fare_category": "M",
                    "fare_classes": "L",
                    "return": 1,
                    "bags_recheck_required": false,
                    "vi_connection": false,
                    "guarantee": false,
                    "equipment": null,
                    "vehicle_type": "aircraft"
                },
                {
                    "id": "0b7717884e5e4e60ca3dc268_3",
                    "combination_id": "0b7717884e5e4e60ca3dc268",
                    "flyFrom": "WAW",
                    "flyTo": "BUD",
                    "cityFrom": "Warsaw",
                    "cityCodeFrom": "WAW",
                    "cityTo": "Budapest",
                    "cityCodeTo": "BUD",
                    "local_departure": "2024-12-07T10:50:00.000Z",
                    "utc_departure": "2024-12-07T09:50:00.000Z",
                    "local_arrival": "2024-12-07T12:10:00.000Z",
                    "utc_arrival": "2024-12-07T11:10:00.000Z",
                    "airline": "LO",
                    "flight_no": 535,
                    "operating_carrier": "LO",
                    "operating_flight_no": "535",
                    "fare_basis": "LSAVP0",
                    "fare_category": "M",
                    "fare_classes": "L",
                    "return": 1,
                    "bags_recheck_required": false,
                    "vi_connection": false,
                    "guarantee": false,
                    "equipment": null,
                    "vehicle_type": "aircraft"
                }
            ],
            "booking_token": "HXtcxC21Z9rnLJ8GB_LcYJRGUMB8tpu3PYhBqYGFQw48lJtmHYJkQaIzUFBVpdY6YwA991Uocv99_AwjI96R4RgN-7l-3kVqAb_9pyj3XApEROvfxKM_O-bsYAy3VJsccFGVvjP4zcQNWa7_3RVZDl1Mdddzo3DJSb5Ae63zv_0DcMX4odKpIwtfFzHsLcehGI1ZxjboreqBzIkh7mTfojndjSBG-ejKwfEZ3nnN-kaWyBO-M5ZA5z9aGigKAaYpbFBL3oHsdnl_abuvhivMGwBSoMnVSkUUbH5ZjPWR8HaIW-exH0NxBKOejlsZ_75nFj_FHVNxQy8n5PIvs_1nsehTXLCOA1oCeaxmbnll5COdeeXJt3a3Q6FvLUx5vm9zKSM9q6kZwQXscb8QbdyPTrUkJ26p5XV3IaJOd63T2SWSo94LijmPYmzQC7ajjpb_qp1NerfgrO8ZSV-8ONVIvA5kauo3wSALZCDRZucR3B6oYWAw4Yx3lpeBw1AZXXV2bdYi7svsNg97XMAGdRT0s9b3WziqAZ3yodPHrT1BC63IxLK0AMWbKxjumBe80MSS5vtoVSD1Jrl6oXazTlEHnS3eRtgfy3Yx92gOoKg4KX7Xidl1F9O9ghhWMgRRK01VDd5fnMO3TlhpztZaGiaFUUVY0pSVoNgHSyh2FeajJ3ep0BwK_K7z_TrYkr0lLrJTp2RDdFPVg-JvEqRUdN99IhA==",
            "deep_link": "https://www.kiwi.com/deep?affilid=mihalytest&currency=EUR&flightsId=0b7717884e5e4e60ca3dc268_0%7C0b7717884e5e4e60ca3dc268_1%7C0b7717884e5e4e60ca3dc268_2%7C0b7717884e5e4e60ca3dc268_3&from=BUD&lang=en&passengers=1&to=HAM&booking_token=HXtcxC21Z9rnLJ8GB_LcYJRGUMB8tpu3PYhBqYGFQw48lJtmHYJkQaIzUFBVpdY6YwA991Uocv99_AwjI96R4RgN-7l-3kVqAb_9pyj3XApEROvfxKM_O-bsYAy3VJsccFGVvjP4zcQNWa7_3RVZDl1Mdddzo3DJSb5Ae63zv_0DcMX4odKpIwtfFzHsLcehGI1ZxjboreqBzIkh7mTfojndjSBG-ejKwfEZ3nnN-kaWyBO-M5ZA5z9aGigKAaYpbFBL3oHsdnl_abuvhivMGwBSoMnVSkUUbH5ZjPWR8HaIW-exH0NxBKOejlsZ_75nFj_FHVNxQy8n5PIvs_1nsehTXLCOA1oCeaxmbnll5COdeeXJt3a3Q6FvLUx5vm9zKSM9q6kZwQXscb8QbdyPTrUkJ26p5XV3IaJOd63T2SWSo94LijmPYmzQC7ajjpb_qp1NerfgrO8ZSV-8ONVIvA5kauo3wSALZCDRZucR3B6oYWAw4Yx3lpeBw1AZXXV2bdYi7svsNg97XMAGdRT0s9b3WziqAZ3yodPHrT1BC63IxLK0AMWbKxjumBe80MSS5vtoVSD1Jrl6oXazTlEHnS3eRtgfy3Yx92gOoKg4KX7Xidl1F9O9ghhWMgRRK01VDd5fnMO3TlhpztZaGiaFUUVY0pSVoNgHSyh2FeajJ3ep0BwK_K7z_TrYkr0lLrJTp2RDdFPVg-JvEqRUdN99IhA==",
            "facilitated_booking_available": true,
            "pnr_count": 1,
            "has_airport_change": false,
            "technical_stops": 0,
            "throw_away_ticketing": false,
            "hidden_city_ticketing": false,
            "virtual_interlining": false
        },
        {
            "id": "0b7717884dfb0000b92e0525_0|17880b774e020000373d68ba_0",
            "flyFrom": "BUD",
            "flyTo": "HAM",
            "cityFrom": "Budapest",
            "cityCodeFrom": "BUD",
            "cityTo": "Hamburg",
            "cityCodeTo": "HAM",
            "countryFrom": {
                "code": "HU",
                "name": "Hungary"
            },
            "countryTo": {
                "code": "DE",
                "name": "Germany"
            },
            "local_departure": "2024-08-28T20:45:00.000Z",
            "utc_departure": "2024-08-28T18:45:00.000Z",
            "local_arrival": "2024-08-28T22:30:00.000Z",
            "utc_arrival": "2024-08-28T20:30:00.000Z",
            "nightsInDest": 7,
            "quality": 254.333205,
            "distance": 949.98,
            "duration": {
                "departure": 6300,
                "return": 6000,
                "total": 12300
            },
            "price": 203,
            "conversion": {
                "EUR": 203
            },
            "fare": {
                "adults": 203,
                "children": 203,
                "infants": 203
            },
            "fare_locks": {
                "EUR": [
                    {
                        "default": false,
                        "duration": "P1D",
                        "itinerary_price_limit": 403,
                        "itinerary_price_remaining": 203,
                        "fare_lock_kind": "fee",
                        "price": 10.15,
                        "rule_instance_id": 26749,
                        "version": "v1"
                    },
                    {
                        "default": true,
                        "duration": "P3D",
                        "itinerary_price_limit": 403,
                        "itinerary_price_remaining": 203,
                        "fare_lock_kind": "fee",
                        "price": 20.3,
                        "rule_instance_id": 26748,
                        "version": "v1"
                    },
                    {
                        "default": false,
                        "duration": "P7D",
                        "itinerary_price_limit": 403,
                        "itinerary_price_remaining": 203,
                        "fare_lock_kind": "fee",
                        "price": 50.75,
                        "rule_instance_id": 26750,
                        "version": "v1"
                    }
                ]
            },
            "bags_price": {
                "1": 72.8,
                "2": 282.8
            },
            "baglimit": {
                "hand_dimensions_sum": 118,
                "hand_height": 40,
                "hand_length": 55,
                "hand_weight": 8,
                "hand_width": 23,
                "hold_dimensions_sum": 158,
                "hold_height": 52,
                "hold_length": 78,
                "hold_weight": 23,
                "hold_width": 28,
                "personal_item_dimension_sum": 95,
                "personal_item_height": 30,
                "personal_item_length": 40,
                "personal_item_weight": 8,
                "personal_item_width": 25
            },
            "availability": {
                "seats": 2
            },
            "airlines": [
                "EW"
            ],
            "route": [
                {
                    "id": "0b7717884dfb0000b92e0525_0",
                    "combination_id": "0b7717884dfb0000b92e0525",
                    "flyFrom": "BUD",
                    "flyTo": "HAM",
                    "cityFrom": "Budapest",
                    "cityCodeFrom": "BUD",
                    "cityTo": "Hamburg",
                    "cityCodeTo": "HAM",
                    "local_departure": "2024-08-28T20:45:00.000Z",
                    "utc_departure": "2024-08-28T18:45:00.000Z",
                    "local_arrival": "2024-08-28T22:30:00.000Z",
                    "utc_arrival": "2024-08-28T20:30:00.000Z",
                    "airline": "EW",
                    "flight_no": 7783,
                    "operating_carrier": "EW",
                    "operating_flight_no": "7783",
                    "fare_basis": "",
                    "fare_category": "M",
                    "fare_classes": "L",
                    "return": 0,
                    "bags_recheck_required": false,
                    "vi_connection": false,
                    "guarantee": false,
                    "equipment": null,
                    "vehicle_type": "aircraft"
                },
                {
                    "id": "17880b774e020000373d68ba_0",
                    "combination_id": "17880b774e020000373d68ba",
                    "flyFrom": "HAM",
                    "flyTo": "BUD",
                    "cityFrom": "Hamburg",
                    "cityCodeFrom": "HAM",
                    "cityTo": "Budapest",
                    "cityCodeTo": "BUD",
                    "local_departure": "2024-09-04T18:25:00.000Z",
                    "utc_departure": "2024-09-04T16:25:00.000Z",
                    "local_arrival": "2024-09-04T20:05:00.000Z",
                    "utc_arrival": "2024-09-04T18:05:00.000Z",
                    "airline": "EW",
                    "flight_no": 7782,
                    "operating_carrier": "EW",
                    "operating_flight_no": "7782",
                    "fare_basis": "",
                    "fare_category": "M",
                    "fare_classes": "K",
                    "return": 1,
                    "bags_recheck_required": false,
                    "vi_connection": false,
                    "guarantee": false,
                    "equipment": null,
                    "vehicle_type": "aircraft"
                }
            ],
            "booking_token": "HqLZl0_Lp-U5mRJdf0QuzTbMM0MCp2EL6h1l1FSa6ALS8Ukz6RxRQbkxBPssipL3Iv7nG-4Gtx-wN7m2uAcMVLux0kx6Ccr7oycAZ-rTKpeOABmELWHUFwkvszIZxnTVg2MnWpl00QdO1MdrbZlNhCwfN9hWfXgvHnU3cOXhHaR9j74FdVITZ481olL_hRRa0p7jYtG3r9G1Ny-4CWyXNYwVmoiR4OuSaeVoNxgjCJR44pBOLJ2-a2H9qUKNn0Qi8sSXYQvtTVGvdeLVj1W2_JqUwx2R2FHVlmJa1rvt3esxCioXnwfBx9XCddfiHkBWQNypadlzSgDHHssWGRezKjfcDvAGdj3_mtpOEo_gjs1cuRU4D-UZeqnRb2y-maxqS5bK_7lmxlQ9iBWvOHtsMNmxIyZ3NBSTxoyR9LlWyrtg95EX9wtCIjcurRlRuuU86guvi0VM8_QFs9KIZf_6ig-Jk2aDJ5I0ueioW9Q1UNl9qXkrLbrywgZFaS7ZH1kKORBwqpJbgpJjXg9DPKH_60OnmjvuFjZpD3AMvGIsISg3WASs2QaDV3iG_vgVl0iTuAECkRL3-rFbBczyYCjv0WmbPmvrZ9WUDJeIYIZZ5cLhlA6JTdQw4FPhTp11m_rXH9tSZsWsES06VIURaU82IL4kN0wia_d_L8SiBxHHbQq3LP8XB1t_LuSd3aXiphdTK",
            "deep_link": "https://www.kiwi.com/deep?affilid=mihalytest&currency=EUR&flightsId=0b7717884dfb0000b92e0525_0%7C17880b774e020000373d68ba_0&from=BUD&lang=en&passengers=1&to=HAM&booking_token=HqLZl0_Lp-U5mRJdf0QuzTbMM0MCp2EL6h1l1FSa6ALS8Ukz6RxRQbkxBPssipL3Iv7nG-4Gtx-wN7m2uAcMVLux0kx6Ccr7oycAZ-rTKpeOABmELWHUFwkvszIZxnTVg2MnWpl00QdO1MdrbZlNhCwfN9hWfXgvHnU3cOXhHaR9j74FdVITZ481olL_hRRa0p7jYtG3r9G1Ny-4CWyXNYwVmoiR4OuSaeVoNxgjCJR44pBOLJ2-a2H9qUKNn0Qi8sSXYQvtTVGvdeLVj1W2_JqUwx2R2FHVlmJa1rvt3esxCioXnwfBx9XCddfiHkBWQNypadlzSgDHHssWGRezKjfcDvAGdj3_mtpOEo_gjs1cuRU4D-UZeqnRb2y-maxqS5bK_7lmxlQ9iBWvOHtsMNmxIyZ3NBSTxoyR9LlWyrtg95EX9wtCIjcurRlRuuU86guvi0VM8_QFs9KIZf_6ig-Jk2aDJ5I0ueioW9Q1UNl9qXkrLbrywgZFaS7ZH1kKORBwqpJbgpJjXg9DPKH_60OnmjvuFjZpD3AMvGIsISg3WASs2QaDV3iG_vgVl0iTuAECkRL3-rFbBczyYCjv0WmbPmvrZ9WUDJeIYIZZ5cLhlA6JTdQw4FPhTp11m_rXH9tSZsWsES06VIURaU82IL4kN0wia_d_L8SiBxHHbQq3LP8XB1t_LuSd3aXiphdTK",
            "facilitated_booking_available": true,
            "pnr_count": 2,
            "has_airport_change": false,
            "technical_stops": 0,
            "throw_away_ticketing": false,
            "hidden_city_ticketing": false,
            "virtual_interlining": false
        },
        {
            "id": "0b7717884e000000b16a7672_0|17880b774e0400008d594e23_0",
            "flyFrom": "BUD",
            "flyTo": "HAM",
            "cityFrom": "Budapest",
            "cityCodeFrom": "BUD",
            "cityTo": "Hamburg",
            "cityCodeTo": "HAM",
            "countryFrom": {
                "code": "HU",
                "name": "Hungary"
            },
            "countryTo": {
                "code": "DE",
                "name": "Germany"
            },
            "local_departure": "2024-09-02T08:40:00.000Z",
            "utc_departure": "2024-09-02T06:40:00.000Z",
            "local_arrival": "2024-09-02T10:25:00.000Z",
            "utc_arrival": "2024-09-02T08:25:00.000Z",
            "nightsInDest": 4,
            "quality": 254.333205,
            "distance": 949.98,
            "duration": {
                "departure": 6300,
                "return": 6000,
                "total": 12300
            },
            "price": 203,
            "conversion": {
                "EUR": 203
            },
            "fare": {
                "adults": 203,
                "children": 203,
                "infants": 203
            },
            "fare_locks": {
                "EUR": [
                    {
                        "default": false,
                        "duration": "P1D",
                        "itinerary_price_limit": 403,
                        "itinerary_price_remaining": 203,
                        "fare_lock_kind": "fee",
                        "price": 10.15,
                        "rule_instance_id": 26749,
                        "version": "v1"
                    },
                    {
                        "default": true,
                        "duration": "P3D",
                        "itinerary_price_limit": 403,
                        "itinerary_price_remaining": 203,
                        "fare_lock_kind": "fee",
                        "price": 20.3,
                        "rule_instance_id": 26748,
                        "version": "v1"
                    },
                    {
                        "default": false,
                        "duration": "P7D",
                        "itinerary_price_limit": 403,
                        "itinerary_price_remaining": 203,
                        "fare_lock_kind": "fee",
                        "price": 50.75,
                        "rule_instance_id": 26750,
                        "version": "v1"
                    }
                ]
            },
            "bags_price": {
                "1": 72.8,
                "2": 282.8
            },
            "baglimit": {
                "hand_dimensions_sum": 118,
                "hand_height": 40,
                "hand_length": 55,
                "hand_weight": 8,
                "hand_width": 23,
                "hold_dimensions_sum": 158,
                "hold_height": 52,
                "hold_length": 78,
                "hold_weight": 23,
                "hold_width": 28,
                "personal_item_dimension_sum": 95,
                "personal_item_height": 30,
                "personal_item_length": 40,
                "personal_item_weight": 8,
                "personal_item_width": 25
            },
            "availability": {
                "seats": 8
            },
            "airlines": [
                "EW"
            ],
            "route": [
                {
                    "id": "0b7717884e000000b16a7672_0",
                    "combination_id": "0b7717884e000000b16a7672",
                    "flyFrom": "BUD",
                    "flyTo": "HAM",
                    "cityFrom": "Budapest",
                    "cityCodeFrom": "BUD",
                    "cityTo": "Hamburg",
                    "cityCodeTo": "HAM",
                    "local_departure": "2024-09-02T08:40:00.000Z",
                    "utc_departure": "2024-09-02T06:40:00.000Z",
                    "local_arrival": "2024-09-02T10:25:00.000Z",
                    "utc_arrival": "2024-09-02T08:25:00.000Z",
                    "airline": "EW",
                    "flight_no": 7785,
                    "operating_carrier": "EW",
                    "operating_flight_no": "7785",
                    "fare_basis": "",
                    "fare_category": "M",
                    "fare_classes": "",
                    "return": 0,
                    "bags_recheck_required": false,
                    "vi_connection": false,
                    "guarantee": false,
                    "equipment": null,
                    "vehicle_type": "aircraft"
                },
                {
                    "id": "17880b774e0400008d594e23_0",
                    "combination_id": "17880b774e0400008d594e23",
                    "flyFrom": "HAM",
                    "flyTo": "BUD",
                    "cityFrom": "Hamburg",
                    "cityCodeFrom": "HAM",
                    "cityTo": "Budapest",
                    "cityCodeTo": "BUD",
                    "local_departure": "2024-09-06T18:25:00.000Z",
                    "utc_departure": "2024-09-06T16:25:00.000Z",
                    "local_arrival": "2024-09-06T20:05:00.000Z",
                    "utc_arrival": "2024-09-06T18:05:00.000Z",
                    "airline": "EW",
                    "flight_no": 7782,
                    "operating_carrier": "EW",
                    "operating_flight_no": "7782",
                    "fare_basis": "",
                    "fare_category": "M",
                    "fare_classes": "",
                    "return": 1,
                    "bags_recheck_required": false,
                    "vi_connection": false,
                    "guarantee": false,
                    "equipment": null,
                    "vehicle_type": "aircraft"
                }
            ],
            "booking_token": "H-E7QzQobjnhqtf5ZWd9RnHEqs2rsXEWfuodwXF8ULQJyzJOK87cQOncR8lvmutWFY2qFWiNiIVeK0qCCBpz7UNEhISPX-IBlM-ctV1MHNC53K1buPuYtKBTjGtIQT0GPofGxg5nUaW93SCPfMWzLSgRwcsV_VbYTX63Jrao1KdfpABbqzGKabUZRY7p2A0HMqiFMcy03hhrJ7_tGnkqRkRrW16FQBGf-PXjA9NsdhfHC2hm2x-LcXc0n9KXR4nqP3UyxKzi14BPQmrgRRlo4WMchuHJVXHmVxe0cAVZEig-ButnXw0fp1dnr2dr1cpRA4W0fpWGmtxvDp9DuS1VNB3DgjncOwfCPd_xAFFhXOjHMArLArPbO1sPiqyQW5hi4wdWrkJisaNLU_EYsG8aAIiRrAZF618mOBydOa18LHnJT_yhKXUPQHY_mr2aL5x_JfrNYrJIowWPJH22rPpSbnLLKnLSgvm-ETek77tDM9xshD0SEtrBP66c5SQRSRjYvrlKHmXtUzhg8CxuTmWz6tqeZhe3NgjiFFcpVxTbq7OJRqRJS22bx0CTutpzOHnz7tc7ptjrWjL0ItUrFwQsXhRAthfIaEO1jrn2ynT38ONzTleEqUt61HC9MLEOsRC5nACNV8ISRCrMF0GZUuSmHHp61SfdmREhBv0Ft-JzttS0=",
            "deep_link": "https://www.kiwi.com/deep?affilid=mihalytest&currency=EUR&flightsId=0b7717884e000000b16a7672_0%7C17880b774e0400008d594e23_0&from=BUD&lang=en&passengers=1&to=HAM&booking_token=H-E7QzQobjnhqtf5ZWd9RnHEqs2rsXEWfuodwXF8ULQJyzJOK87cQOncR8lvmutWFY2qFWiNiIVeK0qCCBpz7UNEhISPX-IBlM-ctV1MHNC53K1buPuYtKBTjGtIQT0GPofGxg5nUaW93SCPfMWzLSgRwcsV_VbYTX63Jrao1KdfpABbqzGKabUZRY7p2A0HMqiFMcy03hhrJ7_tGnkqRkRrW16FQBGf-PXjA9NsdhfHC2hm2x-LcXc0n9KXR4nqP3UyxKzi14BPQmrgRRlo4WMchuHJVXHmVxe0cAVZEig-ButnXw0fp1dnr2dr1cpRA4W0fpWGmtxvDp9DuS1VNB3DgjncOwfCPd_xAFFhXOjHMArLArPbO1sPiqyQW5hi4wdWrkJisaNLU_EYsG8aAIiRrAZF618mOBydOa18LHnJT_yhKXUPQHY_mr2aL5x_JfrNYrJIowWPJH22rPpSbnLLKnLSgvm-ETek77tDM9xshD0SEtrBP66c5SQRSRjYvrlKHmXtUzhg8CxuTmWz6tqeZhe3NgjiFFcpVxTbq7OJRqRJS22bx0CTutpzOHnz7tc7ptjrWjL0ItUrFwQsXhRAthfIaEO1jrn2ynT38ONzTleEqUt61HC9MLEOsRC5nACNV8ISRCrMF0GZUuSmHHp61SfdmREhBv0Ft-JzttS0=",
            "facilitated_booking_available": true,
            "pnr_count": 2,
            "has_airport_change": false,
            "technical_stops": 0,
            "throw_away_ticketing": false,
            "hidden_city_ticketing": false,
            "virtual_interlining": false
        },
        {
            "id": "0b7717884e2700001bf312a3_0|17880b774e290000cb7ad27a_0",
            "flyFrom": "BUD",
            "flyTo": "HAM",
            "cityFrom": "Budapest",
            "cityCodeFrom": "BUD",
            "cityTo": "Hamburg",
            "cityCodeTo": "HAM",
            "countryFrom": {
                "code": "HU",
                "name": "Hungary"
            },
            "countryTo": {
                "code": "DE",
                "name": "Germany"
            },
            "local_departure": "2024-10-11T20:45:00.000Z",
            "utc_departure": "2024-10-11T18:45:00.000Z",
            "local_arrival": "2024-10-11T22:30:00.000Z",
            "utc_arrival": "2024-10-11T20:30:00.000Z",
            "nightsInDest": 2,
            "quality": 254.333205,
            "distance": 949.98,
            "duration": {
                "departure": 6300,
                "return": 6000,
                "total": 12300
            },
            "price": 203,
            "conversion": {
                "EUR": 203
            },
            "fare": {
                "adults": 203,
                "children": 203,
                "infants": 203
            },
            "fare_locks": {
                "EUR": [
                    {
                        "default": false,
                        "duration": "P1D",
                        "itinerary_price_limit": 403,
                        "itinerary_price_remaining": 203,
                        "fare_lock_kind": "fee",
                        "price": 10.15,
                        "rule_instance_id": 26749,
                        "version": "v1"
                    },
                    {
                        "default": true,
                        "duration": "P3D",
                        "itinerary_price_limit": 403,
                        "itinerary_price_remaining": 203,
                        "fare_lock_kind": "fee",
                        "price": 20.3,
                        "rule_instance_id": 26748,
                        "version": "v1"
                    },
                    {
                        "default": false,
                        "duration": "P7D",
                        "itinerary_price_limit": 403,
                        "itinerary_price_remaining": 203,
                        "fare_lock_kind": "fee",
                        "price": 50.75,
                        "rule_instance_id": 26750,
                        "version": "v1"
                    }
                ]
            },
            "bags_price": {
                "1": 72.8,
                "2": 282.8
            },
            "baglimit": {
                "hand_dimensions_sum": 118,
                "hand_height": 40,
                "hand_length": 55,
                "hand_weight": 8,
                "hand_width": 23,
                "hold_dimensions_sum": 158,
                "hold_height": 52,
                "hold_length": 78,
                "hold_weight": 23,
                "hold_width": 28,
                "personal_item_dimension_sum": 95,
                "personal_item_height": 30,
                "personal_item_length": 40,
                "personal_item_weight": 8,
                "personal_item_width": 25
            },
            "availability": {
                "seats": 9
            },
            "airlines": [
                "EW"
            ],
            "route": [
                {
                    "id": "0b7717884e2700001bf312a3_0",
                    "combination_id": "0b7717884e2700001bf312a3",
                    "flyFrom": "BUD",
                    "flyTo": "HAM",
                    "cityFrom": "Budapest",
                    "cityCodeFrom": "BUD",
                    "cityTo": "Hamburg",
                    "cityCodeTo": "HAM",
                    "local_departure": "2024-10-11T20:45:00.000Z",
                    "utc_departure": "2024-10-11T18:45:00.000Z",
                    "local_arrival": "2024-10-11T22:30:00.000Z",
                    "utc_arrival": "2024-10-11T20:30:00.000Z",
                    "airline": "EW",
                    "flight_no": 7783,
                    "operating_carrier": "EW",
                    "operating_flight_no": "7783",
                    "fare_basis": "",
                    "fare_category": "M",
                    "fare_classes": "",
                    "return": 0,
                    "bags_recheck_required": false,
                    "vi_connection": false,
                    "guarantee": false,
                    "equipment": null,
                    "vehicle_type": "aircraft"
                },
                {
                    "id": "17880b774e290000cb7ad27a_0",
                    "combination_id": "17880b774e290000cb7ad27a",
                    "flyFrom": "HAM",
                    "flyTo": "BUD",
                    "cityFrom": "Hamburg",
                    "cityCodeFrom": "HAM",
                    "cityTo": "Budapest",
                    "cityCodeTo": "BUD",
                    "local_departure": "2024-10-13T18:25:00.000Z",
                    "utc_departure": "2024-10-13T16:25:00.000Z",
                    "local_arrival": "2024-10-13T20:05:00.000Z",
                    "utc_arrival": "2024-10-13T18:05:00.000Z",
                    "airline": "EW",
                    "flight_no": 7782,
                    "operating_carrier": "EW",
                    "operating_flight_no": "7782",
                    "fare_basis": "",
                    "fare_category": "M",
                    "fare_classes": "",
                    "return": 1,
                    "bags_recheck_required": false,
                    "vi_connection": false,
                    "guarantee": false,
                    "equipment": null,
                    "vehicle_type": "aircraft"
                }
            ],
            "booking_token": "HoPoSgdtze61MAUGmRbSuLHo_s1CE0d7NsPgN6ilxzjg6EX3VYO8LOxoBteCF18GROCGsr5rgH1E8QcttBJzqbokXk18McvFfzyoWRNWtHAEocEAvlk5VFbdCzemvvIjEadJKB1kWQnRCjdfjg5hpynyjE77aIuqh6M1KsvhLn0J7DeRop72Mpiu5Hi4afWIOPjsSxFMC3QSrnFqtl9_7AYV19kKlLd-XIPrd1QoBFPbpDUI3_xtndtoQ-o-7Ce0RpOH2SEmbXOcIKTZPS7hMEV8AfpDuPLf3zx3dTW_sQMKr7S8z9NHVAMupIq0IlYNho06__7dAU1bQL4fETqbUEaq42AwLGaGEFBv7BTRSrh1i5VrVNiTzhoMtyfu5Bn3b1x9j_Nr8nF-jdCv1V_6E6iv4EcxmKU0sp_suKEVmVFEPi4MDmx_9fAfyWp-MawPppv5cXBdOgViPpiVgf7MykTOGXdTM_WC4ePuSZGjSmvAwp9byDylgWYUG8KhU9LC5fPRbTOCFuJKGO2sY1irbIKJpIDq_lH0cNI57yJxKnVuuXQh6007FJfCFIiuGhD7XasY6Rd8Yb0Ut3oPUucztpacLYvcwbMfT-FBgDn8fmulhJEJWCpDgzXP-V82zBBzFE1KxL4dCGvrC1SdxbxiJH6F8fLOs0N820Uu4Qgfbs0i_4RApr7qA1VJhMYI0NK8i",
            "deep_link": "https://www.kiwi.com/deep?affilid=mihalytest&currency=EUR&flightsId=0b7717884e2700001bf312a3_0%7C17880b774e290000cb7ad27a_0&from=BUD&lang=en&passengers=1&to=HAM&booking_token=HoPoSgdtze61MAUGmRbSuLHo_s1CE0d7NsPgN6ilxzjg6EX3VYO8LOxoBteCF18GROCGsr5rgH1E8QcttBJzqbokXk18McvFfzyoWRNWtHAEocEAvlk5VFbdCzemvvIjEadJKB1kWQnRCjdfjg5hpynyjE77aIuqh6M1KsvhLn0J7DeRop72Mpiu5Hi4afWIOPjsSxFMC3QSrnFqtl9_7AYV19kKlLd-XIPrd1QoBFPbpDUI3_xtndtoQ-o-7Ce0RpOH2SEmbXOcIKTZPS7hMEV8AfpDuPLf3zx3dTW_sQMKr7S8z9NHVAMupIq0IlYNho06__7dAU1bQL4fETqbUEaq42AwLGaGEFBv7BTRSrh1i5VrVNiTzhoMtyfu5Bn3b1x9j_Nr8nF-jdCv1V_6E6iv4EcxmKU0sp_suKEVmVFEPi4MDmx_9fAfyWp-MawPppv5cXBdOgViPpiVgf7MykTOGXdTM_WC4ePuSZGjSmvAwp9byDylgWYUG8KhU9LC5fPRbTOCFuJKGO2sY1irbIKJpIDq_lH0cNI57yJxKnVuuXQh6007FJfCFIiuGhD7XasY6Rd8Yb0Ut3oPUucztpacLYvcwbMfT-FBgDn8fmulhJEJWCpDgzXP-V82zBBzFE1KxL4dCGvrC1SdxbxiJH6F8fLOs0N820Uu4Qgfbs0i_4RApr7qA1VJhMYI0NK8i",
            "facilitated_booking_available": true,
            "pnr_count": 2,
            "has_airport_change": false,
            "technical_stops": 0,
            "throw_away_ticketing": false,
            "hidden_city_ticketing": false,
            "virtual_interlining": false
        },
        {
            "id": "0b7717884e2700001bf312a3_0|17880b774e2e00000b96f2bc_0",
            "flyFrom": "BUD",
            "flyTo": "HAM",
            "cityFrom": "Budapest",
            "cityCodeFrom": "BUD",
            "cityTo": "Hamburg",
            "cityCodeTo": "HAM",
            "countryFrom": {
                "code": "HU",
                "name": "Hungary"
            },
            "countryTo": {
                "code": "DE",
                "name": "Germany"
            },
            "local_departure": "2024-10-11T20:45:00.000Z",
            "utc_departure": "2024-10-11T18:45:00.000Z",
            "local_arrival": "2024-10-11T22:30:00.000Z",
            "utc_arrival": "2024-10-11T20:30:00.000Z",
            "nightsInDest": 7,
            "quality": 254.333205,
            "distance": 949.98,
            "duration": {
                "departure": 6300,
                "return": 6000,
                "total": 12300
            },
            "price": 203,
            "conversion": {
                "EUR": 203
            },
            "fare": {
                "adults": 203,
                "children": 203,
                "infants": 203
            },
            "fare_locks": {
                "EUR": [
                    {
                        "default": false,
                        "duration": "P1D",
                        "itinerary_price_limit": 403,
                        "itinerary_price_remaining": 203,
                        "fare_lock_kind": "fee",
                        "price": 10.15,
                        "rule_instance_id": 26749,
                        "version": "v1"
                    },
                    {
                        "default": true,
                        "duration": "P3D",
                        "itinerary_price_limit": 403,
                        "itinerary_price_remaining": 203,
                        "fare_lock_kind": "fee",
                        "price": 20.3,
                        "rule_instance_id": 26748,
                        "version": "v1"
                    },
                    {
                        "default": false,
                        "duration": "P7D",
                        "itinerary_price_limit": 403,
                        "itinerary_price_remaining": 203,
                        "fare_lock_kind": "fee",
                        "price": 50.75,
                        "rule_instance_id": 26750,
                        "version": "v1"
                    }
                ]
            },
            "bags_price": {
                "1": 72.8,
                "2": 282.8
            },
            "baglimit": {
                "hand_dimensions_sum": 118,
                "hand_height": 40,
                "hand_length": 55,
                "hand_weight": 8,
                "hand_width": 23,
                "hold_dimensions_sum": 158,
                "hold_height": 52,
                "hold_length": 78,
                "hold_weight": 23,
                "hold_width": 28,
                "personal_item_dimension_sum": 95,
                "personal_item_height": 30,
                "personal_item_length": 40,
                "personal_item_weight": 8,
                "personal_item_width": 25
            },
            "availability": {
                "seats": 9
            },
            "airlines": [
                "EW"
            ],
            "route": [
                {
                    "id": "0b7717884e2700001bf312a3_0",
                    "combination_id": "0b7717884e2700001bf312a3",
                    "flyFrom": "BUD",
                    "flyTo": "HAM",
                    "cityFrom": "Budapest",
                    "cityCodeFrom": "BUD",
                    "cityTo": "Hamburg",
                    "cityCodeTo": "HAM",
                    "local_departure": "2024-10-11T20:45:00.000Z",
                    "utc_departure": "2024-10-11T18:45:00.000Z",
                    "local_arrival": "2024-10-11T22:30:00.000Z",
                    "utc_arrival": "2024-10-11T20:30:00.000Z",
                    "airline": "EW",
                    "flight_no": 7783,
                    "operating_carrier": "EW",
                    "operating_flight_no": "7783",
                    "fare_basis": "",
                    "fare_category": "M",
                    "fare_classes": "",
                    "return": 0,
                    "bags_recheck_required": false,
                    "vi_connection": false,
                    "guarantee": false,
                    "equipment": null,
                    "vehicle_type": "aircraft"
                },
                {
                    "id": "17880b774e2e00000b96f2bc_0",
                    "combination_id": "17880b774e2e00000b96f2bc",
                    "flyFrom": "HAM",
                    "flyTo": "BUD",
                    "cityFrom": "Hamburg",
                    "cityCodeFrom": "HAM",
                    "cityTo": "Budapest",
                    "cityCodeTo": "BUD",
                    "local_departure": "2024-10-18T18:25:00.000Z",
                    "utc_departure": "2024-10-18T16:25:00.000Z",
                    "local_arrival": "2024-10-18T20:05:00.000Z",
                    "utc_arrival": "2024-10-18T18:05:00.000Z",
                    "airline": "EW",
                    "flight_no": 7782,
                    "operating_carrier": "EW",
                    "operating_flight_no": "7782",
                    "fare_basis": "",
                    "fare_category": "M",
                    "fare_classes": "K",
                    "return": 1,
                    "bags_recheck_required": false,
                    "vi_connection": false,
                    "guarantee": false,
                    "equipment": null,
                    "vehicle_type": "aircraft"
                }
            ],
            "booking_token": "HECkv_hmhaOm1SaW-H0SvNV4XsORZAotpXDhxmiZejh7t2OPbo3u3uejdTiFENCTh7Wp24b1pXRvv2brsRokE1pArOFfQ9tKXACxVCvfmOR_n8JyVjel6p14dChdEvzZu2SPhhsjg-4B_FGSXRT6c0cQ7V0rZLQxnm3qiKo-XKqLxmHQnLHF4LSQE0i49sZnl1_hTpX6cCKU54V5lZ358UCl4rxCAQVk3vg_LdLNC-SQSwxqYMQsVE-Qga46SQzn4GM8iyeS2OpX0J9iIIzkzlx-6cgYHJBw_8KLZv_vnmFR5xKjuEdtex5onuo8uC2rXandmYegJpcqE27GSuyE-HRz40TH6Dfj5pl9lvW8pBVBCIoqqGGiHOJgqQ3InZPh8LMlQGNgmKANplrtwA3bvVPz5kIqU3P7jUcF3g8RuPZKdkwJrRRQDbt-kDrjB4CfFUPRycNPiypvzXdM3lsfQkbZD4iWy9VmOZi9lWFIPAKxitikks1oYmfBG5GPMdGlwGm4HpTjGZ8_aOhvK-VDgYQM_OajpAOT82rjOM0gqvI1nI_-X22iUqPAq5qoMJLeTQcZl5D_c1VvHpaZD237mI6rw1hDpTgv_A2jIjaCcIuZoWHhhyZqzoReyjwv4LFY1r7iLquPpxrtF-N7Egx7-JpDUxvgZH2YrTHaP61UZqnPq5i9KNZarpNyYk0JTNxZ8wuabkWvV-6XH1N0C3gvuew==",
            "deep_link": "https://www.kiwi.com/deep?affilid=mihalytest&currency=EUR&flightsId=0b7717884e2700001bf312a3_0%7C17880b774e2e00000b96f2bc_0&from=BUD&lang=en&passengers=1&to=HAM&booking_token=HECkv_hmhaOm1SaW-H0SvNV4XsORZAotpXDhxmiZejh7t2OPbo3u3uejdTiFENCTh7Wp24b1pXRvv2brsRokE1pArOFfQ9tKXACxVCvfmOR_n8JyVjel6p14dChdEvzZu2SPhhsjg-4B_FGSXRT6c0cQ7V0rZLQxnm3qiKo-XKqLxmHQnLHF4LSQE0i49sZnl1_hTpX6cCKU54V5lZ358UCl4rxCAQVk3vg_LdLNC-SQSwxqYMQsVE-Qga46SQzn4GM8iyeS2OpX0J9iIIzkzlx-6cgYHJBw_8KLZv_vnmFR5xKjuEdtex5onuo8uC2rXandmYegJpcqE27GSuyE-HRz40TH6Dfj5pl9lvW8pBVBCIoqqGGiHOJgqQ3InZPh8LMlQGNgmKANplrtwA3bvVPz5kIqU3P7jUcF3g8RuPZKdkwJrRRQDbt-kDrjB4CfFUPRycNPiypvzXdM3lsfQkbZD4iWy9VmOZi9lWFIPAKxitikks1oYmfBG5GPMdGlwGm4HpTjGZ8_aOhvK-VDgYQM_OajpAOT82rjOM0gqvI1nI_-X22iUqPAq5qoMJLeTQcZl5D_c1VvHpaZD237mI6rw1hDpTgv_A2jIjaCcIuZoWHhhyZqzoReyjwv4LFY1r7iLquPpxrtF-N7Egx7-JpDUxvgZH2YrTHaP61UZqnPq5i9KNZarpNyYk0JTNxZ8wuabkWvV-6XH1N0C3gvuew==",
            "facilitated_booking_available": true,
            "pnr_count": 2,
            "has_airport_change": false,
            "technical_stops": 0,
            "throw_away_ticketing": false,
            "hidden_city_ticketing": false,
            "virtual_interlining": false
        },
        {
            "id": "0b7717884df9000016ee0557_0|17880b774dff00009c647f37_0",
            "flyFrom": "BUD",
            "flyTo": "HAM",
            "cityFrom": "Budapest",
            "cityCodeFrom": "BUD",
            "cityTo": "Hamburg",
            "cityCodeTo": "HAM",
            "countryFrom": {
                "code": "HU",
                "name": "Hungary"
            },
            "countryTo": {
                "code": "DE",
                "name": "Germany"
            },
            "local_departure": "2024-08-26T08:40:00.000Z",
            "utc_departure": "2024-08-26T06:40:00.000Z",
            "local_arrival": "2024-08-26T10:25:00.000Z",
            "utc_arrival": "2024-08-26T08:25:00.000Z",
            "nightsInDest": 6,
            "quality": 254.333205,
            "distance": 949.98,
            "duration": {
                "departure": 6300,
                "return": 6000,
                "total": 12300
            },
            "price": 203,
            "conversion": {
                "EUR": 203
            },
            "fare": {
                "adults": 203,
                "children": 203,
                "infants": 203
            },
            "fare_locks": {
                "EUR": [
                    {
                        "default": false,
                        "duration": "P1D",
                        "itinerary_price_limit": 403,
                        "itinerary_price_remaining": 203,
                        "fare_lock_kind": "fee",
                        "price": 10.15,
                        "rule_instance_id": 26749,
                        "version": "v1"
                    },
                    {
                        "default": true,
                        "duration": "P3D",
                        "itinerary_price_limit": 403,
                        "itinerary_price_remaining": 203,
                        "fare_lock_kind": "fee",
                        "price": 20.3,
                        "rule_instance_id": 26748,
                        "version": "v1"
                    },
                    {
                        "default": false,
                        "duration": "P7D",
                        "itinerary_price_limit": 403,
                        "itinerary_price_remaining": 203,
                        "fare_lock_kind": "fee",
                        "price": 50.75,
                        "rule_instance_id": 26750,
                        "version": "v1"
                    }
                ]
            },
            "bags_price": {
                "1": 72.8,
                "2": 282.8
            },
            "baglimit": {
                "hand_dimensions_sum": 118,
                "hand_height": 40,
                "hand_length": 55,
                "hand_weight": 8,
                "hand_width": 23,
                "hold_dimensions_sum": 158,
                "hold_height": 52,
                "hold_length": 78,
                "hold_weight": 23,
                "hold_width": 28,
                "personal_item_dimension_sum": 95,
                "personal_item_height": 30,
                "personal_item_length": 40,
                "personal_item_weight": 8,
                "personal_item_width": 25
            },
            "availability": {
                "seats": 8
            },
            "airlines": [
                "EW"
            ],
            "route": [
                {
                    "id": "0b7717884df9000016ee0557_0",
                    "combination_id": "0b7717884df9000016ee0557",
                    "flyFrom": "BUD",
                    "flyTo": "HAM",
                    "cityFrom": "Budapest",
                    "cityCodeFrom": "BUD",
                    "cityTo": "Hamburg",
                    "cityCodeTo": "HAM",
                    "local_departure": "2024-08-26T08:40:00.000Z",
                    "utc_departure": "2024-08-26T06:40:00.000Z",
                    "local_arrival": "2024-08-26T10:25:00.000Z",
                    "utc_arrival": "2024-08-26T08:25:00.000Z",
                    "airline": "EW",
                    "flight_no": 7785,
                    "operating_carrier": "EW",
                    "operating_flight_no": "7785",
                    "fare_basis": "",
                    "fare_category": "M",
                    "fare_classes": "K",
                    "return": 0,
                    "bags_recheck_required": false,
                    "vi_connection": false,
                    "guarantee": false,
                    "equipment": null,
                    "vehicle_type": "aircraft"
                },
                {
                    "id": "17880b774dff00009c647f37_0",
                    "combination_id": "17880b774dff00009c647f37",
                    "flyFrom": "HAM",
                    "flyTo": "BUD",
                    "cityFrom": "Hamburg",
                    "cityCodeFrom": "HAM",
                    "cityTo": "Budapest",
                    "cityCodeTo": "BUD",
                    "local_departure": "2024-09-01T18:25:00.000Z",
                    "utc_departure": "2024-09-01T16:25:00.000Z",
                    "local_arrival": "2024-09-01T20:05:00.000Z",
                    "utc_arrival": "2024-09-01T18:05:00.000Z",
                    "airline": "EW",
                    "flight_no": 7782,
                    "operating_carrier": "EW",
                    "operating_flight_no": "7782",
                    "fare_basis": "",
                    "fare_category": "M",
                    "fare_classes": "",
                    "return": 1,
                    "bags_recheck_required": false,
                    "vi_connection": false,
                    "guarantee": false,
                    "equipment": null,
                    "vehicle_type": "aircraft"
                }
            ],
            "booking_token": "HQo8AjdTQvhZ9RUK6MjJgfXtKJMHca2odYzy-1ZpYdBoK4tWs1guH-3lKazklS269jp69duAxETCeDTGGh5xbKrgCtxtruaC41tYe94fsHz6l7sv4o8WU54ZAVnNYr6ASss5sfloFcfBNfHJNBrY2F3PhZJUGHEv-faf-dDkV_hznbAZnZEgVwp3OHvTPHGnplPYDCewMw-YJhg-6IReahkVgitki641ZscP3pvUInLxl3U5zUo6sxn35on_n4usW6io5Nn_0KVb8b3sVe0QpMyhjU69o9hvRUB-GBfHrgVaz7ci6cHQ5A56R-L5AtKPCp1lPq6lEjBa5vt0vCq4K9wGuKqAPgbo-Fbd8u3ov-trTZD6sQHpE7d0oa975vogMZ2HTlTGKxSuT662MryccL8Q_UcbfKaH9B67pvyQ3YzqPqmg462riZy8XtrG2glNKlnZjMENO77omi_5YpuE8xFo8h7rzKW-j43eLiDA34SUhdpfyaAyon75bGMwLk0ukZhosdd8xOd8NlKiG7uV3NglqG-hEFfamT-D_xxX8gWT1tcrc0bGtExbMS3qx4Rhtskwu0K5RJqe0cxZSSm5x-1s_5F8OQUTfD0RqCIi7U3aX9bdFR5IKdT4H9YD4Y7leZyxqLxAexMn4KVuKWdnqHqcCrPCwk3O8lMW5cz4tTD0=",
            "deep_link": "https://www.kiwi.com/deep?affilid=mihalytest&currency=EUR&flightsId=0b7717884df9000016ee0557_0%7C17880b774dff00009c647f37_0&from=BUD&lang=en&passengers=1&to=HAM&booking_token=HQo8AjdTQvhZ9RUK6MjJgfXtKJMHca2odYzy-1ZpYdBoK4tWs1guH-3lKazklS269jp69duAxETCeDTGGh5xbKrgCtxtruaC41tYe94fsHz6l7sv4o8WU54ZAVnNYr6ASss5sfloFcfBNfHJNBrY2F3PhZJUGHEv-faf-dDkV_hznbAZnZEgVwp3OHvTPHGnplPYDCewMw-YJhg-6IReahkVgitki641ZscP3pvUInLxl3U5zUo6sxn35on_n4usW6io5Nn_0KVb8b3sVe0QpMyhjU69o9hvRUB-GBfHrgVaz7ci6cHQ5A56R-L5AtKPCp1lPq6lEjBa5vt0vCq4K9wGuKqAPgbo-Fbd8u3ov-trTZD6sQHpE7d0oa975vogMZ2HTlTGKxSuT662MryccL8Q_UcbfKaH9B67pvyQ3YzqPqmg462riZy8XtrG2glNKlnZjMENO77omi_5YpuE8xFo8h7rzKW-j43eLiDA34SUhdpfyaAyon75bGMwLk0ukZhosdd8xOd8NlKiG7uV3NglqG-hEFfamT-D_xxX8gWT1tcrc0bGtExbMS3qx4Rhtskwu0K5RJqe0cxZSSm5x-1s_5F8OQUTfD0RqCIi7U3aX9bdFR5IKdT4H9YD4Y7leZyxqLxAexMn4KVuKWdnqHqcCrPCwk3O8lMW5cz4tTD0=",
            "facilitated_booking_available": true,
            "pnr_count": 2,
            "has_airport_change": false,
            "technical_stops": 0,
            "throw_away_ticketing": false,
            "hidden_city_ticketing": false,
            "virtual_interlining": false
        },
        {
            "id": "0b7717884dfb0000b92e0525_0|17880b774dfd00004d12a939_0",
            "flyFrom": "BUD",
            "flyTo": "HAM",
            "cityFrom": "Budapest",
            "cityCodeFrom": "BUD",
            "cityTo": "Hamburg",
            "cityCodeTo": "HAM",
            "countryFrom": {
                "code": "HU",
                "name": "Hungary"
            },
            "countryTo": {
                "code": "DE",
                "name": "Germany"
            },
            "local_departure": "2024-08-28T20:45:00.000Z",
            "utc_departure": "2024-08-28T18:45:00.000Z",
            "local_arrival": "2024-08-28T22:30:00.000Z",
            "utc_arrival": "2024-08-28T20:30:00.000Z",
            "nightsInDest": 2,
            "quality": 254.333205,
            "distance": 949.98,
            "duration": {
                "departure": 6300,
                "return": 6000,
                "total": 12300
            },
            "price": 203,
            "conversion": {
                "EUR": 203
            },
            "fare": {
                "adults": 203,
                "children": 203,
                "infants": 203
            },
            "fare_locks": {
                "EUR": [
                    {
                        "default": false,
                        "duration": "P1D",
                        "itinerary_price_limit": 403,
                        "itinerary_price_remaining": 203,
                        "fare_lock_kind": "fee",
                        "price": 10.15,
                        "rule_instance_id": 26749,
                        "version": "v1"
                    },
                    {
                        "default": true,
                        "duration": "P3D",
                        "itinerary_price_limit": 403,
                        "itinerary_price_remaining": 203,
                        "fare_lock_kind": "fee",
                        "price": 20.3,
                        "rule_instance_id": 26748,
                        "version": "v1"
                    },
                    {
                        "default": false,
                        "duration": "P7D",
                        "itinerary_price_limit": 403,
                        "itinerary_price_remaining": 203,
                        "fare_lock_kind": "fee",
                        "price": 50.75,
                        "rule_instance_id": 26750,
                        "version": "v1"
                    }
                ]
            },
            "bags_price": {
                "1": 72.8,
                "2": 282.8
            },
            "baglimit": {
                "hand_dimensions_sum": 118,
                "hand_height": 40,
                "hand_length": 55,
                "hand_weight": 8,
                "hand_width": 23,
                "hold_dimensions_sum": 158,
                "hold_height": 52,
                "hold_length": 78,
                "hold_weight": 23,
                "hold_width": 28,
                "personal_item_dimension_sum": 95,
                "personal_item_height": 30,
                "personal_item_length": 40,
                "personal_item_weight": 8,
                "personal_item_width": 25
            },
            "availability": {
                "seats": 9
            },
            "airlines": [
                "EW"
            ],
            "route": [
                {
                    "id": "0b7717884dfb0000b92e0525_0",
                    "combination_id": "0b7717884dfb0000b92e0525",
                    "flyFrom": "BUD",
                    "flyTo": "HAM",
                    "cityFrom": "Budapest",
                    "cityCodeFrom": "BUD",
                    "cityTo": "Hamburg",
                    "cityCodeTo": "HAM",
                    "local_departure": "2024-08-28T20:45:00.000Z",
                    "utc_departure": "2024-08-28T18:45:00.000Z",
                    "local_arrival": "2024-08-28T22:30:00.000Z",
                    "utc_arrival": "2024-08-28T20:30:00.000Z",
                    "airline": "EW",
                    "flight_no": 7783,
                    "operating_carrier": "EW",
                    "operating_flight_no": "7783",
                    "fare_basis": "",
                    "fare_category": "M",
                    "fare_classes": "L",
                    "return": 0,
                    "bags_recheck_required": false,
                    "vi_connection": false,
                    "guarantee": false,
                    "equipment": null,
                    "vehicle_type": "aircraft"
                },
                {
                    "id": "17880b774dfd00004d12a939_0",
                    "combination_id": "17880b774dfd00004d12a939",
                    "flyFrom": "HAM",
                    "flyTo": "BUD",
                    "cityFrom": "Hamburg",
                    "cityCodeFrom": "HAM",
                    "cityTo": "Budapest",
                    "cityCodeTo": "BUD",
                    "local_departure": "2024-08-30T18:25:00.000Z",
                    "utc_departure": "2024-08-30T16:25:00.000Z",
                    "local_arrival": "2024-08-30T20:05:00.000Z",
                    "utc_arrival": "2024-08-30T18:05:00.000Z",
                    "airline": "EW",
                    "flight_no": 7782,
                    "operating_carrier": "EW",
                    "operating_flight_no": "7782",
                    "fare_basis": "",
                    "fare_category": "M",
                    "fare_classes": "",
                    "return": 1,
                    "bags_recheck_required": false,
                    "vi_connection": false,
                    "guarantee": false,
                    "equipment": null,
                    "vehicle_type": "aircraft"
                }
            ],
            "booking_token": "H0coETRnnpKTdIP97TVNaODztNqMJ2Gd5P9s9FBiQoqUlqUBD1KpBDTJrE9TxmuLH79pORk-KTLbhLENNcvpnTjdLfh2sHBAFhZYP0kIaEZIRfiXwU34uDVED2ctx1GwlhRxniRzB8HjCl-HdfGC460cTZ_GWK49dJ9XeCHvKi_FoIuhcdlZ2CsmBggPtAqLIUiO_5jBDTagIY9O3PE5SXyMxCO3prFnu7vo9CGuCKGDb6csEGrZ2zSsOc_VJyEmRXFQKn1oaRen_X_ZJm40jrCZiOEQDve1Ly1983XLb_XkD_i-AU4fGEx66kYPql6LJV7KO0-UWAjJ54UKwVc4xe-DEDtcZ13fdnrkCHKQzR7GBZFbtjbERwHx5W7Yx3CDyghd9YkIliCmx2obribbGH3YqVR4BcopAgJIBe5v8pgZoUTzcccy40nGmzXQZxDqT8ISxWXUbQr-9Z_Zm4L-X1Q6fXBXkB_tOPhXn4brGPtQNBHzZd6H98lNN_tO3uTFyAL5C-trP44sYumFRBv2JKyw5zEuEvTEoonZ05tw2wN97YZvFerb2FDqTSJdseLvj5-PghkjwAZVRK1BnwEKWF3HWSJLmi-AycHlD69IUqD7JhQrRZUDrLNRct-6g5ZGu4ZS1M43z8XEpJI3wdMje2G_B-Vez1olXRATWJENiRO3yCfZ255rK8VLJfsAh-Alk",
            "deep_link": "https://www.kiwi.com/deep?affilid=mihalytest&currency=EUR&flightsId=0b7717884dfb0000b92e0525_0%7C17880b774dfd00004d12a939_0&from=BUD&lang=en&passengers=1&to=HAM&booking_token=H0coETRnnpKTdIP97TVNaODztNqMJ2Gd5P9s9FBiQoqUlqUBD1KpBDTJrE9TxmuLH79pORk-KTLbhLENNcvpnTjdLfh2sHBAFhZYP0kIaEZIRfiXwU34uDVED2ctx1GwlhRxniRzB8HjCl-HdfGC460cTZ_GWK49dJ9XeCHvKi_FoIuhcdlZ2CsmBggPtAqLIUiO_5jBDTagIY9O3PE5SXyMxCO3prFnu7vo9CGuCKGDb6csEGrZ2zSsOc_VJyEmRXFQKn1oaRen_X_ZJm40jrCZiOEQDve1Ly1983XLb_XkD_i-AU4fGEx66kYPql6LJV7KO0-UWAjJ54UKwVc4xe-DEDtcZ13fdnrkCHKQzR7GBZFbtjbERwHx5W7Yx3CDyghd9YkIliCmx2obribbGH3YqVR4BcopAgJIBe5v8pgZoUTzcccy40nGmzXQZxDqT8ISxWXUbQr-9Z_Zm4L-X1Q6fXBXkB_tOPhXn4brGPtQNBHzZd6H98lNN_tO3uTFyAL5C-trP44sYumFRBv2JKyw5zEuEvTEoonZ05tw2wN97YZvFerb2FDqTSJdseLvj5-PghkjwAZVRK1BnwEKWF3HWSJLmi-AycHlD69IUqD7JhQrRZUDrLNRct-6g5ZGu4ZS1M43z8XEpJI3wdMje2G_B-Vez1olXRATWJENiRO3yCfZ255rK8VLJfsAh-Alk",
            "facilitated_booking_available": true,
            "pnr_count": 2,
            "has_airport_change": false,
            "technical_stops": 0,
            "throw_away_ticketing": false,
            "hidden_city_ticketing": false,
            "virtual_interlining": false
        },
        {
            "id": "0b7717884dfd000092ce83ae_0|17880b774dff00009c647f37_0",
            "flyFrom": "BUD",
            "flyTo": "HAM",
            "cityFrom": "Budapest",
            "cityCodeFrom": "BUD",
            "cityTo": "Hamburg",
            "cityCodeTo": "HAM",
            "countryFrom": {
                "code": "HU",
                "name": "Hungary"
            },
            "countryTo": {
                "code": "DE",
                "name": "Germany"
            },
            "local_departure": "2024-08-30T20:45:00.000Z",
            "utc_departure": "2024-08-30T18:45:00.000Z",
            "local_arrival": "2024-08-30T22:30:00.000Z",
            "utc_arrival": "2024-08-30T20:30:00.000Z",
            "nightsInDest": 2,
            "quality": 254.333205,
            "distance": 949.98,
            "duration": {
                "departure": 6300,
                "return": 6000,
                "total": 12300
            },
            "price": 203,
            "conversion": {
                "EUR": 203
            },
            "fare": {
                "adults": 203,
                "children": 203,
                "infants": 203
            },
            "fare_locks": {
                "EUR": [
                    {
                        "default": false,
                        "duration": "P1D",
                        "itinerary_price_limit": 403,
                        "itinerary_price_remaining": 203,
                        "fare_lock_kind": "fee",
                        "price": 10.15,
                        "rule_instance_id": 26749,
                        "version": "v1"
                    },
                    {
                        "default": true,
                        "duration": "P3D",
                        "itinerary_price_limit": 403,
                        "itinerary_price_remaining": 203,
                        "fare_lock_kind": "fee",
                        "price": 20.3,
                        "rule_instance_id": 26748,
                        "version": "v1"
                    },
                    {
                        "default": false,
                        "duration": "P7D",
                        "itinerary_price_limit": 403,
                        "itinerary_price_remaining": 203,
                        "fare_lock_kind": "fee",
                        "price": 50.75,
                        "rule_instance_id": 26750,
                        "version": "v1"
                    }
                ]
            },
            "bags_price": {
                "1": 72.8,
                "2": 282.8
            },
            "baglimit": {
                "hand_dimensions_sum": 118,
                "hand_height": 40,
                "hand_length": 55,
                "hand_weight": 8,
                "hand_width": 23,
                "hold_dimensions_sum": 158,
                "hold_height": 52,
                "hold_length": 78,
                "hold_weight": 23,
                "hold_width": 28,
                "personal_item_dimension_sum": 95,
                "personal_item_height": 30,
                "personal_item_length": 40,
                "personal_item_weight": 8,
                "personal_item_width": 25
            },
            "availability": {
                "seats": 9
            },
            "airlines": [
                "EW"
            ],
            "route": [
                {
                    "id": "0b7717884dfd000092ce83ae_0",
                    "combination_id": "0b7717884dfd000092ce83ae",
                    "flyFrom": "BUD",
                    "flyTo": "HAM",
                    "cityFrom": "Budapest",
                    "cityCodeFrom": "BUD",
                    "cityTo": "Hamburg",
                    "cityCodeTo": "HAM",
                    "local_departure": "2024-08-30T20:45:00.000Z",
                    "utc_departure": "2024-08-30T18:45:00.000Z",
                    "local_arrival": "2024-08-30T22:30:00.000Z",
                    "utc_arrival": "2024-08-30T20:30:00.000Z",
                    "airline": "EW",
                    "flight_no": 7783,
                    "operating_carrier": "EW",
                    "operating_flight_no": "7783",
                    "fare_basis": "",
                    "fare_category": "M",
                    "fare_classes": "",
                    "return": 0,
                    "bags_recheck_required": false,
                    "vi_connection": false,
                    "guarantee": false,
                    "equipment": null,
                    "vehicle_type": "aircraft"
                },
                {
                    "id": "17880b774dff00009c647f37_0",
                    "combination_id": "17880b774dff00009c647f37",
                    "flyFrom": "HAM",
                    "flyTo": "BUD",
                    "cityFrom": "Hamburg",
                    "cityCodeFrom": "HAM",
                    "cityTo": "Budapest",
                    "cityCodeTo": "BUD",
                    "local_departure": "2024-09-01T18:25:00.000Z",
                    "utc_departure": "2024-09-01T16:25:00.000Z",
                    "local_arrival": "2024-09-01T20:05:00.000Z",
                    "utc_arrival": "2024-09-01T18:05:00.000Z",
                    "airline": "EW",
                    "flight_no": 7782,
                    "operating_carrier": "EW",
                    "operating_flight_no": "7782",
                    "fare_basis": "",
                    "fare_category": "M",
                    "fare_classes": "",
                    "return": 1,
                    "bags_recheck_required": false,
                    "vi_connection": false,
                    "guarantee": false,
                    "equipment": null,
                    "vehicle_type": "aircraft"
                }
            ],
            "booking_token": "Hv4QuFh18oYl8jg0FO3vlwNFfeNdX5rDjzMepbEu6tHpeU7w8hxJtuUavym9ZxRzYQhkTSQbFfNZjB2Ghrko5Ts5F8XlLGkkPoAY8mEFZeh5y01ZG8MHBbkATtgTrC7cOp0bOm0DvvzZMtY0odQbqcDDBOeMtwl5KmJWjv3XTnvvoTfdYXgbVN7z4THBirTKMETjS7CFBk4jMGB8flGjhi9B0N2Laq1lYu71DNzGQ5S-LqNI830yTtTMuSETw01N26SGGK9gBTz-4tOegqtLwM6jHgQQVmBkeC5jUThfQcHyJnlZMVwyvTJ-EmnmnqPTd3Zg4GcMOT7xrFdaG_3cNWaZd91eKHtYR3mLfbMlIahPY0j3Fpwtwk2knhZgNn4nYgeD8EGTzrO_USkrabe-oIuzJnjB2rrFiJWc47N_p01ByRJxYz8MYJnUH47yXJ3pWLqkPkFjQYYLPiNtRxHPpYLeMibx7CE-Gv4RXMqQxrYGyyX5jFydnKxWxN4tB-Z3adKWo8ORTGNjs4td2rhuaUuh2Lh1Ht_6ZR1rvs_99QTz_q54vwkiNv_Jos8SgqnaAcRT8EwdEYybmTLmFEXvZpkKSgjlHJUVuWQ7MNKdto52aabVUOp1VFryQQmnEOv3RsJVxo01LMah3xR-kUFgP3Ir2uGnr10yI_p6S7m0zf1cTzvF1s4hu9gSFDIQ_HijG",
            "deep_link": "https://www.kiwi.com/deep?affilid=mihalytest&currency=EUR&flightsId=0b7717884dfd000092ce83ae_0%7C17880b774dff00009c647f37_0&from=BUD&lang=en&passengers=1&to=HAM&booking_token=Hv4QuFh18oYl8jg0FO3vlwNFfeNdX5rDjzMepbEu6tHpeU7w8hxJtuUavym9ZxRzYQhkTSQbFfNZjB2Ghrko5Ts5F8XlLGkkPoAY8mEFZeh5y01ZG8MHBbkATtgTrC7cOp0bOm0DvvzZMtY0odQbqcDDBOeMtwl5KmJWjv3XTnvvoTfdYXgbVN7z4THBirTKMETjS7CFBk4jMGB8flGjhi9B0N2Laq1lYu71DNzGQ5S-LqNI830yTtTMuSETw01N26SGGK9gBTz-4tOegqtLwM6jHgQQVmBkeC5jUThfQcHyJnlZMVwyvTJ-EmnmnqPTd3Zg4GcMOT7xrFdaG_3cNWaZd91eKHtYR3mLfbMlIahPY0j3Fpwtwk2knhZgNn4nYgeD8EGTzrO_USkrabe-oIuzJnjB2rrFiJWc47N_p01ByRJxYz8MYJnUH47yXJ3pWLqkPkFjQYYLPiNtRxHPpYLeMibx7CE-Gv4RXMqQxrYGyyX5jFydnKxWxN4tB-Z3adKWo8ORTGNjs4td2rhuaUuh2Lh1Ht_6ZR1rvs_99QTz_q54vwkiNv_Jos8SgqnaAcRT8EwdEYybmTLmFEXvZpkKSgjlHJUVuWQ7MNKdto52aabVUOp1VFryQQmnEOv3RsJVxo01LMah3xR-kUFgP3Ir2uGnr10yI_p6S7m0zf1cTzvF1s4hu9gSFDIQ_HijG",
            "facilitated_booking_available": true,
            "pnr_count": 2,
            "has_airport_change": false,
            "technical_stops": 0,
            "throw_away_ticketing": false,
            "hidden_city_ticketing": false,
            "virtual_interlining": false
        },
        {
            "id": "0b7717884dfd000092ce83ae_0|17880b774e0400008d594e23_0",
            "flyFrom": "BUD",
            "flyTo": "HAM",
            "cityFrom": "Budapest",
            "cityCodeFrom": "BUD",
            "cityTo": "Hamburg",
            "cityCodeTo": "HAM",
            "countryFrom": {
                "code": "HU",
                "name": "Hungary"
            },
            "countryTo": {
                "code": "DE",
                "name": "Germany"
            },
            "local_departure": "2024-08-30T20:45:00.000Z",
            "utc_departure": "2024-08-30T18:45:00.000Z",
            "local_arrival": "2024-08-30T22:30:00.000Z",
            "utc_arrival": "2024-08-30T20:30:00.000Z",
            "nightsInDest": 7,
            "quality": 254.333205,
            "distance": 949.98,
            "duration": {
                "departure": 6300,
                "return": 6000,
                "total": 12300
            },
            "price": 203,
            "conversion": {
                "EUR": 203
            },
            "fare": {
                "adults": 203,
                "children": 203,
                "infants": 203
            },
            "fare_locks": {
                "EUR": [
                    {
                        "default": false,
                        "duration": "P1D",
                        "itinerary_price_limit": 403,
                        "itinerary_price_remaining": 203,
                        "fare_lock_kind": "fee",
                        "price": 10.15,
                        "rule_instance_id": 26749,
                        "version": "v1"
                    },
                    {
                        "default": true,
                        "duration": "P3D",
                        "itinerary_price_limit": 403,
                        "itinerary_price_remaining": 203,
                        "fare_lock_kind": "fee",
                        "price": 20.3,
                        "rule_instance_id": 26748,
                        "version": "v1"
                    },
                    {
                        "default": false,
                        "duration": "P7D",
                        "itinerary_price_limit": 403,
                        "itinerary_price_remaining": 203,
                        "fare_lock_kind": "fee",
                        "price": 50.75,
                        "rule_instance_id": 26750,
                        "version": "v1"
                    }
                ]
            },
            "bags_price": {
                "1": 72.8,
                "2": 282.8
            },
            "baglimit": {
                "hand_dimensions_sum": 118,
                "hand_height": 40,
                "hand_length": 55,
                "hand_weight": 8,
                "hand_width": 23,
                "hold_dimensions_sum": 158,
                "hold_height": 52,
                "hold_length": 78,
                "hold_weight": 23,
                "hold_width": 28,
                "personal_item_dimension_sum": 95,
                "personal_item_height": 30,
                "personal_item_length": 40,
                "personal_item_weight": 8,
                "personal_item_width": 25
            },
            "availability": {
                "seats": 9
            },
            "airlines": [
                "EW"
            ],
            "route": [
                {
                    "id": "0b7717884dfd000092ce83ae_0",
                    "combination_id": "0b7717884dfd000092ce83ae",
                    "flyFrom": "BUD",
                    "flyTo": "HAM",
                    "cityFrom": "Budapest",
                    "cityCodeFrom": "BUD",
                    "cityTo": "Hamburg",
                    "cityCodeTo": "HAM",
                    "local_departure": "2024-08-30T20:45:00.000Z",
                    "utc_departure": "2024-08-30T18:45:00.000Z",
                    "local_arrival": "2024-08-30T22:30:00.000Z",
                    "utc_arrival": "2024-08-30T20:30:00.000Z",
                    "airline": "EW",
                    "flight_no": 7783,
                    "operating_carrier": "EW",
                    "operating_flight_no": "7783",
                    "fare_basis": "",
                    "fare_category": "M",
                    "fare_classes": "",
                    "return": 0,
                    "bags_recheck_required": false,
                    "vi_connection": false,
                    "guarantee": false,
                    "equipment": null,
                    "vehicle_type": "aircraft"
                },
                {
                    "id": "17880b774e0400008d594e23_0",
                    "combination_id": "17880b774e0400008d594e23",
                    "flyFrom": "HAM",
                    "flyTo": "BUD",
                    "cityFrom": "Hamburg",
                    "cityCodeFrom": "HAM",
                    "cityTo": "Budapest",
                    "cityCodeTo": "BUD",
                    "local_departure": "2024-09-06T18:25:00.000Z",
                    "utc_departure": "2024-09-06T16:25:00.000Z",
                    "local_arrival": "2024-09-06T20:05:00.000Z",
                    "utc_arrival": "2024-09-06T18:05:00.000Z",
                    "airline": "EW",
                    "flight_no": 7782,
                    "operating_carrier": "EW",
                    "operating_flight_no": "7782",
                    "fare_basis": "",
                    "fare_category": "M",
                    "fare_classes": "",
                    "return": 1,
                    "bags_recheck_required": false,
                    "vi_connection": false,
                    "guarantee": false,
                    "equipment": null,
                    "vehicle_type": "aircraft"
                }
            ],
            "booking_token": "HBx4vH9xIV1WuDzFMn1hKADLkAxk7qcpXZ-kUR2tDg40t0Log23BvKEbbyh_tXYXcswhIrwhwYy9HQKfFUpsOd9ckD0fv4ezF2RMmBvEI2zrEiIEs-xpE1R7TGlMT0-_ibb83cSxINS1jPxYaHpqY7LFL_fqkJFYIiPBgtFrPrB1haLoIIQYYjqHUTSSzJOhbaJQXHOacxP96BeppuPxzsTpZslQbLpfr2AGai3arAxmPsyIifmHQ5-LfqSVeXmv-fkl-rHWlxKbJNLMf9CVsY3-8mA7FZdKrBob8vR7Q_BvuEmsWJEIaeinoK_mVpm6vqouIRmMUkRClr7VL6fzowElDQBa9EFuzotHDuNXWR3dspUc0wFULZCXY-LsPeNR81fnretts1rY2ka5bem7mLLq2B55atwPBrcFmnyktAiNoMDjVE4UlUR5C-snh4Ysb02r84SR71RZSUbWcvAz0Gjfefb76IQFAQhg2tdO9ouCbWm6zIsrVkBg0TSyXK6TlnF_SVSiiXDtja29gqm_vE1Vfx07g_D1eGJZtDy9YgrkZ6joQUN76e9z9UTEVZPevHCgZOpCKPctn-9bkEYBQlx9x8gTQJ0i3giO_V1ByxUZkj3wmZL_aPXl9NQgZ5ZVWK7YbK73x-vReiBmru_xp-RJ09iFfpMUqrNAcN_oTdWNHapqjKG2UwQjxstvlYvV9",
            "deep_link": "https://www.kiwi.com/deep?affilid=mihalytest&currency=EUR&flightsId=0b7717884dfd000092ce83ae_0%7C17880b774e0400008d594e23_0&from=BUD&lang=en&passengers=1&to=HAM&booking_token=HBx4vH9xIV1WuDzFMn1hKADLkAxk7qcpXZ-kUR2tDg40t0Log23BvKEbbyh_tXYXcswhIrwhwYy9HQKfFUpsOd9ckD0fv4ezF2RMmBvEI2zrEiIEs-xpE1R7TGlMT0-_ibb83cSxINS1jPxYaHpqY7LFL_fqkJFYIiPBgtFrPrB1haLoIIQYYjqHUTSSzJOhbaJQXHOacxP96BeppuPxzsTpZslQbLpfr2AGai3arAxmPsyIifmHQ5-LfqSVeXmv-fkl-rHWlxKbJNLMf9CVsY3-8mA7FZdKrBob8vR7Q_BvuEmsWJEIaeinoK_mVpm6vqouIRmMUkRClr7VL6fzowElDQBa9EFuzotHDuNXWR3dspUc0wFULZCXY-LsPeNR81fnretts1rY2ka5bem7mLLq2B55atwPBrcFmnyktAiNoMDjVE4UlUR5C-snh4Ysb02r84SR71RZSUbWcvAz0Gjfefb76IQFAQhg2tdO9ouCbWm6zIsrVkBg0TSyXK6TlnF_SVSiiXDtja29gqm_vE1Vfx07g_D1eGJZtDy9YgrkZ6joQUN76e9z9UTEVZPevHCgZOpCKPctn-9bkEYBQlx9x8gTQJ0i3giO_V1ByxUZkj3wmZL_aPXl9NQgZ5ZVWK7YbK73x-vReiBmru_xp-RJ09iFfpMUqrNAcN_oTdWNHapqjKG2UwQjxstvlYvV9",
            "facilitated_booking_available": true,
            "pnr_count": 2,
            "has_airport_change": false,
            "technical_stops": 0,
            "throw_away_ticketing": false,
            "hidden_city_ticketing": false,
            "virtual_interlining": false
        },
        {
            "id": "0b7717884e070000b9ab77bd_0|17880b774e0a00005931f13c_0",
            "flyFrom": "BUD",
            "flyTo": "HAM",
            "cityFrom": "Budapest",
            "cityCodeFrom": "BUD",
            "cityTo": "Hamburg",
            "cityCodeTo": "HAM",
            "countryFrom": {
                "code": "HU",
                "name": "Hungary"
            },
            "countryTo": {
                "code": "DE",
                "name": "Germany"
            },
            "local_departure": "2024-09-09T13:55:00.000Z",
            "utc_departure": "2024-09-09T11:55:00.000Z",
            "local_arrival": "2024-09-09T15:40:00.000Z",
            "utc_arrival": "2024-09-09T13:40:00.000Z",
            "nightsInDest": 3,
            "quality": 256.333205,
            "distance": 949.98,
            "duration": {
                "departure": 6300,
                "return": 6000,
                "total": 12300
            },
            "price": 205,
            "conversion": {
                "EUR": 205
            },
            "fare": {
                "adults": 205,
                "children": 205,
                "infants": 205
            },
            "fare_locks": {
                "EUR": [
                    {
                        "default": false,
                        "duration": "P1D",
                        "itinerary_price_limit": 405,
                        "itinerary_price_remaining": 205,
                        "fare_lock_kind": "fee",
                        "price": 10.25,
                        "rule_instance_id": 26749,
                        "version": "v1"
                    },
                    {
                        "default": true,
                        "duration": "P3D",
                        "itinerary_price_limit": 405,
                        "itinerary_price_remaining": 205,
                        "fare_lock_kind": "fee",
                        "price": 20.5,
                        "rule_instance_id": 26748,
                        "version": "v1"
                    },
                    {
                        "default": false,
                        "duration": "P7D",
                        "itinerary_price_limit": 405,
                        "itinerary_price_remaining": 205,
                        "fare_lock_kind": "fee",
                        "price": 51.25,
                        "rule_instance_id": 26750,
                        "version": "v1"
                    }
                ]
            },
            "bags_price": {
                "1": 72.8,
                "2": 282.8
            },
            "baglimit": {
                "hand_dimensions_sum": 118,
                "hand_height": 40,
                "hand_length": 55,
                "hand_weight": 8,
                "hand_width": 23,
                "hold_dimensions_sum": 158,
                "hold_height": 52,
                "hold_length": 78,
                "hold_weight": 23,
                "hold_width": 28,
                "personal_item_dimension_sum": 95,
                "personal_item_height": 30,
                "personal_item_length": 40,
                "personal_item_weight": 8,
                "personal_item_width": 25
            },
            "availability": {
                "seats": 2
            },
            "airlines": [
                "EW"
            ],
            "route": [
                {
                    "id": "0b7717884e070000b9ab77bd_0",
                    "combination_id": "0b7717884e070000b9ab77bd",
                    "flyFrom": "BUD",
                    "flyTo": "HAM",
                    "cityFrom": "Budapest",
                    "cityCodeFrom": "BUD",
                    "cityTo": "Hamburg",
                    "cityCodeTo": "HAM",
                    "local_departure": "2024-09-09T13:55:00.000Z",
                    "utc_departure": "2024-09-09T11:55:00.000Z",
                    "local_arrival": "2024-09-09T15:40:00.000Z",
                    "utc_arrival": "2024-09-09T13:40:00.000Z",
                    "airline": "EW",
                    "flight_no": 7785,
                    "operating_carrier": "EW",
                    "operating_flight_no": "7785",
                    "fare_basis": "",
                    "fare_category": "M",
                    "fare_classes": "",
                    "return": 0,
                    "bags_recheck_required": false,
                    "vi_connection": false,
                    "guarantee": false,
                    "equipment": null,
                    "vehicle_type": "aircraft"
                },
                {
                    "id": "17880b774e0a00005931f13c_0",
                    "combination_id": "17880b774e0a00005931f13c",
                    "flyFrom": "HAM",
                    "flyTo": "BUD",
                    "cityFrom": "Hamburg",
                    "cityCodeFrom": "HAM",
                    "cityTo": "Budapest",
                    "cityCodeTo": "BUD",
                    "local_departure": "2024-09-12T18:25:00.000Z",
                    "utc_departure": "2024-09-12T16:25:00.000Z",
                    "local_arrival": "2024-09-12T20:05:00.000Z",
                    "utc_arrival": "2024-09-12T18:05:00.000Z",
                    "airline": "EW",
                    "flight_no": 7782,
                    "operating_carrier": "EW",
                    "operating_flight_no": "7782",
                    "fare_basis": "",
                    "fare_category": "M",
                    "fare_classes": "",
                    "return": 1,
                    "bags_recheck_required": false,
                    "vi_connection": false,
                    "guarantee": false,
                    "equipment": null,
                    "vehicle_type": "aircraft"
                }
            ],
            "booking_token": "HvautJTPKc2CLBc3cilNSE7mXrJ4dLk59o0bQ58BVvf1_YS_d4eYuK2yhxcUJ2J3uE9Trt66HGDWAURthP2_mWrRF-iuaEUH8DCsfTct5evctqJncsHUNIK-OUoJZXzotHbk0JF9UJBouYYKRAdby84RXU1BhxrD0C6fhhNZ7v-elUPAwXm1oIxLW02g-FWa2pIWGFTy_DuIKq46K5dylYAvsQLLum6SGkIVedfKfp65GQrCKngFm8Yp2HVcSExPIf4Ei0n0dwgH4rMfqyMqjMkPITtizjx3lX5dLgskKXzLC5Asp5_F7tWliM_8UgrjBNaBxDSgaG3DsHNfpJHNSliDk5mppGtcWs83bbCsotQjC9ihHSECF0cYAk6GBFqzZagZFW-BzObe-swqRW0FEHvd32bSWZ3G97hXNUvFzlmJxnhsVagujNEO8Pp_S036Fokm2Urs87vrYGD2bkegony6Erx9kJbA_gKE6LeUBKW5FdUXEKVyCBrpMOv877QxQqqsSe4-9-CdAkzkOjNk_7i1KNadMvR9GKtEx0r-9QmJuBVPqYE2P94aBu1TwVzQGjtqqNuczjnepj1rmM9cCQo5DlHy2BK_D4x2uTDkM-dfzq68Ys3MfrgKWKYKCjQWnfFWZ1X_kgHktA9vOH8xjtBwJSRpLdI2l3ajT0hMeNwevXUukKpLlh1iAZMyEKXga-tB-b4pZ1OPYQJtOH4q32g==",
            "deep_link": "https://www.kiwi.com/deep?affilid=mihalytest&currency=EUR&flightsId=0b7717884e070000b9ab77bd_0%7C17880b774e0a00005931f13c_0&from=BUD&lang=en&passengers=1&to=HAM&booking_token=HvautJTPKc2CLBc3cilNSE7mXrJ4dLk59o0bQ58BVvf1_YS_d4eYuK2yhxcUJ2J3uE9Trt66HGDWAURthP2_mWrRF-iuaEUH8DCsfTct5evctqJncsHUNIK-OUoJZXzotHbk0JF9UJBouYYKRAdby84RXU1BhxrD0C6fhhNZ7v-elUPAwXm1oIxLW02g-FWa2pIWGFTy_DuIKq46K5dylYAvsQLLum6SGkIVedfKfp65GQrCKngFm8Yp2HVcSExPIf4Ei0n0dwgH4rMfqyMqjMkPITtizjx3lX5dLgskKXzLC5Asp5_F7tWliM_8UgrjBNaBxDSgaG3DsHNfpJHNSliDk5mppGtcWs83bbCsotQjC9ihHSECF0cYAk6GBFqzZagZFW-BzObe-swqRW0FEHvd32bSWZ3G97hXNUvFzlmJxnhsVagujNEO8Pp_S036Fokm2Urs87vrYGD2bkegony6Erx9kJbA_gKE6LeUBKW5FdUXEKVyCBrpMOv877QxQqqsSe4-9-CdAkzkOjNk_7i1KNadMvR9GKtEx0r-9QmJuBVPqYE2P94aBu1TwVzQGjtqqNuczjnepj1rmM9cCQo5DlHy2BK_D4x2uTDkM-dfzq68Ys3MfrgKWKYKCjQWnfFWZ1X_kgHktA9vOH8xjtBwJSRpLdI2l3ajT0hMeNwevXUukKpLlh1iAZMyEKXga-tB-b4pZ1OPYQJtOH4q32g==",
            "facilitated_booking_available": true,
            "pnr_count": 2,
            "has_airport_change": false,
            "technical_stops": 0,
            "throw_away_ticketing": false,
            "hidden_city_ticketing": false,
            "virtual_interlining": false
        },
        {
            "id": "0b7717884df20000192be618_0|17880b774df6000089f99b09_0",
            "flyFrom": "BUD",
            "flyTo": "HAM",
            "cityFrom": "Budapest",
            "cityCodeFrom": "BUD",
            "cityTo": "Hamburg",
            "cityCodeTo": "HAM",
            "countryFrom": {
                "code": "HU",
                "name": "Hungary"
            },
            "countryTo": {
                "code": "DE",
                "name": "Germany"
            },
            "local_departure": "2024-08-19T08:40:00.000Z",
            "utc_departure": "2024-08-19T06:40:00.000Z",
            "local_arrival": "2024-08-19T10:25:00.000Z",
            "utc_arrival": "2024-08-19T08:25:00.000Z",
            "nightsInDest": 4,
            "quality": 256.333205,
            "distance": 949.98,
            "duration": {
                "departure": 6300,
                "return": 6000,
                "total": 12300
            },
            "price": 205,
            "conversion": {
                "EUR": 205
            },
            "fare": {
                "adults": 205,
                "children": 205,
                "infants": 205
            },
            "fare_locks": {
                "EUR": [
                    {
                        "default": false,
                        "duration": "P1D",
                        "itinerary_price_limit": 405,
                        "itinerary_price_remaining": 205,
                        "fare_lock_kind": "fee",
                        "price": 10.25,
                        "rule_instance_id": 26749,
                        "version": "v1"
                    },
                    {
                        "default": true,
                        "duration": "P3D",
                        "itinerary_price_limit": 405,
                        "itinerary_price_remaining": 205,
                        "fare_lock_kind": "fee",
                        "price": 20.5,
                        "rule_instance_id": 26748,
                        "version": "v1"
                    },
                    {
                        "default": false,
                        "duration": "P7D",
                        "itinerary_price_limit": 405,
                        "itinerary_price_remaining": 205,
                        "fare_lock_kind": "fee",
                        "price": 51.25,
                        "rule_instance_id": 26750,
                        "version": "v1"
                    }
                ]
            },
            "bags_price": {
                "1": 72.8,
                "2": 282.8
            },
            "baglimit": {
                "hand_dimensions_sum": 118,
                "hand_height": 40,
                "hand_length": 55,
                "hand_weight": 8,
                "hand_width": 23,
                "hold_dimensions_sum": 158,
                "hold_height": 52,
                "hold_length": 78,
                "hold_weight": 23,
                "hold_width": 28,
                "personal_item_dimension_sum": 95,
                "personal_item_height": 30,
                "personal_item_length": 40,
                "personal_item_weight": 8,
                "personal_item_width": 25
            },
            "availability": {
                "seats": 1
            },
            "airlines": [
                "EW"
            ],
            "route": [
                {
                    "id": "0b7717884df20000192be618_0",
                    "combination_id": "0b7717884df20000192be618",
                    "flyFrom": "BUD",
                    "flyTo": "HAM",
                    "cityFrom": "Budapest",
                    "cityCodeFrom": "BUD",
                    "cityTo": "Hamburg",
                    "cityCodeTo": "HAM",
                    "local_departure": "2024-08-19T08:40:00.000Z",
                    "utc_departure": "2024-08-19T06:40:00.000Z",
                    "local_arrival": "2024-08-19T10:25:00.000Z",
                    "utc_arrival": "2024-08-19T08:25:00.000Z",
                    "airline": "EW",
                    "flight_no": 7785,
                    "operating_carrier": "EW",
                    "operating_flight_no": "7785",
                    "fare_basis": "",
                    "fare_category": "M",
                    "fare_classes": "",
                    "return": 0,
                    "bags_recheck_required": false,
                    "vi_connection": false,
                    "guarantee": false,
                    "equipment": null,
                    "vehicle_type": "aircraft"
                },
                {
                    "id": "17880b774df6000089f99b09_0",
                    "combination_id": "17880b774df6000089f99b09",
                    "flyFrom": "HAM",
                    "flyTo": "BUD",
                    "cityFrom": "Hamburg",
                    "cityCodeFrom": "HAM",
                    "cityTo": "Budapest",
                    "cityCodeTo": "BUD",
                    "local_departure": "2024-08-23T18:25:00.000Z",
                    "utc_departure": "2024-08-23T16:25:00.000Z",
                    "local_arrival": "2024-08-23T20:05:00.000Z",
                    "utc_arrival": "2024-08-23T18:05:00.000Z",
                    "airline": "EW",
                    "flight_no": 7782,
                    "operating_carrier": "EW",
                    "operating_flight_no": "7782",
                    "fare_basis": "",
                    "fare_category": "M",
                    "fare_classes": "K",
                    "return": 1,
                    "bags_recheck_required": false,
                    "vi_connection": false,
                    "guarantee": false,
                    "equipment": null,
                    "vehicle_type": "aircraft"
                }
            ],
            "booking_token": "HzsTF87ANpz4M5cFrT30VIfTp5B4PZK1paP_YEefjxwK5EFeZejEXx6LikXwWt3QGGeMS3SU6beAg0Qy78Bp33_oZmEgyjeqMao4a2_MCnEdmFhgfixb26sM_HZb2pSSYAMd-wbo-mnzLuyD7dMIcPZtxcjNMRFn_b6s34JHtYsIx2LxnQSiup7PwZEVNdz0uhQ6LxJX6dRRoZmpqPX3VattN7BEiNTNvNeGeuy0QozBpUW3lVjmtYzHwKMypdGj1BWtUgO9yWW5K7iLjP4yCXXZ8dIzGMLloBx-TxOM86DhwmqfqHdyOI3ZVb2FZbYvb2a0tYgcTkO4TAGHZFs456goKSOWDeXo81FzBQJpx4__iruGWXa22Z3qxGenL2pyupMv7ge5sJVBNfaY3ZzgonD_NE-wwbVbXwrI_BTlOu_DPjTZpdiFPDAP_EMbHaZ_b8P7VRajSQ87xYZzEmGUK8miLFoSacGdhpaeWUq3ijDO1SQcciD3x3JuirzKx6_mLwBrvhwQYg65TNSsKoKtNnqqOPBGR3cf92TRIssf3OY4c_V0adpOG-3qL73cILpNh-CP0gMmEFZuI4yFBN6-ePZKyr4uRVnu8IDeumJwwHqQXB1gYWGnWmLIRo8v0NUIXpBrImq7NtdjDePhoW_35pqKkCBujooF35hoj9luWB32UZJ4B00ezMP76Oe2fci72bDAaKw-jnEkXJnwf_wNqd2QGP9fLmKhBF7k2NwADE0g=",
            "deep_link": "https://www.kiwi.com/deep?affilid=mihalytest&currency=EUR&flightsId=0b7717884df20000192be618_0%7C17880b774df6000089f99b09_0&from=BUD&lang=en&passengers=1&to=HAM&booking_token=HzsTF87ANpz4M5cFrT30VIfTp5B4PZK1paP_YEefjxwK5EFeZejEXx6LikXwWt3QGGeMS3SU6beAg0Qy78Bp33_oZmEgyjeqMao4a2_MCnEdmFhgfixb26sM_HZb2pSSYAMd-wbo-mnzLuyD7dMIcPZtxcjNMRFn_b6s34JHtYsIx2LxnQSiup7PwZEVNdz0uhQ6LxJX6dRRoZmpqPX3VattN7BEiNTNvNeGeuy0QozBpUW3lVjmtYzHwKMypdGj1BWtUgO9yWW5K7iLjP4yCXXZ8dIzGMLloBx-TxOM86DhwmqfqHdyOI3ZVb2FZbYvb2a0tYgcTkO4TAGHZFs456goKSOWDeXo81FzBQJpx4__iruGWXa22Z3qxGenL2pyupMv7ge5sJVBNfaY3ZzgonD_NE-wwbVbXwrI_BTlOu_DPjTZpdiFPDAP_EMbHaZ_b8P7VRajSQ87xYZzEmGUK8miLFoSacGdhpaeWUq3ijDO1SQcciD3x3JuirzKx6_mLwBrvhwQYg65TNSsKoKtNnqqOPBGR3cf92TRIssf3OY4c_V0adpOG-3qL73cILpNh-CP0gMmEFZuI4yFBN6-ePZKyr4uRVnu8IDeumJwwHqQXB1gYWGnWmLIRo8v0NUIXpBrImq7NtdjDePhoW_35pqKkCBujooF35hoj9luWB32UZJ4B00ezMP76Oe2fci72bDAaKw-jnEkXJnwf_wNqd2QGP9fLmKhBF7k2NwADE0g=",
            "facilitated_booking_available": true,
            "pnr_count": 2,
            "has_airport_change": false,
            "technical_stops": 0,
            "throw_away_ticketing": false,
            "hidden_city_ticketing": false,
            "virtual_interlining": false
        },
        {
            "id": "0b7717884e4d0000c1b213c8_0|17880b774e5100003785df86_0",
            "flyFrom": "BUD",
            "flyTo": "HAM",
            "cityFrom": "Budapest",
            "cityCodeFrom": "BUD",
            "cityTo": "Hamburg",
            "cityCodeTo": "HAM",
            "countryFrom": {
                "code": "HU",
                "name": "Hungary"
            },
            "countryTo": {
                "code": "DE",
                "name": "Germany"
            },
            "local_departure": "2024-11-18T09:15:00.000Z",
            "utc_departure": "2024-11-18T08:15:00.000Z",
            "local_arrival": "2024-11-18T11:05:00.000Z",
            "utc_arrival": "2024-11-18T10:05:00.000Z",
            "nightsInDest": 4,
            "quality": 257.666535,
            "distance": 949.98,
            "duration": {
                "departure": 6600,
                "return": 6300,
                "total": 12900
            },
            "price": 205,
            "conversion": {
                "EUR": 205
            },
            "fare": {
                "adults": 205,
                "children": 205,
                "infants": 205
            },
            "fare_locks": {
                "EUR": [
                    {
                        "default": false,
                        "duration": "P1D",
                        "itinerary_price_limit": 405,
                        "itinerary_price_remaining": 205,
                        "fare_lock_kind": "fee",
                        "price": 10.25,
                        "rule_instance_id": 26749,
                        "version": "v1"
                    },
                    {
                        "default": true,
                        "duration": "P3D",
                        "itinerary_price_limit": 405,
                        "itinerary_price_remaining": 205,
                        "fare_lock_kind": "fee",
                        "price": 20.5,
                        "rule_instance_id": 26748,
                        "version": "v1"
                    },
                    {
                        "default": false,
                        "duration": "P7D",
                        "itinerary_price_limit": 405,
                        "itinerary_price_remaining": 205,
                        "fare_lock_kind": "fee",
                        "price": 51.25,
                        "rule_instance_id": 26750,
                        "version": "v1"
                    }
                ]
            },
            "bags_price": {
                "1": 72.8,
                "2": 282.8
            },
            "baglimit": {
                "hand_dimensions_sum": 118,
                "hand_height": 40,
                "hand_length": 55,
                "hand_weight": 8,
                "hand_width": 23,
                "hold_dimensions_sum": 158,
                "hold_height": 52,
                "hold_length": 78,
                "hold_weight": 23,
                "hold_width": 28,
                "personal_item_dimension_sum": 95,
                "personal_item_height": 30,
                "personal_item_length": 40,
                "personal_item_weight": 8,
                "personal_item_width": 25
            },
            "availability": {
                "seats": 9
            },
            "airlines": [
                "EW"
            ],
            "route": [
                {
                    "id": "0b7717884e4d0000c1b213c8_0",
                    "combination_id": "0b7717884e4d0000c1b213c8",
                    "flyFrom": "BUD",
                    "flyTo": "HAM",
                    "cityFrom": "Budapest",
                    "cityCodeFrom": "BUD",
                    "cityTo": "Hamburg",
                    "cityCodeTo": "HAM",
                    "local_departure": "2024-11-18T09:15:00.000Z",
                    "utc_departure": "2024-11-18T08:15:00.000Z",
                    "local_arrival": "2024-11-18T11:05:00.000Z",
                    "utc_arrival": "2024-11-18T10:05:00.000Z",
                    "airline": "EW",
                    "flight_no": 7781,
                    "operating_carrier": "EW",
                    "operating_flight_no": "7781",
                    "fare_basis": "",
                    "fare_category": "M",
                    "fare_classes": "",
                    "return": 0,
                    "bags_recheck_required": false,
                    "vi_connection": false,
                    "guarantee": false,
                    "equipment": null,
                    "vehicle_type": "aircraft"
                },
                {
                    "id": "17880b774e5100003785df86_0",
                    "combination_id": "17880b774e5100003785df86",
                    "flyFrom": "HAM",
                    "flyTo": "BUD",
                    "cityFrom": "Hamburg",
                    "cityCodeFrom": "HAM",
                    "cityTo": "Budapest",
                    "cityCodeTo": "BUD",
                    "local_departure": "2024-11-22T18:10:00.000Z",
                    "utc_departure": "2024-11-22T17:10:00.000Z",
                    "local_arrival": "2024-11-22T19:55:00.000Z",
                    "utc_arrival": "2024-11-22T18:55:00.000Z",
                    "airline": "EW",
                    "flight_no": 7780,
                    "operating_carrier": "EW",
                    "operating_flight_no": "7780",
                    "fare_basis": "",
                    "fare_category": "M",
                    "fare_classes": "",
                    "return": 1,
                    "bags_recheck_required": false,
                    "vi_connection": false,
                    "guarantee": false,
                    "equipment": null,
                    "vehicle_type": "aircraft"
                }
            ],
            "booking_token": "HzsYxqecoAzGUJeLNaylVXuqFueu-JOHA7mklBz5XJ1ahl-xD_xRUywcNCaCWiKacOoXvRCL204Su4qpWi_U2ahh311h_xhz4vVdvyXb7szh3mY-a0bAzX7A8QhwAd43DPrUoPB1IEib8ByfdcvjYmc-evp33kOTwjpHbQqd60A-nOE1xNad2lFFbl-tR0qnnw2Mx4ztorUucheEcRi6jZ4qy3Nej8xgyXD6Fw-D_wgO8vBxtX5cITg2CtOTSdcs1oVhAyvM0tnM_NtUwm87re5K_r9btOJCHkyCZluGxBjMrg4Yqewmxj6DTnFPZxflMaa0EgfUHgE8dzVc4BbQwvEU2bD4yUnufXbnSniDg2r08JJoeEkFYvqOqFwBNUuaRTkUoXYtViuV8AHkjKTq7yMkcZS00E4dDTikAVEw4Uu5-YdHD2fAxl3epmE5R5UNrsmEV2Uo4gThtQrpMEb7HVAA3SBMDh6vcsrnjiwtsvW_IanQ7EwdFKNB0NP4sXgLCIexVgq1Gzbvtuy8RYGf2cGkU-EgxzuwEqoT1n8MehxZXVJ1qD7UHXdTZc_D4za6AIG7IWPSLqnVrrFllW2D4CRiCELXQKBvphILtS-PkFBe18_0eGkBTw-46WBGvJ_Zf1SD4ORZKR1ck_EPeBgv6ANsZTWhYacgxNnDl-UEMM1JwJzTFIPXFKgd_8FASz2ImQWs4MMWhdseLIn1vqIAMhw==",
            "deep_link": "https://www.kiwi.com/deep?affilid=mihalytest&currency=EUR&flightsId=0b7717884e4d0000c1b213c8_0%7C17880b774e5100003785df86_0&from=BUD&lang=en&passengers=1&to=HAM&booking_token=HzsYxqecoAzGUJeLNaylVXuqFueu-JOHA7mklBz5XJ1ahl-xD_xRUywcNCaCWiKacOoXvRCL204Su4qpWi_U2ahh311h_xhz4vVdvyXb7szh3mY-a0bAzX7A8QhwAd43DPrUoPB1IEib8ByfdcvjYmc-evp33kOTwjpHbQqd60A-nOE1xNad2lFFbl-tR0qnnw2Mx4ztorUucheEcRi6jZ4qy3Nej8xgyXD6Fw-D_wgO8vBxtX5cITg2CtOTSdcs1oVhAyvM0tnM_NtUwm87re5K_r9btOJCHkyCZluGxBjMrg4Yqewmxj6DTnFPZxflMaa0EgfUHgE8dzVc4BbQwvEU2bD4yUnufXbnSniDg2r08JJoeEkFYvqOqFwBNUuaRTkUoXYtViuV8AHkjKTq7yMkcZS00E4dDTikAVEw4Uu5-YdHD2fAxl3epmE5R5UNrsmEV2Uo4gThtQrpMEb7HVAA3SBMDh6vcsrnjiwtsvW_IanQ7EwdFKNB0NP4sXgLCIexVgq1Gzbvtuy8RYGf2cGkU-EgxzuwEqoT1n8MehxZXVJ1qD7UHXdTZc_D4za6AIG7IWPSLqnVrrFllW2D4CRiCELXQKBvphILtS-PkFBe18_0eGkBTw-46WBGvJ_Zf1SD4ORZKR1ck_EPeBgv6ANsZTWhYacgxNnDl-UEMM1JwJzTFIPXFKgd_8FASz2ImQWs4MMWhdseLIn1vqIAMhw==",
            "facilitated_booking_available": true,
            "pnr_count": 2,
            "has_airport_change": false,
            "technical_stops": 0,
            "throw_away_ticketing": false,
            "hidden_city_ticketing": false,
            "virtual_interlining": false
        },
        {
            "id": "0b7717884df400007a4c8730_0|17880b774df8000082c9a87b_0",
            "flyFrom": "BUD",
            "flyTo": "HAM",
            "cityFrom": "Budapest",
            "cityCodeFrom": "BUD",
            "cityTo": "Hamburg",
            "cityCodeTo": "HAM",
            "countryFrom": {
                "code": "HU",
                "name": "Hungary"
            },
            "countryTo": {
                "code": "DE",
                "name": "Germany"
            },
            "local_departure": "2024-08-21T20:45:00.000Z",
            "utc_departure": "2024-08-21T18:45:00.000Z",
            "local_arrival": "2024-08-21T22:30:00.000Z",
            "utc_arrival": "2024-08-21T20:30:00.000Z",
            "nightsInDest": 4,
            "quality": 258.333205,
            "distance": 949.98,
            "duration": {
                "departure": 6300,
                "return": 6000,
                "total": 12300
            },
            "price": 207,
            "conversion": {
                "EUR": 207
            },
            "fare": {
                "adults": 207,
                "children": 207,
                "infants": 207
            },
            "fare_locks": {
                "EUR": [
                    {
                        "default": false,
                        "duration": "P1D",
                        "itinerary_price_limit": 407,
                        "itinerary_price_remaining": 207,
                        "fare_lock_kind": "fee",
                        "price": 10.35,
                        "rule_instance_id": 26749,
                        "version": "v1"
                    },
                    {
                        "default": true,
                        "duration": "P3D",
                        "itinerary_price_limit": 407,
                        "itinerary_price_remaining": 207,
                        "fare_lock_kind": "fee",
                        "price": 20.7,
                        "rule_instance_id": 26748,
                        "version": "v1"
                    },
                    {
                        "default": false,
                        "duration": "P7D",
                        "itinerary_price_limit": 407,
                        "itinerary_price_remaining": 207,
                        "fare_lock_kind": "fee",
                        "price": 51.75,
                        "rule_instance_id": 26750,
                        "version": "v1"
                    }
                ]
            },
            "bags_price": {
                "1": 72.8,
                "2": 282.8
            },
            "baglimit": {
                "hand_dimensions_sum": 118,
                "hand_height": 40,
                "hand_length": 55,
                "hand_weight": 8,
                "hand_width": 23,
                "hold_dimensions_sum": 158,
                "hold_height": 52,
                "hold_length": 78,
                "hold_weight": 23,
                "hold_width": 28,
                "personal_item_dimension_sum": 95,
                "personal_item_height": 30,
                "personal_item_length": 40,
                "personal_item_weight": 8,
                "personal_item_width": 25
            },
            "availability": {
                "seats": 2
            },
            "airlines": [
                "EW"
            ],
            "route": [
                {
                    "id": "0b7717884df400007a4c8730_0",
                    "combination_id": "0b7717884df400007a4c8730",
                    "flyFrom": "BUD",
                    "flyTo": "HAM",
                    "cityFrom": "Budapest",
                    "cityCodeFrom": "BUD",
                    "cityTo": "Hamburg",
                    "cityCodeTo": "HAM",
                    "local_departure": "2024-08-21T20:45:00.000Z",
                    "utc_departure": "2024-08-21T18:45:00.000Z",
                    "local_arrival": "2024-08-21T22:30:00.000Z",
                    "utc_arrival": "2024-08-21T20:30:00.000Z",
                    "airline": "EW",
                    "flight_no": 7783,
                    "operating_carrier": "EW",
                    "operating_flight_no": "7783",
                    "fare_basis": "",
                    "fare_category": "M",
                    "fare_classes": "K",
                    "return": 0,
                    "bags_recheck_required": false,
                    "vi_connection": false,
                    "guarantee": false,
                    "equipment": null,
                    "vehicle_type": "aircraft"
                },
                {
                    "id": "17880b774df8000082c9a87b_0",
                    "combination_id": "17880b774df8000082c9a87b",
                    "flyFrom": "HAM",
                    "flyTo": "BUD",
                    "cityFrom": "Hamburg",
                    "cityCodeFrom": "HAM",
                    "cityTo": "Budapest",
                    "cityCodeTo": "BUD",
                    "local_departure": "2024-08-25T18:25:00.000Z",
                    "utc_departure": "2024-08-25T16:25:00.000Z",
                    "local_arrival": "2024-08-25T20:05:00.000Z",
                    "utc_arrival": "2024-08-25T18:05:00.000Z",
                    "airline": "EW",
                    "flight_no": 7782,
                    "operating_carrier": "EW",
                    "operating_flight_no": "7782",
                    "fare_basis": "",
                    "fare_category": "M",
                    "fare_classes": "L",
                    "return": 1,
                    "bags_recheck_required": false,
                    "vi_connection": false,
                    "guarantee": false,
                    "equipment": null,
                    "vehicle_type": "aircraft"
                }
            ],
            "booking_token": "HO6bDFmnvOMHewXTvuSfCEFwBVwr1Hw7uU0q85DA_4Njiz09BfoT-kp8zqGIYzDwwsnrEJMwOfGeDR_pHiayh7cF0tD_3X4woPvBIkjhdgkooNd-pta00RPxz0LFpGUEa553TpN-tY1KZ-9KYI7AE28Kq_VKkzJ3RedSpo01PYhX1sg767jRFCdEqXLslU9pFZalIN4I0BRIGXIOCHIsCpAt4BD_QNKn8Qm4QDf8eu1APAmoU_lfOUvzp4FEkZuqwen4nwechhwQDfGa-VlSzXTNSaeXCrqRjkcwWFQqXre-ve9k8yRJAFn26SSI7y9klyy52Tn6p9O8_VSFuVasGW1yyu-CU1mxJiJX6cOhbg8RTmn0mx_5OAuVEsyzK0pQAFDKPP_OqKLdsaM_IGlNsDkkc3LcqyQ1xyffOJ5E8iaBZkTrO89voYK4sd3qUnhClmeX5d5QgorB84YMC4y-8j_IACBiZMQPkxMINy-tH-fpp9bTsNqcLbSh9ibOl50gti1f5CWUQo7hc7NSk9YGxvWX0GM7MWp-tN-D9gue_j-0oDOQKvfONxXG5opLyRrlNYczgqTngCwEj7z9ozkfH5BkfVmQUTf5euXTDQfTMcTx7WyWVxUQ-tN9j2s0FJJaYALrWBGvapEQdjPke2iicfHquKIwj_HDvOcWrsC66OxVZ4WsN7-YqqY5fOBHcViq9",
            "deep_link": "https://www.kiwi.com/deep?affilid=mihalytest&currency=EUR&flightsId=0b7717884df400007a4c8730_0%7C17880b774df8000082c9a87b_0&from=BUD&lang=en&passengers=1&to=HAM&booking_token=HO6bDFmnvOMHewXTvuSfCEFwBVwr1Hw7uU0q85DA_4Njiz09BfoT-kp8zqGIYzDwwsnrEJMwOfGeDR_pHiayh7cF0tD_3X4woPvBIkjhdgkooNd-pta00RPxz0LFpGUEa553TpN-tY1KZ-9KYI7AE28Kq_VKkzJ3RedSpo01PYhX1sg767jRFCdEqXLslU9pFZalIN4I0BRIGXIOCHIsCpAt4BD_QNKn8Qm4QDf8eu1APAmoU_lfOUvzp4FEkZuqwen4nwechhwQDfGa-VlSzXTNSaeXCrqRjkcwWFQqXre-ve9k8yRJAFn26SSI7y9klyy52Tn6p9O8_VSFuVasGW1yyu-CU1mxJiJX6cOhbg8RTmn0mx_5OAuVEsyzK0pQAFDKPP_OqKLdsaM_IGlNsDkkc3LcqyQ1xyffOJ5E8iaBZkTrO89voYK4sd3qUnhClmeX5d5QgorB84YMC4y-8j_IACBiZMQPkxMINy-tH-fpp9bTsNqcLbSh9ibOl50gti1f5CWUQo7hc7NSk9YGxvWX0GM7MWp-tN-D9gue_j-0oDOQKvfONxXG5opLyRrlNYczgqTngCwEj7z9ozkfH5BkfVmQUTf5euXTDQfTMcTx7WyWVxUQ-tN9j2s0FJJaYALrWBGvapEQdjPke2iicfHquKIwj_HDvOcWrsC66OxVZ4WsN7-YqqY5fOBHcViq9",
            "facilitated_booking_available": true,
            "pnr_count": 2,
            "has_airport_change": false,
            "technical_stops": 0,
            "throw_away_ticketing": false,
            "hidden_city_ticketing": false,
            "virtual_interlining": false
        },
        {
            "id": "0b7717884e0b0000cadf92bb_0|17880b774e0e000095fa57a4_0",
            "flyFrom": "BUD",
            "flyTo": "HAM",
            "cityFrom": "Budapest",
            "cityCodeFrom": "BUD",
            "cityTo": "Hamburg",
            "cityCodeTo": "HAM",
            "countryFrom": {
                "code": "HU",
                "name": "Hungary"
            },
            "countryTo": {
                "code": "DE",
                "name": "Germany"
            },
            "local_departure": "2024-09-13T20:45:00.000Z",
            "utc_departure": "2024-09-13T18:45:00.000Z",
            "local_arrival": "2024-09-13T22:30:00.000Z",
            "utc_arrival": "2024-09-13T20:30:00.000Z",
            "nightsInDest": 3,
            "quality": 258.333205,
            "distance": 949.98,
            "duration": {
                "departure": 6300,
                "return": 6000,
                "total": 12300
            },
            "price": 207,
            "conversion": {
                "EUR": 207
            },
            "fare": {
                "adults": 207,
                "children": 207,
                "infants": 207
            },
            "fare_locks": {
                "EUR": [
                    {
                        "default": false,
                        "duration": "P1D",
                        "itinerary_price_limit": 407,
                        "itinerary_price_remaining": 207,
                        "fare_lock_kind": "fee",
                        "price": 10.35,
                        "rule_instance_id": 26749,
                        "version": "v1"
                    },
                    {
                        "default": true,
                        "duration": "P3D",
                        "itinerary_price_limit": 407,
                        "itinerary_price_remaining": 207,
                        "fare_lock_kind": "fee",
                        "price": 20.7,
                        "rule_instance_id": 26748,
                        "version": "v1"
                    },
                    {
                        "default": false,
                        "duration": "P7D",
                        "itinerary_price_limit": 407,
                        "itinerary_price_remaining": 207,
                        "fare_lock_kind": "fee",
                        "price": 51.75,
                        "rule_instance_id": 26750,
                        "version": "v1"
                    }
                ]
            },
            "bags_price": {
                "1": 72.8,
                "2": 282.8
            },
            "baglimit": {
                "hand_dimensions_sum": 118,
                "hand_height": 40,
                "hand_length": 55,
                "hand_weight": 8,
                "hand_width": 23,
                "hold_dimensions_sum": 158,
                "hold_height": 52,
                "hold_length": 78,
                "hold_weight": 23,
                "hold_width": 28,
                "personal_item_dimension_sum": 95,
                "personal_item_height": 30,
                "personal_item_length": 40,
                "personal_item_weight": 8,
                "personal_item_width": 25
            },
            "availability": {
                "seats": 9
            },
            "airlines": [
                "EW"
            ],
            "route": [
                {
                    "id": "0b7717884e0b0000cadf92bb_0",
                    "combination_id": "0b7717884e0b0000cadf92bb",
                    "flyFrom": "BUD",
                    "flyTo": "HAM",
                    "cityFrom": "Budapest",
                    "cityCodeFrom": "BUD",
                    "cityTo": "Hamburg",
                    "cityCodeTo": "HAM",
                    "local_departure": "2024-09-13T20:45:00.000Z",
                    "utc_departure": "2024-09-13T18:45:00.000Z",
                    "local_arrival": "2024-09-13T22:30:00.000Z",
                    "utc_arrival": "2024-09-13T20:30:00.000Z",
                    "airline": "EW",
                    "flight_no": 7783,
                    "operating_carrier": "EW",
                    "operating_flight_no": "7783",
                    "fare_basis": "",
                    "fare_category": "M",
                    "fare_classes": "",
                    "return": 0,
                    "bags_recheck_required": false,
                    "vi_connection": false,
                    "guarantee": false,
                    "equipment": null,
                    "vehicle_type": "aircraft"
                },
                {
                    "id": "17880b774e0e000095fa57a4_0",
                    "combination_id": "17880b774e0e000095fa57a4",
                    "flyFrom": "HAM",
                    "flyTo": "BUD",
                    "cityFrom": "Hamburg",
                    "cityCodeFrom": "HAM",
                    "cityTo": "Budapest",
                    "cityCodeTo": "BUD",
                    "local_departure": "2024-09-16T11:30:00.000Z",
                    "utc_departure": "2024-09-16T09:30:00.000Z",
                    "local_arrival": "2024-09-16T13:10:00.000Z",
                    "utc_arrival": "2024-09-16T11:10:00.000Z",
                    "airline": "EW",
                    "flight_no": 7784,
                    "operating_carrier": "EW",
                    "operating_flight_no": "7784",
                    "fare_basis": "",
                    "fare_category": "M",
                    "fare_classes": "K",
                    "return": 1,
                    "bags_recheck_required": false,
                    "vi_connection": false,
                    "guarantee": false,
                    "equipment": null,
                    "vehicle_type": "aircraft"
                }
            ],
            "booking_token": "Hg2n9bIVCul0kmH4e8qThGfkCJd4j9mFRE5iyuAPVPG6GwHLxzUnWwLTOcXvbTdPJPhW1WMqpKugwHxl39A1vK6aSZQyn5RsecSkEBJTfoDh1dDYE_ssJ4g-OlWxZylvVZa_rd983XbiGScxiwD-Wc5jTWqxwr3J5LxzK9JvP-it1-BDtsBkYgppr1XdhhIC75siN1H6-dQawaq0lh0sWq2g1crurTWdYlTI8p1RsnJrKkHKv5QXDD-IcbCn2rXS1x5CP6RSXYvdhNAHGt_MQyOmYo4njCXsBGotMmEupZVcrSBQHPrZqnsiEZX-B1jd88Xo3XYCJOYKr2KFgmOK30H6ruwZq2sL7fEHkP87T71XrlUe3zh3B2JkYtRPTkMuYLZ7dxw0XbxNATIkOAM4uJmcBW48ow3A5bTYUacB09sbY0h_QLhvsVNd7jZM8EmM5LDqyp_rDiydDv9Iw4yxGteoAHlK8Y3joV5dWmAyb6eVpS478tUpIAQoc6JOvILusWjPFJAnVyimLwdlK_jgWfcG7BZFTNzOrSV8LKuYL4xBSBrMwOzj8Ssf1Bd6Z-qr9bBC5qkI29cLlUCuQiY-uvLFLez3haiJ_V9E_yZY14SDB2llg8dqGNTn4LiwKOBPNoWHOJqsaWVjQk9LIzUYSn6rvE-bSV1aba44Yut4H9Q88JPyfE89Axdl-e3_-uhWiXzuV3PbS48PMua0LMhxkDQ==",
            "deep_link": "https://www.kiwi.com/deep?affilid=mihalytest&currency=EUR&flightsId=0b7717884e0b0000cadf92bb_0%7C17880b774e0e000095fa57a4_0&from=BUD&lang=en&passengers=1&to=HAM&booking_token=Hg2n9bIVCul0kmH4e8qThGfkCJd4j9mFRE5iyuAPVPG6GwHLxzUnWwLTOcXvbTdPJPhW1WMqpKugwHxl39A1vK6aSZQyn5RsecSkEBJTfoDh1dDYE_ssJ4g-OlWxZylvVZa_rd983XbiGScxiwD-Wc5jTWqxwr3J5LxzK9JvP-it1-BDtsBkYgppr1XdhhIC75siN1H6-dQawaq0lh0sWq2g1crurTWdYlTI8p1RsnJrKkHKv5QXDD-IcbCn2rXS1x5CP6RSXYvdhNAHGt_MQyOmYo4njCXsBGotMmEupZVcrSBQHPrZqnsiEZX-B1jd88Xo3XYCJOYKr2KFgmOK30H6ruwZq2sL7fEHkP87T71XrlUe3zh3B2JkYtRPTkMuYLZ7dxw0XbxNATIkOAM4uJmcBW48ow3A5bTYUacB09sbY0h_QLhvsVNd7jZM8EmM5LDqyp_rDiydDv9Iw4yxGteoAHlK8Y3joV5dWmAyb6eVpS478tUpIAQoc6JOvILusWjPFJAnVyimLwdlK_jgWfcG7BZFTNzOrSV8LKuYL4xBSBrMwOzj8Ssf1Bd6Z-qr9bBC5qkI29cLlUCuQiY-uvLFLez3haiJ_V9E_yZY14SDB2llg8dqGNTn4LiwKOBPNoWHOJqsaWVjQk9LIzUYSn6rvE-bSV1aba44Yut4H9Q88JPyfE89Axdl-e3_-uhWiXzuV3PbS48PMua0LMhxkDQ==",
            "facilitated_booking_available": true,
            "pnr_count": 2,
            "has_airport_change": false,
            "technical_stops": 0,
            "throw_away_ticketing": false,
            "hidden_city_ticketing": false,
            "virtual_interlining": false
        },
        {
            "id": "0b7717884e0b0000cadf92bb_0|17880b774e0d00000bfb6a77_0",
            "flyFrom": "BUD",
            "flyTo": "HAM",
            "cityFrom": "Budapest",
            "cityCodeFrom": "BUD",
            "cityTo": "Hamburg",
            "cityCodeTo": "HAM",
            "countryFrom": {
                "code": "HU",
                "name": "Hungary"
            },
            "countryTo": {
                "code": "DE",
                "name": "Germany"
            },
            "local_departure": "2024-09-13T20:45:00.000Z",
            "utc_departure": "2024-09-13T18:45:00.000Z",
            "local_arrival": "2024-09-13T22:30:00.000Z",
            "utc_arrival": "2024-09-13T20:30:00.000Z",
            "nightsInDest": 2,
            "quality": 258.333205,
            "distance": 949.98,
            "duration": {
                "departure": 6300,
                "return": 6000,
                "total": 12300
            },
            "price": 207,
            "conversion": {
                "EUR": 207
            },
            "fare": {
                "adults": 207,
                "children": 207,
                "infants": 207
            },
            "fare_locks": {
                "EUR": [
                    {
                        "default": false,
                        "duration": "P1D",
                        "itinerary_price_limit": 407,
                        "itinerary_price_remaining": 207,
                        "fare_lock_kind": "fee",
                        "price": 10.35,
                        "rule_instance_id": 26749,
                        "version": "v1"
                    },
                    {
                        "default": true,
                        "duration": "P3D",
                        "itinerary_price_limit": 407,
                        "itinerary_price_remaining": 207,
                        "fare_lock_kind": "fee",
                        "price": 20.7,
                        "rule_instance_id": 26748,
                        "version": "v1"
                    },
                    {
                        "default": false,
                        "duration": "P7D",
                        "itinerary_price_limit": 407,
                        "itinerary_price_remaining": 207,
                        "fare_lock_kind": "fee",
                        "price": 51.75,
                        "rule_instance_id": 26750,
                        "version": "v1"
                    }
                ]
            },
            "bags_price": {
                "1": 72.8,
                "2": 282.8
            },
            "baglimit": {
                "hand_dimensions_sum": 118,
                "hand_height": 40,
                "hand_length": 55,
                "hand_weight": 8,
                "hand_width": 23,
                "hold_dimensions_sum": 158,
                "hold_height": 52,
                "hold_length": 78,
                "hold_weight": 23,
                "hold_width": 28,
                "personal_item_dimension_sum": 95,
                "personal_item_height": 30,
                "personal_item_length": 40,
                "personal_item_weight": 8,
                "personal_item_width": 25
            },
            "availability": {
                "seats": 4
            },
            "airlines": [
                "EW"
            ],
            "route": [
                {
                    "id": "0b7717884e0b0000cadf92bb_0",
                    "combination_id": "0b7717884e0b0000cadf92bb",
                    "flyFrom": "BUD",
                    "flyTo": "HAM",
                    "cityFrom": "Budapest",
                    "cityCodeFrom": "BUD",
                    "cityTo": "Hamburg",
                    "cityCodeTo": "HAM",
                    "local_departure": "2024-09-13T20:45:00.000Z",
                    "utc_departure": "2024-09-13T18:45:00.000Z",
                    "local_arrival": "2024-09-13T22:30:00.000Z",
                    "utc_arrival": "2024-09-13T20:30:00.000Z",
                    "airline": "EW",
                    "flight_no": 7783,
                    "operating_carrier": "EW",
                    "operating_flight_no": "7783",
                    "fare_basis": "",
                    "fare_category": "M",
                    "fare_classes": "",
                    "return": 0,
                    "bags_recheck_required": false,
                    "vi_connection": false,
                    "guarantee": false,
                    "equipment": null,
                    "vehicle_type": "aircraft"
                },
                {
                    "id": "17880b774e0d00000bfb6a77_0",
                    "combination_id": "17880b774e0d00000bfb6a77",
                    "flyFrom": "HAM",
                    "flyTo": "BUD",
                    "cityFrom": "Hamburg",
                    "cityCodeFrom": "HAM",
                    "cityTo": "Budapest",
                    "cityCodeTo": "BUD",
                    "local_departure": "2024-09-15T18:25:00.000Z",
                    "utc_departure": "2024-09-15T16:25:00.000Z",
                    "local_arrival": "2024-09-15T20:05:00.000Z",
                    "utc_arrival": "2024-09-15T18:05:00.000Z",
                    "airline": "EW",
                    "flight_no": 7782,
                    "operating_carrier": "EW",
                    "operating_flight_no": "7782",
                    "fare_basis": "",
                    "fare_category": "M",
                    "fare_classes": "K",
                    "return": 1,
                    "bags_recheck_required": false,
                    "vi_connection": false,
                    "guarantee": false,
                    "equipment": null,
                    "vehicle_type": "aircraft"
                }
            ],
            "booking_token": "HmKuE2gQF-hCFH7gjmzgkJkf4xinV9jRo3DKY2ri4Jjm6b018sNNBx-bQyS0CI0qRuVYMJribObHQUraPsC_Df0VqhdoLtUtDRRhYHd78UNNPZRHUmxlRKW6pjjQGP6fi97b74LfntHWAcKyZLRTTRB6Wrwl5biUKBE9NXyEL_D8EYpspW2fwN0kZKTZCeYFt1IO6SETr91WwYSN-2mG26kGOf220Fu5m7t6MozBk4iTOMIJE2eLnfOXfKHCGZN-UhmmYe-dknnsMc7vF_Du6o7y8qyEeIpokED4I7h3596oSAMUJtckOQPb5nRseB7gXTQo-flCN-ms4j30MCz84vpwKIqFPYbeZzgRuOlzns3RIN2PnJeUNU1MxkYODsrEru6hEEBM-sudMHBBCt6hgopbf95grRp2uojmuTzui1uyASOH2XKV38DrgG_M9uznXThJJaeOVszmkSEpw6125gtpAh11UJKReSzGmngkXqt2SbarW_aSE9FxtVZGIbqyV4GeARwKz6zoQ3ib7AnyhIc0pwcpRAYwcWLv2x27xv4doDW_5IOwzKJ3hxLU1e-81RO-5QApvgcOjHVLEMMfih2dYqYoDc9IbJ3ScW277LGLlIXnFXDfxXSgevp5gC2ceVjznjKleqs85hoEXMpz_R05n9pCsK0Cb8lb8rdcH-6RCh39nwoGnD-CwnM0sQukjQGRXfkgmdErUVFuiJ5mCdg==",
            "deep_link": "https://www.kiwi.com/deep?affilid=mihalytest&currency=EUR&flightsId=0b7717884e0b0000cadf92bb_0%7C17880b774e0d00000bfb6a77_0&from=BUD&lang=en&passengers=1&to=HAM&booking_token=HmKuE2gQF-hCFH7gjmzgkJkf4xinV9jRo3DKY2ri4Jjm6b018sNNBx-bQyS0CI0qRuVYMJribObHQUraPsC_Df0VqhdoLtUtDRRhYHd78UNNPZRHUmxlRKW6pjjQGP6fi97b74LfntHWAcKyZLRTTRB6Wrwl5biUKBE9NXyEL_D8EYpspW2fwN0kZKTZCeYFt1IO6SETr91WwYSN-2mG26kGOf220Fu5m7t6MozBk4iTOMIJE2eLnfOXfKHCGZN-UhmmYe-dknnsMc7vF_Du6o7y8qyEeIpokED4I7h3596oSAMUJtckOQPb5nRseB7gXTQo-flCN-ms4j30MCz84vpwKIqFPYbeZzgRuOlzns3RIN2PnJeUNU1MxkYODsrEru6hEEBM-sudMHBBCt6hgopbf95grRp2uojmuTzui1uyASOH2XKV38DrgG_M9uznXThJJaeOVszmkSEpw6125gtpAh11UJKReSzGmngkXqt2SbarW_aSE9FxtVZGIbqyV4GeARwKz6zoQ3ib7AnyhIc0pwcpRAYwcWLv2x27xv4doDW_5IOwzKJ3hxLU1e-81RO-5QApvgcOjHVLEMMfih2dYqYoDc9IbJ3ScW277LGLlIXnFXDfxXSgevp5gC2ceVjznjKleqs85hoEXMpz_R05n9pCsK0Cb8lb8rdcH-6RCh39nwoGnD-CwnM0sQukjQGRXfkgmdErUVFuiJ5mCdg==",
            "facilitated_booking_available": true,
            "pnr_count": 2,
            "has_airport_change": false,
            "technical_stops": 0,
            "throw_away_ticketing": false,
            "hidden_city_ticketing": false,
            "virtual_interlining": false
        },
        {
            "id": "0b7717884e530000e369c663_0|17880b774e580000155a1ea2_0",
            "flyFrom": "BUD",
            "flyTo": "HAM",
            "cityFrom": "Budapest",
            "cityCodeFrom": "BUD",
            "cityTo": "Hamburg",
            "cityCodeTo": "HAM",
            "countryFrom": {
                "code": "HU",
                "name": "Hungary"
            },
            "countryTo": {
                "code": "DE",
                "name": "Germany"
            },
            "local_departure": "2024-11-24T15:35:00.000Z",
            "utc_departure": "2024-11-24T14:35:00.000Z",
            "local_arrival": "2024-11-24T17:25:00.000Z",
            "utc_arrival": "2024-11-24T16:25:00.000Z",
            "nightsInDest": 5,
            "quality": 259.666535,
            "distance": 949.98,
            "duration": {
                "departure": 6600,
                "return": 6300,
                "total": 12900
            },
            "price": 207,
            "conversion": {
                "EUR": 207
            },
            "fare": {
                "adults": 207,
                "children": 207,
                "infants": 207
            },
            "fare_locks": {
                "EUR": [
                    {
                        "default": false,
                        "duration": "P1D",
                        "itinerary_price_limit": 407,
                        "itinerary_price_remaining": 207,
                        "fare_lock_kind": "fee",
                        "price": 10.35,
                        "rule_instance_id": 26749,
                        "version": "v1"
                    },
                    {
                        "default": true,
                        "duration": "P3D",
                        "itinerary_price_limit": 407,
                        "itinerary_price_remaining": 207,
                        "fare_lock_kind": "fee",
                        "price": 20.7,
                        "rule_instance_id": 26748,
                        "version": "v1"
                    },
                    {
                        "default": false,
                        "duration": "P7D",
                        "itinerary_price_limit": 407,
                        "itinerary_price_remaining": 207,
                        "fare_lock_kind": "fee",
                        "price": 51.75,
                        "rule_instance_id": 26750,
                        "version": "v1"
                    }
                ]
            },
            "bags_price": {
                "1": 72.8,
                "2": 282.8
            },
            "baglimit": {
                "hand_dimensions_sum": 118,
                "hand_height": 40,
                "hand_length": 55,
                "hand_weight": 8,
                "hand_width": 23,
                "hold_dimensions_sum": 158,
                "hold_height": 52,
                "hold_length": 78,
                "hold_weight": 23,
                "hold_width": 28,
                "personal_item_dimension_sum": 95,
                "personal_item_height": 30,
                "personal_item_length": 40,
                "personal_item_weight": 8,
                "personal_item_width": 25
            },
            "availability": {
                "seats": 5
            },
            "airlines": [
                "EW"
            ],
            "route": [
                {
                    "id": "0b7717884e530000e369c663_0",
                    "combination_id": "0b7717884e530000e369c663",
                    "flyFrom": "BUD",
                    "flyTo": "HAM",
                    "cityFrom": "Budapest",
                    "cityCodeFrom": "BUD",
                    "cityTo": "Hamburg",
                    "cityCodeTo": "HAM",
                    "local_departure": "2024-11-24T15:35:00.000Z",
                    "utc_departure": "2024-11-24T14:35:00.000Z",
                    "local_arrival": "2024-11-24T17:25:00.000Z",
                    "utc_arrival": "2024-11-24T16:25:00.000Z",
                    "airline": "EW",
                    "flight_no": 7781,
                    "operating_carrier": "EW",
                    "operating_flight_no": "7781",
                    "fare_basis": "",
                    "fare_category": "M",
                    "fare_classes": "L",
                    "return": 0,
                    "bags_recheck_required": false,
                    "vi_connection": false,
                    "guarantee": false,
                    "equipment": null,
                    "vehicle_type": "aircraft"
                },
                {
                    "id": "17880b774e580000155a1ea2_0",
                    "combination_id": "17880b774e580000155a1ea2",
                    "flyFrom": "HAM",
                    "flyTo": "BUD",
                    "cityFrom": "Hamburg",
                    "cityCodeFrom": "HAM",
                    "cityTo": "Budapest",
                    "cityCodeTo": "BUD",
                    "local_departure": "2024-11-29T18:10:00.000Z",
                    "utc_departure": "2024-11-29T17:10:00.000Z",
                    "local_arrival": "2024-11-29T19:55:00.000Z",
                    "utc_arrival": "2024-11-29T18:55:00.000Z",
                    "airline": "EW",
                    "flight_no": 7780,
                    "operating_carrier": "EW",
                    "operating_flight_no": "7780",
                    "fare_basis": "",
                    "fare_category": "M",
                    "fare_classes": "K",
                    "return": 1,
                    "bags_recheck_required": false,
                    "vi_connection": false,
                    "guarantee": false,
                    "equipment": null,
                    "vehicle_type": "aircraft"
                }
            ],
            "booking_token": "HvvJDnPDGA7QaAysr9--GYwP8cUN5c9U-5qlVICRy6dnaHOXYG1olhqZT3HmUluSONQa8lkSuan4SdxAoSyEaM6ZWAvM1CT-J9BGsVnYcRKr7U5sFcsa5Yl1ysKBocBfpqnD8SoWDFs35fkihRvbe4tvuxaMi-AHFsfWpKgUnpX6N2fdct29TodoOIgxUIXe3dyEUtPq64tuOn158bgmNPh6cIIcHxyNV4fwkSwI86gTM2F4GSaX-sMOIYRRxCdZ9f7y1W5M1g9JOaXjJ1JRxe11aM0n0oWumhG9THJn78q4aJxIufXvJMbiKtdU2IxuoRtfr6ydW9jCSILGfPPF_dMW2wcs33lbNZ0MJVb78n7vZ4SBnU2TneCzbocq5TwiaBjNgcLNPNqmR0ejTil0eoAkwgzZ3jCAJkxBcgYJQgiIcdAVCjw-Rn16Cg4dZvIPAaqQA9bMwpIoD16CC1RxfDHo06g03TC3hMh_oujKaO1lE2z0WWWO42-fxdkD2_q8Uc_RlIf5OjZIcRww910b5__m1NXqfJFcoH1zS1u0nmtFSvVCQoazdO6Q7K8fyowDi_tp5WzapBJkPApOtyYPvUFqYgAqSr9EBNjE-sCCIFOuF5CQJUx-A7o2HCbCWiHFKjBCoBSLKBM0kXuFevWU3LLTuDrSCwObFCByn7YF9z0Tq79MTAYVtZjqWrZoXf-ZK",
            "deep_link": "https://www.kiwi.com/deep?affilid=mihalytest&currency=EUR&flightsId=0b7717884e530000e369c663_0%7C17880b774e580000155a1ea2_0&from=BUD&lang=en&passengers=1&to=HAM&booking_token=HvvJDnPDGA7QaAysr9--GYwP8cUN5c9U-5qlVICRy6dnaHOXYG1olhqZT3HmUluSONQa8lkSuan4SdxAoSyEaM6ZWAvM1CT-J9BGsVnYcRKr7U5sFcsa5Yl1ysKBocBfpqnD8SoWDFs35fkihRvbe4tvuxaMi-AHFsfWpKgUnpX6N2fdct29TodoOIgxUIXe3dyEUtPq64tuOn158bgmNPh6cIIcHxyNV4fwkSwI86gTM2F4GSaX-sMOIYRRxCdZ9f7y1W5M1g9JOaXjJ1JRxe11aM0n0oWumhG9THJn78q4aJxIufXvJMbiKtdU2IxuoRtfr6ydW9jCSILGfPPF_dMW2wcs33lbNZ0MJVb78n7vZ4SBnU2TneCzbocq5TwiaBjNgcLNPNqmR0ejTil0eoAkwgzZ3jCAJkxBcgYJQgiIcdAVCjw-Rn16Cg4dZvIPAaqQA9bMwpIoD16CC1RxfDHo06g03TC3hMh_oujKaO1lE2z0WWWO42-fxdkD2_q8Uc_RlIf5OjZIcRww910b5__m1NXqfJFcoH1zS1u0nmtFSvVCQoazdO6Q7K8fyowDi_tp5WzapBJkPApOtyYPvUFqYgAqSr9EBNjE-sCCIFOuF5CQJUx-A7o2HCbCWiHFKjBCoBSLKBM0kXuFevWU3LLTuDrSCwObFCByn7YF9z0Tq79MTAYVtZjqWrZoXf-ZK",
            "facilitated_booking_available": true,
            "pnr_count": 2,
            "has_airport_change": false,
            "technical_stops": 0,
            "throw_away_ticketing": false,
            "hidden_city_ticketing": false,
            "virtual_interlining": false
        },
        {
            "id": "0b7717884e7600000fdced65_0|17880b774e7b000012c5b6f7_0",
            "flyFrom": "BUD",
            "flyTo": "HAM",
            "cityFrom": "Budapest",
            "cityCodeFrom": "BUD",
            "cityTo": "Hamburg",
            "cityCodeTo": "HAM",
            "countryFrom": {
                "code": "HU",
                "name": "Hungary"
            },
            "countryTo": {
                "code": "DE",
                "name": "Germany"
            },
            "local_departure": "2024-12-29T15:35:00.000Z",
            "utc_departure": "2024-12-29T14:35:00.000Z",
            "local_arrival": "2024-12-29T17:25:00.000Z",
            "utc_arrival": "2024-12-29T16:25:00.000Z",
            "nightsInDest": 5,
            "quality": 259.666535,
            "distance": 949.98,
            "duration": {
                "departure": 6600,
                "return": 6300,
                "total": 12900
            },
            "price": 207,
            "conversion": {
                "EUR": 207
            },
            "fare": {
                "adults": 207,
                "children": 207,
                "infants": 207
            },
            "fare_locks": {
                "EUR": [
                    {
                        "default": false,
                        "duration": "P1D",
                        "itinerary_price_limit": 407,
                        "itinerary_price_remaining": 207,
                        "fare_lock_kind": "fee",
                        "price": 10.35,
                        "rule_instance_id": 26749,
                        "version": "v1"
                    },
                    {
                        "default": true,
                        "duration": "P3D",
                        "itinerary_price_limit": 407,
                        "itinerary_price_remaining": 207,
                        "fare_lock_kind": "fee",
                        "price": 20.7,
                        "rule_instance_id": 26748,
                        "version": "v1"
                    },
                    {
                        "default": false,
                        "duration": "P7D",
                        "itinerary_price_limit": 407,
                        "itinerary_price_remaining": 207,
                        "fare_lock_kind": "fee",
                        "price": 51.75,
                        "rule_instance_id": 26750,
                        "version": "v1"
                    }
                ]
            },
            "bags_price": {
                "1": 72.8,
                "2": 282.8
            },
            "baglimit": {
                "hand_dimensions_sum": 118,
                "hand_height": 40,
                "hand_length": 55,
                "hand_weight": 8,
                "hand_width": 23,
                "hold_dimensions_sum": 158,
                "hold_height": 52,
                "hold_length": 78,
                "hold_weight": 23,
                "hold_width": 28,
                "personal_item_dimension_sum": 95,
                "personal_item_height": 30,
                "personal_item_length": 40,
                "personal_item_weight": 8,
                "personal_item_width": 25
            },
            "availability": {
                "seats": 9
            },
            "airlines": [
                "EW"
            ],
            "route": [
                {
                    "id": "0b7717884e7600000fdced65_0",
                    "combination_id": "0b7717884e7600000fdced65",
                    "flyFrom": "BUD",
                    "flyTo": "HAM",
                    "cityFrom": "Budapest",
                    "cityCodeFrom": "BUD",
                    "cityTo": "Hamburg",
                    "cityCodeTo": "HAM",
                    "local_departure": "2024-12-29T15:35:00.000Z",
                    "utc_departure": "2024-12-29T14:35:00.000Z",
                    "local_arrival": "2024-12-29T17:25:00.000Z",
                    "utc_arrival": "2024-12-29T16:25:00.000Z",
                    "airline": "EW",
                    "flight_no": 7781,
                    "operating_carrier": "EW",
                    "operating_flight_no": "7781",
                    "fare_basis": "",
                    "fare_category": "M",
                    "fare_classes": "",
                    "return": 0,
                    "bags_recheck_required": false,
                    "vi_connection": false,
                    "guarantee": false,
                    "equipment": null,
                    "vehicle_type": "aircraft"
                },
                {
                    "id": "17880b774e7b000012c5b6f7_0",
                    "combination_id": "17880b774e7b000012c5b6f7",
                    "flyFrom": "HAM",
                    "flyTo": "BUD",
                    "cityFrom": "Hamburg",
                    "cityCodeFrom": "HAM",
                    "cityTo": "Budapest",
                    "cityCodeTo": "BUD",
                    "local_departure": "2025-01-03T18:10:00.000Z",
                    "utc_departure": "2025-01-03T17:10:00.000Z",
                    "local_arrival": "2025-01-03T19:55:00.000Z",
                    "utc_arrival": "2025-01-03T18:55:00.000Z",
                    "airline": "EW",
                    "flight_no": 7780,
                    "operating_carrier": "EW",
                    "operating_flight_no": "7780",
                    "fare_basis": "",
                    "fare_category": "M",
                    "fare_classes": "",
                    "return": 1,
                    "bags_recheck_required": false,
                    "vi_connection": false,
                    "guarantee": false,
                    "equipment": null,
                    "vehicle_type": "aircraft"
                }
            ],
            "booking_token": "HoqlhdtJ9RG97lzUc5yOZAZZGlQjKSjWP7XXf9_pknQZI4s0WgtyT_Nf7VK99tsLfJhSxb26HCP4ky6uh8Ib1R2A2BSLW5rGhx8yMXoigREWaVLZiqKAZdt4K7f3brnVlYLKxe6KR9iuo0Of3JvMVMElj0_Zs6fIP1_pTllkvMS0jvck2YjIl3klrbXyDstU1Il1XJn_n5o-sB12a2GVBMNCKOwUGLcaakBqzSfGwNJQfFJnFoNlDVrepZCL2QQ3mYWJCx7-XFrMKlYlkaAuMdq5ggBwkCJpRroKj3RfpX3xaRQUVc3YuDeT03FRvOr9pPFWu51Hke7C9sWK_PiQZHRgUmRztya5-S0Q5Fd2tALWJMaj-aUyog71Ku-QTPctfsB-27w6YWO0ASSt87Dk6LVnw1UgBXdBFkRkPWpP18FEfO5V_xnpVQofaAEN7FM7B6Iu_AufDj9JBemPQzmQvFXw9pgT294VTaUrYoDVhGF64xP-ksYmqCKHG1yoD9g4L2OJZs9zb2zfenNt7WTTUaGETeh9ZUfXNJNBhBJaDtYC-uAT2t6m6p6BsM8rHOrjS9eWYokzI0R5_n157kLeF7jM8Nxsbs4eL2xjDR4FjRmfugXiEpPjIfFOa2s4zJhoilGTe2i5pc_13PGalysvXW-848ahOXMYNMOgrrbOJYBCD_6LVeMaRzG45cqPXEDp8q201LuD8cFLs5X2gCzIIZA==",
            "deep_link": "https://www.kiwi.com/deep?affilid=mihalytest&currency=EUR&flightsId=0b7717884e7600000fdced65_0%7C17880b774e7b000012c5b6f7_0&from=BUD&lang=en&passengers=1&to=HAM&booking_token=HoqlhdtJ9RG97lzUc5yOZAZZGlQjKSjWP7XXf9_pknQZI4s0WgtyT_Nf7VK99tsLfJhSxb26HCP4ky6uh8Ib1R2A2BSLW5rGhx8yMXoigREWaVLZiqKAZdt4K7f3brnVlYLKxe6KR9iuo0Of3JvMVMElj0_Zs6fIP1_pTllkvMS0jvck2YjIl3klrbXyDstU1Il1XJn_n5o-sB12a2GVBMNCKOwUGLcaakBqzSfGwNJQfFJnFoNlDVrepZCL2QQ3mYWJCx7-XFrMKlYlkaAuMdq5ggBwkCJpRroKj3RfpX3xaRQUVc3YuDeT03FRvOr9pPFWu51Hke7C9sWK_PiQZHRgUmRztya5-S0Q5Fd2tALWJMaj-aUyog71Ku-QTPctfsB-27w6YWO0ASSt87Dk6LVnw1UgBXdBFkRkPWpP18FEfO5V_xnpVQofaAEN7FM7B6Iu_AufDj9JBemPQzmQvFXw9pgT294VTaUrYoDVhGF64xP-ksYmqCKHG1yoD9g4L2OJZs9zb2zfenNt7WTTUaGETeh9ZUfXNJNBhBJaDtYC-uAT2t6m6p6BsM8rHOrjS9eWYokzI0R5_n157kLeF7jM8Nxsbs4eL2xjDR4FjRmfugXiEpPjIfFOa2s4zJhoilGTe2i5pc_13PGalysvXW-848ahOXMYNMOgrrbOJYBCD_6LVeMaRzG45cqPXEDp8q201LuD8cFLs5X2gCzIIZA==",
            "facilitated_booking_available": true,
            "pnr_count": 2,
            "has_airport_change": false,
            "technical_stops": 0,
            "throw_away_ticketing": false,
            "hidden_city_ticketing": false,
            "virtual_interlining": false
        },
        {
            "id": "0b7717884e740000cc333dd5_0|17880b774e790000700455ce_0",
            "flyFrom": "BUD",
            "flyTo": "HAM",
            "cityFrom": "Budapest",
            "cityCodeFrom": "BUD",
            "cityTo": "Hamburg",
            "cityCodeTo": "HAM",
            "countryFrom": {
                "code": "HU",
                "name": "Hungary"
            },
            "countryTo": {
                "code": "DE",
                "name": "Germany"
            },
            "local_departure": "2024-12-27T20:35:00.000Z",
            "utc_departure": "2024-12-27T19:35:00.000Z",
            "local_arrival": "2024-12-27T22:25:00.000Z",
            "utc_arrival": "2024-12-27T21:25:00.000Z",
            "nightsInDest": 5,
            "quality": 259.666535,
            "distance": 949.98,
            "duration": {
                "departure": 6600,
                "return": 6300,
                "total": 12900
            },
            "price": 207,
            "conversion": {
                "EUR": 207
            },
            "fare": {
                "adults": 207,
                "children": 207,
                "infants": 207
            },
            "fare_locks": {
                "EUR": [
                    {
                        "default": false,
                        "duration": "P1D",
                        "itinerary_price_limit": 407,
                        "itinerary_price_remaining": 207,
                        "fare_lock_kind": "fee",
                        "price": 10.35,
                        "rule_instance_id": 26749,
                        "version": "v1"
                    },
                    {
                        "default": true,
                        "duration": "P3D",
                        "itinerary_price_limit": 407,
                        "itinerary_price_remaining": 207,
                        "fare_lock_kind": "fee",
                        "price": 20.7,
                        "rule_instance_id": 26748,
                        "version": "v1"
                    },
                    {
                        "default": false,
                        "duration": "P7D",
                        "itinerary_price_limit": 407,
                        "itinerary_price_remaining": 207,
                        "fare_lock_kind": "fee",
                        "price": 51.75,
                        "rule_instance_id": 26750,
                        "version": "v1"
                    }
                ]
            },
            "bags_price": {
                "1": 72.8,
                "2": 282.8
            },
            "baglimit": {
                "hand_dimensions_sum": 118,
                "hand_height": 40,
                "hand_length": 55,
                "hand_weight": 8,
                "hand_width": 23,
                "hold_dimensions_sum": 158,
                "hold_height": 52,
                "hold_length": 78,
                "hold_weight": 23,
                "hold_width": 28,
                "personal_item_dimension_sum": 95,
                "personal_item_height": 30,
                "personal_item_length": 40,
                "personal_item_weight": 8,
                "personal_item_width": 25
            },
            "availability": {
                "seats": 3
            },
            "airlines": [
                "EW"
            ],
            "route": [
                {
                    "id": "0b7717884e740000cc333dd5_0",
                    "combination_id": "0b7717884e740000cc333dd5",
                    "flyFrom": "BUD",
                    "flyTo": "HAM",
                    "cityFrom": "Budapest",
                    "cityCodeFrom": "BUD",
                    "cityTo": "Hamburg",
                    "cityCodeTo": "HAM",
                    "local_departure": "2024-12-27T20:35:00.000Z",
                    "utc_departure": "2024-12-27T19:35:00.000Z",
                    "local_arrival": "2024-12-27T22:25:00.000Z",
                    "utc_arrival": "2024-12-27T21:25:00.000Z",
                    "airline": "EW",
                    "flight_no": 7781,
                    "operating_carrier": "EW",
                    "operating_flight_no": "7781",
                    "fare_basis": "",
                    "fare_category": "M",
                    "fare_classes": "",
                    "return": 0,
                    "bags_recheck_required": false,
                    "vi_connection": false,
                    "guarantee": false,
                    "equipment": null,
                    "vehicle_type": "aircraft"
                },
                {
                    "id": "17880b774e790000700455ce_0",
                    "combination_id": "17880b774e790000700455ce",
                    "flyFrom": "HAM",
                    "flyTo": "BUD",
                    "cityFrom": "Hamburg",
                    "cityCodeFrom": "HAM",
                    "cityTo": "Budapest",
                    "cityCodeTo": "BUD",
                    "local_departure": "2025-01-01T17:15:00.000Z",
                    "utc_departure": "2025-01-01T16:15:00.000Z",
                    "local_arrival": "2025-01-01T19:00:00.000Z",
                    "utc_arrival": "2025-01-01T18:00:00.000Z",
                    "airline": "EW",
                    "flight_no": 7782,
                    "operating_carrier": "EW",
                    "operating_flight_no": "7782",
                    "fare_basis": "",
                    "fare_category": "M",
                    "fare_classes": "K",
                    "return": 1,
                    "bags_recheck_required": false,
                    "vi_connection": false,
                    "guarantee": false,
                    "equipment": null,
                    "vehicle_type": "aircraft"
                }
            ],
            "booking_token": "HcQkDoUc7zNEGHq5egtXuRQ1UMDzwNZUi4C502aj52n0J3My85O6zdwDSQ0alNS7ugvDQl6In5jF4rsbfDgXGzhtCMzuGAp1qexxI3zSHsptJCd4MGoZ5HqJpb82EaWy1yqHH8oSO29Uhou8Es069DM0d4c6zoz4gy3Ca8jUyDia1hHt_S9Mf2tfJcbws44Zf6Hp3Qgmt3tbd5OAbHvMdmcZMDZfDSEBSgB_0hgIoB9aXPSZ6mzkz5RbFtpnsZdE4b7iQD8fttxlPBP4g3KtH6u0-4sKqrTDlYg5Q-N8YfcGQ04RGwLdXEniPIVs54dJSwEFd9px_fWU_qlMgtTRqJsxIUZyDBF7Pyjnw1glhZlkT31HB399F9qS8JBr5Sbr21pV1b4U0GsolK20lVrn31Wa1Q1U59pdIHxz_YfmvYV-JDlC_83uG2DXBPWfeYwqUGLAIzETebVO6vAgwbArsKHwwjaH-oUm_V8xlHZAB-lZqSmO4ibByEdHFkv8BcogCzo1IUhK6I6oyN1yGJBU2Hc7nCrL8bZN2oL3Hf3aJ-fz4GIzoLrE_AFMyjoF9r0oxE89MP4puwLppIdzZdB7ZWJL3HIzwWcAt6c-JdreZ4jlplRc61gPb7S7JFCUmheW8vvRotIQusBxOMhVhsGZEGt15T1zvCTX6DKMqZKbKJ-L8MbRSWgkZwcCImVFVQ-Hq",
            "deep_link": "https://www.kiwi.com/deep?affilid=mihalytest&currency=EUR&flightsId=0b7717884e740000cc333dd5_0%7C17880b774e790000700455ce_0&from=BUD&lang=en&passengers=1&to=HAM&booking_token=HcQkDoUc7zNEGHq5egtXuRQ1UMDzwNZUi4C502aj52n0J3My85O6zdwDSQ0alNS7ugvDQl6In5jF4rsbfDgXGzhtCMzuGAp1qexxI3zSHsptJCd4MGoZ5HqJpb82EaWy1yqHH8oSO29Uhou8Es069DM0d4c6zoz4gy3Ca8jUyDia1hHt_S9Mf2tfJcbws44Zf6Hp3Qgmt3tbd5OAbHvMdmcZMDZfDSEBSgB_0hgIoB9aXPSZ6mzkz5RbFtpnsZdE4b7iQD8fttxlPBP4g3KtH6u0-4sKqrTDlYg5Q-N8YfcGQ04RGwLdXEniPIVs54dJSwEFd9px_fWU_qlMgtTRqJsxIUZyDBF7Pyjnw1glhZlkT31HB399F9qS8JBr5Sbr21pV1b4U0GsolK20lVrn31Wa1Q1U59pdIHxz_YfmvYV-JDlC_83uG2DXBPWfeYwqUGLAIzETebVO6vAgwbArsKHwwjaH-oUm_V8xlHZAB-lZqSmO4ibByEdHFkv8BcogCzo1IUhK6I6oyN1yGJBU2Hc7nCrL8bZN2oL3Hf3aJ-fz4GIzoLrE_AFMyjoF9r0oxE89MP4puwLppIdzZdB7ZWJL3HIzwWcAt6c-JdreZ4jlplRc61gPb7S7JFCUmheW8vvRotIQusBxOMhVhsGZEGt15T1zvCTX6DKMqZKbKJ-L8MbRSWgkZwcCImVFVQ-Hq",
            "facilitated_booking_available": true,
            "pnr_count": 2,
            "has_airport_change": false,
            "technical_stops": 0,
            "throw_away_ticketing": false,
            "hidden_city_ticketing": false,
            "virtual_interlining": false
        },
        {
            "id": "0b7717884dfb4dfe2c717f72_0|0b7717884dfb4dfe2c717f72_1|0b7717884dfb4dfe2c717f72_2|0b7717884dfb4dfe2c717f72_3",
            "flyFrom": "BUD",
            "flyTo": "HAM",
            "cityFrom": "Budapest",
            "cityCodeFrom": "BUD",
            "cityTo": "Hamburg",
            "cityCodeTo": "HAM",
            "countryFrom": {
                "code": "HU",
                "name": "Hungary"
            },
            "countryTo": {
                "code": "DE",
                "name": "Germany"
            },
            "local_departure": "2024-08-28T11:20:00.000Z",
            "utc_departure": "2024-08-28T09:20:00.000Z",
            "local_arrival": "2024-08-28T14:10:00.000Z",
            "utc_arrival": "2024-08-28T12:10:00.000Z",
            "nightsInDest": 3,
            "quality": 292.33313,
            "distance": 949.98,
            "duration": {
                "departure": 10200,
                "return": 15600,
                "total": 25800
            },
            "price": 211,
            "conversion": {
                "EUR": 211
            },
            "fare": {
                "adults": 211,
                "children": 211,
                "infants": 211
            },
            "fare_locks": {
                "EUR": [
                    {
                        "default": false,
                        "duration": "P1D",
                        "itinerary_price_limit": 411,
                        "itinerary_price_remaining": 211,
                        "fare_lock_kind": "fee",
                        "price": 10.55,
                        "rule_instance_id": 26749,
                        "version": "v1"
                    },
                    {
                        "default": true,
                        "duration": "P3D",
                        "itinerary_price_limit": 411,
                        "itinerary_price_remaining": 211,
                        "fare_lock_kind": "fee",
                        "price": 21.1,
                        "rule_instance_id": 26748,
                        "version": "v1"
                    },
                    {
                        "default": false,
                        "duration": "P7D",
                        "itinerary_price_limit": 411,
                        "itinerary_price_remaining": 211,
                        "fare_lock_kind": "fee",
                        "price": 52.75,
                        "rule_instance_id": 26750,
                        "version": "v1"
                    }
                ]
            },
            "bags_price": {
                "1": 185.5,
                "2": 479.5
            },
            "baglimit": {
                "hand_dimensions_sum": 118,
                "hand_height": 40,
                "hand_length": 55,
                "hand_weight": 8,
                "hand_width": 23,
                "hold_dimensions_sum": 158,
                "hold_height": 52,
                "hold_length": 78,
                "hold_weight": 23,
                "hold_width": 28,
                "personal_item_dimension_sum": 80,
                "personal_item_height": 30,
                "personal_item_length": 40,
                "personal_item_weight": 3,
                "personal_item_width": 10
            },
            "availability": {
                "seats": null
            },
            "airlines": [
                "OS",
                "LX"
            ],
            "route": [
                {
                    "id": "0b7717884dfb4dfe2c717f72_0",
                    "combination_id": "0b7717884dfb4dfe2c717f72",
                    "flyFrom": "BUD",
                    "flyTo": "VIE",
                    "cityFrom": "Budapest",
                    "cityCodeFrom": "BUD",
                    "cityTo": "Vienna",
                    "cityCodeTo": "VIE",
                    "local_departure": "2024-08-28T11:20:00.000Z",
                    "utc_departure": "2024-08-28T09:20:00.000Z",
                    "local_arrival": "2024-08-28T12:05:00.000Z",
                    "utc_arrival": "2024-08-28T10:05:00.000Z",
                    "airline": "OS",
                    "flight_no": 714,
                    "operating_carrier": "OS",
                    "operating_flight_no": "714",
                    "fare_basis": "LETLGTU4",
                    "fare_category": "M",
                    "fare_classes": "L",
                    "return": 0,
                    "bags_recheck_required": false,
                    "vi_connection": false,
                    "guarantee": false,
                    "equipment": null,
                    "vehicle_type": "aircraft"
                },
                {
                    "id": "0b7717884dfb4dfe2c717f72_1",
                    "combination_id": "0b7717884dfb4dfe2c717f72",
                    "flyFrom": "VIE",
                    "flyTo": "HAM",
                    "cityFrom": "Vienna",
                    "cityCodeFrom": "VIE",
                    "cityTo": "Hamburg",
                    "cityCodeTo": "HAM",
                    "local_departure": "2024-08-28T12:35:00.000Z",
                    "utc_departure": "2024-08-28T10:35:00.000Z",
                    "local_arrival": "2024-08-28T14:10:00.000Z",
                    "utc_arrival": "2024-08-28T12:10:00.000Z",
                    "airline": "OS",
                    "flight_no": 173,
                    "operating_carrier": "OS",
                    "operating_flight_no": "173",
                    "fare_basis": "LETLGTU4",
                    "fare_category": "M",
                    "fare_classes": "L",
                    "return": 0,
                    "bags_recheck_required": false,
                    "vi_connection": false,
                    "guarantee": false,
                    "equipment": null,
                    "vehicle_type": "aircraft"
                },
                {
                    "id": "0b7717884dfb4dfe2c717f72_2",
                    "combination_id": "0b7717884dfb4dfe2c717f72",
                    "flyFrom": "HAM",
                    "flyTo": "ZRH",
                    "cityFrom": "Hamburg",
                    "cityCodeFrom": "HAM",
                    "cityTo": "Z\u00fcrich",
                    "cityCodeTo": "ZRH",
                    "local_departure": "2024-08-31T14:55:00.000Z",
                    "utc_departure": "2024-08-31T12:55:00.000Z",
                    "local_arrival": "2024-08-31T16:25:00.000Z",
                    "utc_arrival": "2024-08-31T14:25:00.000Z",
                    "airline": "LX",
                    "flight_no": 1057,
                    "operating_carrier": "LX",
                    "operating_flight_no": "1057",
                    "fare_basis": "KETLGTU4",
                    "fare_category": "M",
                    "fare_classes": "K",
                    "return": 1,
                    "bags_recheck_required": false,
                    "vi_connection": false,
                    "guarantee": false,
                    "equipment": null,
                    "vehicle_type": "aircraft"
                },
                {
                    "id": "0b7717884dfb4dfe2c717f72_3",
                    "combination_id": "0b7717884dfb4dfe2c717f72",
                    "flyFrom": "ZRH",
                    "flyTo": "BUD",
                    "cityFrom": "Z\u00fcrich",
                    "cityCodeFrom": "ZRH",
                    "cityTo": "Budapest",
                    "cityCodeTo": "BUD",
                    "local_departure": "2024-08-31T17:40:00.000Z",
                    "utc_departure": "2024-08-31T15:40:00.000Z",
                    "local_arrival": "2024-08-31T19:15:00.000Z",
                    "utc_arrival": "2024-08-31T17:15:00.000Z",
                    "airline": "LX",
                    "flight_no": 2258,
                    "operating_carrier": "2L",
                    "operating_flight_no": "",
                    "fare_basis": "KETLGTU4",
                    "fare_category": "M",
                    "fare_classes": "K",
                    "return": 1,
                    "bags_recheck_required": false,
                    "vi_connection": false,
                    "guarantee": false,
                    "equipment": null,
                    "vehicle_type": "aircraft"
                }
            ],
            "booking_token": "HG2ERdVFAomMqj4_IJn2bo7WUDqKp5BfJcMCuE4xy0vg9xwoNk75qrrvuuhBNYS_gQ5QagYuqW4ye9QuoINAkoV_UKhQfl6K6ium304Eio_w2o2yJGCA_3ZruJRcGZCbJ5bjQvtsaqFN6v3AoZxbwifx314TRyfUSvzChJ3MrEmENmIJS33gQ3jPDooMT8k9p_aIHwIx6pC3FI5kKQXp0lqeTcXAw4i8huN__fHa6BqrNXBcOlb6CFAS4mUav3QXhraGHRxl7AwQLehgdOmkRCGZvyclKGnF4DGadFwvgRU2Dix8KwD4XbFDGkadLwd2XD6AiXy8R1n-fApmZT7VQBT7uaj6Qft6tsrz6pP-rN2kNLB5CVVTZUsqwiqMosfeAIkuxVoOAf_IHCjrxAnZNIODAhqRB2DBFzEGC4BwGvQUAfXvw7-CCsP07JnAq63zRYfQt93sQwbncWYUCmX_JdSQObL445GZvMJv_X8Z2ksWHd561lvH_-gt8GiHSMpKfZ4QvFUdmK7STg7pYHLj0WWtDFUTCCZ4iQAfq8xaucCUoyd7xVLsNPAi0lHyNowG2HrDUJIX1td2o1ewfMgwsVysJ4-NLn9oaeYzmHwnM-ASrOFnnPgQeIdFz9VpEY-cPDI13NgwZBwhqw4OmG5WseJCvnY_bxIzxJBLcWa3kylMmob8w7EMPSEanCkVjOay0OEf4Uso3AQmYUhPLa-rrRg==",
            "deep_link": "https://www.kiwi.com/deep?affilid=mihalytest&currency=EUR&flightsId=0b7717884dfb4dfe2c717f72_0%7C0b7717884dfb4dfe2c717f72_1%7C0b7717884dfb4dfe2c717f72_2%7C0b7717884dfb4dfe2c717f72_3&from=BUD&lang=en&passengers=1&to=HAM&booking_token=HG2ERdVFAomMqj4_IJn2bo7WUDqKp5BfJcMCuE4xy0vg9xwoNk75qrrvuuhBNYS_gQ5QagYuqW4ye9QuoINAkoV_UKhQfl6K6ium304Eio_w2o2yJGCA_3ZruJRcGZCbJ5bjQvtsaqFN6v3AoZxbwifx314TRyfUSvzChJ3MrEmENmIJS33gQ3jPDooMT8k9p_aIHwIx6pC3FI5kKQXp0lqeTcXAw4i8huN__fHa6BqrNXBcOlb6CFAS4mUav3QXhraGHRxl7AwQLehgdOmkRCGZvyclKGnF4DGadFwvgRU2Dix8KwD4XbFDGkadLwd2XD6AiXy8R1n-fApmZT7VQBT7uaj6Qft6tsrz6pP-rN2kNLB5CVVTZUsqwiqMosfeAIkuxVoOAf_IHCjrxAnZNIODAhqRB2DBFzEGC4BwGvQUAfXvw7-CCsP07JnAq63zRYfQt93sQwbncWYUCmX_JdSQObL445GZvMJv_X8Z2ksWHd561lvH_-gt8GiHSMpKfZ4QvFUdmK7STg7pYHLj0WWtDFUTCCZ4iQAfq8xaucCUoyd7xVLsNPAi0lHyNowG2HrDUJIX1td2o1ewfMgwsVysJ4-NLn9oaeYzmHwnM-ASrOFnnPgQeIdFz9VpEY-cPDI13NgwZBwhqw4OmG5WseJCvnY_bxIzxJBLcWa3kylMmob8w7EMPSEanCkVjOay0OEf4Uso3AQmYUhPLa-rrRg==",
            "facilitated_booking_available": true,
            "pnr_count": 1,
            "has_airport_change": false,
            "technical_stops": 0,
            "throw_away_ticketing": false,
            "hidden_city_ticketing": false,
            "virtual_interlining": false
        },
        {
            "id": "0b7717884dfd4dff3392d497_0|0b7717884dfd4dff3392d497_1|0b7717884dfd4dff3392d497_2|0b7717884dfd4dff3392d497_3",
            "flyFrom": "BUD",
            "flyTo": "HAM",
            "cityFrom": "Budapest",
            "cityCodeFrom": "BUD",
            "cityTo": "Hamburg",
            "cityCodeTo": "HAM",
            "countryFrom": {
                "code": "HU",
                "name": "Hungary"
            },
            "countryTo": {
                "code": "DE",
                "name": "Germany"
            },
            "local_departure": "2024-08-30T17:25:00.000Z",
            "utc_departure": "2024-08-30T15:25:00.000Z",
            "local_arrival": "2024-08-30T21:30:00.000Z",
            "utc_arrival": "2024-08-30T19:30:00.000Z",
            "nightsInDest": 2,
            "quality": 294.333125,
            "distance": 949.98,
            "duration": {
                "departure": 14700,
                "return": 12000,
                "total": 26700
            },
            "price": 211,
            "conversion": {
                "EUR": 211
            },
            "fare": {
                "adults": 211,
                "children": 211,
                "infants": 211
            },
            "fare_locks": {
                "EUR": [
                    {
                        "default": false,
                        "duration": "P1D",
                        "itinerary_price_limit": 411,
                        "itinerary_price_remaining": 211,
                        "fare_lock_kind": "fee",
                        "price": 10.55,
                        "rule_instance_id": 26749,
                        "version": "v1"
                    },
                    {
                        "default": true,
                        "duration": "P3D",
                        "itinerary_price_limit": 411,
                        "itinerary_price_remaining": 211,
                        "fare_lock_kind": "fee",
                        "price": 21.1,
                        "rule_instance_id": 26748,
                        "version": "v1"
                    },
                    {
                        "default": false,
                        "duration": "P7D",
                        "itinerary_price_limit": 411,
                        "itinerary_price_remaining": 211,
                        "fare_lock_kind": "fee",
                        "price": 52.75,
                        "rule_instance_id": 26750,
                        "version": "v1"
                    }
                ]
            },
            "bags_price": {
                "1": 91
            },
            "baglimit": {
                "hand_dimensions_sum": 118,
                "hand_height": 40,
                "hand_length": 55,
                "hand_weight": 8,
                "hand_width": 23,
                "hold_dimensions_sum": 158,
                "hold_height": 52,
                "hold_length": 78,
                "hold_weight": 23,
                "hold_width": 28,
                "personal_item_dimension_sum": 80,
                "personal_item_height": 30,
                "personal_item_length": 40,
                "personal_item_weight": 4,
                "personal_item_width": 10
            },
            "availability": {
                "seats": null
            },
            "airlines": [
                "LH"
            ],
            "route": [
                {
                    "id": "0b7717884dfd4dff3392d497_0",
                    "combination_id": "0b7717884dfd4dff3392d497",
                    "flyFrom": "BUD",
                    "flyTo": "MUC",
                    "cityFrom": "Budapest",
                    "cityCodeFrom": "BUD",
                    "cityTo": "Munich",
                    "cityCodeTo": "MUC",
                    "local_departure": "2024-08-30T17:25:00.000Z",
                    "utc_departure": "2024-08-30T15:25:00.000Z",
                    "local_arrival": "2024-08-30T18:45:00.000Z",
                    "utc_arrival": "2024-08-30T16:45:00.000Z",
                    "airline": "LH",
                    "flight_no": 1679,
                    "operating_carrier": "CL",
                    "operating_flight_no": "",
                    "fare_basis": "LETLGTU4",
                    "fare_category": "M",
                    "fare_classes": "L",
                    "return": 0,
                    "bags_recheck_required": false,
                    "vi_connection": false,
                    "guarantee": false,
                    "equipment": null,
                    "vehicle_type": "aircraft"
                },
                {
                    "id": "0b7717884dfd4dff3392d497_1",
                    "combination_id": "0b7717884dfd4dff3392d497",
                    "flyFrom": "MUC",
                    "flyTo": "HAM",
                    "cityFrom": "Munich",
                    "cityCodeFrom": "MUC",
                    "cityTo": "Hamburg",
                    "cityCodeTo": "HAM",
                    "local_departure": "2024-08-30T20:15:00.000Z",
                    "utc_departure": "2024-08-30T18:15:00.000Z",
                    "local_arrival": "2024-08-30T21:30:00.000Z",
                    "utc_arrival": "2024-08-30T19:30:00.000Z",
                    "airline": "LH",
                    "flight_no": 2076,
                    "operating_carrier": "LH",
                    "operating_flight_no": "2076",
                    "fare_basis": "LETLGTU4",
                    "fare_category": "M",
                    "fare_classes": "L",
                    "return": 0,
                    "bags_recheck_required": false,
                    "vi_connection": false,
                    "guarantee": false,
                    "equipment": null,
                    "vehicle_type": "aircraft"
                },
                {
                    "id": "0b7717884dfd4dff3392d497_2",
                    "combination_id": "0b7717884dfd4dff3392d497",
                    "flyFrom": "HAM",
                    "flyTo": "MUC",
                    "cityFrom": "Hamburg",
                    "cityCodeFrom": "HAM",
                    "cityTo": "Munich",
                    "cityCodeTo": "MUC",
                    "local_departure": "2024-09-01T20:15:00.000Z",
                    "utc_departure": "2024-09-01T18:15:00.000Z",
                    "local_arrival": "2024-09-01T21:30:00.000Z",
                    "utc_arrival": "2024-09-01T19:30:00.000Z",
                    "airline": "LH",
                    "flight_no": 2073,
                    "operating_carrier": "LH",
                    "operating_flight_no": "2073",
                    "fare_basis": "KETLGTU4",
                    "fare_category": "M",
                    "fare_classes": "K",
                    "return": 1,
                    "bags_recheck_required": false,
                    "vi_connection": false,
                    "guarantee": false,
                    "equipment": null,
                    "vehicle_type": "aircraft"
                },
                {
                    "id": "0b7717884dfd4dff3392d497_3",
                    "combination_id": "0b7717884dfd4dff3392d497",
                    "flyFrom": "MUC",
                    "flyTo": "BUD",
                    "cityFrom": "Munich",
                    "cityCodeFrom": "MUC",
                    "cityTo": "Budapest",
                    "cityCodeTo": "BUD",
                    "local_departure": "2024-09-01T22:20:00.000Z",
                    "utc_departure": "2024-09-01T20:20:00.000Z",
                    "local_arrival": "2024-09-01T23:35:00.000Z",
                    "utc_arrival": "2024-09-01T21:35:00.000Z",
                    "airline": "LH",
                    "flight_no": 1682,
                    "operating_carrier": "LH",
                    "operating_flight_no": "1682",
                    "fare_basis": "KETLGTU4",
                    "fare_category": "M",
                    "fare_classes": "K",
                    "return": 1,
                    "bags_recheck_required": false,
                    "vi_connection": false,
                    "guarantee": false,
                    "equipment": null,
                    "vehicle_type": "aircraft"
                }
            ],
            "booking_token": "H1mJm3cAHckDkTDSvnrmg6ms6YR4nSwwY90U-bFzL7SWbiB3xUNz7E5udlfWZwqOfheUrVwMkHDe8v7RWzM4Aumm232Z2jsskmgmG1N5bOSfuqVGtOLduCZIjdNS1ZA1o__gzs9H4FOvWnWUlZh9uGJFO3yDLmCkB2XXgShG6C_OwgwR5kFw18sO_ebijVh5EIVuOKhPFqLN9aVGp3wjZucwYA766ApVANa4Y4Im8W901ZcP7lpwVRLWEJ0cMdhlm3JS7_qUSwY1dGQ3DNxxd-6_0GVVZvD5id7PzRNRdaExw02LSLaHq96Fzv6k4mg2zHr3oQwMl6MlGhyU1sAuHaz2b_kvbDZx7xmz5SHSkycIrWrOmKig_PpA6OQwgVpcLJMhyok8bJE9xfFyfGf6P7ElsbnPw697F22yWUdvJyApQDbzBRGE17s8ai2jCe6e5EhVD2VlvwQ8IiMC33NQ8ZpdkVMN9RzAhaV-yyLjWPMBd-JCUbSB25zNxJY7jodTViGsYYcUj8xLXKyM8AuaYlgasviGtStaGyMJhIVbnC1RECGnFGuUQrSE-GvS9tLpwFb8PVekBlnfyFcF2gCsWwFolkrjChbc0Y8Tr4mOZn3zZACN6t6-wiDNjaE5Aew4N55l_u9Gpdl1Cja8razx3Y1_2Ez1MRUB0JmrD5tBNKi_NRt0hPXHEp8Ty97pRffOg70p4k32eDT4dUaVmnto2eA==",
            "deep_link": "https://www.kiwi.com/deep?affilid=mihalytest&currency=EUR&flightsId=0b7717884dfd4dff3392d497_0%7C0b7717884dfd4dff3392d497_1%7C0b7717884dfd4dff3392d497_2%7C0b7717884dfd4dff3392d497_3&from=BUD&lang=en&passengers=1&to=HAM&booking_token=H1mJm3cAHckDkTDSvnrmg6ms6YR4nSwwY90U-bFzL7SWbiB3xUNz7E5udlfWZwqOfheUrVwMkHDe8v7RWzM4Aumm232Z2jsskmgmG1N5bOSfuqVGtOLduCZIjdNS1ZA1o__gzs9H4FOvWnWUlZh9uGJFO3yDLmCkB2XXgShG6C_OwgwR5kFw18sO_ebijVh5EIVuOKhPFqLN9aVGp3wjZucwYA766ApVANa4Y4Im8W901ZcP7lpwVRLWEJ0cMdhlm3JS7_qUSwY1dGQ3DNxxd-6_0GVVZvD5id7PzRNRdaExw02LSLaHq96Fzv6k4mg2zHr3oQwMl6MlGhyU1sAuHaz2b_kvbDZx7xmz5SHSkycIrWrOmKig_PpA6OQwgVpcLJMhyok8bJE9xfFyfGf6P7ElsbnPw697F22yWUdvJyApQDbzBRGE17s8ai2jCe6e5EhVD2VlvwQ8IiMC33NQ8ZpdkVMN9RzAhaV-yyLjWPMBd-JCUbSB25zNxJY7jodTViGsYYcUj8xLXKyM8AuaYlgasviGtStaGyMJhIVbnC1RECGnFGuUQrSE-GvS9tLpwFb8PVekBlnfyFcF2gCsWwFolkrjChbc0Y8Tr4mOZn3zZACN6t6-wiDNjaE5Aew4N55l_u9Gpdl1Cja8razx3Y1_2Ez1MRUB0JmrD5tBNKi_NRt0hPXHEp8Ty97pRffOg70p4k32eDT4dUaVmnto2eA==",
            "facilitated_booking_available": true,
            "pnr_count": 1,
            "has_airport_change": false,
            "technical_stops": 0,
            "throw_away_ticketing": false,
            "hidden_city_ticketing": false,
            "virtual_interlining": false
        },
        {
            "id": "0b7717884dfd4e00f0516551_0|0b7717884dfd4e00f0516551_1|0b7717884dfd4e00f0516551_2|0b7717884dfd4e00f0516551_3",
            "flyFrom": "BUD",
            "flyTo": "HAM",
            "cityFrom": "Budapest",
            "cityCodeFrom": "BUD",
            "cityTo": "Hamburg",
            "cityCodeTo": "HAM",
            "countryFrom": {
                "code": "HU",
                "name": "Hungary"
            },
            "countryTo": {
                "code": "DE",
                "name": "Germany"
            },
            "local_departure": "2024-08-30T17:25:00.000Z",
            "utc_departure": "2024-08-30T15:25:00.000Z",
            "local_arrival": "2024-08-30T21:30:00.000Z",
            "utc_arrival": "2024-08-30T19:30:00.000Z",
            "nightsInDest": 3,
            "quality": 294.333125,
            "distance": 949.98,
            "duration": {
                "departure": 14700,
                "return": 12000,
                "total": 26700
            },
            "price": 211,
            "conversion": {
                "EUR": 211
            },
            "fare": {
                "adults": 211,
                "children": 211,
                "infants": 211
            },
            "fare_locks": {
                "EUR": [
                    {
                        "default": false,
                        "duration": "P1D",
                        "itinerary_price_limit": 411,
                        "itinerary_price_remaining": 211,
                        "fare_lock_kind": "fee",
                        "price": 10.55,
                        "rule_instance_id": 26749,
                        "version": "v1"
                    },
                    {
                        "default": true,
                        "duration": "P3D",
                        "itinerary_price_limit": 411,
                        "itinerary_price_remaining": 211,
                        "fare_lock_kind": "fee",
                        "price": 21.1,
                        "rule_instance_id": 26748,
                        "version": "v1"
                    },
                    {
                        "default": false,
                        "duration": "P7D",
                        "itinerary_price_limit": 411,
                        "itinerary_price_remaining": 211,
                        "fare_lock_kind": "fee",
                        "price": 52.75,
                        "rule_instance_id": 26750,
                        "version": "v1"
                    }
                ]
            },
            "bags_price": {
                "1": 91
            },
            "baglimit": {
                "hand_dimensions_sum": 118,
                "hand_height": 40,
                "hand_length": 55,
                "hand_weight": 8,
                "hand_width": 23,
                "hold_dimensions_sum": 158,
                "hold_height": 52,
                "hold_length": 78,
                "hold_weight": 23,
                "hold_width": 28,
                "personal_item_dimension_sum": 80,
                "personal_item_height": 30,
                "personal_item_length": 40,
                "personal_item_weight": 4,
                "personal_item_width": 10
            },
            "availability": {
                "seats": null
            },
            "airlines": [
                "LH"
            ],
            "route": [
                {
                    "id": "0b7717884dfd4e00f0516551_0",
                    "combination_id": "0b7717884dfd4e00f0516551",
                    "flyFrom": "BUD",
                    "flyTo": "MUC",
                    "cityFrom": "Budapest",
                    "cityCodeFrom": "BUD",
                    "cityTo": "Munich",
                    "cityCodeTo": "MUC",
                    "local_departure": "2024-08-30T17:25:00.000Z",
                    "utc_departure": "2024-08-30T15:25:00.000Z",
                    "local_arrival": "2024-08-30T18:45:00.000Z",
                    "utc_arrival": "2024-08-30T16:45:00.000Z",
                    "airline": "LH",
                    "flight_no": 1679,
                    "operating_carrier": "CL",
                    "operating_flight_no": "",
                    "fare_basis": "LETLGTU4",
                    "fare_category": "M",
                    "fare_classes": "L",
                    "return": 0,
                    "bags_recheck_required": false,
                    "vi_connection": false,
                    "guarantee": false,
                    "equipment": null,
                    "vehicle_type": "aircraft"
                },
                {
                    "id": "0b7717884dfd4e00f0516551_1",
                    "combination_id": "0b7717884dfd4e00f0516551",
                    "flyFrom": "MUC",
                    "flyTo": "HAM",
                    "cityFrom": "Munich",
                    "cityCodeFrom": "MUC",
                    "cityTo": "Hamburg",
                    "cityCodeTo": "HAM",
                    "local_departure": "2024-08-30T20:15:00.000Z",
                    "utc_departure": "2024-08-30T18:15:00.000Z",
                    "local_arrival": "2024-08-30T21:30:00.000Z",
                    "utc_arrival": "2024-08-30T19:30:00.000Z",
                    "airline": "LH",
                    "flight_no": 2076,
                    "operating_carrier": "LH",
                    "operating_flight_no": "2076",
                    "fare_basis": "LETLGTU4",
                    "fare_category": "M",
                    "fare_classes": "L",
                    "return": 0,
                    "bags_recheck_required": false,
                    "vi_connection": false,
                    "guarantee": false,
                    "equipment": null,
                    "vehicle_type": "aircraft"
                },
                {
                    "id": "0b7717884dfd4e00f0516551_2",
                    "combination_id": "0b7717884dfd4e00f0516551",
                    "flyFrom": "HAM",
                    "flyTo": "MUC",
                    "cityFrom": "Hamburg",
                    "cityCodeFrom": "HAM",
                    "cityTo": "Munich",
                    "cityCodeTo": "MUC",
                    "local_departure": "2024-09-02T20:15:00.000Z",
                    "utc_departure": "2024-09-02T18:15:00.000Z",
                    "local_arrival": "2024-09-02T21:30:00.000Z",
                    "utc_arrival": "2024-09-02T19:30:00.000Z",
                    "airline": "LH",
                    "flight_no": 2073,
                    "operating_carrier": "LH",
                    "operating_flight_no": "2073",
                    "fare_basis": "KETLGTU4",
                    "fare_category": "M",
                    "fare_classes": "K",
                    "return": 1,
                    "bags_recheck_required": false,
                    "vi_connection": false,
                    "guarantee": false,
                    "equipment": null,
                    "vehicle_type": "aircraft"
                },
                {
                    "id": "0b7717884dfd4e00f0516551_3",
                    "combination_id": "0b7717884dfd4e00f0516551",
                    "flyFrom": "MUC",
                    "flyTo": "BUD",
                    "cityFrom": "Munich",
                    "cityCodeFrom": "MUC",
                    "cityTo": "Budapest",
                    "cityCodeTo": "BUD",
                    "local_departure": "2024-09-02T22:20:00.000Z",
                    "utc_departure": "2024-09-02T20:20:00.000Z",
                    "local_arrival": "2024-09-02T23:35:00.000Z",
                    "utc_arrival": "2024-09-02T21:35:00.000Z",
                    "airline": "LH",
                    "flight_no": 1682,
                    "operating_carrier": "LH",
                    "operating_flight_no": "1682",
                    "fare_basis": "KETLGTU4",
                    "fare_category": "M",
                    "fare_classes": "K",
                    "return": 1,
                    "bags_recheck_required": false,
                    "vi_connection": false,
                    "guarantee": false,
                    "equipment": null,
                    "vehicle_type": "aircraft"
                }
            ],
            "booking_token": "HPZSBTzWoWRG20qV13DbWH2XhBPSi1A_qqdTQmIKF0i3RhmDqA-uVHaRufF8X2A8MB33brb0KcH_ogIaB6Aj9esmREq926TQX37bMFyr8R16CduJvXECcshbJ_XuY1RxGRQ5KTaiT9aeEtxCN9NIoitcXTil1st7R9QCmzYLxjubDKk31R9GvCvonTjXFGNE-GsOWyW8bVIYOhwplCJTQcqIG00GutQVz-CPiK3l2e2Xd9feWnvU94P2uyB_8eaf8miTR4eO5cKEskNEroVfRxqKc7D2B7kBbJGkwkQVKK2oFHCOuf4CU8unJ0gsCDojx4w_v9swkYxNU1ZTYDiFxD_nLI1sg-yNG5RqCyHu0ZSxCLX7ZpFvhc-C7nscYBT_1uTBSM_-IKZUUrDFxFy18GAf3olodIerZ3ShaltD8pXwbi7IWRNQYSEC30pb_DhLxmbsrCNuhhkUjLWsC_NuuMqKNn9kwCKCyC_rxg8BTYSylmZoexSXzxdvCzE6aOOAfXSmAhYzTxCDBg8UBcSJB7p5qE1hC7AV4a8O_RPsQtsYQJgSpS2OA7cCulsGrdPiyJ-MWUwGBgqxHyOXGT-br_eVwLTiOdg3rTHd-SminJ61p4yU3dKT0VKQP1dY8A-3UkwVmdsZiC-VWZML6bUCKeRXx2KpnngHCikZVtJdr4msz-IBM0C0kavVXH7173MdB5lD-E6JExVIgQGRkYbLSSA==",
            "deep_link": "https://www.kiwi.com/deep?affilid=mihalytest&currency=EUR&flightsId=0b7717884dfd4e00f0516551_0%7C0b7717884dfd4e00f0516551_1%7C0b7717884dfd4e00f0516551_2%7C0b7717884dfd4e00f0516551_3&from=BUD&lang=en&passengers=1&to=HAM&booking_token=HPZSBTzWoWRG20qV13DbWH2XhBPSi1A_qqdTQmIKF0i3RhmDqA-uVHaRufF8X2A8MB33brb0KcH_ogIaB6Aj9esmREq926TQX37bMFyr8R16CduJvXECcshbJ_XuY1RxGRQ5KTaiT9aeEtxCN9NIoitcXTil1st7R9QCmzYLxjubDKk31R9GvCvonTjXFGNE-GsOWyW8bVIYOhwplCJTQcqIG00GutQVz-CPiK3l2e2Xd9feWnvU94P2uyB_8eaf8miTR4eO5cKEskNEroVfRxqKc7D2B7kBbJGkwkQVKK2oFHCOuf4CU8unJ0gsCDojx4w_v9swkYxNU1ZTYDiFxD_nLI1sg-yNG5RqCyHu0ZSxCLX7ZpFvhc-C7nscYBT_1uTBSM_-IKZUUrDFxFy18GAf3olodIerZ3ShaltD8pXwbi7IWRNQYSEC30pb_DhLxmbsrCNuhhkUjLWsC_NuuMqKNn9kwCKCyC_rxg8BTYSylmZoexSXzxdvCzE6aOOAfXSmAhYzTxCDBg8UBcSJB7p5qE1hC7AV4a8O_RPsQtsYQJgSpS2OA7cCulsGrdPiyJ-MWUwGBgqxHyOXGT-br_eVwLTiOdg3rTHd-SminJ61p4yU3dKT0VKQP1dY8A-3UkwVmdsZiC-VWZML6bUCKeRXx2KpnngHCikZVtJdr4msz-IBM0C0kavVXH7173MdB5lD-E6JExVIgQGRkYbLSSA==",
            "facilitated_booking_available": true,
            "pnr_count": 1,
            "has_airport_change": false,
            "technical_stops": 0,
            "throw_away_ticketing": false,
            "hidden_city_ticketing": false,
            "virtual_interlining": false
        },
        {
            "id": "0b7717884dfd4e01fa0d5911_0|0b7717884dfd4e01fa0d5911_1|0b7717884dfd4e01fa0d5911_2|0b7717884dfd4e01fa0d5911_3",
            "flyFrom": "BUD",
            "flyTo": "HAM",
            "cityFrom": "Budapest",
            "cityCodeFrom": "BUD",
            "cityTo": "Hamburg",
            "cityCodeTo": "HAM",
            "countryFrom": {
                "code": "HU",
                "name": "Hungary"
            },
            "countryTo": {
                "code": "DE",
                "name": "Germany"
            },
            "local_departure": "2024-08-30T17:25:00.000Z",
            "utc_departure": "2024-08-30T15:25:00.000Z",
            "local_arrival": "2024-08-30T21:30:00.000Z",
            "utc_arrival": "2024-08-30T19:30:00.000Z",
            "nightsInDest": 4,
            "quality": 294.333125,
            "distance": 949.98,
            "duration": {
                "departure": 14700,
                "return": 12000,
                "total": 26700
            },
            "price": 211,
            "conversion": {
                "EUR": 211
            },
            "fare": {
                "adults": 211,
                "children": 211,
                "infants": 211
            },
            "fare_locks": {
                "EUR": [
                    {
                        "default": false,
                        "duration": "P1D",
                        "itinerary_price_limit": 411,
                        "itinerary_price_remaining": 211,
                        "fare_lock_kind": "fee",
                        "price": 10.55,
                        "rule_instance_id": 26749,
                        "version": "v1"
                    },
                    {
                        "default": true,
                        "duration": "P3D",
                        "itinerary_price_limit": 411,
                        "itinerary_price_remaining": 211,
                        "fare_lock_kind": "fee",
                        "price": 21.1,
                        "rule_instance_id": 26748,
                        "version": "v1"
                    },
                    {
                        "default": false,
                        "duration": "P7D",
                        "itinerary_price_limit": 411,
                        "itinerary_price_remaining": 211,
                        "fare_lock_kind": "fee",
                        "price": 52.75,
                        "rule_instance_id": 26750,
                        "version": "v1"
                    }
                ]
            },
            "bags_price": {
                "1": 112
            },
            "baglimit": {
                "hand_dimensions_sum": 118,
                "hand_height": 40,
                "hand_length": 55,
                "hand_weight": 8,
                "hand_width": 23,
                "hold_dimensions_sum": 158,
                "hold_height": 52,
                "hold_length": 78,
                "hold_weight": 23,
                "hold_width": 28,
                "personal_item_dimension_sum": 80,
                "personal_item_height": 30,
                "personal_item_length": 40,
                "personal_item_weight": 4,
                "personal_item_width": 10
            },
            "availability": {
                "seats": null
            },
            "airlines": [
                "LH"
            ],
            "route": [
                {
                    "id": "0b7717884dfd4e01fa0d5911_0",
                    "combination_id": "0b7717884dfd4e01fa0d5911",
                    "flyFrom": "BUD",
                    "flyTo": "MUC",
                    "cityFrom": "Budapest",
                    "cityCodeFrom": "BUD",
                    "cityTo": "Munich",
                    "cityCodeTo": "MUC",
                    "local_departure": "2024-08-30T17:25:00.000Z",
                    "utc_departure": "2024-08-30T15:25:00.000Z",
                    "local_arrival": "2024-08-30T18:45:00.000Z",
                    "utc_arrival": "2024-08-30T16:45:00.000Z",
                    "airline": "LH",
                    "flight_no": 1679,
                    "operating_carrier": "CL",
                    "operating_flight_no": "",
                    "fare_basis": "LETLGTU4",
                    "fare_category": "M",
                    "fare_classes": "L",
                    "return": 0,
                    "bags_recheck_required": false,
                    "vi_connection": false,
                    "guarantee": false,
                    "equipment": null,
                    "vehicle_type": "aircraft"
                },
                {
                    "id": "0b7717884dfd4e01fa0d5911_1",
                    "combination_id": "0b7717884dfd4e01fa0d5911",
                    "flyFrom": "MUC",
                    "flyTo": "HAM",
                    "cityFrom": "Munich",
                    "cityCodeFrom": "MUC",
                    "cityTo": "Hamburg",
                    "cityCodeTo": "HAM",
                    "local_departure": "2024-08-30T20:15:00.000Z",
                    "utc_departure": "2024-08-30T18:15:00.000Z",
                    "local_arrival": "2024-08-30T21:30:00.000Z",
                    "utc_arrival": "2024-08-30T19:30:00.000Z",
                    "airline": "LH",
                    "flight_no": 2076,
                    "operating_carrier": "LH",
                    "operating_flight_no": "2076",
                    "fare_basis": "LETLGTU4",
                    "fare_category": "M",
                    "fare_classes": "L",
                    "return": 0,
                    "bags_recheck_required": false,
                    "vi_connection": false,
                    "guarantee": false,
                    "equipment": null,
                    "vehicle_type": "aircraft"
                },
                {
                    "id": "0b7717884dfd4e01fa0d5911_2",
                    "combination_id": "0b7717884dfd4e01fa0d5911",
                    "flyFrom": "HAM",
                    "flyTo": "MUC",
                    "cityFrom": "Hamburg",
                    "cityCodeFrom": "HAM",
                    "cityTo": "Munich",
                    "cityCodeTo": "MUC",
                    "local_departure": "2024-09-03T20:15:00.000Z",
                    "utc_departure": "2024-09-03T18:15:00.000Z",
                    "local_arrival": "2024-09-03T21:30:00.000Z",
                    "utc_arrival": "2024-09-03T19:30:00.000Z",
                    "airline": "LH",
                    "flight_no": 2073,
                    "operating_carrier": "CL",
                    "operating_flight_no": "",
                    "fare_basis": "KETLGTU4",
                    "fare_category": "M",
                    "fare_classes": "K",
                    "return": 1,
                    "bags_recheck_required": false,
                    "vi_connection": false,
                    "guarantee": false,
                    "equipment": null,
                    "vehicle_type": "aircraft"
                },
                {
                    "id": "0b7717884dfd4e01fa0d5911_3",
                    "combination_id": "0b7717884dfd4e01fa0d5911",
                    "flyFrom": "MUC",
                    "flyTo": "BUD",
                    "cityFrom": "Munich",
                    "cityCodeFrom": "MUC",
                    "cityTo": "Budapest",
                    "cityCodeTo": "BUD",
                    "local_departure": "2024-09-03T22:20:00.000Z",
                    "utc_departure": "2024-09-03T20:20:00.000Z",
                    "local_arrival": "2024-09-03T23:35:00.000Z",
                    "utc_arrival": "2024-09-03T21:35:00.000Z",
                    "airline": "LH",
                    "flight_no": 1682,
                    "operating_carrier": "LH",
                    "operating_flight_no": "1682",
                    "fare_basis": "KETLGTU4",
                    "fare_category": "M",
                    "fare_classes": "K",
                    "return": 1,
                    "bags_recheck_required": false,
                    "vi_connection": false,
                    "guarantee": false,
                    "equipment": null,
                    "vehicle_type": "aircraft"
                }
            ],
            "booking_token": "HGhHuD96HSjPr4_2fHOW6VWRfFVyBLVrLgkYLcHjd6g43Urpiu2fKybPZOezsMpol0Y5RcUwbNeGUctceNDFAdPwFTic48tGnKVh8v7pODyETDXgo_8CWQbdZivIXa2h2KY4rHjQGhrlD-ogaSjRz0VFXTBv2RgUhjrEURu1SHv6FtHwGg_OAeKxoxMHF1yrfKGC7YxW7qfFPrN02nb4fvIpz8NCHTuC5N0rKPUxrBQNrq41LbcQCIn6MyVRa5Sl0jfkM-_3qXCy0_CseVAb5EIwEHEBfevemvCpkhpP9iBAY6rJfvgL_4PG6snrEuNt8xCPUUFeeHPovBhlM6lBvIQA64ZbwhyyivGqDPuO0PrTi3cQ3wzFNP_-OrfHmS8bOy3SQkVr4ZlaGIdDj4Nkyk4_kUTz6R2E0t4wXyUsayIJzf_XP_XqKUUl4x4R-gZO2O_iFjlGp0AwjzwQn15Rc0E8fiMp6L9pYO4xVZ7ATde0qZ-Czx5nNhEbgf8I3AmxMx7B09iOF2YgEaaRF9hywsEaSZofLuVbHgRM2QhrcS6gV9xAM3ZfcJ8b4ksD1t2GPG4YFMc5MBOFI3m-UiPjzGybJL-VSJQ5ZgEnya6JsX8UNRWtqyRIJhvXbBdscnfojqH3M241bgMj7b3BvpNWuEbyhvw6t8zF9aSuZAyKHzmS1CRjbKf9QWZUEcI0q1GMYARvBcQE4ahOi_MYlnNMkEQ==",
            "deep_link": "https://www.kiwi.com/deep?affilid=mihalytest&currency=EUR&flightsId=0b7717884dfd4e01fa0d5911_0%7C0b7717884dfd4e01fa0d5911_1%7C0b7717884dfd4e01fa0d5911_2%7C0b7717884dfd4e01fa0d5911_3&from=BUD&lang=en&passengers=1&to=HAM&booking_token=HGhHuD96HSjPr4_2fHOW6VWRfFVyBLVrLgkYLcHjd6g43Urpiu2fKybPZOezsMpol0Y5RcUwbNeGUctceNDFAdPwFTic48tGnKVh8v7pODyETDXgo_8CWQbdZivIXa2h2KY4rHjQGhrlD-ogaSjRz0VFXTBv2RgUhjrEURu1SHv6FtHwGg_OAeKxoxMHF1yrfKGC7YxW7qfFPrN02nb4fvIpz8NCHTuC5N0rKPUxrBQNrq41LbcQCIn6MyVRa5Sl0jfkM-_3qXCy0_CseVAb5EIwEHEBfevemvCpkhpP9iBAY6rJfvgL_4PG6snrEuNt8xCPUUFeeHPovBhlM6lBvIQA64ZbwhyyivGqDPuO0PrTi3cQ3wzFNP_-OrfHmS8bOy3SQkVr4ZlaGIdDj4Nkyk4_kUTz6R2E0t4wXyUsayIJzf_XP_XqKUUl4x4R-gZO2O_iFjlGp0AwjzwQn15Rc0E8fiMp6L9pYO4xVZ7ATde0qZ-Czx5nNhEbgf8I3AmxMx7B09iOF2YgEaaRF9hywsEaSZofLuVbHgRM2QhrcS6gV9xAM3ZfcJ8b4ksD1t2GPG4YFMc5MBOFI3m-UiPjzGybJL-VSJQ5ZgEnya6JsX8UNRWtqyRIJhvXbBdscnfojqH3M241bgMj7b3BvpNWuEbyhvw6t8zF9aSuZAyKHzmS1CRjbKf9QWZUEcI0q1GMYARvBcQE4ahOi_MYlnNMkEQ==",
            "facilitated_booking_available": true,
            "pnr_count": 1,
            "has_airport_change": false,
            "technical_stops": 0,
            "throw_away_ticketing": false,
            "hidden_city_ticketing": false,
            "virtual_interlining": false
        },
        {
            "id": "0b7717884dfc4dffca7e47e3_0|0b7717884dfc4dffca7e47e3_1|0b7717884dfc4dffca7e47e3_2|0b7717884dfc4dffca7e47e3_3",
            "flyFrom": "BUD",
            "flyTo": "HAM",
            "cityFrom": "Budapest",
            "cityCodeFrom": "BUD",
            "cityTo": "Hamburg",
            "cityCodeTo": "HAM",
            "countryFrom": {
                "code": "HU",
                "name": "Hungary"
            },
            "countryTo": {
                "code": "DE",
                "name": "Germany"
            },
            "local_departure": "2024-08-29T14:45:00.000Z",
            "utc_departure": "2024-08-29T12:45:00.000Z",
            "local_arrival": "2024-08-29T19:15:00.000Z",
            "utc_arrival": "2024-08-29T17:15:00.000Z",
            "nightsInDest": 3,
            "quality": 297.66645,
            "distance": 949.98,
            "duration": {
                "departure": 16200,
                "return": 12000,
                "total": 28200
            },
            "price": 211,
            "conversion": {
                "EUR": 211
            },
            "fare": {
                "adults": 211,
                "children": 211,
                "infants": 211
            },
            "fare_locks": {
                "EUR": [
                    {
                        "default": false,
                        "duration": "P1D",
                        "itinerary_price_limit": 411,
                        "itinerary_price_remaining": 211,
                        "fare_lock_kind": "fee",
                        "price": 10.55,
                        "rule_instance_id": 26749,
                        "version": "v1"
                    },
                    {
                        "default": true,
                        "duration": "P3D",
                        "itinerary_price_limit": 411,
                        "itinerary_price_remaining": 211,
                        "fare_lock_kind": "fee",
                        "price": 21.1,
                        "rule_instance_id": 26748,
                        "version": "v1"
                    },
                    {
                        "default": false,
                        "duration": "P7D",
                        "itinerary_price_limit": 411,
                        "itinerary_price_remaining": 211,
                        "fare_lock_kind": "fee",
                        "price": 52.75,
                        "rule_instance_id": 26750,
                        "version": "v1"
                    }
                ]
            },
            "bags_price": {
                "1": 181.174
            },
            "baglimit": {
                "hand_dimensions_sum": 118,
                "hand_height": 40,
                "hand_length": 55,
                "hand_weight": 8,
                "hand_width": 23,
                "hold_dimensions_sum": 158,
                "hold_height": 52,
                "hold_length": 78,
                "hold_weight": 23,
                "hold_width": 28,
                "personal_item_dimension_sum": 80,
                "personal_item_height": 30,
                "personal_item_length": 40,
                "personal_item_weight": 4,
                "personal_item_width": 10
            },
            "availability": {
                "seats": null
            },
            "airlines": [
                "LX",
                "LH"
            ],
            "route": [
                {
                    "id": "0b7717884dfc4dffca7e47e3_0",
                    "combination_id": "0b7717884dfc4dffca7e47e3",
                    "flyFrom": "BUD",
                    "flyTo": "ZRH",
                    "cityFrom": "Budapest",
                    "cityCodeFrom": "BUD",
                    "cityTo": "Z\u00fcrich",
                    "cityCodeTo": "ZRH",
                    "local_departure": "2024-08-29T14:45:00.000Z",
                    "utc_departure": "2024-08-29T12:45:00.000Z",
                    "local_arrival": "2024-08-29T16:25:00.000Z",
                    "utc_arrival": "2024-08-29T14:25:00.000Z",
                    "airline": "LX",
                    "flight_no": 2255,
                    "operating_carrier": "2L",
                    "operating_flight_no": "",
                    "fare_basis": "LETLGTU4",
                    "fare_category": "M",
                    "fare_classes": "L",
                    "return": 0,
                    "bags_recheck_required": false,
                    "vi_connection": false,
                    "guarantee": false,
                    "equipment": null,
                    "vehicle_type": "aircraft"
                },
                {
                    "id": "0b7717884dfc4dffca7e47e3_1",
                    "combination_id": "0b7717884dfc4dffca7e47e3",
                    "flyFrom": "ZRH",
                    "flyTo": "HAM",
                    "cityFrom": "Z\u00fcrich",
                    "cityCodeFrom": "ZRH",
                    "cityTo": "Hamburg",
                    "cityCodeTo": "HAM",
                    "local_departure": "2024-08-29T17:45:00.000Z",
                    "utc_departure": "2024-08-29T15:45:00.000Z",
                    "local_arrival": "2024-08-29T19:15:00.000Z",
                    "utc_arrival": "2024-08-29T17:15:00.000Z",
                    "airline": "LX",
                    "flight_no": 1054,
                    "operating_carrier": "LX",
                    "operating_flight_no": "1054",
                    "fare_basis": "LETLGTU4",
                    "fare_category": "M",
                    "fare_classes": "L",
                    "return": 0,
                    "bags_recheck_required": false,
                    "vi_connection": false,
                    "guarantee": false,
                    "equipment": null,
                    "vehicle_type": "aircraft"
                },
                {
                    "id": "0b7717884dfc4dffca7e47e3_2",
                    "combination_id": "0b7717884dfc4dffca7e47e3",
                    "flyFrom": "HAM",
                    "flyTo": "MUC",
                    "cityFrom": "Hamburg",
                    "cityCodeFrom": "HAM",
                    "cityTo": "Munich",
                    "cityCodeTo": "MUC",
                    "local_departure": "2024-09-01T20:15:00.000Z",
                    "utc_departure": "2024-09-01T18:15:00.000Z",
                    "local_arrival": "2024-09-01T21:30:00.000Z",
                    "utc_arrival": "2024-09-01T19:30:00.000Z",
                    "airline": "LH",
                    "flight_no": 2073,
                    "operating_carrier": "LH",
                    "operating_flight_no": "2073",
                    "fare_basis": "KETLGTU4",
                    "fare_category": "M",
                    "fare_classes": "K",
                    "return": 1,
                    "bags_recheck_required": false,
                    "vi_connection": false,
                    "guarantee": false,
                    "equipment": null,
                    "vehicle_type": "aircraft"
                },
                {
                    "id": "0b7717884dfc4dffca7e47e3_3",
                    "combination_id": "0b7717884dfc4dffca7e47e3",
                    "flyFrom": "MUC",
                    "flyTo": "BUD",
                    "cityFrom": "Munich",
                    "cityCodeFrom": "MUC",
                    "cityTo": "Budapest",
                    "cityCodeTo": "BUD",
                    "local_departure": "2024-09-01T22:20:00.000Z",
                    "utc_departure": "2024-09-01T20:20:00.000Z",
                    "local_arrival": "2024-09-01T23:35:00.000Z",
                    "utc_arrival": "2024-09-01T21:35:00.000Z",
                    "airline": "LH",
                    "flight_no": 1682,
                    "operating_carrier": "LH",
                    "operating_flight_no": "1682",
                    "fare_basis": "KETLGTU4",
                    "fare_category": "M",
                    "fare_classes": "K",
                    "return": 1,
                    "bags_recheck_required": false,
                    "vi_connection": false,
                    "guarantee": false,
                    "equipment": null,
                    "vehicle_type": "aircraft"
                }
            ],
            "booking_token": "HVyJcxsRgL_pXiM3iaxi3FXRfjkxglaGDKE4l5NdxRrBtro8XexNON8aGvud0SICKgAT6Qjr3-O2UtLj5ffYHrY681Ik8ozAt9CxHzchMFyaLnBqoJCZvrbNeBlChSquPBf7-8pMIYC3vzj6RHkY4aPhYZkeEFqx5vBGu6TKMuueCNIpYG8j9gAOyJlozAWXGT-Gd-lV-JZRK5DtnVLSK1bwa2mVxmXbCjVQxaPoLDG1WdvMrJXHskCZxTFyRJ3jqsYyWhKKOKJyeHokFAEcfrJLvcKOyugcY53ku1TW6swbZZXo6cJKQsExKkaDyTMD-XaInt2Tdz_PQpabPQc98NPSyptNHglzZZNSceitDwqqQpMS64GofRFZ0XSz1QPg7mB7F8KJeAgKuNIqk22P96D98ONT8W51JbhI9Ja5qfdRJRTnQ2dl_dqGMP55aw4r-jvHAfWB6lexulnIoSUwqZXdb-3W4-yZDxm6TSEpmmPP_74m7uuH1f6sCO3xK9V5PbC19GmWQ2okRfh90dCfX8qG4TnlkLbi1FG67gfjKSg7wcmcTt9wyfyf5pZyBYhNvDuBOBFF_iTZiXlygeTJbY1swroP8JU45l1EUOeoigiqLTuVhQNcSOcxMD17uFUNi7XZrkKgkSrCdwl6j7j4FqJONFU3o3gBTilwDwcAIULy5BoAxTjLvzanlxqKdbx7oXZ3q9SnvRmGoyjaGR9abmQ==",
            "deep_link": "https://www.kiwi.com/deep?affilid=mihalytest&currency=EUR&flightsId=0b7717884dfc4dffca7e47e3_0%7C0b7717884dfc4dffca7e47e3_1%7C0b7717884dfc4dffca7e47e3_2%7C0b7717884dfc4dffca7e47e3_3&from=BUD&lang=en&passengers=1&to=HAM&booking_token=HVyJcxsRgL_pXiM3iaxi3FXRfjkxglaGDKE4l5NdxRrBtro8XexNON8aGvud0SICKgAT6Qjr3-O2UtLj5ffYHrY681Ik8ozAt9CxHzchMFyaLnBqoJCZvrbNeBlChSquPBf7-8pMIYC3vzj6RHkY4aPhYZkeEFqx5vBGu6TKMuueCNIpYG8j9gAOyJlozAWXGT-Gd-lV-JZRK5DtnVLSK1bwa2mVxmXbCjVQxaPoLDG1WdvMrJXHskCZxTFyRJ3jqsYyWhKKOKJyeHokFAEcfrJLvcKOyugcY53ku1TW6swbZZXo6cJKQsExKkaDyTMD-XaInt2Tdz_PQpabPQc98NPSyptNHglzZZNSceitDwqqQpMS64GofRFZ0XSz1QPg7mB7F8KJeAgKuNIqk22P96D98ONT8W51JbhI9Ja5qfdRJRTnQ2dl_dqGMP55aw4r-jvHAfWB6lexulnIoSUwqZXdb-3W4-yZDxm6TSEpmmPP_74m7uuH1f6sCO3xK9V5PbC19GmWQ2okRfh90dCfX8qG4TnlkLbi1FG67gfjKSg7wcmcTt9wyfyf5pZyBYhNvDuBOBFF_iTZiXlygeTJbY1swroP8JU45l1EUOeoigiqLTuVhQNcSOcxMD17uFUNi7XZrkKgkSrCdwl6j7j4FqJONFU3o3gBTilwDwcAIULy5BoAxTjLvzanlxqKdbx7oXZ3q9SnvRmGoyjaGR9abmQ==",
            "facilitated_booking_available": true,
            "pnr_count": 1,
            "has_airport_change": false,
            "technical_stops": 0,
            "throw_away_ticketing": false,
            "hidden_city_ticketing": false,
            "virtual_interlining": false
        },
        {
            "id": "0b7717884dfd4e00fcd8e93c_0|0b7717884dfd4e00fcd8e93c_1|0b7717884dfd4e00fcd8e93c_2|0b7717884dfd4e00fcd8e93c_3",
            "flyFrom": "BUD",
            "flyTo": "HAM",
            "cityFrom": "Budapest",
            "cityCodeFrom": "BUD",
            "cityTo": "Hamburg",
            "cityCodeTo": "HAM",
            "countryFrom": {
                "code": "HU",
                "name": "Hungary"
            },
            "countryTo": {
                "code": "DE",
                "name": "Germany"
            },
            "local_departure": "2024-08-30T17:25:00.000Z",
            "utc_departure": "2024-08-30T15:25:00.000Z",
            "local_arrival": "2024-08-30T21:30:00.000Z",
            "utc_arrival": "2024-08-30T19:30:00.000Z",
            "nightsInDest": 3,
            "quality": 298.99978,
            "distance": 949.98,
            "duration": {
                "departure": 14700,
                "return": 14100,
                "total": 28800
            },
            "price": 211,
            "conversion": {
                "EUR": 211
            },
            "fare": {
                "adults": 211,
                "children": 211,
                "infants": 211
            },
            "fare_locks": {
                "EUR": [
                    {
                        "default": false,
                        "duration": "P1D",
                        "itinerary_price_limit": 411,
                        "itinerary_price_remaining": 211,
                        "fare_lock_kind": "fee",
                        "price": 10.55,
                        "rule_instance_id": 26749,
                        "version": "v1"
                    },
                    {
                        "default": true,
                        "duration": "P3D",
                        "itinerary_price_limit": 411,
                        "itinerary_price_remaining": 211,
                        "fare_lock_kind": "fee",
                        "price": 21.1,
                        "rule_instance_id": 26748,
                        "version": "v1"
                    },
                    {
                        "default": false,
                        "duration": "P7D",
                        "itinerary_price_limit": 411,
                        "itinerary_price_remaining": 211,
                        "fare_lock_kind": "fee",
                        "price": 52.75,
                        "rule_instance_id": 26750,
                        "version": "v1"
                    }
                ]
            },
            "bags_price": {
                "1": 98
            },
            "baglimit": {
                "hand_dimensions_sum": 118,
                "hand_height": 40,
                "hand_length": 55,
                "hand_weight": 5,
                "hand_width": 23,
                "hold_dimensions_sum": 158,
                "hold_height": 52,
                "hold_length": 78,
                "hold_weight": 23,
                "hold_width": 28,
                "personal_item_dimension_sum": 80,
                "personal_item_height": 30,
                "personal_item_length": 40,
                "personal_item_weight": 3,
                "personal_item_width": 10
            },
            "availability": {
                "seats": null
            },
            "airlines": [
                "LH",
                "SN"
            ],
            "route": [
                {
                    "id": "0b7717884dfd4e00fcd8e93c_0",
                    "combination_id": "0b7717884dfd4e00fcd8e93c",
                    "flyFrom": "BUD",
                    "flyTo": "MUC",
                    "cityFrom": "Budapest",
                    "cityCodeFrom": "BUD",
                    "cityTo": "Munich",
                    "cityCodeTo": "MUC",
                    "local_departure": "2024-08-30T17:25:00.000Z",
                    "utc_departure": "2024-08-30T15:25:00.000Z",
                    "local_arrival": "2024-08-30T18:45:00.000Z",
                    "utc_arrival": "2024-08-30T16:45:00.000Z",
                    "airline": "LH",
                    "flight_no": 1679,
                    "operating_carrier": "CL",
                    "operating_flight_no": "",
                    "fare_basis": "LETLGTU4",
                    "fare_category": "M",
                    "fare_classes": "L",
                    "return": 0,
                    "bags_recheck_required": false,
                    "vi_connection": false,
                    "guarantee": false,
                    "equipment": null,
                    "vehicle_type": "aircraft"
                },
                {
                    "id": "0b7717884dfd4e00fcd8e93c_1",
                    "combination_id": "0b7717884dfd4e00fcd8e93c",
                    "flyFrom": "MUC",
                    "flyTo": "HAM",
                    "cityFrom": "Munich",
                    "cityCodeFrom": "MUC",
                    "cityTo": "Hamburg",
                    "cityCodeTo": "HAM",
                    "local_departure": "2024-08-30T20:15:00.000Z",
                    "utc_departure": "2024-08-30T18:15:00.000Z",
                    "local_arrival": "2024-08-30T21:30:00.000Z",
                    "utc_arrival": "2024-08-30T19:30:00.000Z",
                    "airline": "LH",
                    "flight_no": 2076,
                    "operating_carrier": "LH",
                    "operating_flight_no": "2076",
                    "fare_basis": "LETLGTU4",
                    "fare_category": "M",
                    "fare_classes": "L",
                    "return": 0,
                    "bags_recheck_required": false,
                    "vi_connection": false,
                    "guarantee": false,
                    "equipment": null,
                    "vehicle_type": "aircraft"
                },
                {
                    "id": "0b7717884dfd4e00fcd8e93c_2",
                    "combination_id": "0b7717884dfd4e00fcd8e93c",
                    "flyFrom": "HAM",
                    "flyTo": "BRU",
                    "cityFrom": "Hamburg",
                    "cityCodeFrom": "HAM",
                    "cityTo": "Brussels",
                    "cityCodeTo": "BRU",
                    "local_departure": "2024-09-02T19:05:00.000Z",
                    "utc_departure": "2024-09-02T17:05:00.000Z",
                    "local_arrival": "2024-09-02T20:20:00.000Z",
                    "utc_arrival": "2024-09-02T18:20:00.000Z",
                    "airline": "SN",
                    "flight_no": 2628,
                    "operating_carrier": "SN",
                    "operating_flight_no": "2628",
                    "fare_basis": "KETLGTU4",
                    "fare_category": "M",
                    "fare_classes": "K",
                    "return": 1,
                    "bags_recheck_required": false,
                    "vi_connection": false,
                    "guarantee": false,
                    "equipment": null,
                    "vehicle_type": "aircraft"
                },
                {
                    "id": "0b7717884dfd4e00fcd8e93c_3",
                    "combination_id": "0b7717884dfd4e00fcd8e93c",
                    "flyFrom": "BRU",
                    "flyTo": "BUD",
                    "cityFrom": "Brussels",
                    "cityCodeFrom": "BRU",
                    "cityTo": "Budapest",
                    "cityCodeTo": "BUD",
                    "local_departure": "2024-09-02T21:00:00.000Z",
                    "utc_departure": "2024-09-02T19:00:00.000Z",
                    "local_arrival": "2024-09-02T23:00:00.000Z",
                    "utc_arrival": "2024-09-02T21:00:00.000Z",
                    "airline": "SN",
                    "flight_no": 2829,
                    "operating_carrier": "SN",
                    "operating_flight_no": "2829",
                    "fare_basis": "KETLGTU4",
                    "fare_category": "M",
                    "fare_classes": "K",
                    "return": 1,
                    "bags_recheck_required": false,
                    "vi_connection": false,
                    "guarantee": false,
                    "equipment": null,
                    "vehicle_type": "aircraft"
                }
            ],
            "booking_token": "HiyXPQnrUHZ_2UwXeIqw7Han5TPsR5ZcduWu-V9XcWG04EWgww_naZlQhlPUrzlp6mME1hU-Hm4p58WdvV12fcAumfMFi3y1d87FsJww4ovWV5-nfkKBm1XYMSydlNMxlzC5vV3smkzEyiWz2Em1TeIxBNbG_2hAMLzZRe1TQfxvDXd2_T_pXuy0_oSaiLZJWYWoNoG-Gwj1apeQ_5_h_Q3Oty9tNJHXYj8N-5T568z_Y4Gc18Kqm2dMBT8-bbgsz5mv9lIANHBSUbNRJVDIUBVw1JNNaD5vN2gzPUtNADVIaLRDZXHE-wypsBZVjarmk0anEJTimDtjVaaHP3YouONSpq-PvQmbi2zOK-TkV2OKF4NNjkEXeZlBJcBeodjZjUkhahoBbglWwAebIrOhF9WnS1IrWt6d3X4jcpmINAXCngO54K6TW2PthkXc1d4pnHhslLpiKyfLLcSphj1zT66U_mbEDweq_k9u6t-5vhPcv_L_wrHPE3uQkxduRVuplknQsI4JL6FPX5agmQdcB4dW5Kw_qX9MNi00yIJZRTBvizKVQVVR9wDzeHjD99P64r1Y_mihvAJxWbIXQYon2EjSTeoOBtwx42ERrISlto5lgKvAyfCUoOvcaE3yYkiNORe7jL6zp-Gx6GyamBa1bKkWFruRwaM5Zb2hLF3nxVs3BMwSzWepj7z_845T0Aad3DrY5ex29P_DD0zQ2YHkVY5J7g5B5wt3Kd7fZZdIpA84=",
            "deep_link": "https://www.kiwi.com/deep?affilid=mihalytest&currency=EUR&flightsId=0b7717884dfd4e00fcd8e93c_0%7C0b7717884dfd4e00fcd8e93c_1%7C0b7717884dfd4e00fcd8e93c_2%7C0b7717884dfd4e00fcd8e93c_3&from=BUD&lang=en&passengers=1&to=HAM&booking_token=HiyXPQnrUHZ_2UwXeIqw7Han5TPsR5ZcduWu-V9XcWG04EWgww_naZlQhlPUrzlp6mME1hU-Hm4p58WdvV12fcAumfMFi3y1d87FsJww4ovWV5-nfkKBm1XYMSydlNMxlzC5vV3smkzEyiWz2Em1TeIxBNbG_2hAMLzZRe1TQfxvDXd2_T_pXuy0_oSaiLZJWYWoNoG-Gwj1apeQ_5_h_Q3Oty9tNJHXYj8N-5T568z_Y4Gc18Kqm2dMBT8-bbgsz5mv9lIANHBSUbNRJVDIUBVw1JNNaD5vN2gzPUtNADVIaLRDZXHE-wypsBZVjarmk0anEJTimDtjVaaHP3YouONSpq-PvQmbi2zOK-TkV2OKF4NNjkEXeZlBJcBeodjZjUkhahoBbglWwAebIrOhF9WnS1IrWt6d3X4jcpmINAXCngO54K6TW2PthkXc1d4pnHhslLpiKyfLLcSphj1zT66U_mbEDweq_k9u6t-5vhPcv_L_wrHPE3uQkxduRVuplknQsI4JL6FPX5agmQdcB4dW5Kw_qX9MNi00yIJZRTBvizKVQVVR9wDzeHjD99P64r1Y_mihvAJxWbIXQYon2EjSTeoOBtwx42ERrISlto5lgKvAyfCUoOvcaE3yYkiNORe7jL6zp-Gx6GyamBa1bKkWFruRwaM5Zb2hLF3nxVs3BMwSzWepj7z_845T0Aad3DrY5ex29P_DD0zQ2YHkVY5J7g5B5wt3Kd7fZZdIpA84=",
            "facilitated_booking_available": true,
            "pnr_count": 1,
            "has_airport_change": false,
            "technical_stops": 0,
            "throw_away_ticketing": false,
            "hidden_city_ticketing": false,
            "virtual_interlining": false
        },
        {
            "id": "0b7717884dfd4e01f684d57c_0|0b7717884dfd4e01f684d57c_1|0b7717884dfd4e01f684d57c_2|0b7717884dfd4e01f684d57c_3",
            "flyFrom": "BUD",
            "flyTo": "HAM",
            "cityFrom": "Budapest",
            "cityCodeFrom": "BUD",
            "cityTo": "Hamburg",
            "cityCodeTo": "HAM",
            "countryFrom": {
                "code": "HU",
                "name": "Hungary"
            },
            "countryTo": {
                "code": "DE",
                "name": "Germany"
            },
            "local_departure": "2024-08-30T17:25:00.000Z",
            "utc_departure": "2024-08-30T15:25:00.000Z",
            "local_arrival": "2024-08-30T21:30:00.000Z",
            "utc_arrival": "2024-08-30T19:30:00.000Z",
            "nightsInDest": 4,
            "quality": 298.99978,
            "distance": 949.98,
            "duration": {
                "departure": 14700,
                "return": 14100,
                "total": 28800
            },
            "price": 211,
            "conversion": {
                "EUR": 211
            },
            "fare": {
                "adults": 211,
                "children": 211,
                "infants": 211
            },
            "fare_locks": {
                "EUR": [
                    {
                        "default": false,
                        "duration": "P1D",
                        "itinerary_price_limit": 411,
                        "itinerary_price_remaining": 211,
                        "fare_lock_kind": "fee",
                        "price": 10.55,
                        "rule_instance_id": 26749,
                        "version": "v1"
                    },
                    {
                        "default": true,
                        "duration": "P3D",
                        "itinerary_price_limit": 411,
                        "itinerary_price_remaining": 211,
                        "fare_lock_kind": "fee",
                        "price": 21.1,
                        "rule_instance_id": 26748,
                        "version": "v1"
                    },
                    {
                        "default": false,
                        "duration": "P7D",
                        "itinerary_price_limit": 411,
                        "itinerary_price_remaining": 211,
                        "fare_lock_kind": "fee",
                        "price": 52.75,
                        "rule_instance_id": 26750,
                        "version": "v1"
                    }
                ]
            },
            "bags_price": {
                "1": 98
            },
            "baglimit": {
                "hand_dimensions_sum": 118,
                "hand_height": 40,
                "hand_length": 55,
                "hand_weight": 5,
                "hand_width": 23,
                "hold_dimensions_sum": 158,
                "hold_height": 52,
                "hold_length": 78,
                "hold_weight": 23,
                "hold_width": 28,
                "personal_item_dimension_sum": 80,
                "personal_item_height": 30,
                "personal_item_length": 40,
                "personal_item_weight": 3,
                "personal_item_width": 10
            },
            "availability": {
                "seats": null
            },
            "airlines": [
                "LH",
                "SN"
            ],
            "route": [
                {
                    "id": "0b7717884dfd4e01f684d57c_0",
                    "combination_id": "0b7717884dfd4e01f684d57c",
                    "flyFrom": "BUD",
                    "flyTo": "MUC",
                    "cityFrom": "Budapest",
                    "cityCodeFrom": "BUD",
                    "cityTo": "Munich",
                    "cityCodeTo": "MUC",
                    "local_departure": "2024-08-30T17:25:00.000Z",
                    "utc_departure": "2024-08-30T15:25:00.000Z",
                    "local_arrival": "2024-08-30T18:45:00.000Z",
                    "utc_arrival": "2024-08-30T16:45:00.000Z",
                    "airline": "LH",
                    "flight_no": 1679,
                    "operating_carrier": "CL",
                    "operating_flight_no": "",
                    "fare_basis": "LETLGTU4",
                    "fare_category": "M",
                    "fare_classes": "L",
                    "return": 0,
                    "bags_recheck_required": false,
                    "vi_connection": false,
                    "guarantee": false,
                    "equipment": null,
                    "vehicle_type": "aircraft"
                },
                {
                    "id": "0b7717884dfd4e01f684d57c_1",
                    "combination_id": "0b7717884dfd4e01f684d57c",
                    "flyFrom": "MUC",
                    "flyTo": "HAM",
                    "cityFrom": "Munich",
                    "cityCodeFrom": "MUC",
                    "cityTo": "Hamburg",
                    "cityCodeTo": "HAM",
                    "local_departure": "2024-08-30T20:15:00.000Z",
                    "utc_departure": "2024-08-30T18:15:00.000Z",
                    "local_arrival": "2024-08-30T21:30:00.000Z",
                    "utc_arrival": "2024-08-30T19:30:00.000Z",
                    "airline": "LH",
                    "flight_no": 2076,
                    "operating_carrier": "LH",
                    "operating_flight_no": "2076",
                    "fare_basis": "LETLGTU4",
                    "fare_category": "M",
                    "fare_classes": "L",
                    "return": 0,
                    "bags_recheck_required": false,
                    "vi_connection": false,
                    "guarantee": false,
                    "equipment": null,
                    "vehicle_type": "aircraft"
                },
                {
                    "id": "0b7717884dfd4e01f684d57c_2",
                    "combination_id": "0b7717884dfd4e01f684d57c",
                    "flyFrom": "HAM",
                    "flyTo": "BRU",
                    "cityFrom": "Hamburg",
                    "cityCodeFrom": "HAM",
                    "cityTo": "Brussels",
                    "cityCodeTo": "BRU",
                    "local_departure": "2024-09-03T19:05:00.000Z",
                    "utc_departure": "2024-09-03T17:05:00.000Z",
                    "local_arrival": "2024-09-03T20:20:00.000Z",
                    "utc_arrival": "2024-09-03T18:20:00.000Z",
                    "airline": "SN",
                    "flight_no": 2628,
                    "operating_carrier": "SN",
                    "operating_flight_no": "2628",
                    "fare_basis": "KETLGTU4",
                    "fare_category": "M",
                    "fare_classes": "K",
                    "return": 1,
                    "bags_recheck_required": false,
                    "vi_connection": false,
                    "guarantee": false,
                    "equipment": null,
                    "vehicle_type": "aircraft"
                },
                {
                    "id": "0b7717884dfd4e01f684d57c_3",
                    "combination_id": "0b7717884dfd4e01f684d57c",
                    "flyFrom": "BRU",
                    "flyTo": "BUD",
                    "cityFrom": "Brussels",
                    "cityCodeFrom": "BRU",
                    "cityTo": "Budapest",
                    "cityCodeTo": "BUD",
                    "local_departure": "2024-09-03T21:00:00.000Z",
                    "utc_departure": "2024-09-03T19:00:00.000Z",
                    "local_arrival": "2024-09-03T23:00:00.000Z",
                    "utc_arrival": "2024-09-03T21:00:00.000Z",
                    "airline": "SN",
                    "flight_no": 2829,
                    "operating_carrier": "SN",
                    "operating_flight_no": "2829",
                    "fare_basis": "KETLGTU4",
                    "fare_category": "M",
                    "fare_classes": "K",
                    "return": 1,
                    "bags_recheck_required": false,
                    "vi_connection": false,
                    "guarantee": false,
                    "equipment": null,
                    "vehicle_type": "aircraft"
                }
            ],
            "booking_token": "H9oAFVi6vbIgwu7WbxoJRB0ePCN68dtjk8V6ZHzk13Ai5aKU1p9YPoCdHAZpz6AThlaS_yPL41Ix-nzI3MRyWKgzcZuLXc5nT8NYf0yNlUDKbg5ad05NW5XJd9bS_TavkQ86SJCd5ftnHhHGuu05XdK5wF58POUlFsXG2SmilqSk90CO-CO9z7Q-_-Len3qLMlH_xC7LW7-7okwepBa4FYVbV0OPkQVwUdkRU8CqJyXk-xZA-rEVMJt3bLMkq6e8TVIkPr65D2Cj3UQR0oBM7hNE69GlcBw36v8Rz1KcWZzb8GeusI-MAQdE5dH2VZj504-2ZeRTsdg186q6M5gDX6XlaEPRfVGTBFOzQkPkmmwISBdvHGrNn6Kskhnvqio3NEwlPp2UGbZVxTBXzJ6gyTjHKioHiQvoTPdFZWD7GIFyJK-pi6rCA4RxODGWDMNc3L0ABdFe7F17gqxKzMH7gCAGpjkha6kIFBBN4SuZbsr8woVKGOMYySn64S_xZ-cwLP_PLDQGn5zyuJuVawpRl-GKlPr818x_ggJbkaXffyaHxWsmqkJNk0kG1fT-XcH7JIufcIiZ4pPZlh3ahdAQy43_Z8eP3HqWyqowDuOEmHnYDkn-_gNn4UlcAYsCG5hnMiY0830zb6GfUAet1oF0VvHjueH0745jyGGHpWiHjzzUar7flGKZen9tjWXvk1tfR7K1K5XbmfsOLIWjY_aMmYQ==",
            "deep_link": "https://www.kiwi.com/deep?affilid=mihalytest&currency=EUR&flightsId=0b7717884dfd4e01f684d57c_0%7C0b7717884dfd4e01f684d57c_1%7C0b7717884dfd4e01f684d57c_2%7C0b7717884dfd4e01f684d57c_3&from=BUD&lang=en&passengers=1&to=HAM&booking_token=H9oAFVi6vbIgwu7WbxoJRB0ePCN68dtjk8V6ZHzk13Ai5aKU1p9YPoCdHAZpz6AThlaS_yPL41Ix-nzI3MRyWKgzcZuLXc5nT8NYf0yNlUDKbg5ad05NW5XJd9bS_TavkQ86SJCd5ftnHhHGuu05XdK5wF58POUlFsXG2SmilqSk90CO-CO9z7Q-_-Len3qLMlH_xC7LW7-7okwepBa4FYVbV0OPkQVwUdkRU8CqJyXk-xZA-rEVMJt3bLMkq6e8TVIkPr65D2Cj3UQR0oBM7hNE69GlcBw36v8Rz1KcWZzb8GeusI-MAQdE5dH2VZj504-2ZeRTsdg186q6M5gDX6XlaEPRfVGTBFOzQkPkmmwISBdvHGrNn6Kskhnvqio3NEwlPp2UGbZVxTBXzJ6gyTjHKioHiQvoTPdFZWD7GIFyJK-pi6rCA4RxODGWDMNc3L0ABdFe7F17gqxKzMH7gCAGpjkha6kIFBBN4SuZbsr8woVKGOMYySn64S_xZ-cwLP_PLDQGn5zyuJuVawpRl-GKlPr818x_ggJbkaXffyaHxWsmqkJNk0kG1fT-XcH7JIufcIiZ4pPZlh3ahdAQy43_Z8eP3HqWyqowDuOEmHnYDkn-_gNn4UlcAYsCG5hnMiY0830zb6GfUAet1oF0VvHjueH0745jyGGHpWiHjzzUar7flGKZen9tjWXvk1tfR7K1K5XbmfsOLIWjY_aMmYQ==",
            "facilitated_booking_available": true,
            "pnr_count": 1,
            "has_airport_change": false,
            "technical_stops": 0,
            "throw_away_ticketing": false,
            "hidden_city_ticketing": false,
            "virtual_interlining": false
        },
        {
            "id": "0b7717884dfd4e0156d13efe_0|0b7717884dfd4e0156d13efe_1|0b7717884dfd4e0156d13efe_2|0b7717884dfd4e0156d13efe_3",
            "flyFrom": "BUD",
            "flyTo": "HAM",
            "cityFrom": "Budapest",
            "cityCodeFrom": "BUD",
            "cityTo": "Hamburg",
            "cityCodeTo": "HAM",
            "countryFrom": {
                "code": "HU",
                "name": "Hungary"
            },
            "countryTo": {
                "code": "DE",
                "name": "Germany"
            },
            "local_departure": "2024-08-30T17:25:00.000Z",
            "utc_departure": "2024-08-30T15:25:00.000Z",
            "local_arrival": "2024-08-30T21:30:00.000Z",
            "utc_arrival": "2024-08-30T19:30:00.000Z",
            "nightsInDest": 4,
            "quality": 302.333105,
            "distance": 949.98,
            "duration": {
                "departure": 14700,
                "return": 15600,
                "total": 30300
            },
            "price": 211,
            "conversion": {
                "EUR": 211
            },
            "fare": {
                "adults": 211,
                "children": 211,
                "infants": 211
            },
            "fare_locks": {
                "EUR": [
                    {
                        "default": false,
                        "duration": "P1D",
                        "itinerary_price_limit": 411,
                        "itinerary_price_remaining": 211,
                        "fare_lock_kind": "fee",
                        "price": 10.55,
                        "rule_instance_id": 26749,
                        "version": "v1"
                    },
                    {
                        "default": true,
                        "duration": "P3D",
                        "itinerary_price_limit": 411,
                        "itinerary_price_remaining": 211,
                        "fare_lock_kind": "fee",
                        "price": 21.1,
                        "rule_instance_id": 26748,
                        "version": "v1"
                    },
                    {
                        "default": false,
                        "duration": "P7D",
                        "itinerary_price_limit": 411,
                        "itinerary_price_remaining": 211,
                        "fare_lock_kind": "fee",
                        "price": 52.75,
                        "rule_instance_id": 26750,
                        "version": "v1"
                    }
                ]
            },
            "bags_price": {
                "1": 185.5
            },
            "baglimit": {
                "hand_dimensions_sum": 118,
                "hand_height": 40,
                "hand_length": 55,
                "hand_weight": 8,
                "hand_width": 23,
                "hold_dimensions_sum": 158,
                "hold_height": 52,
                "hold_length": 78,
                "hold_weight": 23,
                "hold_width": 28,
                "personal_item_dimension_sum": 80,
                "personal_item_height": 30,
                "personal_item_length": 40,
                "personal_item_weight": 4,
                "personal_item_width": 10
            },
            "availability": {
                "seats": null
            },
            "airlines": [
                "LH",
                "LX"
            ],
            "route": [
                {
                    "id": "0b7717884dfd4e0156d13efe_0",
                    "combination_id": "0b7717884dfd4e0156d13efe",
                    "flyFrom": "BUD",
                    "flyTo": "MUC",
                    "cityFrom": "Budapest",
                    "cityCodeFrom": "BUD",
                    "cityTo": "Munich",
                    "cityCodeTo": "MUC",
                    "local_departure": "2024-08-30T17:25:00.000Z",
                    "utc_departure": "2024-08-30T15:25:00.000Z",
                    "local_arrival": "2024-08-30T18:45:00.000Z",
                    "utc_arrival": "2024-08-30T16:45:00.000Z",
                    "airline": "LH",
                    "flight_no": 1679,
                    "operating_carrier": "CL",
                    "operating_flight_no": "",
                    "fare_basis": "LETLGTU4",
                    "fare_category": "M",
                    "fare_classes": "L",
                    "return": 0,
                    "bags_recheck_required": false,
                    "vi_connection": false,
                    "guarantee": false,
                    "equipment": null,
                    "vehicle_type": "aircraft"
                },
                {
                    "id": "0b7717884dfd4e0156d13efe_1",
                    "combination_id": "0b7717884dfd4e0156d13efe",
                    "flyFrom": "MUC",
                    "flyTo": "HAM",
                    "cityFrom": "Munich",
                    "cityCodeFrom": "MUC",
                    "cityTo": "Hamburg",
                    "cityCodeTo": "HAM",
                    "local_departure": "2024-08-30T20:15:00.000Z",
                    "utc_departure": "2024-08-30T18:15:00.000Z",
                    "local_arrival": "2024-08-30T21:30:00.000Z",
                    "utc_arrival": "2024-08-30T19:30:00.000Z",
                    "airline": "LH",
                    "flight_no": 2076,
                    "operating_carrier": "LH",
                    "operating_flight_no": "2076",
                    "fare_basis": "LETLGTU4",
                    "fare_category": "M",
                    "fare_classes": "L",
                    "return": 0,
                    "bags_recheck_required": false,
                    "vi_connection": false,
                    "guarantee": false,
                    "equipment": null,
                    "vehicle_type": "aircraft"
                },
                {
                    "id": "0b7717884dfd4e0156d13efe_2",
                    "combination_id": "0b7717884dfd4e0156d13efe",
                    "flyFrom": "HAM",
                    "flyTo": "ZRH",
                    "cityFrom": "Hamburg",
                    "cityCodeFrom": "HAM",
                    "cityTo": "Z\u00fcrich",
                    "cityCodeTo": "ZRH",
                    "local_departure": "2024-09-03T14:55:00.000Z",
                    "utc_departure": "2024-09-03T12:55:00.000Z",
                    "local_arrival": "2024-09-03T16:25:00.000Z",
                    "utc_arrival": "2024-09-03T14:25:00.000Z",
                    "airline": "LX",
                    "flight_no": 1057,
                    "operating_carrier": "LX",
                    "operating_flight_no": "1057",
                    "fare_basis": "KETLGTU4",
                    "fare_category": "M",
                    "fare_classes": "K",
                    "return": 1,
                    "bags_recheck_required": false,
                    "vi_connection": false,
                    "guarantee": false,
                    "equipment": null,
                    "vehicle_type": "aircraft"
                },
                {
                    "id": "0b7717884dfd4e0156d13efe_3",
                    "combination_id": "0b7717884dfd4e0156d13efe",
                    "flyFrom": "ZRH",
                    "flyTo": "BUD",
                    "cityFrom": "Z\u00fcrich",
                    "cityCodeFrom": "ZRH",
                    "cityTo": "Budapest",
                    "cityCodeTo": "BUD",
                    "local_departure": "2024-09-03T17:40:00.000Z",
                    "utc_departure": "2024-09-03T15:40:00.000Z",
                    "local_arrival": "2024-09-03T19:15:00.000Z",
                    "utc_arrival": "2024-09-03T17:15:00.000Z",
                    "airline": "LX",
                    "flight_no": 2258,
                    "operating_carrier": "2L",
                    "operating_flight_no": "",
                    "fare_basis": "KETLGTU4",
                    "fare_category": "M",
                    "fare_classes": "K",
                    "return": 1,
                    "bags_recheck_required": false,
                    "vi_connection": false,
                    "guarantee": false,
                    "equipment": null,
                    "vehicle_type": "aircraft"
                }
            ],
            "booking_token": "HB4XmoMfYbw8MiSIu7ncV7y02P-Ndl_GYjENrkIODdKYlNlZu-sZ0uwwVZBAW-VpgyG_UY16D4UZwdV8BwuHYn_UqncaEYK1PntdvgpoW7DMEHuBrTwDi21-qS09ZaiufWq_j6DBxTPVXxuIaBJaNmOzVhX8cCZgkyGiX3pwY_4ai8fK7QQn-tHxoGVaXhNxnq1O8bTn1LyCpwVcNb4of0hYeVYClG80PNs_forLjfVRe2zGJvNXourU1GFhc324gS7cnOsiXrWVtmWvbRajdmOC2IoqRP83UNboC74twDO0BFoaO14wtmVLM0rJOonctVU2T0-v2Cnn8LSpLASFOBQ6utGHxhFzD11WJQ82AJen5tbOW8PxL1MEd9yFoMopoUCNasLbxVkbbfTw-3rgxVCXkusf-8iprn1bJXPJfZWRl4lcADTyBvsSVaEDjudg3iKuubwdaFRkGAfZE7hKnTw1oGakwK_V6aLrh-T9yWAwl1IJ9WwNnAACPYVGI5fUhT0f7UMcToIhBYSm3futYojSZeK2eqrDBeDoiFcosD_DgQb2-EyAfzLeY9gHWXU5lOf2uLMiG81hi5bMkZYrcfULAkof0ZlKcvdAGLj_ie02Am2ALsoAcpSTNIpZKB37uBTFFoa1LNWtacTsDV-ihWjqZ848wi7Mc_vCLXdtml7nU0sz4hAsBHMmWieQT9SKeEFlSC7iSyegCETMw3KdPLg==",
            "deep_link": "https://www.kiwi.com/deep?affilid=mihalytest&currency=EUR&flightsId=0b7717884dfd4e0156d13efe_0%7C0b7717884dfd4e0156d13efe_1%7C0b7717884dfd4e0156d13efe_2%7C0b7717884dfd4e0156d13efe_3&from=BUD&lang=en&passengers=1&to=HAM&booking_token=HB4XmoMfYbw8MiSIu7ncV7y02P-Ndl_GYjENrkIODdKYlNlZu-sZ0uwwVZBAW-VpgyG_UY16D4UZwdV8BwuHYn_UqncaEYK1PntdvgpoW7DMEHuBrTwDi21-qS09ZaiufWq_j6DBxTPVXxuIaBJaNmOzVhX8cCZgkyGiX3pwY_4ai8fK7QQn-tHxoGVaXhNxnq1O8bTn1LyCpwVcNb4of0hYeVYClG80PNs_forLjfVRe2zGJvNXourU1GFhc324gS7cnOsiXrWVtmWvbRajdmOC2IoqRP83UNboC74twDO0BFoaO14wtmVLM0rJOonctVU2T0-v2Cnn8LSpLASFOBQ6utGHxhFzD11WJQ82AJen5tbOW8PxL1MEd9yFoMopoUCNasLbxVkbbfTw-3rgxVCXkusf-8iprn1bJXPJfZWRl4lcADTyBvsSVaEDjudg3iKuubwdaFRkGAfZE7hKnTw1oGakwK_V6aLrh-T9yWAwl1IJ9WwNnAACPYVGI5fUhT0f7UMcToIhBYSm3futYojSZeK2eqrDBeDoiFcosD_DgQb2-EyAfzLeY9gHWXU5lOf2uLMiG81hi5bMkZYrcfULAkof0ZlKcvdAGLj_ie02Am2ALsoAcpSTNIpZKB37uBTFFoa1LNWtacTsDV-ihWjqZ848wi7Mc_vCLXdtml7nU0sz4hAsBHMmWieQT9SKeEFlSC7iSyegCETMw3KdPLg==",
            "facilitated_booking_available": true,
            "pnr_count": 1,
            "has_airport_change": false,
            "technical_stops": 0,
            "throw_away_ticketing": false,
            "hidden_city_ticketing": false,
            "virtual_interlining": false
        },
        {
            "id": "0b7717884dfb4dfea4f65b83_0|0b7717884dfb4dfea4f65b83_1|0b7717884dfb4dfea4f65b83_2|0b7717884dfb4dfea4f65b83_3",
            "flyFrom": "BUD",
            "flyTo": "HAM",
            "cityFrom": "Budapest",
            "cityCodeFrom": "BUD",
            "cityTo": "Hamburg",
            "cityCodeTo": "HAM",
            "countryFrom": {
                "code": "HU",
                "name": "Hungary"
            },
            "countryTo": {
                "code": "DE",
                "name": "Germany"
            },
            "local_departure": "2024-08-28T13:20:00.000Z",
            "utc_departure": "2024-08-28T11:20:00.000Z",
            "local_arrival": "2024-08-28T17:30:00.000Z",
            "utc_arrival": "2024-08-28T15:30:00.000Z",
            "nightsInDest": 3,
            "quality": 302.99977,
            "distance": 949.98,
            "duration": {
                "departure": 15000,
                "return": 15600,
                "total": 30600
            },
            "price": 211,
            "conversion": {
                "EUR": 211
            },
            "fare": {
                "adults": 211,
                "children": 211,
                "infants": 211
            },
            "fare_locks": {
                "EUR": [
                    {
                        "default": false,
                        "duration": "P1D",
                        "itinerary_price_limit": 411,
                        "itinerary_price_remaining": 211,
                        "fare_lock_kind": "fee",
                        "price": 10.55,
                        "rule_instance_id": 26749,
                        "version": "v1"
                    },
                    {
                        "default": true,
                        "duration": "P3D",
                        "itinerary_price_limit": 411,
                        "itinerary_price_remaining": 211,
                        "fare_lock_kind": "fee",
                        "price": 21.1,
                        "rule_instance_id": 26748,
                        "version": "v1"
                    },
                    {
                        "default": false,
                        "duration": "P7D",
                        "itinerary_price_limit": 411,
                        "itinerary_price_remaining": 211,
                        "fare_lock_kind": "fee",
                        "price": 52.75,
                        "rule_instance_id": 26750,
                        "version": "v1"
                    }
                ]
            },
            "bags_price": {
                "1": 164.5
            },
            "baglimit": {
                "hand_dimensions_sum": 118,
                "hand_height": 40,
                "hand_length": 55,
                "hand_weight": 8,
                "hand_width": 23,
                "hold_dimensions_sum": 158,
                "hold_height": 52,
                "hold_length": 78,
                "hold_weight": 23,
                "hold_width": 28,
                "personal_item_dimension_sum": 80,
                "personal_item_height": 30,
                "personal_item_length": 40,
                "personal_item_weight": 4,
                "personal_item_width": 10
            },
            "availability": {
                "seats": null
            },
            "airlines": [
                "LH",
                "LX"
            ],
            "route": [
                {
                    "id": "0b7717884dfb4dfea4f65b83_0",
                    "combination_id": "0b7717884dfb4dfea4f65b83",
                    "flyFrom": "BUD",
                    "flyTo": "MUC",
                    "cityFrom": "Budapest",
                    "cityCodeFrom": "BUD",
                    "cityTo": "Munich",
                    "cityCodeTo": "MUC",
                    "local_departure": "2024-08-28T13:20:00.000Z",
                    "utc_departure": "2024-08-28T11:20:00.000Z",
                    "local_arrival": "2024-08-28T14:40:00.000Z",
                    "utc_arrival": "2024-08-28T12:40:00.000Z",
                    "airline": "LH",
                    "flight_no": 1677,
                    "operating_carrier": "LH",
                    "operating_flight_no": "1677",
                    "fare_basis": "LETLGTU4",
                    "fare_category": "M",
                    "fare_classes": "L",
                    "return": 0,
                    "bags_recheck_required": false,
                    "vi_connection": false,
                    "guarantee": false,
                    "equipment": null,
                    "vehicle_type": "aircraft"
                },
                {
                    "id": "0b7717884dfb4dfea4f65b83_1",
                    "combination_id": "0b7717884dfb4dfea4f65b83",
                    "flyFrom": "MUC",
                    "flyTo": "HAM",
                    "cityFrom": "Munich",
                    "cityCodeFrom": "MUC",
                    "cityTo": "Hamburg",
                    "cityCodeTo": "HAM",
                    "local_departure": "2024-08-28T16:15:00.000Z",
                    "utc_departure": "2024-08-28T14:15:00.000Z",
                    "local_arrival": "2024-08-28T17:30:00.000Z",
                    "utc_arrival": "2024-08-28T15:30:00.000Z",
                    "airline": "LH",
                    "flight_no": 2064,
                    "operating_carrier": "LH",
                    "operating_flight_no": "2064",
                    "fare_basis": "LETLGTU4",
                    "fare_category": "M",
                    "fare_classes": "L",
                    "return": 0,
                    "bags_recheck_required": false,
                    "vi_connection": false,
                    "guarantee": false,
                    "equipment": null,
                    "vehicle_type": "aircraft"
                },
                {
                    "id": "0b7717884dfb4dfea4f65b83_2",
                    "combination_id": "0b7717884dfb4dfea4f65b83",
                    "flyFrom": "HAM",
                    "flyTo": "ZRH",
                    "cityFrom": "Hamburg",
                    "cityCodeFrom": "HAM",
                    "cityTo": "Z\u00fcrich",
                    "cityCodeTo": "ZRH",
                    "local_departure": "2024-08-31T14:55:00.000Z",
                    "utc_departure": "2024-08-31T12:55:00.000Z",
                    "local_arrival": "2024-08-31T16:25:00.000Z",
                    "utc_arrival": "2024-08-31T14:25:00.000Z",
                    "airline": "LX",
                    "flight_no": 1057,
                    "operating_carrier": "LX",
                    "operating_flight_no": "1057",
                    "fare_basis": "KETLGTU4",
                    "fare_category": "M",
                    "fare_classes": "K",
                    "return": 1,
                    "bags_recheck_required": false,
                    "vi_connection": false,
                    "guarantee": false,
                    "equipment": null,
                    "vehicle_type": "aircraft"
                },
                {
                    "id": "0b7717884dfb4dfea4f65b83_3",
                    "combination_id": "0b7717884dfb4dfea4f65b83",
                    "flyFrom": "ZRH",
                    "flyTo": "BUD",
                    "cityFrom": "Z\u00fcrich",
                    "cityCodeFrom": "ZRH",
                    "cityTo": "Budapest",
                    "cityCodeTo": "BUD",
                    "local_departure": "2024-08-31T17:40:00.000Z",
                    "utc_departure": "2024-08-31T15:40:00.000Z",
                    "local_arrival": "2024-08-31T19:15:00.000Z",
                    "utc_arrival": "2024-08-31T17:15:00.000Z",
                    "airline": "LX",
                    "flight_no": 2258,
                    "operating_carrier": "2L",
                    "operating_flight_no": "",
                    "fare_basis": "KETLGTU4",
                    "fare_category": "M",
                    "fare_classes": "K",
                    "return": 1,
                    "bags_recheck_required": false,
                    "vi_connection": false,
                    "guarantee": false,
                    "equipment": null,
                    "vehicle_type": "aircraft"
                }
            ],
            "booking_token": "H2pKh7GFb15w4OBdbl3_RiHFLJY81FRM5sZxRpBIb9BJo-nJLFe7Ze5Y0koTeXLCUMDDxxMX0yLOVPhWeQsu1OcMZIMYErVkrdkozCdoFoGCExuSxr8xmX7fHOnSCsoaDzb3F4z-vk0XOUCkrNSYbZrQePklumHM3NUaPqL8BQ2muMQsOwrbr-q71AAbUqlJKPZHGVwIvXyc2YzxK3EJgE7og8J4JAgmfw-m9nt6iCWH1e8an4F6PuZdNe8YVyy1rXiL0PJyK_m_0zHzD89Uz2oBEQpJxrYiunv3wippix71YVctNDyyy3xMSA1KWteBmrh_-15er2i2tol3zJU-McoEuyCiKJqa3W0l9NqZO4tUaP-WiRMOHWRIJ8KkCpCi7nnvJCHKW8fUT8d_7vUke15zxDBDmMDVh6hXeM1XzHtoci5oVRnlE-nsYI1Rnc4LbK5Fum9ZIGnltyWFRXnedqxRTcvCttBhdehvhPMH93_NtjvzeCEY0nqCsVeOnHbjBfsZtjc56lsGMcTarSzLHDwNalPYz6zkVYaqzezfjdm6U-A-0VJ58V9N_gE1ylY_H3lUz2SmTGFfHoNJIIX5gSUbyYdlmkpwT1XqEl60JZeGO85YL1tXLeCcRyACxDMY6jz4a-7C6jQ8Id9U6n7EIGiYX9FC9ws0mJfmvIdBIj99K8kdGynDEtmfeA2-OXG3oHVaC7kV-0_ImDv2-iMHZtA==",
            "deep_link": "https://www.kiwi.com/deep?affilid=mihalytest&currency=EUR&flightsId=0b7717884dfb4dfea4f65b83_0%7C0b7717884dfb4dfea4f65b83_1%7C0b7717884dfb4dfea4f65b83_2%7C0b7717884dfb4dfea4f65b83_3&from=BUD&lang=en&passengers=1&to=HAM&booking_token=H2pKh7GFb15w4OBdbl3_RiHFLJY81FRM5sZxRpBIb9BJo-nJLFe7Ze5Y0koTeXLCUMDDxxMX0yLOVPhWeQsu1OcMZIMYErVkrdkozCdoFoGCExuSxr8xmX7fHOnSCsoaDzb3F4z-vk0XOUCkrNSYbZrQePklumHM3NUaPqL8BQ2muMQsOwrbr-q71AAbUqlJKPZHGVwIvXyc2YzxK3EJgE7og8J4JAgmfw-m9nt6iCWH1e8an4F6PuZdNe8YVyy1rXiL0PJyK_m_0zHzD89Uz2oBEQpJxrYiunv3wippix71YVctNDyyy3xMSA1KWteBmrh_-15er2i2tol3zJU-McoEuyCiKJqa3W0l9NqZO4tUaP-WiRMOHWRIJ8KkCpCi7nnvJCHKW8fUT8d_7vUke15zxDBDmMDVh6hXeM1XzHtoci5oVRnlE-nsYI1Rnc4LbK5Fum9ZIGnltyWFRXnedqxRTcvCttBhdehvhPMH93_NtjvzeCEY0nqCsVeOnHbjBfsZtjc56lsGMcTarSzLHDwNalPYz6zkVYaqzezfjdm6U-A-0VJ58V9N_gE1ylY_H3lUz2SmTGFfHoNJIIX5gSUbyYdlmkpwT1XqEl60JZeGO85YL1tXLeCcRyACxDMY6jz4a-7C6jQ8Id9U6n7EIGiYX9FC9ws0mJfmvIdBIj99K8kdGynDEtmfeA2-OXG3oHVaC7kV-0_ImDv2-iMHZtA==",
            "facilitated_booking_available": true,
            "pnr_count": 1,
            "has_airport_change": false,
            "technical_stops": 0,
            "throw_away_ticketing": false,
            "hidden_city_ticketing": false,
            "virtual_interlining": false
        },
        {
            "id": "0b7717884dfc4dffac1c6398_0|0b7717884dfc4dffac1c6398_1|0b7717884dfc4dffac1c6398_2|0b7717884dfc4dffac1c6398_3",
            "flyFrom": "BUD",
            "flyTo": "HAM",
            "cityFrom": "Budapest",
            "cityCodeFrom": "BUD",
            "cityTo": "Hamburg",
            "cityCodeTo": "HAM",
            "countryFrom": {
                "code": "HU",
                "name": "Hungary"
            },
            "countryTo": {
                "code": "DE",
                "name": "Germany"
            },
            "local_departure": "2024-08-29T06:00:00.000Z",
            "utc_departure": "2024-08-29T04:00:00.000Z",
            "local_arrival": "2024-08-29T11:30:00.000Z",
            "utc_arrival": "2024-08-29T09:30:00.000Z",
            "nightsInDest": 3,
            "quality": 305.66643,
            "distance": 949.98,
            "duration": {
                "departure": 19800,
                "return": 12000,
                "total": 31800
            },
            "price": 211,
            "conversion": {
                "EUR": 211
            },
            "fare": {
                "adults": 211,
                "children": 211,
                "infants": 211
            },
            "fare_locks": {
                "EUR": [
                    {
                        "default": false,
                        "duration": "P1D",
                        "itinerary_price_limit": 411,
                        "itinerary_price_remaining": 211,
                        "fare_lock_kind": "fee",
                        "price": 10.55,
                        "rule_instance_id": 26749,
                        "version": "v1"
                    },
                    {
                        "default": true,
                        "duration": "P3D",
                        "itinerary_price_limit": 411,
                        "itinerary_price_remaining": 211,
                        "fare_lock_kind": "fee",
                        "price": 21.1,
                        "rule_instance_id": 26748,
                        "version": "v1"
                    },
                    {
                        "default": false,
                        "duration": "P7D",
                        "itinerary_price_limit": 411,
                        "itinerary_price_remaining": 211,
                        "fare_lock_kind": "fee",
                        "price": 52.75,
                        "rule_instance_id": 26750,
                        "version": "v1"
                    }
                ]
            },
            "bags_price": {
                "1": 70
            },
            "baglimit": {
                "hand_dimensions_sum": 118,
                "hand_height": 40,
                "hand_length": 55,
                "hand_weight": 8,
                "hand_width": 23,
                "hold_dimensions_sum": 158,
                "hold_height": 52,
                "hold_length": 78,
                "hold_weight": 23,
                "hold_width": 28,
                "personal_item_dimension_sum": 80,
                "personal_item_height": 30,
                "personal_item_length": 40,
                "personal_item_weight": 4,
                "personal_item_width": 10
            },
            "availability": {
                "seats": null
            },
            "airlines": [
                "LH"
            ],
            "route": [
                {
                    "id": "0b7717884dfc4dffac1c6398_0",
                    "combination_id": "0b7717884dfc4dffac1c6398",
                    "flyFrom": "BUD",
                    "flyTo": "MUC",
                    "cityFrom": "Budapest",
                    "cityCodeFrom": "BUD",
                    "cityTo": "Munich",
                    "cityCodeTo": "MUC",
                    "local_departure": "2024-08-29T06:00:00.000Z",
                    "utc_departure": "2024-08-29T04:00:00.000Z",
                    "local_arrival": "2024-08-29T07:20:00.000Z",
                    "utc_arrival": "2024-08-29T05:20:00.000Z",
                    "airline": "LH",
                    "flight_no": 1683,
                    "operating_carrier": "LH",
                    "operating_flight_no": "1683",
                    "fare_basis": "LETLGTU4",
                    "fare_category": "M",
                    "fare_classes": "L",
                    "return": 0,
                    "bags_recheck_required": false,
                    "vi_connection": false,
                    "guarantee": false,
                    "equipment": null,
                    "vehicle_type": "aircraft"
                },
                {
                    "id": "0b7717884dfc4dffac1c6398_1",
                    "combination_id": "0b7717884dfc4dffac1c6398",
                    "flyFrom": "MUC",
                    "flyTo": "HAM",
                    "cityFrom": "Munich",
                    "cityCodeFrom": "MUC",
                    "cityTo": "Hamburg",
                    "cityCodeTo": "HAM",
                    "local_departure": "2024-08-29T10:15:00.000Z",
                    "utc_departure": "2024-08-29T08:15:00.000Z",
                    "local_arrival": "2024-08-29T11:30:00.000Z",
                    "utc_arrival": "2024-08-29T09:30:00.000Z",
                    "airline": "LH",
                    "flight_no": 2056,
                    "operating_carrier": "LH",
                    "operating_flight_no": "2056",
                    "fare_basis": "LETLGTU4",
                    "fare_category": "M",
                    "fare_classes": "L",
                    "return": 0,
                    "bags_recheck_required": false,
                    "vi_connection": false,
                    "guarantee": false,
                    "equipment": null,
                    "vehicle_type": "aircraft"
                },
                {
                    "id": "0b7717884dfc4dffac1c6398_2",
                    "combination_id": "0b7717884dfc4dffac1c6398",
                    "flyFrom": "HAM",
                    "flyTo": "MUC",
                    "cityFrom": "Hamburg",
                    "cityCodeFrom": "HAM",
                    "cityTo": "Munich",
                    "cityCodeTo": "MUC",
                    "local_departure": "2024-09-01T20:15:00.000Z",
                    "utc_departure": "2024-09-01T18:15:00.000Z",
                    "local_arrival": "2024-09-01T21:30:00.000Z",
                    "utc_arrival": "2024-09-01T19:30:00.000Z",
                    "airline": "LH",
                    "flight_no": 2073,
                    "operating_carrier": "LH",
                    "operating_flight_no": "2073",
                    "fare_basis": "KETLGTU4",
                    "fare_category": "M",
                    "fare_classes": "K",
                    "return": 1,
                    "bags_recheck_required": false,
                    "vi_connection": false,
                    "guarantee": false,
                    "equipment": null,
                    "vehicle_type": "aircraft"
                },
                {
                    "id": "0b7717884dfc4dffac1c6398_3",
                    "combination_id": "0b7717884dfc4dffac1c6398",
                    "flyFrom": "MUC",
                    "flyTo": "BUD",
                    "cityFrom": "Munich",
                    "cityCodeFrom": "MUC",
                    "cityTo": "Budapest",
                    "cityCodeTo": "BUD",
                    "local_departure": "2024-09-01T22:20:00.000Z",
                    "utc_departure": "2024-09-01T20:20:00.000Z",
                    "local_arrival": "2024-09-01T23:35:00.000Z",
                    "utc_arrival": "2024-09-01T21:35:00.000Z",
                    "airline": "LH",
                    "flight_no": 1682,
                    "operating_carrier": "LH",
                    "operating_flight_no": "1682",
                    "fare_basis": "KETLGTU4",
                    "fare_category": "M",
                    "fare_classes": "K",
                    "return": 1,
                    "bags_recheck_required": false,
                    "vi_connection": false,
                    "guarantee": false,
                    "equipment": null,
                    "vehicle_type": "aircraft"
                }
            ],
            "booking_token": "Hqr-HTegnIJxzX44pgU7KERH478DdX0x-yYzROsRCHC_Omlskm20Qk9i_zyt8j2NwbwtU9EOOkYq3SdgGAwYoHGl1ktut_v1iQcahaXSgFsfrfSsa1tO57jQ_u5ty_HURk2TYj289QLf2nMN6nADg29NUeYuQcCiklPaHmj-xnvIsi8oFcgZ1oFJiNbrXH0rdY_ZGHkfe05IzTX4FkQliNqzN8wdskNxL39zGZgr66_NpzAwbdYhIaEKY2EHTgN1v0Efp-w7Tr2V3MCxTQ4Dsq-pUpXPdW-U1YQ6A0u10aKr6wf4bYMoUa39iPStWtqRWfF5bYGWwhoeTJvjuALrlyIMlJ9lUNEUcSg3o7FMZj5PIPyNZPvMMIsj8mEDyGnclIjpsKFEnRAuX1FcZvP1gFaFnePLQ77U_ofKhKsk5Qdqmuq3aMKTD63nzC8HC9S-dRmBIxJmYn_aplPAmzkpfG2kO546gIETfYfylHqHPLdT_mr06__hfHuGYTYtqjm5k--eVZkLp2SVbrGL9MMvwuYMld1yrbYsTSPVxlnQv2ooJjjDljcFchkuShAdnEgOWyLXp-b7snOKxc0JW0jWbodG8VzkCIasEXbPgrvLIXXJ2uiZlCmyBwMacKfgelqyn_TuMuAWTN5_WQB3qLpxMvSD6tqk9wmfrCgkgkecq-7cV-_gB52pAHw7W_CL7ty3b-1lDlU2QOdQMrNurdaVyyA==",
            "deep_link": "https://www.kiwi.com/deep?affilid=mihalytest&currency=EUR&flightsId=0b7717884dfc4dffac1c6398_0%7C0b7717884dfc4dffac1c6398_1%7C0b7717884dfc4dffac1c6398_2%7C0b7717884dfc4dffac1c6398_3&from=BUD&lang=en&passengers=1&to=HAM&booking_token=Hqr-HTegnIJxzX44pgU7KERH478DdX0x-yYzROsRCHC_Omlskm20Qk9i_zyt8j2NwbwtU9EOOkYq3SdgGAwYoHGl1ktut_v1iQcahaXSgFsfrfSsa1tO57jQ_u5ty_HURk2TYj289QLf2nMN6nADg29NUeYuQcCiklPaHmj-xnvIsi8oFcgZ1oFJiNbrXH0rdY_ZGHkfe05IzTX4FkQliNqzN8wdskNxL39zGZgr66_NpzAwbdYhIaEKY2EHTgN1v0Efp-w7Tr2V3MCxTQ4Dsq-pUpXPdW-U1YQ6A0u10aKr6wf4bYMoUa39iPStWtqRWfF5bYGWwhoeTJvjuALrlyIMlJ9lUNEUcSg3o7FMZj5PIPyNZPvMMIsj8mEDyGnclIjpsKFEnRAuX1FcZvP1gFaFnePLQ77U_ofKhKsk5Qdqmuq3aMKTD63nzC8HC9S-dRmBIxJmYn_aplPAmzkpfG2kO546gIETfYfylHqHPLdT_mr06__hfHuGYTYtqjm5k--eVZkLp2SVbrGL9MMvwuYMld1yrbYsTSPVxlnQv2ooJjjDljcFchkuShAdnEgOWyLXp-b7snOKxc0JW0jWbodG8VzkCIasEXbPgrvLIXXJ2uiZlCmyBwMacKfgelqyn_TuMuAWTN5_WQB3qLpxMvSD6tqk9wmfrCgkgkecq-7cV-_gB52pAHw7W_CL7ty3b-1lDlU2QOdQMrNurdaVyyA==",
            "facilitated_booking_available": true,
            "pnr_count": 1,
            "has_airport_change": false,
            "technical_stops": 0,
            "throw_away_ticketing": false,
            "hidden_city_ticketing": false,
            "virtual_interlining": false
        },
        {
            "id": "0b7717884dfb4dfebe6eae47_0|0b7717884dfb4dfebe6eae47_1|0b7717884dfb4dfebe6eae47_2|0b7717884dfb4dfebe6eae47_3",
            "flyFrom": "BUD",
            "flyTo": "HAM",
            "cityFrom": "Budapest",
            "cityCodeFrom": "BUD",
            "cityTo": "Hamburg",
            "cityCodeTo": "HAM",
            "countryFrom": {
                "code": "HU",
                "name": "Hungary"
            },
            "countryTo": {
                "code": "DE",
                "name": "Germany"
            },
            "local_departure": "2024-08-28T18:00:00.000Z",
            "utc_departure": "2024-08-28T16:00:00.000Z",
            "local_arrival": "2024-08-28T22:20:00.000Z",
            "utc_arrival": "2024-08-28T20:20:00.000Z",
            "nightsInDest": 3,
            "quality": 305.3331,
            "distance": 949.98,
            "duration": {
                "departure": 15600,
                "return": 15600,
                "total": 31200
            },
            "price": 212,
            "conversion": {
                "EUR": 212
            },
            "fare": {
                "adults": 212,
                "children": 212,
                "infants": 212
            },
            "fare_locks": {
                "EUR": [
                    {
                        "default": false,
                        "duration": "P1D",
                        "itinerary_price_limit": 412,
                        "itinerary_price_remaining": 212,
                        "fare_lock_kind": "fee",
                        "price": 10.6,
                        "rule_instance_id": 26749,
                        "version": "v1"
                    },
                    {
                        "default": true,
                        "duration": "P3D",
                        "itinerary_price_limit": 412,
                        "itinerary_price_remaining": 212,
                        "fare_lock_kind": "fee",
                        "price": 21.2,
                        "rule_instance_id": 26748,
                        "version": "v1"
                    },
                    {
                        "default": false,
                        "duration": "P7D",
                        "itinerary_price_limit": 412,
                        "itinerary_price_remaining": 212,
                        "fare_lock_kind": "fee",
                        "price": 53,
                        "rule_instance_id": 26750,
                        "version": "v1"
                    }
                ]
            },
            "bags_price": {
                "1": 171.5
            },
            "baglimit": {
                "hand_dimensions_sum": 118,
                "hand_height": 40,
                "hand_length": 55,
                "hand_weight": 5,
                "hand_width": 23,
                "hold_dimensions_sum": 158,
                "hold_height": 52,
                "hold_length": 78,
                "hold_weight": 23,
                "hold_width": 28,
                "personal_item_dimension_sum": 80,
                "personal_item_height": 30,
                "personal_item_length": 40,
                "personal_item_weight": 3,
                "personal_item_width": 10
            },
            "availability": {
                "seats": null
            },
            "airlines": [
                "SN",
                "LX"
            ],
            "route": [
                {
                    "id": "0b7717884dfb4dfebe6eae47_0",
                    "combination_id": "0b7717884dfb4dfebe6eae47",
                    "flyFrom": "BUD",
                    "flyTo": "BRU",
                    "cityFrom": "Budapest",
                    "cityCodeFrom": "BUD",
                    "cityTo": "Brussels",
                    "cityCodeTo": "BRU",
                    "local_departure": "2024-08-28T18:00:00.000Z",
                    "utc_departure": "2024-08-28T16:00:00.000Z",
                    "local_arrival": "2024-08-28T20:05:00.000Z",
                    "utc_arrival": "2024-08-28T18:05:00.000Z",
                    "airline": "SN",
                    "flight_no": 2826,
                    "operating_carrier": "SN",
                    "operating_flight_no": "2826",
                    "fare_basis": "LETLGTU4",
                    "fare_category": "M",
                    "fare_classes": "L",
                    "return": 0,
                    "bags_recheck_required": false,
                    "vi_connection": false,
                    "guarantee": false,
                    "equipment": null,
                    "vehicle_type": "aircraft"
                },
                {
                    "id": "0b7717884dfb4dfebe6eae47_1",
                    "combination_id": "0b7717884dfb4dfebe6eae47",
                    "flyFrom": "BRU",
                    "flyTo": "HAM",
                    "cityFrom": "Brussels",
                    "cityCodeFrom": "BRU",
                    "cityTo": "Hamburg",
                    "cityCodeTo": "HAM",
                    "local_departure": "2024-08-28T21:05:00.000Z",
                    "utc_departure": "2024-08-28T19:05:00.000Z",
                    "local_arrival": "2024-08-28T22:20:00.000Z",
                    "utc_arrival": "2024-08-28T20:20:00.000Z",
                    "airline": "SN",
                    "flight_no": 2629,
                    "operating_carrier": "SN",
                    "operating_flight_no": "2629",
                    "fare_basis": "LETLGTU4",
                    "fare_category": "M",
                    "fare_classes": "L",
                    "return": 0,
                    "bags_recheck_required": false,
                    "vi_connection": false,
                    "guarantee": false,
                    "equipment": null,
                    "vehicle_type": "aircraft"
                },
                {
                    "id": "0b7717884dfb4dfebe6eae47_2",
                    "combination_id": "0b7717884dfb4dfebe6eae47",
                    "flyFrom": "HAM",
                    "flyTo": "ZRH",
                    "cityFrom": "Hamburg",
                    "cityCodeFrom": "HAM",
                    "cityTo": "Z\u00fcrich",
                    "cityCodeTo": "ZRH",
                    "local_departure": "2024-08-31T14:55:00.000Z",
                    "utc_departure": "2024-08-31T12:55:00.000Z",
                    "local_arrival": "2024-08-31T16:25:00.000Z",
                    "utc_arrival": "2024-08-31T14:25:00.000Z",
                    "airline": "LX",
                    "flight_no": 1057,
                    "operating_carrier": "LX",
                    "operating_flight_no": "1057",
                    "fare_basis": "KETLGTU4",
                    "fare_category": "M",
                    "fare_classes": "K",
                    "return": 1,
                    "bags_recheck_required": false,
                    "vi_connection": false,
                    "guarantee": false,
                    "equipment": null,
                    "vehicle_type": "aircraft"
                },
                {
                    "id": "0b7717884dfb4dfebe6eae47_3",
                    "combination_id": "0b7717884dfb4dfebe6eae47",
                    "flyFrom": "ZRH",
                    "flyTo": "BUD",
                    "cityFrom": "Z\u00fcrich",
                    "cityCodeFrom": "ZRH",
                    "cityTo": "Budapest",
                    "cityCodeTo": "BUD",
                    "local_departure": "2024-08-31T17:40:00.000Z",
                    "utc_departure": "2024-08-31T15:40:00.000Z",
                    "local_arrival": "2024-08-31T19:15:00.000Z",
                    "utc_arrival": "2024-08-31T17:15:00.000Z",
                    "airline": "LX",
                    "flight_no": 2258,
                    "operating_carrier": "2L",
                    "operating_flight_no": "",
                    "fare_basis": "KETLGTU4",
                    "fare_category": "M",
                    "fare_classes": "K",
                    "return": 1,
                    "bags_recheck_required": false,
                    "vi_connection": false,
                    "guarantee": false,
                    "equipment": null,
                    "vehicle_type": "aircraft"
                }
            ],
            "booking_token": "HOBjnN1sXofaMcXppEjf8b63A3fENEaF_3jEkd9FHwjjNOEO2QjDnK3hqIlSOPD8UhtRECAtmuaj01Y9GgKrugj0eNi2rvixnT5Z_zkf00bjfGzz6w4NxYhSjthD3UdvVVyoXKPRWQLdBFnWNLc1mAjYVgIzXuMqy4EswTncFG8xnwOlrOAMG9Lg-KJhdpbkDI9ioSlwslAdy8hGkA9aQ7FA5Y-aowkZW7qHYv77-D-R53QhKcwjMIw--N7b4SSVfP5YTI5vRTWaq_3ywmQs8lnN7xUla2BFNLrGeU6mn-bc4LzM7dDf96Vrwy-vsQexz0mFNPhpXpe40MLBkaQf4BXvv_xkJvtUwbYWahuobCJ1OSAfKFveNjf_fC6jjEUdQyUl-xldcTeqHeIpwNeKtpwRqVx4BRd4MT174JMtFWeOOBNHWKKkmUC47GmLAt2doK_f2boi11_DNMHt-iPkqkck6s3ezhKB_d6W7CF4hiKzfUxIjH1BVduOE6Oet9b_bhczDkaH8ad-hv8afgnu4c928X8lBSDZfx_aSLrrbBd73sNnmZnO2WB4tE94QsVAx4QTGubiRM91tDMivqd0fZ9Nm8y54LuCRKCjSaoZOzVJEo0O1MUN_yg5R0ewhDVSlHBy_QtxEYSli5yxmPi6kCWkke_Tg-OSlsLtu8-QTVWH2cGt1mrgPWnBySgCwLhCz6rmyediHYfLGcGXTjZ9pFA==",
            "deep_link": "https://www.kiwi.com/deep?affilid=mihalytest&currency=EUR&flightsId=0b7717884dfb4dfebe6eae47_0%7C0b7717884dfb4dfebe6eae47_1%7C0b7717884dfb4dfebe6eae47_2%7C0b7717884dfb4dfebe6eae47_3&from=BUD&lang=en&passengers=1&to=HAM&booking_token=HOBjnN1sXofaMcXppEjf8b63A3fENEaF_3jEkd9FHwjjNOEO2QjDnK3hqIlSOPD8UhtRECAtmuaj01Y9GgKrugj0eNi2rvixnT5Z_zkf00bjfGzz6w4NxYhSjthD3UdvVVyoXKPRWQLdBFnWNLc1mAjYVgIzXuMqy4EswTncFG8xnwOlrOAMG9Lg-KJhdpbkDI9ioSlwslAdy8hGkA9aQ7FA5Y-aowkZW7qHYv77-D-R53QhKcwjMIw--N7b4SSVfP5YTI5vRTWaq_3ywmQs8lnN7xUla2BFNLrGeU6mn-bc4LzM7dDf96Vrwy-vsQexz0mFNPhpXpe40MLBkaQf4BXvv_xkJvtUwbYWahuobCJ1OSAfKFveNjf_fC6jjEUdQyUl-xldcTeqHeIpwNeKtpwRqVx4BRd4MT174JMtFWeOOBNHWKKkmUC47GmLAt2doK_f2boi11_DNMHt-iPkqkck6s3ezhKB_d6W7CF4hiKzfUxIjH1BVduOE6Oet9b_bhczDkaH8ad-hv8afgnu4c928X8lBSDZfx_aSLrrbBd73sNnmZnO2WB4tE94QsVAx4QTGubiRM91tDMivqd0fZ9Nm8y54LuCRKCjSaoZOzVJEo0O1MUN_yg5R0ewhDVSlHBy_QtxEYSli5yxmPi6kCWkke_Tg-OSlsLtu8-QTVWH2cGt1mrgPWnBySgCwLhCz6rmyediHYfLGcGXTjZ9pFA==",
            "facilitated_booking_available": true,
            "pnr_count": 1,
            "has_airport_change": false,
            "technical_stops": 0,
            "throw_away_ticketing": false,
            "hidden_city_ticketing": false,
            "virtual_interlining": false
        },
        {
            "id": "0b7717884dfb4dfe7f4391a2_0|0b7717884dfb4dfe7f4391a2_1|0b7717884dfb4dfe7f4391a2_2|0b7717884dfb4dfe7f4391a2_3",
            "flyFrom": "BUD",
            "flyTo": "HAM",
            "cityFrom": "Budapest",
            "cityCodeFrom": "BUD",
            "cityTo": "Hamburg",
            "cityCodeTo": "HAM",
            "countryFrom": {
                "code": "HU",
                "name": "Hungary"
            },
            "countryTo": {
                "code": "DE",
                "name": "Germany"
            },
            "local_departure": "2024-08-28T14:45:00.000Z",
            "utc_departure": "2024-08-28T12:45:00.000Z",
            "local_arrival": "2024-08-28T19:15:00.000Z",
            "utc_arrival": "2024-08-28T17:15:00.000Z",
            "nightsInDest": 3,
            "quality": 306.66643,
            "distance": 949.98,
            "duration": {
                "departure": 16200,
                "return": 15600,
                "total": 31800
            },
            "price": 212,
            "conversion": {
                "EUR": 212
            },
            "fare": {
                "adults": 212,
                "children": 212,
                "infants": 212
            },
            "fare_locks": {
                "EUR": [
                    {
                        "default": false,
                        "duration": "P1D",
                        "itinerary_price_limit": 412,
                        "itinerary_price_remaining": 212,
                        "fare_lock_kind": "fee",
                        "price": 10.6,
                        "rule_instance_id": 26749,
                        "version": "v1"
                    },
                    {
                        "default": true,
                        "duration": "P3D",
                        "itinerary_price_limit": 412,
                        "itinerary_price_remaining": 212,
                        "fare_lock_kind": "fee",
                        "price": 21.2,
                        "rule_instance_id": 26748,
                        "version": "v1"
                    },
                    {
                        "default": false,
                        "duration": "P7D",
                        "itinerary_price_limit": 412,
                        "itinerary_price_remaining": 212,
                        "fare_lock_kind": "fee",
                        "price": 53,
                        "rule_instance_id": 26750,
                        "version": "v1"
                    }
                ]
            },
            "bags_price": {
                "1": 266.91,
                "2": 678.2
            },
            "baglimit": {
                "hand_dimensions_sum": 118,
                "hand_height": 40,
                "hand_length": 55,
                "hand_weight": 8,
                "hand_width": 23,
                "hold_dimensions_sum": 158,
                "hold_height": 52,
                "hold_length": 78,
                "hold_weight": 23,
                "hold_width": 28,
                "personal_item_dimension_sum": 80,
                "personal_item_height": 30,
                "personal_item_length": 40,
                "personal_item_weight": 4,
                "personal_item_width": 10
            },
            "availability": {
                "seats": null
            },
            "airlines": [
                "LX"
            ],
            "route": [
                {
                    "id": "0b7717884dfb4dfe7f4391a2_0",
                    "combination_id": "0b7717884dfb4dfe7f4391a2",
                    "flyFrom": "BUD",
                    "flyTo": "ZRH",
                    "cityFrom": "Budapest",
                    "cityCodeFrom": "BUD",
                    "cityTo": "Z\u00fcrich",
                    "cityCodeTo": "ZRH",
                    "local_departure": "2024-08-28T14:45:00.000Z",
                    "utc_departure": "2024-08-28T12:45:00.000Z",
                    "local_arrival": "2024-08-28T16:25:00.000Z",
                    "utc_arrival": "2024-08-28T14:25:00.000Z",
                    "airline": "LX",
                    "flight_no": 2255,
                    "operating_carrier": "2L",
                    "operating_flight_no": "",
                    "fare_basis": "LETLGTU4",
                    "fare_category": "M",
                    "fare_classes": "L",
                    "return": 0,
                    "bags_recheck_required": false,
                    "vi_connection": false,
                    "guarantee": false,
                    "equipment": null,
                    "vehicle_type": "aircraft"
                },
                {
                    "id": "0b7717884dfb4dfe7f4391a2_1",
                    "combination_id": "0b7717884dfb4dfe7f4391a2",
                    "flyFrom": "ZRH",
                    "flyTo": "HAM",
                    "cityFrom": "Z\u00fcrich",
                    "cityCodeFrom": "ZRH",
                    "cityTo": "Hamburg",
                    "cityCodeTo": "HAM",
                    "local_departure": "2024-08-28T17:45:00.000Z",
                    "utc_departure": "2024-08-28T15:45:00.000Z",
                    "local_arrival": "2024-08-28T19:15:00.000Z",
                    "utc_arrival": "2024-08-28T17:15:00.000Z",
                    "airline": "LX",
                    "flight_no": 1054,
                    "operating_carrier": "LX",
                    "operating_flight_no": "1054",
                    "fare_basis": "LETLGTU4",
                    "fare_category": "M",
                    "fare_classes": "L",
                    "return": 0,
                    "bags_recheck_required": false,
                    "vi_connection": false,
                    "guarantee": false,
                    "equipment": null,
                    "vehicle_type": "aircraft"
                },
                {
                    "id": "0b7717884dfb4dfe7f4391a2_2",
                    "combination_id": "0b7717884dfb4dfe7f4391a2",
                    "flyFrom": "HAM",
                    "flyTo": "ZRH",
                    "cityFrom": "Hamburg",
                    "cityCodeFrom": "HAM",
                    "cityTo": "Z\u00fcrich",
                    "cityCodeTo": "ZRH",
                    "local_departure": "2024-08-31T14:55:00.000Z",
                    "utc_departure": "2024-08-31T12:55:00.000Z",
                    "local_arrival": "2024-08-31T16:25:00.000Z",
                    "utc_arrival": "2024-08-31T14:25:00.000Z",
                    "airline": "LX",
                    "flight_no": 1057,
                    "operating_carrier": "LX",
                    "operating_flight_no": "1057",
                    "fare_basis": "KETLGTU4",
                    "fare_category": "M",
                    "fare_classes": "K",
                    "return": 1,
                    "bags_recheck_required": false,
                    "vi_connection": false,
                    "guarantee": false,
                    "equipment": null,
                    "vehicle_type": "aircraft"
                },
                {
                    "id": "0b7717884dfb4dfe7f4391a2_3",
                    "combination_id": "0b7717884dfb4dfe7f4391a2",
                    "flyFrom": "ZRH",
                    "flyTo": "BUD",
                    "cityFrom": "Z\u00fcrich",
                    "cityCodeFrom": "ZRH",
                    "cityTo": "Budapest",
                    "cityCodeTo": "BUD",
                    "local_departure": "2024-08-31T17:40:00.000Z",
                    "utc_departure": "2024-08-31T15:40:00.000Z",
                    "local_arrival": "2024-08-31T19:15:00.000Z",
                    "utc_arrival": "2024-08-31T17:15:00.000Z",
                    "airline": "LX",
                    "flight_no": 2258,
                    "operating_carrier": "2L",
                    "operating_flight_no": "",
                    "fare_basis": "KETLGTU4",
                    "fare_category": "M",
                    "fare_classes": "K",
                    "return": 1,
                    "bags_recheck_required": false,
                    "vi_connection": false,
                    "guarantee": false,
                    "equipment": null,
                    "vehicle_type": "aircraft"
                }
            ],
            "booking_token": "HC3Iy7X7Ci9njAgpSxEMxK7KOqXVM4lrRuMx3EyeL-w9LCpk30TIn9L9tbW9CoS05Gpz3tYjj4l6xyfC1t-X-Lzs30EZfq-SrWlLp4Tbz0klfTKqkCFoL3VZgm43Lmd7wL-pV8xRqaciC8YHLNQfadLTIY8dyl2Q12HG2nQCzuSnFXIHVfVBdnGTatWhcskQDyluj2t8a2ydgqiQN0RnJX6doGc9ZWDenjpcl40INPR2pDm895JjeIsduLTSExhvSNl-zp0JvLtSuoZci77ElEPb8GrURhE2WHSCxbh0xSiwiI8N-YWJfuEVqiSIIqwIpdBKu1IUqLKemGL5YgWFqrA7UpW11lPfL0Hk75A0riJ8kyZKlrgAMgPDFlPWCHkp2Pib3g_61Z1mXbVrEABiCckK5_nJqdk5qEc_3B7Ze2ADn-1t0E_M_wsYQvNP8hXBZgjyE8zzq31Ax05uttjU-_OQhTr0PorVjQb8y8nRVrfhc4qhuan7F95nOPbcii_ClSyo6NqLPbavlm70Ae38MtnhrP8k08K-39LhIJknbhfRrOK9gEhqWyrLrCx7b8XWFMZQ6aAUMLXeFke6Mvwzj4jq4KrriNeNev7xujEzC3lVBCO3J-cQ1eg-cEvCdh17vZxXpdJga_bNaQUmnnqR7MB29b5J9lyafPwf-DJRwX8h8UKO7bDoQYDVp00h3fOu0",
            "deep_link": "https://www.kiwi.com/deep?affilid=mihalytest&currency=EUR&flightsId=0b7717884dfb4dfe7f4391a2_0%7C0b7717884dfb4dfe7f4391a2_1%7C0b7717884dfb4dfe7f4391a2_2%7C0b7717884dfb4dfe7f4391a2_3&from=BUD&lang=en&passengers=1&to=HAM&booking_token=HC3Iy7X7Ci9njAgpSxEMxK7KOqXVM4lrRuMx3EyeL-w9LCpk30TIn9L9tbW9CoS05Gpz3tYjj4l6xyfC1t-X-Lzs30EZfq-SrWlLp4Tbz0klfTKqkCFoL3VZgm43Lmd7wL-pV8xRqaciC8YHLNQfadLTIY8dyl2Q12HG2nQCzuSnFXIHVfVBdnGTatWhcskQDyluj2t8a2ydgqiQN0RnJX6doGc9ZWDenjpcl40INPR2pDm895JjeIsduLTSExhvSNl-zp0JvLtSuoZci77ElEPb8GrURhE2WHSCxbh0xSiwiI8N-YWJfuEVqiSIIqwIpdBKu1IUqLKemGL5YgWFqrA7UpW11lPfL0Hk75A0riJ8kyZKlrgAMgPDFlPWCHkp2Pib3g_61Z1mXbVrEABiCckK5_nJqdk5qEc_3B7Ze2ADn-1t0E_M_wsYQvNP8hXBZgjyE8zzq31Ax05uttjU-_OQhTr0PorVjQb8y8nRVrfhc4qhuan7F95nOPbcii_ClSyo6NqLPbavlm70Ae38MtnhrP8k08K-39LhIJknbhfRrOK9gEhqWyrLrCx7b8XWFMZQ6aAUMLXeFke6Mvwzj4jq4KrriNeNev7xujEzC3lVBCO3J-cQ1eg-cEvCdh17vZxXpdJga_bNaQUmnnqR7MB29b5J9lyafPwf-DJRwX8h8UKO7bDoQYDVp00h3fOu0",
            "facilitated_booking_available": true,
            "pnr_count": 1,
            "has_airport_change": false,
            "technical_stops": 0,
            "throw_away_ticketing": false,
            "hidden_city_ticketing": false,
            "virtual_interlining": false
        },
        {
            "id": "0b7717884e8600003ce6bebe_0|0b7717884e8600003ce6bebe_1|17880b774e8d00002f090ba4_0|17880b774e8d00002f090ba4_1",
            "flyFrom": "BUD",
            "flyTo": "HAM",
            "cityFrom": "Budapest",
            "cityCodeFrom": "BUD",
            "cityTo": "Hamburg",
            "cityCodeTo": "HAM",
            "countryFrom": {
                "code": "HU",
                "name": "Hungary"
            },
            "countryTo": {
                "code": "DE",
                "name": "Germany"
            },
            "local_departure": "2025-01-14T17:50:00.000Z",
            "utc_departure": "2025-01-14T16:50:00.000Z",
            "local_arrival": "2025-01-14T22:20:00.000Z",
            "utc_arrival": "2025-01-14T21:20:00.000Z",
            "nightsInDest": 7,
            "quality": 307.66643,
            "distance": 949.98,
            "duration": {
                "departure": 16200,
                "return": 15600,
                "total": 31800
            },
            "price": 213,
            "conversion": {
                "EUR": 213
            },
            "fare": {
                "adults": 213,
                "children": 213,
                "infants": 213
            },
            "fare_locks": {
                "EUR": [
                    {
                        "default": false,
                        "duration": "P1D",
                        "itinerary_price_limit": 413,
                        "itinerary_price_remaining": 213,
                        "fare_lock_kind": "fee",
                        "price": 10.65,
                        "rule_instance_id": 26749,
                        "version": "v1"
                    },
                    {
                        "default": true,
                        "duration": "P3D",
                        "itinerary_price_limit": 413,
                        "itinerary_price_remaining": 213,
                        "fare_lock_kind": "fee",
                        "price": 21.3,
                        "rule_instance_id": 26748,
                        "version": "v1"
                    },
                    {
                        "default": false,
                        "duration": "P7D",
                        "itinerary_price_limit": 413,
                        "itinerary_price_remaining": 213,
                        "fare_lock_kind": "fee",
                        "price": 53.25,
                        "rule_instance_id": 26750,
                        "version": "v1"
                    }
                ]
            },
            "bags_price": {
                "1": 132.888
            },
            "baglimit": {
                "hand_dimensions_sum": 113,
                "hand_height": 35,
                "hand_length": 55,
                "hand_weight": 8,
                "hand_width": 23,
                "hold_dimensions_sum": 158,
                "hold_height": 52,
                "hold_length": 78,
                "hold_weight": 23,
                "hold_width": 28,
                "personal_item_dimension_sum": 82,
                "personal_item_height": 30,
                "personal_item_length": 40,
                "personal_item_weight": 2,
                "personal_item_width": 12
            },
            "availability": {
                "seats": 9
            },
            "airlines": [
                "LO",
                "KL"
            ],
            "route": [
                {
                    "id": "0b7717884e8600003ce6bebe_0",
                    "combination_id": "0b7717884e8600003ce6bebe",
                    "flyFrom": "BUD",
                    "flyTo": "WAW",
                    "cityFrom": "Budapest",
                    "cityCodeFrom": "BUD",
                    "cityTo": "Warsaw",
                    "cityCodeTo": "WAW",
                    "local_departure": "2025-01-14T17:50:00.000Z",
                    "utc_departure": "2025-01-14T16:50:00.000Z",
                    "local_arrival": "2025-01-14T19:10:00.000Z",
                    "utc_arrival": "2025-01-14T18:10:00.000Z",
                    "airline": "LO",
                    "flight_no": 538,
                    "operating_carrier": "LO",
                    "operating_flight_no": "538",
                    "fare_basis": "U1SAV35",
                    "fare_category": "M",
                    "fare_classes": "U",
                    "return": 0,
                    "bags_recheck_required": false,
                    "vi_connection": false,
                    "guarantee": false,
                    "equipment": null,
                    "vehicle_type": "aircraft"
                },
                {
                    "id": "0b7717884e8600003ce6bebe_1",
                    "combination_id": "0b7717884e8600003ce6bebe",
                    "flyFrom": "WAW",
                    "flyTo": "HAM",
                    "cityFrom": "Warsaw",
                    "cityCodeFrom": "WAW",
                    "cityTo": "Hamburg",
                    "cityCodeTo": "HAM",
                    "local_departure": "2025-01-14T20:35:00.000Z",
                    "utc_departure": "2025-01-14T19:35:00.000Z",
                    "local_arrival": "2025-01-14T22:20:00.000Z",
                    "utc_arrival": "2025-01-14T21:20:00.000Z",
                    "airline": "LO",
                    "flight_no": 397,
                    "operating_carrier": "LO",
                    "operating_flight_no": "397",
                    "fare_basis": "U1SAV35",
                    "fare_category": "M",
                    "fare_classes": "U",
                    "return": 0,
                    "bags_recheck_required": false,
                    "vi_connection": false,
                    "guarantee": false,
                    "equipment": null,
                    "vehicle_type": "aircraft"
                },
                {
                    "id": "17880b774e8d00002f090ba4_0",
                    "combination_id": "17880b774e8d00002f090ba4",
                    "flyFrom": "HAM",
                    "flyTo": "AMS",
                    "cityFrom": "Hamburg",
                    "cityCodeFrom": "HAM",
                    "cityTo": "Amsterdam",
                    "cityCodeTo": "AMS",
                    "local_departure": "2025-01-21T18:45:00.000Z",
                    "utc_departure": "2025-01-21T17:45:00.000Z",
                    "local_arrival": "2025-01-21T19:55:00.000Z",
                    "utc_arrival": "2025-01-21T18:55:00.000Z",
                    "airline": "KL",
                    "flight_no": 1758,
                    "operating_carrier": "KL",
                    "operating_flight_no": "1758",
                    "fare_basis": "",
                    "fare_category": "M",
                    "fare_classes": "",
                    "return": 1,
                    "bags_recheck_required": false,
                    "vi_connection": false,
                    "guarantee": false,
                    "equipment": null,
                    "vehicle_type": "aircraft"
                },
                {
                    "id": "17880b774e8d00002f090ba4_1",
                    "combination_id": "17880b774e8d00002f090ba4",
                    "flyFrom": "AMS",
                    "flyTo": "BUD",
                    "cityFrom": "Amsterdam",
                    "cityCodeFrom": "AMS",
                    "cityTo": "Budapest",
                    "cityCodeTo": "BUD",
                    "local_departure": "2025-01-21T21:05:00.000Z",
                    "utc_departure": "2025-01-21T20:05:00.000Z",
                    "local_arrival": "2025-01-21T23:05:00.000Z",
                    "utc_arrival": "2025-01-21T22:05:00.000Z",
                    "airline": "KL",
                    "flight_no": 1371,
                    "operating_carrier": "KL",
                    "operating_flight_no": "1371",
                    "fare_basis": "",
                    "fare_category": "M",
                    "fare_classes": "",
                    "return": 1,
                    "bags_recheck_required": false,
                    "vi_connection": false,
                    "guarantee": false,
                    "equipment": null,
                    "vehicle_type": "aircraft"
                }
            ],
            "booking_token": "H_9ATa_kDU-X-sd5dFdRjfTQ9rmT-zzLTM8Yq78lWUv2KE4E0k1nnzuWJwbhdmfkW8KAVcA1voOWfOTaaKHtci3ozeEx12fIQJJSWutVpzEb_UG5V6Jsdg7NXevIEGDESJo9pmCrNLYIjEg4NHVGRb9Yfm4n2AOfr3YyxzlnwtHU2Y-Ezfk_8LUwlsOFKnWzHr0DYw2ONdlx87A6U15wqh14A2ZqZQduacwmMXQl59qvOyVRKUA3TGZa49Z5PvlQdCaAjsWpeDqm5gcMiA-nwZmnA94wjwm3CjuROFVC41CETNnXCI7qOUaUsCai_aNKBQhEmSacD31Y1t-EHP1CMNdtf7zTeC5-YuXcTWpATl5ecNWpKNXXq0L95aonZKgEycBxoNKTZX0l8boR1y1nEQdJAWfaC8VdhhG1oHyajOKDJfToqhwvqp1iUDD-QG4Mwsz6sJijuAV2iYJf2kkr5C8SmLr9N9Ont7LhxvZuZ5VmSe20dXLit9G1xlCtLYjlvtVPz6P8Q75rChyUC9dhY5Ce0VoxhOLQYc8Q0akvQdQH49y6bQcFt-235GNmQzu9v_hXh-GpYP8OXJan30Y193KgnnN-fQOPagbMeMLaUQgfPRmvIAhF-7xqtZBY3_gUtwoMwJZdrLqsQQk5WHjL4oluEdpe77XfW8O4Tl3g3AFhqvVBw7zn0dTEwBj_K9TA87AEYniEv_ukLDbb0oLntA0nCYrjD_TOfazUXL7mR9jg8SagYViu5oNTtJCc4v_V3qHElMgc8XoCiAqT_0ozS8d55lrolcLJd01GjDs_DQjA=",
            "deep_link": "https://www.kiwi.com/deep?affilid=mihalytest&currency=EUR&flightsId=0b7717884e8600003ce6bebe_0%7C0b7717884e8600003ce6bebe_1%7C17880b774e8d00002f090ba4_0%7C17880b774e8d00002f090ba4_1&from=BUD&lang=en&passengers=1&to=HAM&booking_token=H_9ATa_kDU-X-sd5dFdRjfTQ9rmT-zzLTM8Yq78lWUv2KE4E0k1nnzuWJwbhdmfkW8KAVcA1voOWfOTaaKHtci3ozeEx12fIQJJSWutVpzEb_UG5V6Jsdg7NXevIEGDESJo9pmCrNLYIjEg4NHVGRb9Yfm4n2AOfr3YyxzlnwtHU2Y-Ezfk_8LUwlsOFKnWzHr0DYw2ONdlx87A6U15wqh14A2ZqZQduacwmMXQl59qvOyVRKUA3TGZa49Z5PvlQdCaAjsWpeDqm5gcMiA-nwZmnA94wjwm3CjuROFVC41CETNnXCI7qOUaUsCai_aNKBQhEmSacD31Y1t-EHP1CMNdtf7zTeC5-YuXcTWpATl5ecNWpKNXXq0L95aonZKgEycBxoNKTZX0l8boR1y1nEQdJAWfaC8VdhhG1oHyajOKDJfToqhwvqp1iUDD-QG4Mwsz6sJijuAV2iYJf2kkr5C8SmLr9N9Ont7LhxvZuZ5VmSe20dXLit9G1xlCtLYjlvtVPz6P8Q75rChyUC9dhY5Ce0VoxhOLQYc8Q0akvQdQH49y6bQcFt-235GNmQzu9v_hXh-GpYP8OXJan30Y193KgnnN-fQOPagbMeMLaUQgfPRmvIAhF-7xqtZBY3_gUtwoMwJZdrLqsQQk5WHjL4oluEdpe77XfW8O4Tl3g3AFhqvVBw7zn0dTEwBj_K9TA87AEYniEv_ukLDbb0oLntA0nCYrjD_TOfazUXL7mR9jg8SagYViu5oNTtJCc4v_V3qHElMgc8XoCiAqT_0ozS8d55lrolcLJd01GjDs_DQjA=",
            "facilitated_booking_available": true,
            "pnr_count": 2,
            "has_airport_change": false,
            "technical_stops": 0,
            "throw_away_ticketing": false,
            "hidden_city_ticketing": false,
            "virtual_interlining": false
        },
        {
            "id": "0b7717884e890000f3a5624b_0|0b7717884e890000f3a5624b_1|17880b774e8d00002f090ba4_0|17880b774e8d00002f090ba4_1",
            "flyFrom": "BUD",
            "flyTo": "HAM",
            "cityFrom": "Budapest",
            "cityCodeFrom": "BUD",
            "cityTo": "Hamburg",
            "cityCodeTo": "HAM",
            "countryFrom": {
                "code": "HU",
                "name": "Hungary"
            },
            "countryTo": {
                "code": "DE",
                "name": "Germany"
            },
            "local_departure": "2025-01-17T17:50:00.000Z",
            "utc_departure": "2025-01-17T16:50:00.000Z",
            "local_arrival": "2025-01-17T22:20:00.000Z",
            "utc_arrival": "2025-01-17T21:20:00.000Z",
            "nightsInDest": 4,
            "quality": 307.66643,
            "distance": 949.98,
            "duration": {
                "departure": 16200,
                "return": 15600,
                "total": 31800
            },
            "price": 213,
            "conversion": {
                "EUR": 213
            },
            "fare": {
                "adults": 213,
                "children": 213,
                "infants": 213
            },
            "fare_locks": {
                "EUR": [
                    {
                        "default": false,
                        "duration": "P1D",
                        "itinerary_price_limit": 413,
                        "itinerary_price_remaining": 213,
                        "fare_lock_kind": "fee",
                        "price": 10.65,
                        "rule_instance_id": 26749,
                        "version": "v1"
                    },
                    {
                        "default": true,
                        "duration": "P3D",
                        "itinerary_price_limit": 413,
                        "itinerary_price_remaining": 213,
                        "fare_lock_kind": "fee",
                        "price": 21.3,
                        "rule_instance_id": 26748,
                        "version": "v1"
                    },
                    {
                        "default": false,
                        "duration": "P7D",
                        "itinerary_price_limit": 413,
                        "itinerary_price_remaining": 213,
                        "fare_lock_kind": "fee",
                        "price": 53.25,
                        "rule_instance_id": 26750,
                        "version": "v1"
                    }
                ]
            },
            "bags_price": {
                "1": 132.888
            },
            "baglimit": {
                "hand_dimensions_sum": 113,
                "hand_height": 35,
                "hand_length": 55,
                "hand_weight": 8,
                "hand_width": 23,
                "hold_dimensions_sum": 158,
                "hold_height": 52,
                "hold_length": 78,
                "hold_weight": 23,
                "hold_width": 28,
                "personal_item_dimension_sum": 82,
                "personal_item_height": 30,
                "personal_item_length": 40,
                "personal_item_weight": 2,
                "personal_item_width": 12
            },
            "availability": {
                "seats": 9
            },
            "airlines": [
                "LO",
                "KL"
            ],
            "route": [
                {
                    "id": "0b7717884e890000f3a5624b_0",
                    "combination_id": "0b7717884e890000f3a5624b",
                    "flyFrom": "BUD",
                    "flyTo": "WAW",
                    "cityFrom": "Budapest",
                    "cityCodeFrom": "BUD",
                    "cityTo": "Warsaw",
                    "cityCodeTo": "WAW",
                    "local_departure": "2025-01-17T17:50:00.000Z",
                    "utc_departure": "2025-01-17T16:50:00.000Z",
                    "local_arrival": "2025-01-17T19:10:00.000Z",
                    "utc_arrival": "2025-01-17T18:10:00.000Z",
                    "airline": "LO",
                    "flight_no": 538,
                    "operating_carrier": "LO",
                    "operating_flight_no": "538",
                    "fare_basis": "U1SAV35",
                    "fare_category": "M",
                    "fare_classes": "U",
                    "return": 0,
                    "bags_recheck_required": false,
                    "vi_connection": false,
                    "guarantee": false,
                    "equipment": null,
                    "vehicle_type": "aircraft"
                },
                {
                    "id": "0b7717884e890000f3a5624b_1",
                    "combination_id": "0b7717884e890000f3a5624b",
                    "flyFrom": "WAW",
                    "flyTo": "HAM",
                    "cityFrom": "Warsaw",
                    "cityCodeFrom": "WAW",
                    "cityTo": "Hamburg",
                    "cityCodeTo": "HAM",
                    "local_departure": "2025-01-17T20:35:00.000Z",
                    "utc_departure": "2025-01-17T19:35:00.000Z",
                    "local_arrival": "2025-01-17T22:20:00.000Z",
                    "utc_arrival": "2025-01-17T21:20:00.000Z",
                    "airline": "LO",
                    "flight_no": 397,
                    "operating_carrier": "LO",
                    "operating_flight_no": "397",
                    "fare_basis": "U1SAV35",
                    "fare_category": "M",
                    "fare_classes": "U",
                    "return": 0,
                    "bags_recheck_required": false,
                    "vi_connection": false,
                    "guarantee": false,
                    "equipment": null,
                    "vehicle_type": "aircraft"
                },
                {
                    "id": "17880b774e8d00002f090ba4_0",
                    "combination_id": "17880b774e8d00002f090ba4",
                    "flyFrom": "HAM",
                    "flyTo": "AMS",
                    "cityFrom": "Hamburg",
                    "cityCodeFrom": "HAM",
                    "cityTo": "Amsterdam",
                    "cityCodeTo": "AMS",
                    "local_departure": "2025-01-21T18:45:00.000Z",
                    "utc_departure": "2025-01-21T17:45:00.000Z",
                    "local_arrival": "2025-01-21T19:55:00.000Z",
                    "utc_arrival": "2025-01-21T18:55:00.000Z",
                    "airline": "KL",
                    "flight_no": 1758,
                    "operating_carrier": "KL",
                    "operating_flight_no": "1758",
                    "fare_basis": "",
                    "fare_category": "M",
                    "fare_classes": "",
                    "return": 1,
                    "bags_recheck_required": false,
                    "vi_connection": false,
                    "guarantee": false,
                    "equipment": null,
                    "vehicle_type": "aircraft"
                },
                {
                    "id": "17880b774e8d00002f090ba4_1",
                    "combination_id": "17880b774e8d00002f090ba4",
                    "flyFrom": "AMS",
                    "flyTo": "BUD",
                    "cityFrom": "Amsterdam",
                    "cityCodeFrom": "AMS",
                    "cityTo": "Budapest",
                    "cityCodeTo": "BUD",
                    "local_departure": "2025-01-21T21:05:00.000Z",
                    "utc_departure": "2025-01-21T20:05:00.000Z",
                    "local_arrival": "2025-01-21T23:05:00.000Z",
                    "utc_arrival": "2025-01-21T22:05:00.000Z",
                    "airline": "KL",
                    "flight_no": 1371,
                    "operating_carrier": "KL",
                    "operating_flight_no": "1371",
                    "fare_basis": "",
                    "fare_category": "M",
                    "fare_classes": "",
                    "return": 1,
                    "bags_recheck_required": false,
                    "vi_connection": false,
                    "guarantee": false,
                    "equipment": null,
                    "vehicle_type": "aircraft"
                }
            ],
            "booking_token": "H7Kx_-4Wpfwjen2BKXEp8pMkmibuKWnDvElcXRpwt8sKAJYUqpIzQ1OWVD4rkKztoGj2kpM2BUw_o1oLCb9QgaSr_SZJGD6avdGpYel1FVKjkVwtqzGPmPBCVAJDNLEINbHU0Ap74ZzKXKTyFOjA_akIKk0yNqC5lI2h8jKW5qIXAjqXI6vIpV6l8IeaZTDnuo2s-rY0ys7CQ7thu1m2bLBfOli1TzuhCpxksF3EvONyepqCO1BzFMjA5v4u5zuS5QGXyB7eAHOMP5YZz675n6KN7AAvlSIoAEg1RiQAXBO1oOK-6kwBtg6TMin2d9h3ofcQlMeuFcJCCPYtRj0ZZDqDxziG8vP-vFczDYi1EYqvMWPFJH2o93bhAkmv6svt5oT8HQHOuv4KPJQTPXN8M9lZ_GhDOyhzbLpYqfwkXDCnZM5eFzvGZUrsnm2Sc-L17k4rMwS4iphQhb8xJzHiVf1TYw9-rU9_S7XydnoKS6EOu4hkWbeOHn4-ecW2neKLwwSib7LXneG65PQjsL71IH045R-S4ezIYAEt0u5dVdEYCaLGnIV4MuDrw3lQ0o__k6LglSuw4G_Aa-saNOLRnvnHJKs2R_QPIQtdSmTRV7LrzK1eGk7waRNskkeNyNBmjSTivvjHf0EUW8TBSLdLD58okG9_DD-II9Ed7CwWaWUtCnMbNBFWT1WW-DYXXEUBDgPqz2Z5sIKihHBpVLnJpvhueJI8UbmvoBGQJvaSBzvVw5w9bmWopAIe3CbLBqWTq22ZeFufXbSpfCmJhXxPK0g==",
            "deep_link": "https://www.kiwi.com/deep?affilid=mihalytest&currency=EUR&flightsId=0b7717884e890000f3a5624b_0%7C0b7717884e890000f3a5624b_1%7C17880b774e8d00002f090ba4_0%7C17880b774e8d00002f090ba4_1&from=BUD&lang=en&passengers=1&to=HAM&booking_token=H7Kx_-4Wpfwjen2BKXEp8pMkmibuKWnDvElcXRpwt8sKAJYUqpIzQ1OWVD4rkKztoGj2kpM2BUw_o1oLCb9QgaSr_SZJGD6avdGpYel1FVKjkVwtqzGPmPBCVAJDNLEINbHU0Ap74ZzKXKTyFOjA_akIKk0yNqC5lI2h8jKW5qIXAjqXI6vIpV6l8IeaZTDnuo2s-rY0ys7CQ7thu1m2bLBfOli1TzuhCpxksF3EvONyepqCO1BzFMjA5v4u5zuS5QGXyB7eAHOMP5YZz675n6KN7AAvlSIoAEg1RiQAXBO1oOK-6kwBtg6TMin2d9h3ofcQlMeuFcJCCPYtRj0ZZDqDxziG8vP-vFczDYi1EYqvMWPFJH2o93bhAkmv6svt5oT8HQHOuv4KPJQTPXN8M9lZ_GhDOyhzbLpYqfwkXDCnZM5eFzvGZUrsnm2Sc-L17k4rMwS4iphQhb8xJzHiVf1TYw9-rU9_S7XydnoKS6EOu4hkWbeOHn4-ecW2neKLwwSib7LXneG65PQjsL71IH045R-S4ezIYAEt0u5dVdEYCaLGnIV4MuDrw3lQ0o__k6LglSuw4G_Aa-saNOLRnvnHJKs2R_QPIQtdSmTRV7LrzK1eGk7waRNskkeNyNBmjSTivvjHf0EUW8TBSLdLD58okG9_DD-II9Ed7CwWaWUtCnMbNBFWT1WW-DYXXEUBDgPqz2Z5sIKihHBpVLnJpvhueJI8UbmvoBGQJvaSBzvVw5w9bmWopAIe3CbLBqWTq22ZeFufXbSpfCmJhXxPK0g==",
            "facilitated_booking_available": true,
            "pnr_count": 2,
            "has_airport_change": false,
            "technical_stops": 0,
            "throw_away_ticketing": false,
            "hidden_city_ticketing": false,
            "virtual_interlining": false
        },
        {
            "id": "0b7717884e880000dc4f324f_0|0b7717884e880000dc4f324f_1|17880b774e8d00002f090ba4_0|17880b774e8d00002f090ba4_1",
            "flyFrom": "BUD",
            "flyTo": "HAM",
            "cityFrom": "Budapest",
            "cityCodeFrom": "BUD",
            "cityTo": "Hamburg",
            "cityCodeTo": "HAM",
            "countryFrom": {
                "code": "HU",
                "name": "Hungary"
            },
            "countryTo": {
                "code": "DE",
                "name": "Germany"
            },
            "local_departure": "2025-01-16T17:50:00.000Z",
            "utc_departure": "2025-01-16T16:50:00.000Z",
            "local_arrival": "2025-01-16T22:20:00.000Z",
            "utc_arrival": "2025-01-16T21:20:00.000Z",
            "nightsInDest": 5,
            "quality": 307.66643,
            "distance": 949.98,
            "duration": {
                "departure": 16200,
                "return": 15600,
                "total": 31800
            },
            "price": 213,
            "conversion": {
                "EUR": 213
            },
            "fare": {
                "adults": 213,
                "children": 213,
                "infants": 213
            },
            "fare_locks": {
                "EUR": [
                    {
                        "default": false,
                        "duration": "P1D",
                        "itinerary_price_limit": 413,
                        "itinerary_price_remaining": 213,
                        "fare_lock_kind": "fee",
                        "price": 10.65,
                        "rule_instance_id": 26749,
                        "version": "v1"
                    },
                    {
                        "default": true,
                        "duration": "P3D",
                        "itinerary_price_limit": 413,
                        "itinerary_price_remaining": 213,
                        "fare_lock_kind": "fee",
                        "price": 21.3,
                        "rule_instance_id": 26748,
                        "version": "v1"
                    },
                    {
                        "default": false,
                        "duration": "P7D",
                        "itinerary_price_limit": 413,
                        "itinerary_price_remaining": 213,
                        "fare_lock_kind": "fee",
                        "price": 53.25,
                        "rule_instance_id": 26750,
                        "version": "v1"
                    }
                ]
            },
            "bags_price": {
                "1": 132.888
            },
            "baglimit": {
                "hand_dimensions_sum": 113,
                "hand_height": 35,
                "hand_length": 55,
                "hand_weight": 8,
                "hand_width": 23,
                "hold_dimensions_sum": 158,
                "hold_height": 52,
                "hold_length": 78,
                "hold_weight": 23,
                "hold_width": 28,
                "personal_item_dimension_sum": 82,
                "personal_item_height": 30,
                "personal_item_length": 40,
                "personal_item_weight": 2,
                "personal_item_width": 12
            },
            "availability": {
                "seats": 9
            },
            "airlines": [
                "LO",
                "KL"
            ],
            "route": [
                {
                    "id": "0b7717884e880000dc4f324f_0",
                    "combination_id": "0b7717884e880000dc4f324f",
                    "flyFrom": "BUD",
                    "flyTo": "WAW",
                    "cityFrom": "Budapest",
                    "cityCodeFrom": "BUD",
                    "cityTo": "Warsaw",
                    "cityCodeTo": "WAW",
                    "local_departure": "2025-01-16T17:50:00.000Z",
                    "utc_departure": "2025-01-16T16:50:00.000Z",
                    "local_arrival": "2025-01-16T19:10:00.000Z",
                    "utc_arrival": "2025-01-16T18:10:00.000Z",
                    "airline": "LO",
                    "flight_no": 538,
                    "operating_carrier": "LO",
                    "operating_flight_no": "538",
                    "fare_basis": "U1SAV35",
                    "fare_category": "M",
                    "fare_classes": "U",
                    "return": 0,
                    "bags_recheck_required": false,
                    "vi_connection": false,
                    "guarantee": false,
                    "equipment": null,
                    "vehicle_type": "aircraft"
                },
                {
                    "id": "0b7717884e880000dc4f324f_1",
                    "combination_id": "0b7717884e880000dc4f324f",
                    "flyFrom": "WAW",
                    "flyTo": "HAM",
                    "cityFrom": "Warsaw",
                    "cityCodeFrom": "WAW",
                    "cityTo": "Hamburg",
                    "cityCodeTo": "HAM",
                    "local_departure": "2025-01-16T20:35:00.000Z",
                    "utc_departure": "2025-01-16T19:35:00.000Z",
                    "local_arrival": "2025-01-16T22:20:00.000Z",
                    "utc_arrival": "2025-01-16T21:20:00.000Z",
                    "airline": "LO",
                    "flight_no": 397,
                    "operating_carrier": "LO",
                    "operating_flight_no": "397",
                    "fare_basis": "U1SAV35",
                    "fare_category": "M",
                    "fare_classes": "U",
                    "return": 0,
                    "bags_recheck_required": false,
                    "vi_connection": false,
                    "guarantee": false,
                    "equipment": null,
                    "vehicle_type": "aircraft"
                },
                {
                    "id": "17880b774e8d00002f090ba4_0",
                    "combination_id": "17880b774e8d00002f090ba4",
                    "flyFrom": "HAM",
                    "flyTo": "AMS",
                    "cityFrom": "Hamburg",
                    "cityCodeFrom": "HAM",
                    "cityTo": "Amsterdam",
                    "cityCodeTo": "AMS",
                    "local_departure": "2025-01-21T18:45:00.000Z",
                    "utc_departure": "2025-01-21T17:45:00.000Z",
                    "local_arrival": "2025-01-21T19:55:00.000Z",
                    "utc_arrival": "2025-01-21T18:55:00.000Z",
                    "airline": "KL",
                    "flight_no": 1758,
                    "operating_carrier": "KL",
                    "operating_flight_no": "1758",
                    "fare_basis": "",
                    "fare_category": "M",
                    "fare_classes": "",
                    "return": 1,
                    "bags_recheck_required": false,
                    "vi_connection": false,
                    "guarantee": false,
                    "equipment": null,
                    "vehicle_type": "aircraft"
                },
                {
                    "id": "17880b774e8d00002f090ba4_1",
                    "combination_id": "17880b774e8d00002f090ba4",
                    "flyFrom": "AMS",
                    "flyTo": "BUD",
                    "cityFrom": "Amsterdam",
                    "cityCodeFrom": "AMS",
                    "cityTo": "Budapest",
                    "cityCodeTo": "BUD",
                    "local_departure": "2025-01-21T21:05:00.000Z",
                    "utc_departure": "2025-01-21T20:05:00.000Z",
                    "local_arrival": "2025-01-21T23:05:00.000Z",
                    "utc_arrival": "2025-01-21T22:05:00.000Z",
                    "airline": "KL",
                    "flight_no": 1371,
                    "operating_carrier": "KL",
                    "operating_flight_no": "1371",
                    "fare_basis": "",
                    "fare_category": "M",
                    "fare_classes": "",
                    "return": 1,
                    "bags_recheck_required": false,
                    "vi_connection": false,
                    "guarantee": false,
                    "equipment": null,
                    "vehicle_type": "aircraft"
                }
            ],
            "booking_token": "H8I_yxTP7Lm3m9dR_Dr2expSWmljEa6eSgULD3AjQmkVFGuJBd9j61zKMv-Kp3Vw2vpYHagAeFhDF23q_mx81agtB3LlCUuUKjytXXQwVgsGa4_6cEK1JHOO32yp7fTLdNpuaFk05SDLJjfoCtXRTQrAhW62k57oCRJ4UKwpDIEcMqGZVPCbPO-d5rbM1YsBkKDJLPEOHrOoODR40wHQat8d0Cqu4b5rAUW5KLHmAfwr860NKXeScWRqa70aXoBTYb84PLl7ZC2fOUYy0Wv7tTS9K0IXTacSgZEHPYxqaOSJoUcrE7hs4QNgohxT6TVUrw83t03G65WsWXedU1V9v3oFv_5sNRyByybLgz0oqp03b6kMvu6mwQBvDFXZ2Ip_9vwGe31vSXucgIkSuvLCL7cf4B2fkldZMeEnpbau4FYC4cHU1XCkm_z34CmzoVFOdrkOHrHiPwDgXtEcHiWk_Xt2BcoehGbWhBLkgyuvNO9IbV7y7mwvofGxBgpig09M1OPFzG5ScWwvxwrlaD6CgIYulAHPbgWqzYBg-qVCeKG2tbq8O9zMcJyC1FUKokTPzJdmBnmj40JR6cHX0m70i4Rjsn90ZNMISNLWz6tZ0lcrKGZdVi-A64uoCBUU4F_oDMzRqwaar_lQ2tAmSpJdEDqg8culyR5RnIZiWlHxV5G3i0Jhs_N3j8lrVUZ8HCbMj_fKCF9-tr9yVz-BzrMpO2zdnM9SGWqeUJbKfENSFBfKuObpknSF7A5ujqDlxtAiKZuKptMiEjvHg-6wkdAaNBg==",
            "deep_link": "https://www.kiwi.com/deep?affilid=mihalytest&currency=EUR&flightsId=0b7717884e880000dc4f324f_0%7C0b7717884e880000dc4f324f_1%7C17880b774e8d00002f090ba4_0%7C17880b774e8d00002f090ba4_1&from=BUD&lang=en&passengers=1&to=HAM&booking_token=H8I_yxTP7Lm3m9dR_Dr2expSWmljEa6eSgULD3AjQmkVFGuJBd9j61zKMv-Kp3Vw2vpYHagAeFhDF23q_mx81agtB3LlCUuUKjytXXQwVgsGa4_6cEK1JHOO32yp7fTLdNpuaFk05SDLJjfoCtXRTQrAhW62k57oCRJ4UKwpDIEcMqGZVPCbPO-d5rbM1YsBkKDJLPEOHrOoODR40wHQat8d0Cqu4b5rAUW5KLHmAfwr860NKXeScWRqa70aXoBTYb84PLl7ZC2fOUYy0Wv7tTS9K0IXTacSgZEHPYxqaOSJoUcrE7hs4QNgohxT6TVUrw83t03G65WsWXedU1V9v3oFv_5sNRyByybLgz0oqp03b6kMvu6mwQBvDFXZ2Ip_9vwGe31vSXucgIkSuvLCL7cf4B2fkldZMeEnpbau4FYC4cHU1XCkm_z34CmzoVFOdrkOHrHiPwDgXtEcHiWk_Xt2BcoehGbWhBLkgyuvNO9IbV7y7mwvofGxBgpig09M1OPFzG5ScWwvxwrlaD6CgIYulAHPbgWqzYBg-qVCeKG2tbq8O9zMcJyC1FUKokTPzJdmBnmj40JR6cHX0m70i4Rjsn90ZNMISNLWz6tZ0lcrKGZdVi-A64uoCBUU4F_oDMzRqwaar_lQ2tAmSpJdEDqg8culyR5RnIZiWlHxV5G3i0Jhs_N3j8lrVUZ8HCbMj_fKCF9-tr9yVz-BzrMpO2zdnM9SGWqeUJbKfENSFBfKuObpknSF7A5ujqDlxtAiKZuKptMiEjvHg-6wkdAaNBg==",
            "facilitated_booking_available": true,
            "pnr_count": 2,
            "has_airport_change": false,
            "technical_stops": 0,
            "throw_away_ticketing": false,
            "hidden_city_ticketing": false,
            "virtual_interlining": false
        },
        {
            "id": "0b7717884e7f0000e146e18f_0|0b7717884e7f0000e146e18f_1|17880b774e840000d45b17a5_0|17880b774e840000d45b17a5_1",
            "flyFrom": "BUD",
            "flyTo": "HAM",
            "cityFrom": "Budapest",
            "cityCodeFrom": "BUD",
            "cityTo": "Hamburg",
            "cityCodeTo": "HAM",
            "countryFrom": {
                "code": "HU",
                "name": "Hungary"
            },
            "countryTo": {
                "code": "DE",
                "name": "Germany"
            },
            "local_departure": "2025-01-07T17:50:00.000Z",
            "utc_departure": "2025-01-07T16:50:00.000Z",
            "local_arrival": "2025-01-07T22:20:00.000Z",
            "utc_arrival": "2025-01-07T21:20:00.000Z",
            "nightsInDest": 5,
            "quality": 307.66643,
            "distance": 949.98,
            "duration": {
                "departure": 16200,
                "return": 15600,
                "total": 31800
            },
            "price": 213,
            "conversion": {
                "EUR": 213
            },
            "fare": {
                "adults": 213,
                "children": 213,
                "infants": 213
            },
            "fare_locks": {
                "EUR": [
                    {
                        "default": false,
                        "duration": "P1D",
                        "itinerary_price_limit": 413,
                        "itinerary_price_remaining": 213,
                        "fare_lock_kind": "fee",
                        "price": 10.65,
                        "rule_instance_id": 26749,
                        "version": "v1"
                    },
                    {
                        "default": true,
                        "duration": "P3D",
                        "itinerary_price_limit": 413,
                        "itinerary_price_remaining": 213,
                        "fare_lock_kind": "fee",
                        "price": 21.3,
                        "rule_instance_id": 26748,
                        "version": "v1"
                    },
                    {
                        "default": false,
                        "duration": "P7D",
                        "itinerary_price_limit": 413,
                        "itinerary_price_remaining": 213,
                        "fare_lock_kind": "fee",
                        "price": 53.25,
                        "rule_instance_id": 26750,
                        "version": "v1"
                    }
                ]
            },
            "bags_price": {
                "1": 132.888
            },
            "baglimit": {
                "hand_dimensions_sum": 113,
                "hand_height": 35,
                "hand_length": 55,
                "hand_weight": 8,
                "hand_width": 23,
                "hold_dimensions_sum": 158,
                "hold_height": 52,
                "hold_length": 78,
                "hold_weight": 23,
                "hold_width": 28,
                "personal_item_dimension_sum": 82,
                "personal_item_height": 30,
                "personal_item_length": 40,
                "personal_item_weight": 2,
                "personal_item_width": 12
            },
            "availability": {
                "seats": 9
            },
            "airlines": [
                "LO",
                "KL"
            ],
            "route": [
                {
                    "id": "0b7717884e7f0000e146e18f_0",
                    "combination_id": "0b7717884e7f0000e146e18f",
                    "flyFrom": "BUD",
                    "flyTo": "WAW",
                    "cityFrom": "Budapest",
                    "cityCodeFrom": "BUD",
                    "cityTo": "Warsaw",
                    "cityCodeTo": "WAW",
                    "local_departure": "2025-01-07T17:50:00.000Z",
                    "utc_departure": "2025-01-07T16:50:00.000Z",
                    "local_arrival": "2025-01-07T19:10:00.000Z",
                    "utc_arrival": "2025-01-07T18:10:00.000Z",
                    "airline": "LO",
                    "flight_no": 538,
                    "operating_carrier": "LO",
                    "operating_flight_no": "538",
                    "fare_basis": "U1SAV35",
                    "fare_category": "M",
                    "fare_classes": "U",
                    "return": 0,
                    "bags_recheck_required": false,
                    "vi_connection": false,
                    "guarantee": false,
                    "equipment": null,
                    "vehicle_type": "aircraft"
                },
                {
                    "id": "0b7717884e7f0000e146e18f_1",
                    "combination_id": "0b7717884e7f0000e146e18f",
                    "flyFrom": "WAW",
                    "flyTo": "HAM",
                    "cityFrom": "Warsaw",
                    "cityCodeFrom": "WAW",
                    "cityTo": "Hamburg",
                    "cityCodeTo": "HAM",
                    "local_departure": "2025-01-07T20:35:00.000Z",
                    "utc_departure": "2025-01-07T19:35:00.000Z",
                    "local_arrival": "2025-01-07T22:20:00.000Z",
                    "utc_arrival": "2025-01-07T21:20:00.000Z",
                    "airline": "LO",
                    "flight_no": 397,
                    "operating_carrier": "LO",
                    "operating_flight_no": "397",
                    "fare_basis": "U1SAV35",
                    "fare_category": "M",
                    "fare_classes": "U",
                    "return": 0,
                    "bags_recheck_required": false,
                    "vi_connection": false,
                    "guarantee": false,
                    "equipment": null,
                    "vehicle_type": "aircraft"
                },
                {
                    "id": "17880b774e840000d45b17a5_0",
                    "combination_id": "17880b774e840000d45b17a5",
                    "flyFrom": "HAM",
                    "flyTo": "AMS",
                    "cityFrom": "Hamburg",
                    "cityCodeFrom": "HAM",
                    "cityTo": "Amsterdam",
                    "cityCodeTo": "AMS",
                    "local_departure": "2025-01-12T18:45:00.000Z",
                    "utc_departure": "2025-01-12T17:45:00.000Z",
                    "local_arrival": "2025-01-12T19:55:00.000Z",
                    "utc_arrival": "2025-01-12T18:55:00.000Z",
                    "airline": "KL",
                    "flight_no": 1758,
                    "operating_carrier": "KL",
                    "operating_flight_no": "1758",
                    "fare_basis": "",
                    "fare_category": "M",
                    "fare_classes": "",
                    "return": 1,
                    "bags_recheck_required": false,
                    "vi_connection": false,
                    "guarantee": false,
                    "equipment": null,
                    "vehicle_type": "aircraft"
                },
                {
                    "id": "17880b774e840000d45b17a5_1",
                    "combination_id": "17880b774e840000d45b17a5",
                    "flyFrom": "AMS",
                    "flyTo": "BUD",
                    "cityFrom": "Amsterdam",
                    "cityCodeFrom": "AMS",
                    "cityTo": "Budapest",
                    "cityCodeTo": "BUD",
                    "local_departure": "2025-01-12T21:05:00.000Z",
                    "utc_departure": "2025-01-12T20:05:00.000Z",
                    "local_arrival": "2025-01-12T23:05:00.000Z",
                    "utc_arrival": "2025-01-12T22:05:00.000Z",
                    "airline": "KL",
                    "flight_no": 1371,
                    "operating_carrier": "KL",
                    "operating_flight_no": "1371",
                    "fare_basis": "",
                    "fare_category": "M",
                    "fare_classes": "",
                    "return": 1,
                    "bags_recheck_required": false,
                    "vi_connection": false,
                    "guarantee": false,
                    "equipment": null,
                    "vehicle_type": "aircraft"
                }
            ],
            "booking_token": "H_v4QJs7v6bKYxCfwdu8HIOVz6Y8sBFDRDeJLgkSznifXnXtwGsQCFtfICwajXZKj3BaHNeVoMLMRooorjEoN5a59jgW3frgdeZnHTQoj91PENlvp8F3k_ztFC_MkOTeOEWVlDYRrPvHM0ujlQUPmQB7EsPg0NFsVrfrbCWbUe1U-q5CXwZky_kKJwXqXDpWoNp6aBBh18JTssJ99axqNkib4G24kGFZiJEd66L4RMFKBgfo_ZU46rln-S3PU9B5VjBzlV2FV8cUJ7KmDBs3_1xmzR3yC4uTCdbmeSa_G1u4RzQvfDPCdmLXnZju4tQw_6yBGR7sOc884VSosl6rV7Qy8HSMCfpXFvrD9tdqD_sTyrKNvqBCc18R0236kH5jDhSlEzGlS1mCYvQMHIFXuGOs8EzJCIMfKLTjjcDse4rkisp9ebQNqjofU4SWOImmZ-jTIgIXqvprBICLx3lorjmYtcac2tDoV3X--P2MZ6nmBlrX0YMuVVcj51MLHGoR1Jvpc5xEm2EHeoi2cYktYEHucc501pdJpgtZBhT0JX9e1Pcg8t0_VciylHXJWlPCwLcCahocXqHeSCo6T8j808j5BU69Rt78NoygOD6vyvWqnAGJGf0N0YjEgOplteGKXSGLun5_HNrmV0OQRTwAEyPZbej1iPnQQ-TxeB1jTCFA2B4hVC39FxhIPxxuuzi0aVvvxCdYbG_HHeo34WVIYV7se7NtueJB0avHp-copN66qkM2sQ8J-9UXUx_1uqeWDCh9cCfosZwU7-1TgzSypjQ2kUean6fFuTC84O7Tyfuk=",
            "deep_link": "https://www.kiwi.com/deep?affilid=mihalytest&currency=EUR&flightsId=0b7717884e7f0000e146e18f_0%7C0b7717884e7f0000e146e18f_1%7C17880b774e840000d45b17a5_0%7C17880b774e840000d45b17a5_1&from=BUD&lang=en&passengers=1&to=HAM&booking_token=H_v4QJs7v6bKYxCfwdu8HIOVz6Y8sBFDRDeJLgkSznifXnXtwGsQCFtfICwajXZKj3BaHNeVoMLMRooorjEoN5a59jgW3frgdeZnHTQoj91PENlvp8F3k_ztFC_MkOTeOEWVlDYRrPvHM0ujlQUPmQB7EsPg0NFsVrfrbCWbUe1U-q5CXwZky_kKJwXqXDpWoNp6aBBh18JTssJ99axqNkib4G24kGFZiJEd66L4RMFKBgfo_ZU46rln-S3PU9B5VjBzlV2FV8cUJ7KmDBs3_1xmzR3yC4uTCdbmeSa_G1u4RzQvfDPCdmLXnZju4tQw_6yBGR7sOc884VSosl6rV7Qy8HSMCfpXFvrD9tdqD_sTyrKNvqBCc18R0236kH5jDhSlEzGlS1mCYvQMHIFXuGOs8EzJCIMfKLTjjcDse4rkisp9ebQNqjofU4SWOImmZ-jTIgIXqvprBICLx3lorjmYtcac2tDoV3X--P2MZ6nmBlrX0YMuVVcj51MLHGoR1Jvpc5xEm2EHeoi2cYktYEHucc501pdJpgtZBhT0JX9e1Pcg8t0_VciylHXJWlPCwLcCahocXqHeSCo6T8j808j5BU69Rt78NoygOD6vyvWqnAGJGf0N0YjEgOplteGKXSGLun5_HNrmV0OQRTwAEyPZbej1iPnQQ-TxeB1jTCFA2B4hVC39FxhIPxxuuzi0aVvvxCdYbG_HHeo34WVIYV7se7NtueJB0avHp-copN66qkM2sQ8J-9UXUx_1uqeWDCh9cCfosZwU7-1TgzSypjQ2kUean6fFuTC84O7Tyfuk=",
            "facilitated_booking_available": true,
            "pnr_count": 2,
            "has_airport_change": false,
            "technical_stops": 0,
            "throw_away_ticketing": false,
            "hidden_city_ticketing": false,
            "virtual_interlining": false
        },
        {
            "id": "0b7717884e8200002f6ebf74_0|0b7717884e8200002f6ebf74_1|17880b774e840000d45b17a5_0|17880b774e840000d45b17a5_1",
            "flyFrom": "BUD",
            "flyTo": "HAM",
            "cityFrom": "Budapest",
            "cityCodeFrom": "BUD",
            "cityTo": "Hamburg",
            "cityCodeTo": "HAM",
            "countryFrom": {
                "code": "HU",
                "name": "Hungary"
            },
            "countryTo": {
                "code": "DE",
                "name": "Germany"
            },
            "local_departure": "2025-01-10T17:50:00.000Z",
            "utc_departure": "2025-01-10T16:50:00.000Z",
            "local_arrival": "2025-01-10T22:20:00.000Z",
            "utc_arrival": "2025-01-10T21:20:00.000Z",
            "nightsInDest": 2,
            "quality": 307.66643,
            "distance": 949.98,
            "duration": {
                "departure": 16200,
                "return": 15600,
                "total": 31800
            },
            "price": 213,
            "conversion": {
                "EUR": 213
            },
            "fare": {
                "adults": 213,
                "children": 213,
                "infants": 213
            },
            "fare_locks": {
                "EUR": [
                    {
                        "default": false,
                        "duration": "P1D",
                        "itinerary_price_limit": 413,
                        "itinerary_price_remaining": 213,
                        "fare_lock_kind": "fee",
                        "price": 10.65,
                        "rule_instance_id": 26749,
                        "version": "v1"
                    },
                    {
                        "default": true,
                        "duration": "P3D",
                        "itinerary_price_limit": 413,
                        "itinerary_price_remaining": 213,
                        "fare_lock_kind": "fee",
                        "price": 21.3,
                        "rule_instance_id": 26748,
                        "version": "v1"
                    },
                    {
                        "default": false,
                        "duration": "P7D",
                        "itinerary_price_limit": 413,
                        "itinerary_price_remaining": 213,
                        "fare_lock_kind": "fee",
                        "price": 53.25,
                        "rule_instance_id": 26750,
                        "version": "v1"
                    }
                ]
            },
            "bags_price": {
                "1": 132.888
            },
            "baglimit": {
                "hand_dimensions_sum": 113,
                "hand_height": 35,
                "hand_length": 55,
                "hand_weight": 8,
                "hand_width": 23,
                "hold_dimensions_sum": 158,
                "hold_height": 52,
                "hold_length": 78,
                "hold_weight": 23,
                "hold_width": 28,
                "personal_item_dimension_sum": 82,
                "personal_item_height": 30,
                "personal_item_length": 40,
                "personal_item_weight": 2,
                "personal_item_width": 12
            },
            "availability": {
                "seats": 9
            },
            "airlines": [
                "LO",
                "KL"
            ],
            "route": [
                {
                    "id": "0b7717884e8200002f6ebf74_0",
                    "combination_id": "0b7717884e8200002f6ebf74",
                    "flyFrom": "BUD",
                    "flyTo": "WAW",
                    "cityFrom": "Budapest",
                    "cityCodeFrom": "BUD",
                    "cityTo": "Warsaw",
                    "cityCodeTo": "WAW",
                    "local_departure": "2025-01-10T17:50:00.000Z",
                    "utc_departure": "2025-01-10T16:50:00.000Z",
                    "local_arrival": "2025-01-10T19:10:00.000Z",
                    "utc_arrival": "2025-01-10T18:10:00.000Z",
                    "airline": "LO",
                    "flight_no": 538,
                    "operating_carrier": "LO",
                    "operating_flight_no": "538",
                    "fare_basis": "U1SAV35",
                    "fare_category": "M",
                    "fare_classes": "U",
                    "return": 0,
                    "bags_recheck_required": false,
                    "vi_connection": false,
                    "guarantee": false,
                    "equipment": null,
                    "vehicle_type": "aircraft"
                },
                {
                    "id": "0b7717884e8200002f6ebf74_1",
                    "combination_id": "0b7717884e8200002f6ebf74",
                    "flyFrom": "WAW",
                    "flyTo": "HAM",
                    "cityFrom": "Warsaw",
                    "cityCodeFrom": "WAW",
                    "cityTo": "Hamburg",
                    "cityCodeTo": "HAM",
                    "local_departure": "2025-01-10T20:35:00.000Z",
                    "utc_departure": "2025-01-10T19:35:00.000Z",
                    "local_arrival": "2025-01-10T22:20:00.000Z",
                    "utc_arrival": "2025-01-10T21:20:00.000Z",
                    "airline": "LO",
                    "flight_no": 397,
                    "operating_carrier": "LO",
                    "operating_flight_no": "397",
                    "fare_basis": "U1SAV35",
                    "fare_category": "M",
                    "fare_classes": "U",
                    "return": 0,
                    "bags_recheck_required": false,
                    "vi_connection": false,
                    "guarantee": false,
                    "equipment": null,
                    "vehicle_type": "aircraft"
                },
                {
                    "id": "17880b774e840000d45b17a5_0",
                    "combination_id": "17880b774e840000d45b17a5",
                    "flyFrom": "HAM",
                    "flyTo": "AMS",
                    "cityFrom": "Hamburg",
                    "cityCodeFrom": "HAM",
                    "cityTo": "Amsterdam",
                    "cityCodeTo": "AMS",
                    "local_departure": "2025-01-12T18:45:00.000Z",
                    "utc_departure": "2025-01-12T17:45:00.000Z",
                    "local_arrival": "2025-01-12T19:55:00.000Z",
                    "utc_arrival": "2025-01-12T18:55:00.000Z",
                    "airline": "KL",
                    "flight_no": 1758,
                    "operating_carrier": "KL",
                    "operating_flight_no": "1758",
                    "fare_basis": "",
                    "fare_category": "M",
                    "fare_classes": "",
                    "return": 1,
                    "bags_recheck_required": false,
                    "vi_connection": false,
                    "guarantee": false,
                    "equipment": null,
                    "vehicle_type": "aircraft"
                },
                {
                    "id": "17880b774e840000d45b17a5_1",
                    "combination_id": "17880b774e840000d45b17a5",
                    "flyFrom": "AMS",
                    "flyTo": "BUD",
                    "cityFrom": "Amsterdam",
                    "cityCodeFrom": "AMS",
                    "cityTo": "Budapest",
                    "cityCodeTo": "BUD",
                    "local_departure": "2025-01-12T21:05:00.000Z",
                    "utc_departure": "2025-01-12T20:05:00.000Z",
                    "local_arrival": "2025-01-12T23:05:00.000Z",
                    "utc_arrival": "2025-01-12T22:05:00.000Z",
                    "airline": "KL",
                    "flight_no": 1371,
                    "operating_carrier": "KL",
                    "operating_flight_no": "1371",
                    "fare_basis": "",
                    "fare_category": "M",
                    "fare_classes": "",
                    "return": 1,
                    "bags_recheck_required": false,
                    "vi_connection": false,
                    "guarantee": false,
                    "equipment": null,
                    "vehicle_type": "aircraft"
                }
            ],
            "booking_token": "HaqXCu-nR72qb-i0j67UxXXbe-vUCH4ZtQ6cocdPC6Kaawmza7WxgHgZnd9xIimkfLzwrjXAvg5YfumcqYfH6LdCOmr6Lmosf3BphNEv_863bpuWvuMgnpEPO-fxPJQOhgZXj2DlqpYjBmMBmoAr-fDrO2yB65sh0uDBLT8IUEVB15mam0_hSPViZex7jeNLFFTrxb_c0joRlzFiLQHfzkgpzob0S9o2CKZIBDlhZgnHdxV81S78V_NCn6YAQm1-cBWQwp3zcV-iTIVNxqajFSQWvoosQwFvcaDqdZUE-1GJnhkruOTpn5WIRBwSWa-uPDCR7p1x3T_5nIcc66r_K5NmdeXiFCZzat0z9LPgByYInAZ1c1tv_i60qEQtdU969e9tbiazFrDnWINL0I4C0E8jshVQFl9YeqJ4b4Q_LqE1GqSsSciph_OtpC9stQ7YMVMMtP5PTDVo-SEFe-Qre_AQTqrhT5WfquTSA5MleYnWpiXp7Q6P9MPUEbqopGmhSiYP2q_DlSzTv123_uZ6DyMdtBz4TuOV4Dhkwn576id8Zqe0xkpWjYD6N7beZUU85qOC7QU2BFslb_57tSv9B7r_TeLKWpoRkK8JNsLh8JY4cQvJ0vSXLkJejoVIHQ1NIK0qpX1_dUll92e6GJYZOMU-CkRVy9eY5jlEjg7rb6ev2TNYFO8JBbHrM3QaPMVmU20UvSDedFINiItacfc40rn6FOkdiNSj2VWX-S2M3Fjq3-BfLbqDwDsg74vIZfDhHUc_feSzjq1Ab_ezkqZe_Qevp2tF50wV8tHoMuekd9z0=",
            "deep_link": "https://www.kiwi.com/deep?affilid=mihalytest&currency=EUR&flightsId=0b7717884e8200002f6ebf74_0%7C0b7717884e8200002f6ebf74_1%7C17880b774e840000d45b17a5_0%7C17880b774e840000d45b17a5_1&from=BUD&lang=en&passengers=1&to=HAM&booking_token=HaqXCu-nR72qb-i0j67UxXXbe-vUCH4ZtQ6cocdPC6Kaawmza7WxgHgZnd9xIimkfLzwrjXAvg5YfumcqYfH6LdCOmr6Lmosf3BphNEv_863bpuWvuMgnpEPO-fxPJQOhgZXj2DlqpYjBmMBmoAr-fDrO2yB65sh0uDBLT8IUEVB15mam0_hSPViZex7jeNLFFTrxb_c0joRlzFiLQHfzkgpzob0S9o2CKZIBDlhZgnHdxV81S78V_NCn6YAQm1-cBWQwp3zcV-iTIVNxqajFSQWvoosQwFvcaDqdZUE-1GJnhkruOTpn5WIRBwSWa-uPDCR7p1x3T_5nIcc66r_K5NmdeXiFCZzat0z9LPgByYInAZ1c1tv_i60qEQtdU969e9tbiazFrDnWINL0I4C0E8jshVQFl9YeqJ4b4Q_LqE1GqSsSciph_OtpC9stQ7YMVMMtP5PTDVo-SEFe-Qre_AQTqrhT5WfquTSA5MleYnWpiXp7Q6P9MPUEbqopGmhSiYP2q_DlSzTv123_uZ6DyMdtBz4TuOV4Dhkwn576id8Zqe0xkpWjYD6N7beZUU85qOC7QU2BFslb_57tSv9B7r_TeLKWpoRkK8JNsLh8JY4cQvJ0vSXLkJejoVIHQ1NIK0qpX1_dUll92e6GJYZOMU-CkRVy9eY5jlEjg7rb6ev2TNYFO8JBbHrM3QaPMVmU20UvSDedFINiItacfc40rn6FOkdiNSj2VWX-S2M3Fjq3-BfLbqDwDsg74vIZfDhHUc_feSzjq1Ab_ezkqZe_Qevp2tF50wV8tHoMuekd9z0=",
            "facilitated_booking_available": true,
            "pnr_count": 2,
            "has_airport_change": false,
            "technical_stops": 0,
            "throw_away_ticketing": false,
            "hidden_city_ticketing": false,
            "virtual_interlining": false
        },
        {
            "id": "0b7717884e940000b0a3dd47_0|0b7717884e940000b0a3dd47_1|17880b774e9600000f0e4de1_0|17880b774e9600000f0e4de1_1",
            "flyFrom": "BUD",
            "flyTo": "HAM",
            "cityFrom": "Budapest",
            "cityCodeFrom": "BUD",
            "cityTo": "Hamburg",
            "cityCodeTo": "HAM",
            "countryFrom": {
                "code": "HU",
                "name": "Hungary"
            },
            "countryTo": {
                "code": "DE",
                "name": "Germany"
            },
            "local_departure": "2025-01-28T17:50:00.000Z",
            "utc_departure": "2025-01-28T16:50:00.000Z",
            "local_arrival": "2025-01-28T22:20:00.000Z",
            "utc_arrival": "2025-01-28T21:20:00.000Z",
            "nightsInDest": 2,
            "quality": 311.66643,
            "distance": 949.98,
            "duration": {
                "departure": 16200,
                "return": 15600,
                "total": 31800
            },
            "price": 217,
            "conversion": {
                "EUR": 217
            },
            "fare": {
                "adults": 217,
                "children": 217,
                "infants": 217
            },
            "fare_locks": {
                "EUR": [
                    {
                        "default": false,
                        "duration": "P1D",
                        "itinerary_price_limit": 417,
                        "itinerary_price_remaining": 217,
                        "fare_lock_kind": "fee",
                        "price": 10.85,
                        "rule_instance_id": 26749,
                        "version": "v1"
                    },
                    {
                        "default": true,
                        "duration": "P3D",
                        "itinerary_price_limit": 417,
                        "itinerary_price_remaining": 217,
                        "fare_lock_kind": "fee",
                        "price": 21.7,
                        "rule_instance_id": 26748,
                        "version": "v1"
                    },
                    {
                        "default": false,
                        "duration": "P7D",
                        "itinerary_price_limit": 417,
                        "itinerary_price_remaining": 217,
                        "fare_lock_kind": "fee",
                        "price": 54.25,
                        "rule_instance_id": 26750,
                        "version": "v1"
                    }
                ]
            },
            "bags_price": {
                "1": 132.888
            },
            "baglimit": {
                "hand_dimensions_sum": 113,
                "hand_height": 35,
                "hand_length": 55,
                "hand_weight": 8,
                "hand_width": 23,
                "hold_dimensions_sum": 158,
                "hold_height": 52,
                "hold_length": 78,
                "hold_weight": 23,
                "hold_width": 28,
                "personal_item_dimension_sum": 82,
                "personal_item_height": 30,
                "personal_item_length": 40,
                "personal_item_weight": 2,
                "personal_item_width": 12
            },
            "availability": {
                "seats": 9
            },
            "airlines": [
                "LO",
                "KL"
            ],
            "route": [
                {
                    "id": "0b7717884e940000b0a3dd47_0",
                    "combination_id": "0b7717884e940000b0a3dd47",
                    "flyFrom": "BUD",
                    "flyTo": "WAW",
                    "cityFrom": "Budapest",
                    "cityCodeFrom": "BUD",
                    "cityTo": "Warsaw",
                    "cityCodeTo": "WAW",
                    "local_departure": "2025-01-28T17:50:00.000Z",
                    "utc_departure": "2025-01-28T16:50:00.000Z",
                    "local_arrival": "2025-01-28T19:10:00.000Z",
                    "utc_arrival": "2025-01-28T18:10:00.000Z",
                    "airline": "LO",
                    "flight_no": 538,
                    "operating_carrier": "LO",
                    "operating_flight_no": "538",
                    "fare_basis": "U1SAV35",
                    "fare_category": "M",
                    "fare_classes": "U",
                    "return": 0,
                    "bags_recheck_required": false,
                    "vi_connection": false,
                    "guarantee": false,
                    "equipment": null,
                    "vehicle_type": "aircraft"
                },
                {
                    "id": "0b7717884e940000b0a3dd47_1",
                    "combination_id": "0b7717884e940000b0a3dd47",
                    "flyFrom": "WAW",
                    "flyTo": "HAM",
                    "cityFrom": "Warsaw",
                    "cityCodeFrom": "WAW",
                    "cityTo": "Hamburg",
                    "cityCodeTo": "HAM",
                    "local_departure": "2025-01-28T20:35:00.000Z",
                    "utc_departure": "2025-01-28T19:35:00.000Z",
                    "local_arrival": "2025-01-28T22:20:00.000Z",
                    "utc_arrival": "2025-01-28T21:20:00.000Z",
                    "airline": "LO",
                    "flight_no": 397,
                    "operating_carrier": "LO",
                    "operating_flight_no": "397",
                    "fare_basis": "U1SAV35",
                    "fare_category": "M",
                    "fare_classes": "U",
                    "return": 0,
                    "bags_recheck_required": false,
                    "vi_connection": false,
                    "guarantee": false,
                    "equipment": null,
                    "vehicle_type": "aircraft"
                },
                {
                    "id": "17880b774e9600000f0e4de1_0",
                    "combination_id": "17880b774e9600000f0e4de1",
                    "flyFrom": "HAM",
                    "flyTo": "AMS",
                    "cityFrom": "Hamburg",
                    "cityCodeFrom": "HAM",
                    "cityTo": "Amsterdam",
                    "cityCodeTo": "AMS",
                    "local_departure": "2025-01-30T18:45:00.000Z",
                    "utc_departure": "2025-01-30T17:45:00.000Z",
                    "local_arrival": "2025-01-30T19:55:00.000Z",
                    "utc_arrival": "2025-01-30T18:55:00.000Z",
                    "airline": "KL",
                    "flight_no": 1758,
                    "operating_carrier": "KL",
                    "operating_flight_no": "1758",
                    "fare_basis": "",
                    "fare_category": "M",
                    "fare_classes": "",
                    "return": 1,
                    "bags_recheck_required": false,
                    "vi_connection": false,
                    "guarantee": false,
                    "equipment": null,
                    "vehicle_type": "aircraft"
                },
                {
                    "id": "17880b774e9600000f0e4de1_1",
                    "combination_id": "17880b774e9600000f0e4de1",
                    "flyFrom": "AMS",
                    "flyTo": "BUD",
                    "cityFrom": "Amsterdam",
                    "cityCodeFrom": "AMS",
                    "cityTo": "Budapest",
                    "cityCodeTo": "BUD",
                    "local_departure": "2025-01-30T21:05:00.000Z",
                    "utc_departure": "2025-01-30T20:05:00.000Z",
                    "local_arrival": "2025-01-30T23:05:00.000Z",
                    "utc_arrival": "2025-01-30T22:05:00.000Z",
                    "airline": "KL",
                    "flight_no": 1371,
                    "operating_carrier": "KL",
                    "operating_flight_no": "1371",
                    "fare_basis": "",
                    "fare_category": "M",
                    "fare_classes": "",
                    "return": 1,
                    "bags_recheck_required": false,
                    "vi_connection": false,
                    "guarantee": false,
                    "equipment": null,
                    "vehicle_type": "aircraft"
                }
            ],
            "booking_token": "HedobPKlNPeIV2FSVY1cT5mmAIUCt9MS5K8CAung_jWMSxvCY5Rtpyl8apEqp4u-6oI8eEpo6IjfJ1Ji0Xe-J_rT07gmk2Nh0XbPaDWlxlICAMT4jLmzKCxgGt4BwDgoZtzHZzyT34LY4miH9XPVCs-lV2Ia268Q877WvSuisQCw2fSdiPqEUo3D5B4bjxRN6l509aV7xMKmbRoh5xMT9fuQwgTb4XkiqTM_uSs1DABRCdkkouH2Nu_grZ4rScppwWO2uZv4lFG_q987Vg3cgQDgJDKE-vIKAsTu2elgjxHOWyhRiBVRI9GD-A2EDIa7hkK0Cno85UGKbLHLQcLFrxdam0s1DdPtmTPkOivxWnCVRaOBXx0taCQxiy4eZiCuR4a4HRJSX-PneunFi9Be0u9K3oCQkcX1FNo7lyFw49Ii2vjOPfJ8dS_xg5lS2ywDDabKjB3T0s-FNaoEXqZCYeIuLPabfo8b8oMmV6yxvYpBRdX5VVbRcHmeb0Wl8wESYpNlti8wTbytnCqeoE0dAVuLMTQHpFMh06YG2jeoCNN5G2lawYtCyAsn_oY23QvkpFqWIvETn6DEqJCQStfaiRSHfSFa-w-x3dpnaWAhv-IL2YOgBBV7mlqeqRYdwg7BVOIOOLduQhY6RvskhdMYjUyyHgzDtV1sn4BwzV67KA9BEwzSHLDIC2Mw6b1SdYInVYVaq5922CjKnvM1vHewkubQgOzniIOLmMF950HGQEmeY7tVVKENRhYi07GLlhcMyYBNg9RD9NXYSfZsYIGTY6-zj1nzUU5drHQV-yOv5aK7Pg1xEZPBIRzFCUnFE0kMZ",
            "deep_link": "https://www.kiwi.com/deep?affilid=mihalytest&currency=EUR&flightsId=0b7717884e940000b0a3dd47_0%7C0b7717884e940000b0a3dd47_1%7C17880b774e9600000f0e4de1_0%7C17880b774e9600000f0e4de1_1&from=BUD&lang=en&passengers=1&to=HAM&booking_token=HedobPKlNPeIV2FSVY1cT5mmAIUCt9MS5K8CAung_jWMSxvCY5Rtpyl8apEqp4u-6oI8eEpo6IjfJ1Ji0Xe-J_rT07gmk2Nh0XbPaDWlxlICAMT4jLmzKCxgGt4BwDgoZtzHZzyT34LY4miH9XPVCs-lV2Ia268Q877WvSuisQCw2fSdiPqEUo3D5B4bjxRN6l509aV7xMKmbRoh5xMT9fuQwgTb4XkiqTM_uSs1DABRCdkkouH2Nu_grZ4rScppwWO2uZv4lFG_q987Vg3cgQDgJDKE-vIKAsTu2elgjxHOWyhRiBVRI9GD-A2EDIa7hkK0Cno85UGKbLHLQcLFrxdam0s1DdPtmTPkOivxWnCVRaOBXx0taCQxiy4eZiCuR4a4HRJSX-PneunFi9Be0u9K3oCQkcX1FNo7lyFw49Ii2vjOPfJ8dS_xg5lS2ywDDabKjB3T0s-FNaoEXqZCYeIuLPabfo8b8oMmV6yxvYpBRdX5VVbRcHmeb0Wl8wESYpNlti8wTbytnCqeoE0dAVuLMTQHpFMh06YG2jeoCNN5G2lawYtCyAsn_oY23QvkpFqWIvETn6DEqJCQStfaiRSHfSFa-w-x3dpnaWAhv-IL2YOgBBV7mlqeqRYdwg7BVOIOOLduQhY6RvskhdMYjUyyHgzDtV1sn4BwzV67KA9BEwzSHLDIC2Mw6b1SdYInVYVaq5922CjKnvM1vHewkubQgOzniIOLmMF950HGQEmeY7tVVKENRhYi07GLlhcMyYBNg9RD9NXYSfZsYIGTY6-zj1nzUU5drHQV-yOv5aK7Pg1xEZPBIRzFCUnFE0kMZ",
            "facilitated_booking_available": true,
            "pnr_count": 2,
            "has_airport_change": false,
            "technical_stops": 0,
            "throw_away_ticketing": false,
            "hidden_city_ticketing": false,
            "virtual_interlining": false
        },
        {
            "id": "0b7717884e940000b0a3dd47_0|0b7717884e940000b0a3dd47_1|17880b774e99000034710b09_0|17880b774e99000034710b09_1",
            "flyFrom": "BUD",
            "flyTo": "HAM",
            "cityFrom": "Budapest",
            "cityCodeFrom": "BUD",
            "cityTo": "Hamburg",
            "cityCodeTo": "HAM",
            "countryFrom": {
                "code": "HU",
                "name": "Hungary"
            },
            "countryTo": {
                "code": "DE",
                "name": "Germany"
            },
            "local_departure": "2025-01-28T17:50:00.000Z",
            "utc_departure": "2025-01-28T16:50:00.000Z",
            "local_arrival": "2025-01-28T22:20:00.000Z",
            "utc_arrival": "2025-01-28T21:20:00.000Z",
            "nightsInDest": 5,
            "quality": 311.66643,
            "distance": 949.98,
            "duration": {
                "departure": 16200,
                "return": 15600,
                "total": 31800
            },
            "price": 217,
            "conversion": {
                "EUR": 217
            },
            "fare": {
                "adults": 217,
                "children": 217,
                "infants": 217
            },
            "fare_locks": {
                "EUR": [
                    {
                        "default": false,
                        "duration": "P1D",
                        "itinerary_price_limit": 417,
                        "itinerary_price_remaining": 217,
                        "fare_lock_kind": "fee",
                        "price": 10.85,
                        "rule_instance_id": 26749,
                        "version": "v1"
                    },
                    {
                        "default": true,
                        "duration": "P3D",
                        "itinerary_price_limit": 417,
                        "itinerary_price_remaining": 217,
                        "fare_lock_kind": "fee",
                        "price": 21.7,
                        "rule_instance_id": 26748,
                        "version": "v1"
                    },
                    {
                        "default": false,
                        "duration": "P7D",
                        "itinerary_price_limit": 417,
                        "itinerary_price_remaining": 217,
                        "fare_lock_kind": "fee",
                        "price": 54.25,
                        "rule_instance_id": 26750,
                        "version": "v1"
                    }
                ]
            },
            "bags_price": {
                "1": 132.888
            },
            "baglimit": {
                "hand_dimensions_sum": 113,
                "hand_height": 35,
                "hand_length": 55,
                "hand_weight": 8,
                "hand_width": 23,
                "hold_dimensions_sum": 158,
                "hold_height": 52,
                "hold_length": 78,
                "hold_weight": 23,
                "hold_width": 28,
                "personal_item_dimension_sum": 82,
                "personal_item_height": 30,
                "personal_item_length": 40,
                "personal_item_weight": 2,
                "personal_item_width": 12
            },
            "availability": {
                "seats": 9
            },
            "airlines": [
                "KL",
                "LO"
            ],
            "route": [
                {
                    "id": "0b7717884e940000b0a3dd47_0",
                    "combination_id": "0b7717884e940000b0a3dd47",
                    "flyFrom": "BUD",
                    "flyTo": "WAW",
                    "cityFrom": "Budapest",
                    "cityCodeFrom": "BUD",
                    "cityTo": "Warsaw",
                    "cityCodeTo": "WAW",
                    "local_departure": "2025-01-28T17:50:00.000Z",
                    "utc_departure": "2025-01-28T16:50:00.000Z",
                    "local_arrival": "2025-01-28T19:10:00.000Z",
                    "utc_arrival": "2025-01-28T18:10:00.000Z",
                    "airline": "LO",
                    "flight_no": 538,
                    "operating_carrier": "LO",
                    "operating_flight_no": "538",
                    "fare_basis": "U1SAV35",
                    "fare_category": "M",
                    "fare_classes": "U",
                    "return": 0,
                    "bags_recheck_required": false,
                    "vi_connection": false,
                    "guarantee": false,
                    "equipment": null,
                    "vehicle_type": "aircraft"
                },
                {
                    "id": "0b7717884e940000b0a3dd47_1",
                    "combination_id": "0b7717884e940000b0a3dd47",
                    "flyFrom": "WAW",
                    "flyTo": "HAM",
                    "cityFrom": "Warsaw",
                    "cityCodeFrom": "WAW",
                    "cityTo": "Hamburg",
                    "cityCodeTo": "HAM",
                    "local_departure": "2025-01-28T20:35:00.000Z",
                    "utc_departure": "2025-01-28T19:35:00.000Z",
                    "local_arrival": "2025-01-28T22:20:00.000Z",
                    "utc_arrival": "2025-01-28T21:20:00.000Z",
                    "airline": "LO",
                    "flight_no": 397,
                    "operating_carrier": "LO",
                    "operating_flight_no": "397",
                    "fare_basis": "U1SAV35",
                    "fare_category": "M",
                    "fare_classes": "U",
                    "return": 0,
                    "bags_recheck_required": false,
                    "vi_connection": false,
                    "guarantee": false,
                    "equipment": null,
                    "vehicle_type": "aircraft"
                },
                {
                    "id": "17880b774e99000034710b09_0",
                    "combination_id": "17880b774e99000034710b09",
                    "flyFrom": "HAM",
                    "flyTo": "AMS",
                    "cityFrom": "Hamburg",
                    "cityCodeFrom": "HAM",
                    "cityTo": "Amsterdam",
                    "cityCodeTo": "AMS",
                    "local_departure": "2025-02-02T18:45:00.000Z",
                    "utc_departure": "2025-02-02T17:45:00.000Z",
                    "local_arrival": "2025-02-02T19:55:00.000Z",
                    "utc_arrival": "2025-02-02T18:55:00.000Z",
                    "airline": "KL",
                    "flight_no": 1758,
                    "operating_carrier": "KL",
                    "operating_flight_no": "1758",
                    "fare_basis": "",
                    "fare_category": "M",
                    "fare_classes": "",
                    "return": 1,
                    "bags_recheck_required": false,
                    "vi_connection": false,
                    "guarantee": false,
                    "equipment": null,
                    "vehicle_type": "aircraft"
                },
                {
                    "id": "17880b774e99000034710b09_1",
                    "combination_id": "17880b774e99000034710b09",
                    "flyFrom": "AMS",
                    "flyTo": "BUD",
                    "cityFrom": "Amsterdam",
                    "cityCodeFrom": "AMS",
                    "cityTo": "Budapest",
                    "cityCodeTo": "BUD",
                    "local_departure": "2025-02-02T21:05:00.000Z",
                    "utc_departure": "2025-02-02T20:05:00.000Z",
                    "local_arrival": "2025-02-02T23:05:00.000Z",
                    "utc_arrival": "2025-02-02T22:05:00.000Z",
                    "airline": "KL",
                    "flight_no": 1371,
                    "operating_carrier": "KL",
                    "operating_flight_no": "1371",
                    "fare_basis": "",
                    "fare_category": "M",
                    "fare_classes": "",
                    "return": 1,
                    "bags_recheck_required": false,
                    "vi_connection": false,
                    "guarantee": false,
                    "equipment": null,
                    "vehicle_type": "aircraft"
                }
            ],
            "booking_token": "Hg7T3QXpd6TA5QhiPOVmi7TKWbQ14V9PVjTLhZm4VYHBgzblxw3iqNto8HlfNBYbyXfbOR2fwYRMluoF8pyTxs44M7SlrRB34rycfB9yTBlNcRyQAtialKHVduMCP_ffsOUsSdf23kWe9FPqKUE7StRbD6AuTsucLdwisYH4PJa9l-pIL1i_SJfeU6skYNxm8maKNOirCvV_NDAupaRkjpZOGfDUsx1-WGol1EG0OFgWH_lAOWmFyaWWZ40zIWU9fZXmjNL-olH92LBFgi3mPf9CMxQGAXTLszvnDuDOWzx1xzagi-_JL_dlSS1E8zgLnfWFwRSXm6HQz-jJDiN3YVU9rIhfEsOyKsrwwjH1r-2_3TGceYdVSgrXaO3nmH61XkflN9ucYda0r4NzjrxfttiRaDqFuoiA7N-5O_mEzg_gCZkLVKkUysZr2aBnf8rFBOi2DJ4CyGCbBydwMFd0c04xE95REHSkAGuPnK8gNi4Ce5SKrv5S3GgMSB041JM_JIV1_Cxj6OLBTvaKMx1pRuWWfBbE8nlWuhqv4xskLddUWU_bKBtaVW95nY56e0UtE00VLHDD4Ol_srxtTNh40RTP7zHMnG-q8nEJ6sOBalNC3JAtsyi3PX-3p5zYej74ueGhTzGHdp3hNhPW_qWKWhg-vHHeA2QDAUltonVg-jygDXOfUTlnIFmqXUZBVIRARgu87fCYYxh2eAHkW_sAIbeMSdqK_-KRrAcFLAvvm3lQLcD-XsF7UR8M79a1jCOHakYnwVZt26elyEGOAocZZovAcP4qiMwUIbS5wHFrL9ZY=",
            "deep_link": "https://www.kiwi.com/deep?affilid=mihalytest&currency=EUR&flightsId=0b7717884e940000b0a3dd47_0%7C0b7717884e940000b0a3dd47_1%7C17880b774e99000034710b09_0%7C17880b774e99000034710b09_1&from=BUD&lang=en&passengers=1&to=HAM&booking_token=Hg7T3QXpd6TA5QhiPOVmi7TKWbQ14V9PVjTLhZm4VYHBgzblxw3iqNto8HlfNBYbyXfbOR2fwYRMluoF8pyTxs44M7SlrRB34rycfB9yTBlNcRyQAtialKHVduMCP_ffsOUsSdf23kWe9FPqKUE7StRbD6AuTsucLdwisYH4PJa9l-pIL1i_SJfeU6skYNxm8maKNOirCvV_NDAupaRkjpZOGfDUsx1-WGol1EG0OFgWH_lAOWmFyaWWZ40zIWU9fZXmjNL-olH92LBFgi3mPf9CMxQGAXTLszvnDuDOWzx1xzagi-_JL_dlSS1E8zgLnfWFwRSXm6HQz-jJDiN3YVU9rIhfEsOyKsrwwjH1r-2_3TGceYdVSgrXaO3nmH61XkflN9ucYda0r4NzjrxfttiRaDqFuoiA7N-5O_mEzg_gCZkLVKkUysZr2aBnf8rFBOi2DJ4CyGCbBydwMFd0c04xE95REHSkAGuPnK8gNi4Ce5SKrv5S3GgMSB041JM_JIV1_Cxj6OLBTvaKMx1pRuWWfBbE8nlWuhqv4xskLddUWU_bKBtaVW95nY56e0UtE00VLHDD4Ol_srxtTNh40RTP7zHMnG-q8nEJ6sOBalNC3JAtsyi3PX-3p5zYej74ueGhTzGHdp3hNhPW_qWKWhg-vHHeA2QDAUltonVg-jygDXOfUTlnIFmqXUZBVIRARgu87fCYYxh2eAHkW_sAIbeMSdqK_-KRrAcFLAvvm3lQLcD-XsF7UR8M79a1jCOHakYnwVZt26elyEGOAocZZovAcP4qiMwUIbS5wHFrL9ZY=",
            "facilitated_booking_available": true,
            "pnr_count": 2,
            "has_airport_change": false,
            "technical_stops": 0,
            "throw_away_ticketing": false,
            "hidden_city_ticketing": false,
            "virtual_interlining": false
        },
        {
            "id": "0b7717884e9000002baa8ab7_0|0b7717884e9000002baa8ab7_1|17880b774e9600000f0e4de1_0|17880b774e9600000f0e4de1_1",
            "flyFrom": "BUD",
            "flyTo": "HAM",
            "cityFrom": "Budapest",
            "cityCodeFrom": "BUD",
            "cityTo": "Hamburg",
            "cityCodeTo": "HAM",
            "countryFrom": {
                "code": "HU",
                "name": "Hungary"
            },
            "countryTo": {
                "code": "DE",
                "name": "Germany"
            },
            "local_departure": "2025-01-24T17:50:00.000Z",
            "utc_departure": "2025-01-24T16:50:00.000Z",
            "local_arrival": "2025-01-24T22:20:00.000Z",
            "utc_arrival": "2025-01-24T21:20:00.000Z",
            "nightsInDest": 6,
            "quality": 315.66643,
            "distance": 949.98,
            "duration": {
                "departure": 16200,
                "return": 15600,
                "total": 31800
            },
            "price": 221,
            "conversion": {
                "EUR": 221
            },
            "fare": {
                "adults": 221,
                "children": 221,
                "infants": 221
            },
            "fare_locks": {
                "EUR": [
                    {
                        "default": false,
                        "duration": "P1D",
                        "itinerary_price_limit": 421,
                        "itinerary_price_remaining": 221,
                        "fare_lock_kind": "fee",
                        "price": 11.05,
                        "rule_instance_id": 26749,
                        "version": "v1"
                    },
                    {
                        "default": true,
                        "duration": "P3D",
                        "itinerary_price_limit": 421,
                        "itinerary_price_remaining": 221,
                        "fare_lock_kind": "fee",
                        "price": 22.1,
                        "rule_instance_id": 26748,
                        "version": "v1"
                    },
                    {
                        "default": false,
                        "duration": "P7D",
                        "itinerary_price_limit": 421,
                        "itinerary_price_remaining": 221,
                        "fare_lock_kind": "fee",
                        "price": 55.25,
                        "rule_instance_id": 26750,
                        "version": "v1"
                    }
                ]
            },
            "bags_price": {
                "1": 132.888
            },
            "baglimit": {
                "hand_dimensions_sum": 113,
                "hand_height": 35,
                "hand_length": 55,
                "hand_weight": 8,
                "hand_width": 23,
                "hold_dimensions_sum": 158,
                "hold_height": 52,
                "hold_length": 78,
                "hold_weight": 23,
                "hold_width": 28,
                "personal_item_dimension_sum": 82,
                "personal_item_height": 30,
                "personal_item_length": 40,
                "personal_item_weight": 2,
                "personal_item_width": 12
            },
            "availability": {
                "seats": 9
            },
            "airlines": [
                "LO",
                "KL"
            ],
            "route": [
                {
                    "id": "0b7717884e9000002baa8ab7_0",
                    "combination_id": "0b7717884e9000002baa8ab7",
                    "flyFrom": "BUD",
                    "flyTo": "WAW",
                    "cityFrom": "Budapest",
                    "cityCodeFrom": "BUD",
                    "cityTo": "Warsaw",
                    "cityCodeTo": "WAW",
                    "local_departure": "2025-01-24T17:50:00.000Z",
                    "utc_departure": "2025-01-24T16:50:00.000Z",
                    "local_arrival": "2025-01-24T19:10:00.000Z",
                    "utc_arrival": "2025-01-24T18:10:00.000Z",
                    "airline": "LO",
                    "flight_no": 538,
                    "operating_carrier": "LO",
                    "operating_flight_no": "538",
                    "fare_basis": "U1SAV35",
                    "fare_category": "M",
                    "fare_classes": "U",
                    "return": 0,
                    "bags_recheck_required": false,
                    "vi_connection": false,
                    "guarantee": false,
                    "equipment": null,
                    "vehicle_type": "aircraft"
                },
                {
                    "id": "0b7717884e9000002baa8ab7_1",
                    "combination_id": "0b7717884e9000002baa8ab7",
                    "flyFrom": "WAW",
                    "flyTo": "HAM",
                    "cityFrom": "Warsaw",
                    "cityCodeFrom": "WAW",
                    "cityTo": "Hamburg",
                    "cityCodeTo": "HAM",
                    "local_departure": "2025-01-24T20:35:00.000Z",
                    "utc_departure": "2025-01-24T19:35:00.000Z",
                    "local_arrival": "2025-01-24T22:20:00.000Z",
                    "utc_arrival": "2025-01-24T21:20:00.000Z",
                    "airline": "LO",
                    "flight_no": 397,
                    "operating_carrier": "LO",
                    "operating_flight_no": "397",
                    "fare_basis": "U1SAV35",
                    "fare_category": "M",
                    "fare_classes": "U",
                    "return": 0,
                    "bags_recheck_required": false,
                    "vi_connection": false,
                    "guarantee": false,
                    "equipment": null,
                    "vehicle_type": "aircraft"
                },
                {
                    "id": "17880b774e9600000f0e4de1_0",
                    "combination_id": "17880b774e9600000f0e4de1",
                    "flyFrom": "HAM",
                    "flyTo": "AMS",
                    "cityFrom": "Hamburg",
                    "cityCodeFrom": "HAM",
                    "cityTo": "Amsterdam",
                    "cityCodeTo": "AMS",
                    "local_departure": "2025-01-30T18:45:00.000Z",
                    "utc_departure": "2025-01-30T17:45:00.000Z",
                    "local_arrival": "2025-01-30T19:55:00.000Z",
                    "utc_arrival": "2025-01-30T18:55:00.000Z",
                    "airline": "KL",
                    "flight_no": 1758,
                    "operating_carrier": "KL",
                    "operating_flight_no": "1758",
                    "fare_basis": "",
                    "fare_category": "M",
                    "fare_classes": "",
                    "return": 1,
                    "bags_recheck_required": false,
                    "vi_connection": false,
                    "guarantee": false,
                    "equipment": null,
                    "vehicle_type": "aircraft"
                },
                {
                    "id": "17880b774e9600000f0e4de1_1",
                    "combination_id": "17880b774e9600000f0e4de1",
                    "flyFrom": "AMS",
                    "flyTo": "BUD",
                    "cityFrom": "Amsterdam",
                    "cityCodeFrom": "AMS",
                    "cityTo": "Budapest",
                    "cityCodeTo": "BUD",
                    "local_departure": "2025-01-30T21:05:00.000Z",
                    "utc_departure": "2025-01-30T20:05:00.000Z",
                    "local_arrival": "2025-01-30T23:05:00.000Z",
                    "utc_arrival": "2025-01-30T22:05:00.000Z",
                    "airline": "KL",
                    "flight_no": 1371,
                    "operating_carrier": "KL",
                    "operating_flight_no": "1371",
                    "fare_basis": "",
                    "fare_category": "M",
                    "fare_classes": "",
                    "return": 1,
                    "bags_recheck_required": false,
                    "vi_connection": false,
                    "guarantee": false,
                    "equipment": null,
                    "vehicle_type": "aircraft"
                }
            ],
            "booking_token": "H_jsoUPm-2-wJzJEfEYFrtQ_m7J6kRp_lcebhfpKAjmalZwL4o3Se9IWqcbtvFwh241Sbj0B0FXzjgYC1mjO4tBkdHjyFmyTRbIIyD-Vr1Um9vLxs-Q07vnXZTJLmIgBbt-hCvYs-icoiTOUpxtx-xn4SkeB_tyfJJriRHzTuI1fJyyWWA1DAgagbAj0J-gCbexVuLC1C6enmH6a7drLWi3SOVLjyAlhyrVziEXRzC8NDiXCU2IOz1Ze8FGlnF5eZMzJiVkIrqtuH-leRSyN8D4Zqyp_mAPbMf1dyxEpkvu2bs31oh3wSwpO20d6iw1oZZGotDbcz98QYzDWrXf6B2cUNRZv5-KV74KxBXXrZ7LKQX_BfXD8vaMBEJTRW1S6n150j66ig744FPrfv4-gOjUoTlHiKG4-6ERZnL_BdOnCGSCv1FpaljEWu_93Z5UOiSrqsRvGdZASASJ9LzymVUwyD2YZHNA9IHCAHcFVX8fM9l26Fnp_3ibM1SlGn0m5FemJQ32A_LB5Fv4CNA_Ncexe-eyT2hDUC1SxEf6ZWE_zOeepqAKEUvPrT5cx6qT_d7uPHZecyDt3N4D_BoRMfiv6nOTt0YytCYh1fdF8paRm_8aMcEzph7ovUDftAAjoaqNbrFZW5WHS5yRIPF6TUlWGIAgMes3wqXkJJm33Cy6SDWxzAmq_15wvnzLTwxsdVoAst3pLG-zTcdaDDeprn2kQd5MmM6TKMoqbJTuOkMxoGl9oqngSlkfVgj33MWJeyqRSRg-7WkF3fc3VlPWmsstUK6mCb3R0gbtvwF9m7uch0hbCPQCNR_stC90iVWo-C",
            "deep_link": "https://www.kiwi.com/deep?affilid=mihalytest&currency=EUR&flightsId=0b7717884e9000002baa8ab7_0%7C0b7717884e9000002baa8ab7_1%7C17880b774e9600000f0e4de1_0%7C17880b774e9600000f0e4de1_1&from=BUD&lang=en&passengers=1&to=HAM&booking_token=H_jsoUPm-2-wJzJEfEYFrtQ_m7J6kRp_lcebhfpKAjmalZwL4o3Se9IWqcbtvFwh241Sbj0B0FXzjgYC1mjO4tBkdHjyFmyTRbIIyD-Vr1Um9vLxs-Q07vnXZTJLmIgBbt-hCvYs-icoiTOUpxtx-xn4SkeB_tyfJJriRHzTuI1fJyyWWA1DAgagbAj0J-gCbexVuLC1C6enmH6a7drLWi3SOVLjyAlhyrVziEXRzC8NDiXCU2IOz1Ze8FGlnF5eZMzJiVkIrqtuH-leRSyN8D4Zqyp_mAPbMf1dyxEpkvu2bs31oh3wSwpO20d6iw1oZZGotDbcz98QYzDWrXf6B2cUNRZv5-KV74KxBXXrZ7LKQX_BfXD8vaMBEJTRW1S6n150j66ig744FPrfv4-gOjUoTlHiKG4-6ERZnL_BdOnCGSCv1FpaljEWu_93Z5UOiSrqsRvGdZASASJ9LzymVUwyD2YZHNA9IHCAHcFVX8fM9l26Fnp_3ibM1SlGn0m5FemJQ32A_LB5Fv4CNA_Ncexe-eyT2hDUC1SxEf6ZWE_zOeepqAKEUvPrT5cx6qT_d7uPHZecyDt3N4D_BoRMfiv6nOTt0YytCYh1fdF8paRm_8aMcEzph7ovUDftAAjoaqNbrFZW5WHS5yRIPF6TUlWGIAgMes3wqXkJJm33Cy6SDWxzAmq_15wvnzLTwxsdVoAst3pLG-zTcdaDDeprn2kQd5MmM6TKMoqbJTuOkMxoGl9oqngSlkfVgj33MWJeyqRSRg-7WkF3fc3VlPWmsstUK6mCb3R0gbtvwF9m7uch0hbCPQCNR_stC90iVWo-C",
            "facilitated_booking_available": true,
            "pnr_count": 2,
            "has_airport_change": false,
            "technical_stops": 0,
            "throw_away_ticketing": false,
            "hidden_city_ticketing": false,
            "virtual_interlining": false
        },
        {
            "id": "0b7717884e8f00000a88f80f_0|0b7717884e8f00000a88f80f_1|17880b774e930000b20ee059_0|17880b774e930000b20ee059_1",
            "flyFrom": "BUD",
            "flyTo": "HAM",
            "cityFrom": "Budapest",
            "cityCodeFrom": "BUD",
            "cityTo": "Hamburg",
            "cityCodeTo": "HAM",
            "countryFrom": {
                "code": "HU",
                "name": "Hungary"
            },
            "countryTo": {
                "code": "DE",
                "name": "Germany"
            },
            "local_departure": "2025-01-23T17:50:00.000Z",
            "utc_departure": "2025-01-23T16:50:00.000Z",
            "local_arrival": "2025-01-23T22:20:00.000Z",
            "utc_arrival": "2025-01-23T21:20:00.000Z",
            "nightsInDest": 4,
            "quality": 315.66643,
            "distance": 949.98,
            "duration": {
                "departure": 16200,
                "return": 15600,
                "total": 31800
            },
            "price": 221,
            "conversion": {
                "EUR": 221
            },
            "fare": {
                "adults": 221,
                "children": 221,
                "infants": 221
            },
            "fare_locks": {
                "EUR": [
                    {
                        "default": false,
                        "duration": "P1D",
                        "itinerary_price_limit": 421,
                        "itinerary_price_remaining": 221,
                        "fare_lock_kind": "fee",
                        "price": 11.05,
                        "rule_instance_id": 26749,
                        "version": "v1"
                    },
                    {
                        "default": true,
                        "duration": "P3D",
                        "itinerary_price_limit": 421,
                        "itinerary_price_remaining": 221,
                        "fare_lock_kind": "fee",
                        "price": 22.1,
                        "rule_instance_id": 26748,
                        "version": "v1"
                    },
                    {
                        "default": false,
                        "duration": "P7D",
                        "itinerary_price_limit": 421,
                        "itinerary_price_remaining": 221,
                        "fare_lock_kind": "fee",
                        "price": 55.25,
                        "rule_instance_id": 26750,
                        "version": "v1"
                    }
                ]
            },
            "bags_price": {
                "1": 132.888
            },
            "baglimit": {
                "hand_dimensions_sum": 113,
                "hand_height": 35,
                "hand_length": 55,
                "hand_weight": 8,
                "hand_width": 23,
                "hold_dimensions_sum": 158,
                "hold_height": 52,
                "hold_length": 78,
                "hold_weight": 23,
                "hold_width": 28,
                "personal_item_dimension_sum": 82,
                "personal_item_height": 30,
                "personal_item_length": 40,
                "personal_item_weight": 2,
                "personal_item_width": 12
            },
            "availability": {
                "seats": 3
            },
            "airlines": [
                "LO",
                "KL"
            ],
            "route": [
                {
                    "id": "0b7717884e8f00000a88f80f_0",
                    "combination_id": "0b7717884e8f00000a88f80f",
                    "flyFrom": "BUD",
                    "flyTo": "WAW",
                    "cityFrom": "Budapest",
                    "cityCodeFrom": "BUD",
                    "cityTo": "Warsaw",
                    "cityCodeTo": "WAW",
                    "local_departure": "2025-01-23T17:50:00.000Z",
                    "utc_departure": "2025-01-23T16:50:00.000Z",
                    "local_arrival": "2025-01-23T19:10:00.000Z",
                    "utc_arrival": "2025-01-23T18:10:00.000Z",
                    "airline": "LO",
                    "flight_no": 538,
                    "operating_carrier": "LO",
                    "operating_flight_no": "538",
                    "fare_basis": "U1SAV35",
                    "fare_category": "M",
                    "fare_classes": "U",
                    "return": 0,
                    "bags_recheck_required": false,
                    "vi_connection": false,
                    "guarantee": false,
                    "equipment": null,
                    "vehicle_type": "aircraft"
                },
                {
                    "id": "0b7717884e8f00000a88f80f_1",
                    "combination_id": "0b7717884e8f00000a88f80f",
                    "flyFrom": "WAW",
                    "flyTo": "HAM",
                    "cityFrom": "Warsaw",
                    "cityCodeFrom": "WAW",
                    "cityTo": "Hamburg",
                    "cityCodeTo": "HAM",
                    "local_departure": "2025-01-23T20:35:00.000Z",
                    "utc_departure": "2025-01-23T19:35:00.000Z",
                    "local_arrival": "2025-01-23T22:20:00.000Z",
                    "utc_arrival": "2025-01-23T21:20:00.000Z",
                    "airline": "LO",
                    "flight_no": 397,
                    "operating_carrier": "LO",
                    "operating_flight_no": "397",
                    "fare_basis": "U1SAV35",
                    "fare_category": "M",
                    "fare_classes": "U",
                    "return": 0,
                    "bags_recheck_required": false,
                    "vi_connection": false,
                    "guarantee": false,
                    "equipment": null,
                    "vehicle_type": "aircraft"
                },
                {
                    "id": "17880b774e930000b20ee059_0",
                    "combination_id": "17880b774e930000b20ee059",
                    "flyFrom": "HAM",
                    "flyTo": "AMS",
                    "cityFrom": "Hamburg",
                    "cityCodeFrom": "HAM",
                    "cityTo": "Amsterdam",
                    "cityCodeTo": "AMS",
                    "local_departure": "2025-01-27T18:45:00.000Z",
                    "utc_departure": "2025-01-27T17:45:00.000Z",
                    "local_arrival": "2025-01-27T19:55:00.000Z",
                    "utc_arrival": "2025-01-27T18:55:00.000Z",
                    "airline": "KL",
                    "flight_no": 1758,
                    "operating_carrier": "KL",
                    "operating_flight_no": "1758",
                    "fare_basis": "",
                    "fare_category": "M",
                    "fare_classes": "",
                    "return": 1,
                    "bags_recheck_required": false,
                    "vi_connection": false,
                    "guarantee": false,
                    "equipment": null,
                    "vehicle_type": "aircraft"
                },
                {
                    "id": "17880b774e930000b20ee059_1",
                    "combination_id": "17880b774e930000b20ee059",
                    "flyFrom": "AMS",
                    "flyTo": "BUD",
                    "cityFrom": "Amsterdam",
                    "cityCodeFrom": "AMS",
                    "cityTo": "Budapest",
                    "cityCodeTo": "BUD",
                    "local_departure": "2025-01-27T21:05:00.000Z",
                    "utc_departure": "2025-01-27T20:05:00.000Z",
                    "local_arrival": "2025-01-27T23:05:00.000Z",
                    "utc_arrival": "2025-01-27T22:05:00.000Z",
                    "airline": "KL",
                    "flight_no": 1371,
                    "operating_carrier": "KL",
                    "operating_flight_no": "1371",
                    "fare_basis": "",
                    "fare_category": "M",
                    "fare_classes": "",
                    "return": 1,
                    "bags_recheck_required": false,
                    "vi_connection": false,
                    "guarantee": false,
                    "equipment": null,
                    "vehicle_type": "aircraft"
                }
            ],
            "booking_token": "HA8zulJHnGhDV7lAIYlHvwCLE_tiwMx_18ErHEURzBUYOKbuHtscWk4-vQF4-jIUdahLq8BZfPnBDe3WGBMJdgB8eV5vfZotmV6KsJoBD9VvveRvH9spU3jLjV4geYK99rRmJf4ywH2UhdV6c5oloZ4eiGHMN5Cn-vQ3PBuScxPD8DO5hdcpUSqfIn4DC-8aFtJm32Zn3WK0glE3Fgw2T3vMcYm6VTyNwlmveg0-rv2hQqmWMwOlkBnPgB5fvPH2VUWz6Mcop9qeALq5fCFSyAd4eQYE1uIsf-BwBhFa02rXPmTQQ5o7DO8xOgYn1la75o5Lj1dP10faMibmg3im-7cOxk83SGf62QOWx1lAC6O1l9hp09jbznja_CNBb8aB_gktTR0kXXGGWe3gfZEC-6WF_qPCD2To58BUlNMIK7vP-yTLgmzqgZvqt2Ektz2XxRrN4zLsjTB_B8yB1sYuzi6XNpTCAiPI5uh4ECtaSC7O_m8Fj2azJEEPWMcgwrD4NSZWouMzn5wbGkGhHBOhbv7kfmmu5FLQdhRxTZfrtNtksKlhhZ5KNNOGs13cyz30pkrmrWsTPwUczLyQ6G1z3kn00oNwmZfh5GijbzHdkjHLGpcV1ZoKBkjqJLeLC9K6FXDsY77D4PlQmZpYz8KqsVNcnTCVCM_bWYlHO6am24Q2bs4sT0VrLcrJW07Ta33DeWMiGiEmfrpqO93v3sPXv_F408nNTAY8MFiaQi5dSQz6UenOdrx-oXWIe0sOsxTUAvmAYt6G_ojBaWVb6MfYrmjoxJzXARUgxZRkA79hAQxYO_sQ2PRI-_gOUMHEgJMEf",
            "deep_link": "https://www.kiwi.com/deep?affilid=mihalytest&currency=EUR&flightsId=0b7717884e8f00000a88f80f_0%7C0b7717884e8f00000a88f80f_1%7C17880b774e930000b20ee059_0%7C17880b774e930000b20ee059_1&from=BUD&lang=en&passengers=1&to=HAM&booking_token=HA8zulJHnGhDV7lAIYlHvwCLE_tiwMx_18ErHEURzBUYOKbuHtscWk4-vQF4-jIUdahLq8BZfPnBDe3WGBMJdgB8eV5vfZotmV6KsJoBD9VvveRvH9spU3jLjV4geYK99rRmJf4ywH2UhdV6c5oloZ4eiGHMN5Cn-vQ3PBuScxPD8DO5hdcpUSqfIn4DC-8aFtJm32Zn3WK0glE3Fgw2T3vMcYm6VTyNwlmveg0-rv2hQqmWMwOlkBnPgB5fvPH2VUWz6Mcop9qeALq5fCFSyAd4eQYE1uIsf-BwBhFa02rXPmTQQ5o7DO8xOgYn1la75o5Lj1dP10faMibmg3im-7cOxk83SGf62QOWx1lAC6O1l9hp09jbznja_CNBb8aB_gktTR0kXXGGWe3gfZEC-6WF_qPCD2To58BUlNMIK7vP-yTLgmzqgZvqt2Ektz2XxRrN4zLsjTB_B8yB1sYuzi6XNpTCAiPI5uh4ECtaSC7O_m8Fj2azJEEPWMcgwrD4NSZWouMzn5wbGkGhHBOhbv7kfmmu5FLQdhRxTZfrtNtksKlhhZ5KNNOGs13cyz30pkrmrWsTPwUczLyQ6G1z3kn00oNwmZfh5GijbzHdkjHLGpcV1ZoKBkjqJLeLC9K6FXDsY77D4PlQmZpYz8KqsVNcnTCVCM_bWYlHO6am24Q2bs4sT0VrLcrJW07Ta33DeWMiGiEmfrpqO93v3sPXv_F408nNTAY8MFiaQi5dSQz6UenOdrx-oXWIe0sOsxTUAvmAYt6G_ojBaWVb6MfYrmjoxJzXARUgxZRkA79hAQxYO_sQ2PRI-_gOUMHEgJMEf",
            "facilitated_booking_available": true,
            "pnr_count": 2,
            "has_airport_change": false,
            "technical_stops": 0,
            "throw_away_ticketing": false,
            "hidden_city_ticketing": false,
            "virtual_interlining": false
        },
        {
            "id": "0b7717884e9000002baa8ab7_0|0b7717884e9000002baa8ab7_1|17880b774e930000b20ee059_0|17880b774e930000b20ee059_1",
            "flyFrom": "BUD",
            "flyTo": "HAM",
            "cityFrom": "Budapest",
            "cityCodeFrom": "BUD",
            "cityTo": "Hamburg",
            "cityCodeTo": "HAM",
            "countryFrom": {
                "code": "HU",
                "name": "Hungary"
            },
            "countryTo": {
                "code": "DE",
                "name": "Germany"
            },
            "local_departure": "2025-01-24T17:50:00.000Z",
            "utc_departure": "2025-01-24T16:50:00.000Z",
            "local_arrival": "2025-01-24T22:20:00.000Z",
            "utc_arrival": "2025-01-24T21:20:00.000Z",
            "nightsInDest": 3,
            "quality": 315.66643,
            "distance": 949.98,
            "duration": {
                "departure": 16200,
                "return": 15600,
                "total": 31800
            },
            "price": 221,
            "conversion": {
                "EUR": 221
            },
            "fare": {
                "adults": 221,
                "children": 221,
                "infants": 221
            },
            "fare_locks": {
                "EUR": [
                    {
                        "default": false,
                        "duration": "P1D",
                        "itinerary_price_limit": 421,
                        "itinerary_price_remaining": 221,
                        "fare_lock_kind": "fee",
                        "price": 11.05,
                        "rule_instance_id": 26749,
                        "version": "v1"
                    },
                    {
                        "default": true,
                        "duration": "P3D",
                        "itinerary_price_limit": 421,
                        "itinerary_price_remaining": 221,
                        "fare_lock_kind": "fee",
                        "price": 22.1,
                        "rule_instance_id": 26748,
                        "version": "v1"
                    },
                    {
                        "default": false,
                        "duration": "P7D",
                        "itinerary_price_limit": 421,
                        "itinerary_price_remaining": 221,
                        "fare_lock_kind": "fee",
                        "price": 55.25,
                        "rule_instance_id": 26750,
                        "version": "v1"
                    }
                ]
            },
            "bags_price": {
                "1": 132.888
            },
            "baglimit": {
                "hand_dimensions_sum": 113,
                "hand_height": 35,
                "hand_length": 55,
                "hand_weight": 8,
                "hand_width": 23,
                "hold_dimensions_sum": 158,
                "hold_height": 52,
                "hold_length": 78,
                "hold_weight": 23,
                "hold_width": 28,
                "personal_item_dimension_sum": 82,
                "personal_item_height": 30,
                "personal_item_length": 40,
                "personal_item_weight": 2,
                "personal_item_width": 12
            },
            "availability": {
                "seats": 9
            },
            "airlines": [
                "KL",
                "LO"
            ],
            "route": [
                {
                    "id": "0b7717884e9000002baa8ab7_0",
                    "combination_id": "0b7717884e9000002baa8ab7",
                    "flyFrom": "BUD",
                    "flyTo": "WAW",
                    "cityFrom": "Budapest",
                    "cityCodeFrom": "BUD",
                    "cityTo": "Warsaw",
                    "cityCodeTo": "WAW",
                    "local_departure": "2025-01-24T17:50:00.000Z",
                    "utc_departure": "2025-01-24T16:50:00.000Z",
                    "local_arrival": "2025-01-24T19:10:00.000Z",
                    "utc_arrival": "2025-01-24T18:10:00.000Z",
                    "airline": "LO",
                    "flight_no": 538,
                    "operating_carrier": "LO",
                    "operating_flight_no": "538",
                    "fare_basis": "U1SAV35",
                    "fare_category": "M",
                    "fare_classes": "U",
                    "return": 0,
                    "bags_recheck_required": false,
                    "vi_connection": false,
                    "guarantee": false,
                    "equipment": null,
                    "vehicle_type": "aircraft"
                },
                {
                    "id": "0b7717884e9000002baa8ab7_1",
                    "combination_id": "0b7717884e9000002baa8ab7",
                    "flyFrom": "WAW",
                    "flyTo": "HAM",
                    "cityFrom": "Warsaw",
                    "cityCodeFrom": "WAW",
                    "cityTo": "Hamburg",
                    "cityCodeTo": "HAM",
                    "local_departure": "2025-01-24T20:35:00.000Z",
                    "utc_departure": "2025-01-24T19:35:00.000Z",
                    "local_arrival": "2025-01-24T22:20:00.000Z",
                    "utc_arrival": "2025-01-24T21:20:00.000Z",
                    "airline": "LO",
                    "flight_no": 397,
                    "operating_carrier": "LO",
                    "operating_flight_no": "397",
                    "fare_basis": "U1SAV35",
                    "fare_category": "M",
                    "fare_classes": "U",
                    "return": 0,
                    "bags_recheck_required": false,
                    "vi_connection": false,
                    "guarantee": false,
                    "equipment": null,
                    "vehicle_type": "aircraft"
                },
                {
                    "id": "17880b774e930000b20ee059_0",
                    "combination_id": "17880b774e930000b20ee059",
                    "flyFrom": "HAM",
                    "flyTo": "AMS",
                    "cityFrom": "Hamburg",
                    "cityCodeFrom": "HAM",
                    "cityTo": "Amsterdam",
                    "cityCodeTo": "AMS",
                    "local_departure": "2025-01-27T18:45:00.000Z",
                    "utc_departure": "2025-01-27T17:45:00.000Z",
                    "local_arrival": "2025-01-27T19:55:00.000Z",
                    "utc_arrival": "2025-01-27T18:55:00.000Z",
                    "airline": "KL",
                    "flight_no": 1758,
                    "operating_carrier": "KL",
                    "operating_flight_no": "1758",
                    "fare_basis": "",
                    "fare_category": "M",
                    "fare_classes": "",
                    "return": 1,
                    "bags_recheck_required": false,
                    "vi_connection": false,
                    "guarantee": false,
                    "equipment": null,
                    "vehicle_type": "aircraft"
                },
                {
                    "id": "17880b774e930000b20ee059_1",
                    "combination_id": "17880b774e930000b20ee059",
                    "flyFrom": "AMS",
                    "flyTo": "BUD",
                    "cityFrom": "Amsterdam",
                    "cityCodeFrom": "AMS",
                    "cityTo": "Budapest",
                    "cityCodeTo": "BUD",
                    "local_departure": "2025-01-27T21:05:00.000Z",
                    "utc_departure": "2025-01-27T20:05:00.000Z",
                    "local_arrival": "2025-01-27T23:05:00.000Z",
                    "utc_arrival": "2025-01-27T22:05:00.000Z",
                    "airline": "KL",
                    "flight_no": 1371,
                    "operating_carrier": "KL",
                    "operating_flight_no": "1371",
                    "fare_basis": "",
                    "fare_category": "M",
                    "fare_classes": "",
                    "return": 1,
                    "bags_recheck_required": false,
                    "vi_connection": false,
                    "guarantee": false,
                    "equipment": null,
                    "vehicle_type": "aircraft"
                }
            ],
            "booking_token": "HzWHXRNGRBUh9bIRbvT8qti_jOLBPoy4Vw1Ks9VqJyCgR_RDq8gKBMtmJETHrwxjMxYr3RSRGjvjJj12l3pjt55d0VipSl0BDpcF3qukBP5xuXoBP-EEPioscZQSd2NcUQVr8hVb8ePMyMwR6aKNQBlOWxLdV5KJAWFBGe8cOSakK2QAWDTDkUtSi16rPgnA2QlyXOA2JjEBQmAnjjjPfNAhFgnUhX_7eAwL3lepyryU8r7nduDLAxxy_WnDHu4Bv65lRJaZMHOHN9ZkUvjZ3x8s53u0ZNXhj-YpqzguovBgtrQzhDJbwu81GL4ZMJbII33LYI_GBGcp68eyuSZbOBsTAcP04T3gHgWS5gkS4t4zDriiYer86JDDB2VPTtFP9LryJJMZQe7C-dwMe6-GS3XJwzmibv6nNCG7Bq-kITJJTU331l2wqxN1MCBWaKsCQ3suKqWdywbWMc_2hI-nan1YRMshp25pH8ZAnlsyOUFQBynQxy42nqJTNUGoISSr9F2Zm5tfx9fxK2gk_Wqvtkdg2aJRMLQmRAyS_MkJ84nrtFhU0ztXy45lH4izEZgqnK8Vumx9LHEEasSzmRalKxKqykudVDu2iv8i_xIRtZ8etBTmWqKTiXlDUBZF4tHBa5MwDDaNq9ZUDY_hXsAiTWFMBSpnUgye99ANXwZQcWOdNo8T_o5kT9uij0-RcrSCijeispc0RqRl_YBVMPO1ep_FlESHyDDmnF6Wx9hhQjPOcqqoUAxFuncp4UO4zm04W93b5CBrI1-U0Kv6Ql2FGfpuZNQz-WurDmVTTXRIffRpaX0ItdYtM6bAlYkFYGDhd",
            "deep_link": "https://www.kiwi.com/deep?affilid=mihalytest&currency=EUR&flightsId=0b7717884e9000002baa8ab7_0%7C0b7717884e9000002baa8ab7_1%7C17880b774e930000b20ee059_0%7C17880b774e930000b20ee059_1&from=BUD&lang=en&passengers=1&to=HAM&booking_token=HzWHXRNGRBUh9bIRbvT8qti_jOLBPoy4Vw1Ks9VqJyCgR_RDq8gKBMtmJETHrwxjMxYr3RSRGjvjJj12l3pjt55d0VipSl0BDpcF3qukBP5xuXoBP-EEPioscZQSd2NcUQVr8hVb8ePMyMwR6aKNQBlOWxLdV5KJAWFBGe8cOSakK2QAWDTDkUtSi16rPgnA2QlyXOA2JjEBQmAnjjjPfNAhFgnUhX_7eAwL3lepyryU8r7nduDLAxxy_WnDHu4Bv65lRJaZMHOHN9ZkUvjZ3x8s53u0ZNXhj-YpqzguovBgtrQzhDJbwu81GL4ZMJbII33LYI_GBGcp68eyuSZbOBsTAcP04T3gHgWS5gkS4t4zDriiYer86JDDB2VPTtFP9LryJJMZQe7C-dwMe6-GS3XJwzmibv6nNCG7Bq-kITJJTU331l2wqxN1MCBWaKsCQ3suKqWdywbWMc_2hI-nan1YRMshp25pH8ZAnlsyOUFQBynQxy42nqJTNUGoISSr9F2Zm5tfx9fxK2gk_Wqvtkdg2aJRMLQmRAyS_MkJ84nrtFhU0ztXy45lH4izEZgqnK8Vumx9LHEEasSzmRalKxKqykudVDu2iv8i_xIRtZ8etBTmWqKTiXlDUBZF4tHBa5MwDDaNq9ZUDY_hXsAiTWFMBSpnUgye99ANXwZQcWOdNo8T_o5kT9uij0-RcrSCijeispc0RqRl_YBVMPO1ep_FlESHyDDmnF6Wx9hhQjPOcqqoUAxFuncp4UO4zm04W93b5CBrI1-U0Kv6Ql2FGfpuZNQz-WurDmVTTXRIffRpaX0ItdYtM6bAlYkFYGDhd",
            "facilitated_booking_available": true,
            "pnr_count": 2,
            "has_airport_change": false,
            "technical_stops": 0,
            "throw_away_ticketing": false,
            "hidden_city_ticketing": false,
            "virtual_interlining": false
        },
        {
            "id": "0b7717884dfb4dfea99350b7_0|0b7717884dfb4dfea99350b7_1|0b7717884dfb4dfea99350b7_2|0b7717884dfb4dfea99350b7_3",
            "flyFrom": "BUD",
            "flyTo": "HAM",
            "cityFrom": "Budapest",
            "cityCodeFrom": "BUD",
            "cityTo": "Hamburg",
            "cityCodeTo": "HAM",
            "countryFrom": {
                "code": "HU",
                "name": "Hungary"
            },
            "countryTo": {
                "code": "DE",
                "name": "Germany"
            },
            "local_departure": "2024-08-28T11:20:00.000Z",
            "utc_departure": "2024-08-28T09:20:00.000Z",
            "local_arrival": "2024-08-28T14:10:00.000Z",
            "utc_arrival": "2024-08-28T12:10:00.000Z",
            "nightsInDest": 3,
            "quality": 297.99982,
            "distance": 949.98,
            "duration": {
                "departure": 10200,
                "return": 11400,
                "total": 21600
            },
            "price": 226,
            "conversion": {
                "EUR": 226
            },
            "fare": {
                "adults": 226,
                "children": 226,
                "infants": 226
            },
            "fare_locks": {
                "EUR": [
                    {
                        "default": false,
                        "duration": "P1D",
                        "itinerary_price_limit": 426,
                        "itinerary_price_remaining": 226,
                        "fare_lock_kind": "fee",
                        "price": 11.3,
                        "rule_instance_id": 26749,
                        "version": "v1"
                    },
                    {
                        "default": true,
                        "duration": "P3D",
                        "itinerary_price_limit": 426,
                        "itinerary_price_remaining": 226,
                        "fare_lock_kind": "fee",
                        "price": 22.6,
                        "rule_instance_id": 26748,
                        "version": "v1"
                    },
                    {
                        "default": false,
                        "duration": "P7D",
                        "itinerary_price_limit": 426,
                        "itinerary_price_remaining": 226,
                        "fare_lock_kind": "fee",
                        "price": 56.5,
                        "rule_instance_id": 26750,
                        "version": "v1"
                    }
                ]
            },
            "bags_price": {
                "1": 112,
                "2": 291.2
            },
            "baglimit": {
                "hand_dimensions_sum": 118,
                "hand_height": 40,
                "hand_length": 55,
                "hand_weight": 8,
                "hand_width": 23,
                "hold_dimensions_sum": 158,
                "hold_height": 52,
                "hold_length": 78,
                "hold_weight": 23,
                "hold_width": 28,
                "personal_item_dimension_sum": 80,
                "personal_item_height": 30,
                "personal_item_length": 40,
                "personal_item_weight": 3,
                "personal_item_width": 10
            },
            "availability": {
                "seats": null
            },
            "airlines": [
                "OS"
            ],
            "route": [
                {
                    "id": "0b7717884dfb4dfea99350b7_0",
                    "combination_id": "0b7717884dfb4dfea99350b7",
                    "flyFrom": "BUD",
                    "flyTo": "VIE",
                    "cityFrom": "Budapest",
                    "cityCodeFrom": "BUD",
                    "cityTo": "Vienna",
                    "cityCodeTo": "VIE",
                    "local_departure": "2024-08-28T11:20:00.000Z",
                    "utc_departure": "2024-08-28T09:20:00.000Z",
                    "local_arrival": "2024-08-28T12:05:00.000Z",
                    "utc_arrival": "2024-08-28T10:05:00.000Z",
                    "airline": "OS",
                    "flight_no": 714,
                    "operating_carrier": "OS",
                    "operating_flight_no": "714",
                    "fare_basis": "LETLGTU4",
                    "fare_category": "M",
                    "fare_classes": "L",
                    "return": 0,
                    "bags_recheck_required": false,
                    "vi_connection": false,
                    "guarantee": false,
                    "equipment": null,
                    "vehicle_type": "aircraft"
                },
                {
                    "id": "0b7717884dfb4dfea99350b7_1",
                    "combination_id": "0b7717884dfb4dfea99350b7",
                    "flyFrom": "VIE",
                    "flyTo": "HAM",
                    "cityFrom": "Vienna",
                    "cityCodeFrom": "VIE",
                    "cityTo": "Hamburg",
                    "cityCodeTo": "HAM",
                    "local_departure": "2024-08-28T12:35:00.000Z",
                    "utc_departure": "2024-08-28T10:35:00.000Z",
                    "local_arrival": "2024-08-28T14:10:00.000Z",
                    "utc_arrival": "2024-08-28T12:10:00.000Z",
                    "airline": "OS",
                    "flight_no": 173,
                    "operating_carrier": "OS",
                    "operating_flight_no": "173",
                    "fare_basis": "LETLGTU4",
                    "fare_category": "M",
                    "fare_classes": "L",
                    "return": 0,
                    "bags_recheck_required": false,
                    "vi_connection": false,
                    "guarantee": false,
                    "equipment": null,
                    "vehicle_type": "aircraft"
                },
                {
                    "id": "0b7717884dfb4dfea99350b7_2",
                    "combination_id": "0b7717884dfb4dfea99350b7",
                    "flyFrom": "HAM",
                    "flyTo": "VIE",
                    "cityFrom": "Hamburg",
                    "cityCodeFrom": "HAM",
                    "cityTo": "Vienna",
                    "cityCodeTo": "VIE",
                    "local_departure": "2024-08-31T07:30:00.000Z",
                    "utc_departure": "2024-08-31T05:30:00.000Z",
                    "local_arrival": "2024-08-31T09:00:00.000Z",
                    "utc_arrival": "2024-08-31T07:00:00.000Z",
                    "airline": "OS",
                    "flight_no": 168,
                    "operating_carrier": "OS",
                    "operating_flight_no": "168",
                    "fare_basis": "LETLGTU4",
                    "fare_category": "M",
                    "fare_classes": "L",
                    "return": 1,
                    "bags_recheck_required": false,
                    "vi_connection": false,
                    "guarantee": false,
                    "equipment": null,
                    "vehicle_type": "aircraft"
                },
                {
                    "id": "0b7717884dfb4dfea99350b7_3",
                    "combination_id": "0b7717884dfb4dfea99350b7",
                    "flyFrom": "VIE",
                    "flyTo": "BUD",
                    "cityFrom": "Vienna",
                    "cityCodeFrom": "VIE",
                    "cityTo": "Budapest",
                    "cityCodeTo": "BUD",
                    "local_departure": "2024-08-31T09:55:00.000Z",
                    "utc_departure": "2024-08-31T07:55:00.000Z",
                    "local_arrival": "2024-08-31T10:40:00.000Z",
                    "utc_arrival": "2024-08-31T08:40:00.000Z",
                    "airline": "OS",
                    "flight_no": 713,
                    "operating_carrier": "OS",
                    "operating_flight_no": "713",
                    "fare_basis": "LETLGTU4",
                    "fare_category": "M",
                    "fare_classes": "L",
                    "return": 1,
                    "bags_recheck_required": false,
                    "vi_connection": false,
                    "guarantee": false,
                    "equipment": null,
                    "vehicle_type": "aircraft"
                }
            ],
            "booking_token": "HEpQm-pnPjbLTS02tuecXys7zRsTXaxDZiUPVnl5VqePti4lKnrc0eJpXwnaGy8KpPMiSnGcOg_VcgYPsMyVDtfgSI5ljhr7rPpNrsX0s8_rLjeefacU-uX-Kul2FHnXtdXS9yQsxY1uJj5NGwwztoSCRHN0zTuYFyjt5os5w9v9TepBhtlxz1MMxASAEYEp1SHB3QGPrbWl8ikisp2HnOd10i8pYl9Hhk0kxkP9qy8JPOEYtfoMXnJjt_yBBKH_-zw9ytdgrnCOZ17sgWg1Ir-moU8zDkqCgatQeiwj2uI1vUMMD5mDiYxv3VUPZ8CLucDQyXYF6Qsg7t5kdOn1QJu7WohkuOMZu3eu8iFNZCjJjIywQ7p-03ojuRYr-VyhGrd_nqEWam_0t5KeGIcOp8C4cls7AQr2SUuCbj61Iz-EyFselJFjeHnU-DaRhv6KSV8LtOeFkjsNf0KPEyW6yL-VnE3sZJ6J1mFdbFj3s7ohkN4B165HFpuSmxPTMf6XbsOSsvrEfSP3PC8J9wpQ8VJIc9APUhzWtbllMipOFjj1ggbK0OufQHPZqv61TUNjUZhOM79hJSzej7a4hn86oWvAsMVlouauFIZngIkrFY7nGp8BXscKKuTxRxpAmGAv12fz-yQOptBXd_NBg-ZTV9sBdbZEQsee-PEKVOB1xEd7l72Jfwmluqgw8148nwKvd",
            "deep_link": "https://www.kiwi.com/deep?affilid=mihalytest&currency=EUR&flightsId=0b7717884dfb4dfea99350b7_0%7C0b7717884dfb4dfea99350b7_1%7C0b7717884dfb4dfea99350b7_2%7C0b7717884dfb4dfea99350b7_3&from=BUD&lang=en&passengers=1&to=HAM&booking_token=HEpQm-pnPjbLTS02tuecXys7zRsTXaxDZiUPVnl5VqePti4lKnrc0eJpXwnaGy8KpPMiSnGcOg_VcgYPsMyVDtfgSI5ljhr7rPpNrsX0s8_rLjeefacU-uX-Kul2FHnXtdXS9yQsxY1uJj5NGwwztoSCRHN0zTuYFyjt5os5w9v9TepBhtlxz1MMxASAEYEp1SHB3QGPrbWl8ikisp2HnOd10i8pYl9Hhk0kxkP9qy8JPOEYtfoMXnJjt_yBBKH_-zw9ytdgrnCOZ17sgWg1Ir-moU8zDkqCgatQeiwj2uI1vUMMD5mDiYxv3VUPZ8CLucDQyXYF6Qsg7t5kdOn1QJu7WohkuOMZu3eu8iFNZCjJjIywQ7p-03ojuRYr-VyhGrd_nqEWam_0t5KeGIcOp8C4cls7AQr2SUuCbj61Iz-EyFselJFjeHnU-DaRhv6KSV8LtOeFkjsNf0KPEyW6yL-VnE3sZJ6J1mFdbFj3s7ohkN4B165HFpuSmxPTMf6XbsOSsvrEfSP3PC8J9wpQ8VJIc9APUhzWtbllMipOFjj1ggbK0OufQHPZqv61TUNjUZhOM79hJSzej7a4hn86oWvAsMVlouauFIZngIkrFY7nGp8BXscKKuTxRxpAmGAv12fz-yQOptBXd_NBg-ZTV9sBdbZEQsee-PEKVOB1xEd7l72Jfwmluqgw8148nwKvd",
            "facilitated_booking_available": true,
            "pnr_count": 1,
            "has_airport_change": false,
            "technical_stops": 0,
            "throw_away_ticketing": false,
            "hidden_city_ticketing": false,
            "virtual_interlining": false
        },
        {
            "id": "0b7717884dfc4dff4bcd1493_0|0b7717884dfc4dff4bcd1493_1|0b7717884dfc4dff4bcd1493_2|0b7717884dfc4dff4bcd1493_3",
            "flyFrom": "BUD",
            "flyTo": "HAM",
            "cityFrom": "Budapest",
            "cityCodeFrom": "BUD",
            "cityTo": "Hamburg",
            "cityCodeTo": "HAM",
            "countryFrom": {
                "code": "HU",
                "name": "Hungary"
            },
            "countryTo": {
                "code": "DE",
                "name": "Germany"
            },
            "local_departure": "2024-08-29T11:20:00.000Z",
            "utc_departure": "2024-08-29T09:20:00.000Z",
            "local_arrival": "2024-08-29T14:10:00.000Z",
            "utc_arrival": "2024-08-29T12:10:00.000Z",
            "nightsInDest": 3,
            "quality": 303.33315,
            "distance": 949.98,
            "duration": {
                "departure": 10200,
                "return": 12000,
                "total": 22200
            },
            "price": 230,
            "conversion": {
                "EUR": 230
            },
            "fare": {
                "adults": 230,
                "children": 230,
                "infants": 230
            },
            "fare_locks": {
                "EUR": [
                    {
                        "default": false,
                        "duration": "P1D",
                        "itinerary_price_limit": 430,
                        "itinerary_price_remaining": 230,
                        "fare_lock_kind": "fee",
                        "price": 11.5,
                        "rule_instance_id": 26749,
                        "version": "v1"
                    },
                    {
                        "default": true,
                        "duration": "P3D",
                        "itinerary_price_limit": 430,
                        "itinerary_price_remaining": 230,
                        "fare_lock_kind": "fee",
                        "price": 23,
                        "rule_instance_id": 26748,
                        "version": "v1"
                    },
                    {
                        "default": false,
                        "duration": "P7D",
                        "itinerary_price_limit": 430,
                        "itinerary_price_remaining": 230,
                        "fare_lock_kind": "fee",
                        "price": 57.5,
                        "rule_instance_id": 26750,
                        "version": "v1"
                    }
                ]
            },
            "bags_price": {
                "1": 91
            },
            "baglimit": {
                "hand_dimensions_sum": 118,
                "hand_height": 40,
                "hand_length": 55,
                "hand_weight": 8,
                "hand_width": 23,
                "hold_dimensions_sum": 158,
                "hold_height": 52,
                "hold_length": 78,
                "hold_weight": 23,
                "hold_width": 28,
                "personal_item_dimension_sum": 80,
                "personal_item_height": 30,
                "personal_item_length": 40,
                "personal_item_weight": 3,
                "personal_item_width": 10
            },
            "availability": {
                "seats": null
            },
            "airlines": [
                "LH",
                "OS"
            ],
            "route": [
                {
                    "id": "0b7717884dfc4dff4bcd1493_0",
                    "combination_id": "0b7717884dfc4dff4bcd1493",
                    "flyFrom": "BUD",
                    "flyTo": "VIE",
                    "cityFrom": "Budapest",
                    "cityCodeFrom": "BUD",
                    "cityTo": "Vienna",
                    "cityCodeTo": "VIE",
                    "local_departure": "2024-08-29T11:20:00.000Z",
                    "utc_departure": "2024-08-29T09:20:00.000Z",
                    "local_arrival": "2024-08-29T12:05:00.000Z",
                    "utc_arrival": "2024-08-29T10:05:00.000Z",
                    "airline": "OS",
                    "flight_no": 714,
                    "operating_carrier": "OS",
                    "operating_flight_no": "714",
                    "fare_basis": "TETLGTU4",
                    "fare_category": "M",
                    "fare_classes": "T",
                    "return": 0,
                    "bags_recheck_required": false,
                    "vi_connection": false,
                    "guarantee": false,
                    "equipment": null,
                    "vehicle_type": "aircraft"
                },
                {
                    "id": "0b7717884dfc4dff4bcd1493_1",
                    "combination_id": "0b7717884dfc4dff4bcd1493",
                    "flyFrom": "VIE",
                    "flyTo": "HAM",
                    "cityFrom": "Vienna",
                    "cityCodeFrom": "VIE",
                    "cityTo": "Hamburg",
                    "cityCodeTo": "HAM",
                    "local_departure": "2024-08-29T12:35:00.000Z",
                    "utc_departure": "2024-08-29T10:35:00.000Z",
                    "local_arrival": "2024-08-29T14:10:00.000Z",
                    "utc_arrival": "2024-08-29T12:10:00.000Z",
                    "airline": "OS",
                    "flight_no": 173,
                    "operating_carrier": "OS",
                    "operating_flight_no": "173",
                    "fare_basis": "TETLGTU4",
                    "fare_category": "M",
                    "fare_classes": "T",
                    "return": 0,
                    "bags_recheck_required": false,
                    "vi_connection": false,
                    "guarantee": false,
                    "equipment": null,
                    "vehicle_type": "aircraft"
                },
                {
                    "id": "0b7717884dfc4dff4bcd1493_2",
                    "combination_id": "0b7717884dfc4dff4bcd1493",
                    "flyFrom": "HAM",
                    "flyTo": "MUC",
                    "cityFrom": "Hamburg",
                    "cityCodeFrom": "HAM",
                    "cityTo": "Munich",
                    "cityCodeTo": "MUC",
                    "local_departure": "2024-09-01T20:15:00.000Z",
                    "utc_departure": "2024-09-01T18:15:00.000Z",
                    "local_arrival": "2024-09-01T21:30:00.000Z",
                    "utc_arrival": "2024-09-01T19:30:00.000Z",
                    "airline": "LH",
                    "flight_no": 2073,
                    "operating_carrier": "LH",
                    "operating_flight_no": "2073",
                    "fare_basis": "KETLGTU4",
                    "fare_category": "M",
                    "fare_classes": "K",
                    "return": 1,
                    "bags_recheck_required": false,
                    "vi_connection": false,
                    "guarantee": false,
                    "equipment": null,
                    "vehicle_type": "aircraft"
                },
                {
                    "id": "0b7717884dfc4dff4bcd1493_3",
                    "combination_id": "0b7717884dfc4dff4bcd1493",
                    "flyFrom": "MUC",
                    "flyTo": "BUD",
                    "cityFrom": "Munich",
                    "cityCodeFrom": "MUC",
                    "cityTo": "Budapest",
                    "cityCodeTo": "BUD",
                    "local_departure": "2024-09-01T22:20:00.000Z",
                    "utc_departure": "2024-09-01T20:20:00.000Z",
                    "local_arrival": "2024-09-01T23:35:00.000Z",
                    "utc_arrival": "2024-09-01T21:35:00.000Z",
                    "airline": "LH",
                    "flight_no": 1682,
                    "operating_carrier": "LH",
                    "operating_flight_no": "1682",
                    "fare_basis": "KETLGTU4",
                    "fare_category": "M",
                    "fare_classes": "K",
                    "return": 1,
                    "bags_recheck_required": false,
                    "vi_connection": false,
                    "guarantee": false,
                    "equipment": null,
                    "vehicle_type": "aircraft"
                }
            ],
            "booking_token": "H2iCsRIh0Xo6HVEt_0sf801zLVQR_s7cEMWpbWeY1sSKGr7mOa3sqfi890l33IcT6DAIckHZYAX2AWlqW1wjqPWo5ASNk3SmMUKv2eD63Dtp5zwgG5zpIMt5ZUX05Q46LI1qjTrUITFb6kSaGxYz_dpKiIkrnUeUOlRNFANsI_Zafke70o9bGUgRBfYzyrc3pdCUtyaI0U9C4xlCE4fEUd4sd8M5mtfd2iVYAhuoflwCdjmOKajQRWY5MjvjbB9SuE7Rf10XwFMcJ4rLkA8vqJDRextefCc6_ENyICQwW-0w2o2nbdWfClVGDtamlJycy5CsVE2bjbdrGYISsxapyENUw7XS_m_LNo5v1VJI5Bjy4FlPa71ib8CU0J2XIngCIYV6GF7ykDKvlVpHjax5x8t4wtSCyh6ZyESdNNlBP3TYqQrcrnQN5r4ZG5TXJj5R25RUwOm0KnXEACjgAf7dl_x_LzLoD2oyvEH2PbKvOp8BHQEHblOKKoCjTU6l129SzA1dN3aZ6nStiO-zYIp88nniACRkgCMQawAcIiB-P4wJmsqR-k0-0UHuLWY0ZNPPakpqSylC_BlDc11imvTO8kdwUiDluBBIpfLVw6JpfRkd7jtcdkO1R6nZ7iam3WOSxKktwU5c2clwtb4-fBXkKLmoCZLcn9PzNtmddF1WEC6nT5Eg5ZSMmFeY7Le4OdLqMv7GUS0Oml0M-6m6qKKwlSw==",
            "deep_link": "https://www.kiwi.com/deep?affilid=mihalytest&currency=EUR&flightsId=0b7717884dfc4dff4bcd1493_0%7C0b7717884dfc4dff4bcd1493_1%7C0b7717884dfc4dff4bcd1493_2%7C0b7717884dfc4dff4bcd1493_3&from=BUD&lang=en&passengers=1&to=HAM&booking_token=H2iCsRIh0Xo6HVEt_0sf801zLVQR_s7cEMWpbWeY1sSKGr7mOa3sqfi890l33IcT6DAIckHZYAX2AWlqW1wjqPWo5ASNk3SmMUKv2eD63Dtp5zwgG5zpIMt5ZUX05Q46LI1qjTrUITFb6kSaGxYz_dpKiIkrnUeUOlRNFANsI_Zafke70o9bGUgRBfYzyrc3pdCUtyaI0U9C4xlCE4fEUd4sd8M5mtfd2iVYAhuoflwCdjmOKajQRWY5MjvjbB9SuE7Rf10XwFMcJ4rLkA8vqJDRextefCc6_ENyICQwW-0w2o2nbdWfClVGDtamlJycy5CsVE2bjbdrGYISsxapyENUw7XS_m_LNo5v1VJI5Bjy4FlPa71ib8CU0J2XIngCIYV6GF7ykDKvlVpHjax5x8t4wtSCyh6ZyESdNNlBP3TYqQrcrnQN5r4ZG5TXJj5R25RUwOm0KnXEACjgAf7dl_x_LzLoD2oyvEH2PbKvOp8BHQEHblOKKoCjTU6l129SzA1dN3aZ6nStiO-zYIp88nniACRkgCMQawAcIiB-P4wJmsqR-k0-0UHuLWY0ZNPPakpqSylC_BlDc11imvTO8kdwUiDluBBIpfLVw6JpfRkd7jtcdkO1R6nZ7iam3WOSxKktwU5c2clwtb4-fBXkKLmoCZLcn9PzNtmddF1WEC6nT5Eg5ZSMmFeY7Le4OdLqMv7GUS0Oml0M-6m6qKKwlSw==",
            "facilitated_booking_available": true,
            "pnr_count": 1,
            "has_airport_change": false,
            "technical_stops": 0,
            "throw_away_ticketing": false,
            "hidden_city_ticketing": false,
            "virtual_interlining": false
        },
        {
            "id": "0b7717884e194e1c849d6af7_0|0b7717884e194e1c849d6af7_1|0b7717884e194e1c849d6af7_2|0b7717884e194e1c849d6af7_3",
            "flyFrom": "BUD",
            "flyTo": "HAM",
            "cityFrom": "Budapest",
            "cityCodeFrom": "BUD",
            "cityTo": "Hamburg",
            "cityCodeTo": "HAM",
            "countryFrom": {
                "code": "HU",
                "name": "Hungary"
            },
            "countryTo": {
                "code": "DE",
                "name": "Germany"
            },
            "local_departure": "2024-09-27T11:20:00.000Z",
            "utc_departure": "2024-09-27T09:20:00.000Z",
            "local_arrival": "2024-09-27T14:10:00.000Z",
            "utc_arrival": "2024-09-27T12:10:00.000Z",
            "nightsInDest": 3,
            "quality": 327.999805,
            "distance": 949.98,
            "duration": {
                "departure": 10200,
                "return": 14100,
                "total": 24300
            },
            "price": 250,
            "conversion": {
                "EUR": 250
            },
            "fare": {
                "adults": 250,
                "children": 250,
                "infants": 250
            },
            "fare_locks": {
                "EUR": [
                    {
                        "default": false,
                        "duration": "P1D",
                        "itinerary_price_limit": 450,
                        "itinerary_price_remaining": 250,
                        "fare_lock_kind": "fee",
                        "price": 12.5,
                        "rule_instance_id": 26749,
                        "version": "v1"
                    },
                    {
                        "default": true,
                        "duration": "P3D",
                        "itinerary_price_limit": 450,
                        "itinerary_price_remaining": 250,
                        "fare_lock_kind": "fee",
                        "price": 25,
                        "rule_instance_id": 26748,
                        "version": "v1"
                    },
                    {
                        "default": false,
                        "duration": "P7D",
                        "itinerary_price_limit": 450,
                        "itinerary_price_remaining": 250,
                        "fare_lock_kind": "fee",
                        "price": 62.5,
                        "rule_instance_id": 26750,
                        "version": "v1"
                    }
                ]
            },
            "bags_price": {
                "1": 98
            },
            "baglimit": {
                "hand_dimensions_sum": 118,
                "hand_height": 40,
                "hand_length": 55,
                "hand_weight": 5,
                "hand_width": 23,
                "hold_dimensions_sum": 158,
                "hold_height": 52,
                "hold_length": 78,
                "hold_weight": 23,
                "hold_width": 28,
                "personal_item_dimension_sum": 80,
                "personal_item_height": 30,
                "personal_item_length": 40,
                "personal_item_weight": 3,
                "personal_item_width": 10
            },
            "availability": {
                "seats": null
            },
            "airlines": [
                "OS",
                "SN"
            ],
            "route": [
                {
                    "id": "0b7717884e194e1c849d6af7_0",
                    "combination_id": "0b7717884e194e1c849d6af7",
                    "flyFrom": "BUD",
                    "flyTo": "VIE",
                    "cityFrom": "Budapest",
                    "cityCodeFrom": "BUD",
                    "cityTo": "Vienna",
                    "cityCodeTo": "VIE",
                    "local_departure": "2024-09-27T11:20:00.000Z",
                    "utc_departure": "2024-09-27T09:20:00.000Z",
                    "local_arrival": "2024-09-27T12:05:00.000Z",
                    "utc_arrival": "2024-09-27T10:05:00.000Z",
                    "airline": "OS",
                    "flight_no": 714,
                    "operating_carrier": "OS",
                    "operating_flight_no": "714",
                    "fare_basis": "KETCLSE4",
                    "fare_category": "M",
                    "fare_classes": "K",
                    "return": 0,
                    "bags_recheck_required": false,
                    "vi_connection": false,
                    "guarantee": false,
                    "equipment": null,
                    "vehicle_type": "aircraft"
                },
                {
                    "id": "0b7717884e194e1c849d6af7_1",
                    "combination_id": "0b7717884e194e1c849d6af7",
                    "flyFrom": "VIE",
                    "flyTo": "HAM",
                    "cityFrom": "Vienna",
                    "cityCodeFrom": "VIE",
                    "cityTo": "Hamburg",
                    "cityCodeTo": "HAM",
                    "local_departure": "2024-09-27T12:35:00.000Z",
                    "utc_departure": "2024-09-27T10:35:00.000Z",
                    "local_arrival": "2024-09-27T14:10:00.000Z",
                    "utc_arrival": "2024-09-27T12:10:00.000Z",
                    "airline": "OS",
                    "flight_no": 173,
                    "operating_carrier": "OS",
                    "operating_flight_no": "173",
                    "fare_basis": "KETCLSE4",
                    "fare_category": "M",
                    "fare_classes": "K",
                    "return": 0,
                    "bags_recheck_required": false,
                    "vi_connection": false,
                    "guarantee": false,
                    "equipment": null,
                    "vehicle_type": "aircraft"
                },
                {
                    "id": "0b7717884e194e1c849d6af7_2",
                    "combination_id": "0b7717884e194e1c849d6af7",
                    "flyFrom": "HAM",
                    "flyTo": "BRU",
                    "cityFrom": "Hamburg",
                    "cityCodeFrom": "HAM",
                    "cityTo": "Brussels",
                    "cityCodeTo": "BRU",
                    "local_departure": "2024-09-30T19:05:00.000Z",
                    "utc_departure": "2024-09-30T17:05:00.000Z",
                    "local_arrival": "2024-09-30T20:20:00.000Z",
                    "utc_arrival": "2024-09-30T18:20:00.000Z",
                    "airline": "SN",
                    "flight_no": 2628,
                    "operating_carrier": "SN",
                    "operating_flight_no": "2628",
                    "fare_basis": "KETCLSE4",
                    "fare_category": "M",
                    "fare_classes": "K",
                    "return": 1,
                    "bags_recheck_required": false,
                    "vi_connection": false,
                    "guarantee": false,
                    "equipment": null,
                    "vehicle_type": "aircraft"
                },
                {
                    "id": "0b7717884e194e1c849d6af7_3",
                    "combination_id": "0b7717884e194e1c849d6af7",
                    "flyFrom": "BRU",
                    "flyTo": "BUD",
                    "cityFrom": "Brussels",
                    "cityCodeFrom": "BRU",
                    "cityTo": "Budapest",
                    "cityCodeTo": "BUD",
                    "local_departure": "2024-09-30T21:00:00.000Z",
                    "utc_departure": "2024-09-30T19:00:00.000Z",
                    "local_arrival": "2024-09-30T23:00:00.000Z",
                    "utc_arrival": "2024-09-30T21:00:00.000Z",
                    "airline": "SN",
                    "flight_no": 2829,
                    "operating_carrier": "SN",
                    "operating_flight_no": "2829",
                    "fare_basis": "KETCLSE4",
                    "fare_category": "M",
                    "fare_classes": "K",
                    "return": 1,
                    "bags_recheck_required": false,
                    "vi_connection": false,
                    "guarantee": false,
                    "equipment": null,
                    "vehicle_type": "aircraft"
                }
            ],
            "booking_token": "HE3BeAP37a3yXdusGKkU6tgRS47f_vqQcHQ5GLZPYMKYvyagkUTMRftmlFNBkARVsH-lIvekVP74-rNlzw0gnAiNugfu0j0XtZKHVBlE_SJX_kzLSn9NoCQN4A6N8EtZ5_TE2ERQE71bz5v2mycqLF-gBQ0B59JvcaokB0H0Ph055H1LkhaERMG2ejVqzMX5BaHdx5c3s2pPN3g5Z8yOIksAnmtSobtBqw62GwXlH7DMb2bN2ZvwvGEjGBg1mkKIlLdtmQ8lvq3JS3fbFM62ArDvkYkls7_lpCvElFgmL2gkt86WpzyuXD2ihcujAxnsvOC96lwfQssutYAjLPiZMFt10BxBVA1enNskxfGCTzxT5dEArpvOZmDv8xOdi17_Z1ZBM-3xvhIf563k_WBWieZCNPlnKLN61-5LNRx6dH0ed4-d7ZRxsHpM7amcgZmgBZ_N9ysNHhb5w1mwKwq5vaBEYwofQOGtcPf-l0XAux-6sbT7JHAHIocXJWdgxYGuuWvK-HRJHOxhoIzjD_rx0WCqCNluyJeznBoEfK8jRyCsJ43yuHeMvLFeWGFsg-rp8S7kEz9ClCWtWiPZWtLoOu8WKqudkBQmklkR9c8vQObVVkY02uCvlh7oIPFI1N25Ksfnhw_6JIXVqK_uMo2FkEge1Sfjo5-gMJG2hdnxGdL9s20d27POxJm3VVMQdNrgrBlMlwKlT-mGDN5GhnJgvQA==",
            "deep_link": "https://www.kiwi.com/deep?affilid=mihalytest&currency=EUR&flightsId=0b7717884e194e1c849d6af7_0%7C0b7717884e194e1c849d6af7_1%7C0b7717884e194e1c849d6af7_2%7C0b7717884e194e1c849d6af7_3&from=BUD&lang=en&passengers=1&to=HAM&booking_token=HE3BeAP37a3yXdusGKkU6tgRS47f_vqQcHQ5GLZPYMKYvyagkUTMRftmlFNBkARVsH-lIvekVP74-rNlzw0gnAiNugfu0j0XtZKHVBlE_SJX_kzLSn9NoCQN4A6N8EtZ5_TE2ERQE71bz5v2mycqLF-gBQ0B59JvcaokB0H0Ph055H1LkhaERMG2ejVqzMX5BaHdx5c3s2pPN3g5Z8yOIksAnmtSobtBqw62GwXlH7DMb2bN2ZvwvGEjGBg1mkKIlLdtmQ8lvq3JS3fbFM62ArDvkYkls7_lpCvElFgmL2gkt86WpzyuXD2ihcujAxnsvOC96lwfQssutYAjLPiZMFt10BxBVA1enNskxfGCTzxT5dEArpvOZmDv8xOdi17_Z1ZBM-3xvhIf563k_WBWieZCNPlnKLN61-5LNRx6dH0ed4-d7ZRxsHpM7amcgZmgBZ_N9ysNHhb5w1mwKwq5vaBEYwofQOGtcPf-l0XAux-6sbT7JHAHIocXJWdgxYGuuWvK-HRJHOxhoIzjD_rx0WCqCNluyJeznBoEfK8jRyCsJ43yuHeMvLFeWGFsg-rp8S7kEz9ClCWtWiPZWtLoOu8WKqudkBQmklkR9c8vQObVVkY02uCvlh7oIPFI1N25Ksfnhw_6JIXVqK_uMo2FkEge1Sfjo5-gMJG2hdnxGdL9s20d27POxJm3VVMQdNrgrBlMlwKlT-mGDN5GhnJgvQA==",
            "facilitated_booking_available": true,
            "pnr_count": 1,
            "has_airport_change": false,
            "technical_stops": 0,
            "throw_away_ticketing": false,
            "hidden_city_ticketing": false,
            "virtual_interlining": false
        },
        {
            "id": "0b7717884e314e385f828650_0|0b7717884e314e385f828650_1|0b7717884e314e385f828650_2|0b7717884e314e385f828650_3",
            "flyFrom": "BUD",
            "flyTo": "HAM",
            "cityFrom": "Budapest",
            "cityCodeFrom": "BUD",
            "cityTo": "Hamburg",
            "cityCodeTo": "HAM",
            "countryFrom": {
                "code": "HU",
                "name": "Hungary"
            },
            "countryTo": {
                "code": "DE",
                "name": "Germany"
            },
            "local_departure": "2024-10-21T11:20:00.000Z",
            "utc_departure": "2024-10-21T09:20:00.000Z",
            "local_arrival": "2024-10-21T14:10:00.000Z",
            "utc_arrival": "2024-10-21T12:10:00.000Z",
            "nightsInDest": 7,
            "quality": 322.99982,
            "distance": 949.98,
            "duration": {
                "departure": 10200,
                "return": 11400,
                "total": 21600
            },
            "price": 251,
            "conversion": {
                "EUR": 251
            },
            "fare": {
                "adults": 251,
                "children": 251,
                "infants": 251
            },
            "fare_locks": {
                "EUR": [
                    {
                        "default": false,
                        "duration": "P1D",
                        "itinerary_price_limit": 451,
                        "itinerary_price_remaining": 251,
                        "fare_lock_kind": "fee",
                        "price": 12.55,
                        "rule_instance_id": 26749,
                        "version": "v1"
                    },
                    {
                        "default": true,
                        "duration": "P3D",
                        "itinerary_price_limit": 451,
                        "itinerary_price_remaining": 251,
                        "fare_lock_kind": "fee",
                        "price": 25.1,
                        "rule_instance_id": 26748,
                        "version": "v1"
                    },
                    {
                        "default": false,
                        "duration": "P7D",
                        "itinerary_price_limit": 451,
                        "itinerary_price_remaining": 251,
                        "fare_lock_kind": "fee",
                        "price": 62.75,
                        "rule_instance_id": 26750,
                        "version": "v1"
                    }
                ]
            },
            "bags_price": {
                "1": 91
            },
            "baglimit": {
                "hand_dimensions_sum": 118,
                "hand_height": 40,
                "hand_length": 55,
                "hand_weight": 8,
                "hand_width": 23,
                "hold_dimensions_sum": 158,
                "hold_height": 52,
                "hold_length": 78,
                "hold_weight": 23,
                "hold_width": 28,
                "personal_item_dimension_sum": 80,
                "personal_item_height": 30,
                "personal_item_length": 40,
                "personal_item_weight": 3,
                "personal_item_width": 10
            },
            "availability": {
                "seats": 9
            },
            "airlines": [
                "OS",
                "LH"
            ],
            "route": [
                {
                    "id": "0b7717884e314e385f828650_0",
                    "combination_id": "0b7717884e314e385f828650",
                    "flyFrom": "BUD",
                    "flyTo": "VIE",
                    "cityFrom": "Budapest",
                    "cityCodeFrom": "BUD",
                    "cityTo": "Vienna",
                    "cityCodeTo": "VIE",
                    "local_departure": "2024-10-21T11:20:00.000Z",
                    "utc_departure": "2024-10-21T09:20:00.000Z",
                    "local_arrival": "2024-10-21T12:05:00.000Z",
                    "utc_arrival": "2024-10-21T10:05:00.000Z",
                    "airline": "OS",
                    "flight_no": 714,
                    "operating_carrier": "OS",
                    "operating_flight_no": "714",
                    "fare_basis": "KETCLSE4",
                    "fare_category": "M",
                    "fare_classes": "K",
                    "return": 0,
                    "bags_recheck_required": false,
                    "vi_connection": false,
                    "guarantee": false,
                    "equipment": null,
                    "vehicle_type": "aircraft"
                },
                {
                    "id": "0b7717884e314e385f828650_1",
                    "combination_id": "0b7717884e314e385f828650",
                    "flyFrom": "VIE",
                    "flyTo": "HAM",
                    "cityFrom": "Vienna",
                    "cityCodeFrom": "VIE",
                    "cityTo": "Hamburg",
                    "cityCodeTo": "HAM",
                    "local_departure": "2024-10-21T12:35:00.000Z",
                    "utc_departure": "2024-10-21T10:35:00.000Z",
                    "local_arrival": "2024-10-21T14:10:00.000Z",
                    "utc_arrival": "2024-10-21T12:10:00.000Z",
                    "airline": "OS",
                    "flight_no": 173,
                    "operating_carrier": "OS",
                    "operating_flight_no": "173",
                    "fare_basis": "KETCLSE4",
                    "fare_category": "M",
                    "fare_classes": "K",
                    "return": 0,
                    "bags_recheck_required": false,
                    "vi_connection": false,
                    "guarantee": false,
                    "equipment": null,
                    "vehicle_type": "aircraft"
                },
                {
                    "id": "0b7717884e314e385f828650_2",
                    "combination_id": "0b7717884e314e385f828650",
                    "flyFrom": "HAM",
                    "flyTo": "MUC",
                    "cityFrom": "Hamburg",
                    "cityCodeFrom": "HAM",
                    "cityTo": "Munich",
                    "cityCodeTo": "MUC",
                    "local_departure": "2024-10-28T20:15:00.000Z",
                    "utc_departure": "2024-10-28T19:15:00.000Z",
                    "local_arrival": "2024-10-28T21:30:00.000Z",
                    "utc_arrival": "2024-10-28T20:30:00.000Z",
                    "airline": "LH",
                    "flight_no": 2079,
                    "operating_carrier": "LH",
                    "operating_flight_no": "2079",
                    "fare_basis": "KETCLSE4",
                    "fare_category": "M",
                    "fare_classes": "K",
                    "return": 1,
                    "bags_recheck_required": false,
                    "vi_connection": false,
                    "guarantee": false,
                    "equipment": null,
                    "vehicle_type": "aircraft"
                },
                {
                    "id": "0b7717884e314e385f828650_3",
                    "combination_id": "0b7717884e314e385f828650",
                    "flyFrom": "MUC",
                    "flyTo": "BUD",
                    "cityFrom": "Munich",
                    "cityCodeFrom": "MUC",
                    "cityTo": "Budapest",
                    "cityCodeTo": "BUD",
                    "local_departure": "2024-10-28T22:10:00.000Z",
                    "utc_departure": "2024-10-28T21:10:00.000Z",
                    "local_arrival": "2024-10-28T23:25:00.000Z",
                    "utc_arrival": "2024-10-28T22:25:00.000Z",
                    "airline": "LH",
                    "flight_no": 1682,
                    "operating_carrier": "LH",
                    "operating_flight_no": "1682",
                    "fare_basis": "KETCLSE4",
                    "fare_category": "M",
                    "fare_classes": "K",
                    "return": 1,
                    "bags_recheck_required": false,
                    "vi_connection": false,
                    "guarantee": false,
                    "equipment": null,
                    "vehicle_type": "aircraft"
                }
            ],
            "booking_token": "Hlf2DMOlEug9ywvoSrnub9nHy9AFeoaScaP69VJJM1Zq0yMyGmq4_MfFAlE4FG6ETOgRA1XxbPs1I9ma0-h2LiRVfkfJTqK3ch2MzDGAwXjH2AOOb12w3G_hcZBy75fFSkTEofiTjO8ZuPuPuPaHFjhmCF7gNMxt3PDB4zEW2PM0c7b-0UFdLVWowSKl5Sx5WRxpVyYfWQw0E9-zjmajhP68s7g0BUPEkA0lEi6-iCE6g3ckwf6et28nzCHjj7ADkVOrSusWyNMv5j7M7nFWdNMKsqnxZKLtqX4Znm7_UQaVLwRPsdhqJzbAFvSQ2KVzSkFP863Gwi2elVH5Jm-PLOxBiD8k3QbWDGjGyt9aMRd-ZKbOq5KgBIX8TxEmiyAxh6qivN-G9VzO0uNWVRvVJRx0ZS0xaXkwm0bi4gX78cN4_zubsd7b6aLVCdMSP0oUT4caPIarbtqcEUrnIOrI3hAHS92bJsfulPd6MNhy72h2ION6jDF7loHXR0QMAiAGFLfJpXPm0NfJ8qYxk0FKSfoLRhgjq2Ozi3s8o6CId6-CCKulClWgSabwOzpmat99D-pJ5T678rlwul6CGGjHigv09FY2pGK_2k-A6USASlCaXzQoyO7j9M5BUC3WafTqJvONlXq5KOTpuzMy1S0hcQs_1cKJvihW75qBmiADw33qRq-wkmicWy2NxGuWgi1R-_3_RUo7I4PhmS1mJEU_FLZteRK1K71YjhcQavw6SBEWzOAnVFW8VEU9JRSSCFUYPtWVnFBDjlilRskuFzPPPBg==",
            "deep_link": "https://www.kiwi.com/deep?affilid=mihalytest&currency=EUR&flightsId=0b7717884e314e385f828650_0%7C0b7717884e314e385f828650_1%7C0b7717884e314e385f828650_2%7C0b7717884e314e385f828650_3&from=BUD&lang=en&passengers=1&to=HAM&booking_token=Hlf2DMOlEug9ywvoSrnub9nHy9AFeoaScaP69VJJM1Zq0yMyGmq4_MfFAlE4FG6ETOgRA1XxbPs1I9ma0-h2LiRVfkfJTqK3ch2MzDGAwXjH2AOOb12w3G_hcZBy75fFSkTEofiTjO8ZuPuPuPaHFjhmCF7gNMxt3PDB4zEW2PM0c7b-0UFdLVWowSKl5Sx5WRxpVyYfWQw0E9-zjmajhP68s7g0BUPEkA0lEi6-iCE6g3ckwf6et28nzCHjj7ADkVOrSusWyNMv5j7M7nFWdNMKsqnxZKLtqX4Znm7_UQaVLwRPsdhqJzbAFvSQ2KVzSkFP863Gwi2elVH5Jm-PLOxBiD8k3QbWDGjGyt9aMRd-ZKbOq5KgBIX8TxEmiyAxh6qivN-G9VzO0uNWVRvVJRx0ZS0xaXkwm0bi4gX78cN4_zubsd7b6aLVCdMSP0oUT4caPIarbtqcEUrnIOrI3hAHS92bJsfulPd6MNhy72h2ION6jDF7loHXR0QMAiAGFLfJpXPm0NfJ8qYxk0FKSfoLRhgjq2Ozi3s8o6CId6-CCKulClWgSabwOzpmat99D-pJ5T678rlwul6CGGjHigv09FY2pGK_2k-A6USASlCaXzQoyO7j9M5BUC3WafTqJvONlXq5KOTpuzMy1S0hcQs_1cKJvihW75qBmiADw33qRq-wkmicWy2NxGuWgi1R-_3_RUo7I4PhmS1mJEU_FLZteRK1K71YjhcQavw6SBEWzOAnVFW8VEU9JRSSCFUYPtWVnFBDjlilRskuFzPPPBg==",
            "facilitated_booking_available": true,
            "pnr_count": 1,
            "has_airport_change": false,
            "technical_stops": 0,
            "throw_away_ticketing": false,
            "hidden_city_ticketing": false,
            "virtual_interlining": false
        },
        {
            "id": "0b7717884e314e3839fb9d17_0|0b7717884e314e3839fb9d17_1|0b7717884e314e3839fb9d17_2|0b7717884e314e3839fb9d17_3",
            "flyFrom": "BUD",
            "flyTo": "HAM",
            "cityFrom": "Budapest",
            "cityCodeFrom": "BUD",
            "cityTo": "Hamburg",
            "cityCodeTo": "HAM",
            "countryFrom": {
                "code": "HU",
                "name": "Hungary"
            },
            "countryTo": {
                "code": "DE",
                "name": "Germany"
            },
            "local_departure": "2024-10-21T11:20:00.000Z",
            "utc_departure": "2024-10-21T09:20:00.000Z",
            "local_arrival": "2024-10-21T14:10:00.000Z",
            "utc_arrival": "2024-10-21T12:10:00.000Z",
            "nightsInDest": 7,
            "quality": 328.999805,
            "distance": 949.98,
            "duration": {
                "departure": 10200,
                "return": 14100,
                "total": 24300
            },
            "price": 251,
            "conversion": {
                "EUR": 251
            },
            "fare": {
                "adults": 251,
                "children": 251,
                "infants": 251
            },
            "fare_locks": {
                "EUR": [
                    {
                        "default": false,
                        "duration": "P1D",
                        "itinerary_price_limit": 451,
                        "itinerary_price_remaining": 251,
                        "fare_lock_kind": "fee",
                        "price": 12.55,
                        "rule_instance_id": 26749,
                        "version": "v1"
                    },
                    {
                        "default": true,
                        "duration": "P3D",
                        "itinerary_price_limit": 451,
                        "itinerary_price_remaining": 251,
                        "fare_lock_kind": "fee",
                        "price": 25.1,
                        "rule_instance_id": 26748,
                        "version": "v1"
                    },
                    {
                        "default": false,
                        "duration": "P7D",
                        "itinerary_price_limit": 451,
                        "itinerary_price_remaining": 251,
                        "fare_lock_kind": "fee",
                        "price": 62.75,
                        "rule_instance_id": 26750,
                        "version": "v1"
                    }
                ]
            },
            "bags_price": {
                "1": 98
            },
            "baglimit": {
                "hand_dimensions_sum": 118,
                "hand_height": 40,
                "hand_length": 55,
                "hand_weight": 5,
                "hand_width": 23,
                "hold_dimensions_sum": 158,
                "hold_height": 52,
                "hold_length": 78,
                "hold_weight": 23,
                "hold_width": 28,
                "personal_item_dimension_sum": 80,
                "personal_item_height": 30,
                "personal_item_length": 40,
                "personal_item_weight": 3,
                "personal_item_width": 10
            },
            "availability": {
                "seats": 9
            },
            "airlines": [
                "OS",
                "SN"
            ],
            "route": [
                {
                    "id": "0b7717884e314e3839fb9d17_0",
                    "combination_id": "0b7717884e314e3839fb9d17",
                    "flyFrom": "BUD",
                    "flyTo": "VIE",
                    "cityFrom": "Budapest",
                    "cityCodeFrom": "BUD",
                    "cityTo": "Vienna",
                    "cityCodeTo": "VIE",
                    "local_departure": "2024-10-21T11:20:00.000Z",
                    "utc_departure": "2024-10-21T09:20:00.000Z",
                    "local_arrival": "2024-10-21T12:05:00.000Z",
                    "utc_arrival": "2024-10-21T10:05:00.000Z",
                    "airline": "OS",
                    "flight_no": 714,
                    "operating_carrier": "OS",
                    "operating_flight_no": "714",
                    "fare_basis": "KETCLSE4",
                    "fare_category": "M",
                    "fare_classes": "K",
                    "return": 0,
                    "bags_recheck_required": false,
                    "vi_connection": false,
                    "guarantee": false,
                    "equipment": null,
                    "vehicle_type": "aircraft"
                },
                {
                    "id": "0b7717884e314e3839fb9d17_1",
                    "combination_id": "0b7717884e314e3839fb9d17",
                    "flyFrom": "VIE",
                    "flyTo": "HAM",
                    "cityFrom": "Vienna",
                    "cityCodeFrom": "VIE",
                    "cityTo": "Hamburg",
                    "cityCodeTo": "HAM",
                    "local_departure": "2024-10-21T12:35:00.000Z",
                    "utc_departure": "2024-10-21T10:35:00.000Z",
                    "local_arrival": "2024-10-21T14:10:00.000Z",
                    "utc_arrival": "2024-10-21T12:10:00.000Z",
                    "airline": "OS",
                    "flight_no": 173,
                    "operating_carrier": "OS",
                    "operating_flight_no": "173",
                    "fare_basis": "KETCLSE4",
                    "fare_category": "M",
                    "fare_classes": "K",
                    "return": 0,
                    "bags_recheck_required": false,
                    "vi_connection": false,
                    "guarantee": false,
                    "equipment": null,
                    "vehicle_type": "aircraft"
                },
                {
                    "id": "0b7717884e314e3839fb9d17_2",
                    "combination_id": "0b7717884e314e3839fb9d17",
                    "flyFrom": "HAM",
                    "flyTo": "BRU",
                    "cityFrom": "Hamburg",
                    "cityCodeFrom": "HAM",
                    "cityTo": "Brussels",
                    "cityCodeTo": "BRU",
                    "local_departure": "2024-10-28T19:05:00.000Z",
                    "utc_departure": "2024-10-28T18:05:00.000Z",
                    "local_arrival": "2024-10-28T20:15:00.000Z",
                    "utc_arrival": "2024-10-28T19:15:00.000Z",
                    "airline": "SN",
                    "flight_no": 2628,
                    "operating_carrier": "SN",
                    "operating_flight_no": "2628",
                    "fare_basis": "KETCLSE4",
                    "fare_category": "M",
                    "fare_classes": "K",
                    "return": 1,
                    "bags_recheck_required": false,
                    "vi_connection": false,
                    "guarantee": false,
                    "equipment": null,
                    "vehicle_type": "aircraft"
                },
                {
                    "id": "0b7717884e314e3839fb9d17_3",
                    "combination_id": "0b7717884e314e3839fb9d17",
                    "flyFrom": "BRU",
                    "flyTo": "BUD",
                    "cityFrom": "Brussels",
                    "cityCodeFrom": "BRU",
                    "cityTo": "Budapest",
                    "cityCodeTo": "BUD",
                    "local_departure": "2024-10-28T21:05:00.000Z",
                    "utc_departure": "2024-10-28T20:05:00.000Z",
                    "local_arrival": "2024-10-28T23:00:00.000Z",
                    "utc_arrival": "2024-10-28T22:00:00.000Z",
                    "airline": "SN",
                    "flight_no": 2829,
                    "operating_carrier": "SN",
                    "operating_flight_no": "2829",
                    "fare_basis": "KETCLSE4",
                    "fare_category": "M",
                    "fare_classes": "K",
                    "return": 1,
                    "bags_recheck_required": false,
                    "vi_connection": false,
                    "guarantee": false,
                    "equipment": null,
                    "vehicle_type": "aircraft"
                }
            ],
            "booking_token": "HTO5ZCXuGoNe9wlsWrIkWhk4r1HiHyIjq_mOWhpfXhdaDhXuRBtoqIeMsR3JG7PFbgcpYneTGMGYnRmFfVVhtqvSvsupC7gwVNoM1Gv84AhXuzTApuh0gv--f933vsteEitRHBXRn7OyYPoC2X42eKtTtOZPpqt_6T1SKauYQdXhNe-oytk6O7XNC0EQixrPSS469J5Pi3WbwvmHVwc9lfqSMfO41u7Y-UeaRv6xfQMrB0eyvBtPZaDifcXvh1-3E_MYdAGGofI0X3y4m3m8jXL17Ml-Zhjeh5rWm_YuxAlrD6dirsKxq5JBrxifz7K2qSqd9s3aV4zIH4QJwFh2ZzriSvOSWKhjXnM4w7ah827-VUH6flenEKOZgsmJFOwCU7bLOSFzc_m445lfmOTgx_5Lj6nBFGXTQmQYriawfeXHklHDfEe59dp7Vau4yRtdTQWXLu1zm1i02hkRtn74z3Hke86PyG0nMIODQYpmcoWqZWBPopDV6wY-4k2yaP7Pa3haHkSv7KN_VolE0D8oa9yAlwF69hKbEuIp_HKyaeA29ti0yJQFJbRDFcRxJFFOWT9UfPlZBbUxA2glyQUm4-3hkhxSMgtj4bE1LzmhAC2-wwSODTLrNqfI3GPy6WYRgncdMwjqGMehfV5nsixK8Tmby-NnGTX5SlmzVo_9OaHxX8JkhDBqdgbzRktrOaTiLa2G4EZLPIaxly2y5gFlJWSTCaquzi0xRSFbj0f5TSKE=",
            "deep_link": "https://www.kiwi.com/deep?affilid=mihalytest&currency=EUR&flightsId=0b7717884e314e3839fb9d17_0%7C0b7717884e314e3839fb9d17_1%7C0b7717884e314e3839fb9d17_2%7C0b7717884e314e3839fb9d17_3&from=BUD&lang=en&passengers=1&to=HAM&booking_token=HTO5ZCXuGoNe9wlsWrIkWhk4r1HiHyIjq_mOWhpfXhdaDhXuRBtoqIeMsR3JG7PFbgcpYneTGMGYnRmFfVVhtqvSvsupC7gwVNoM1Gv84AhXuzTApuh0gv--f933vsteEitRHBXRn7OyYPoC2X42eKtTtOZPpqt_6T1SKauYQdXhNe-oytk6O7XNC0EQixrPSS469J5Pi3WbwvmHVwc9lfqSMfO41u7Y-UeaRv6xfQMrB0eyvBtPZaDifcXvh1-3E_MYdAGGofI0X3y4m3m8jXL17Ml-Zhjeh5rWm_YuxAlrD6dirsKxq5JBrxifz7K2qSqd9s3aV4zIH4QJwFh2ZzriSvOSWKhjXnM4w7ah827-VUH6flenEKOZgsmJFOwCU7bLOSFzc_m445lfmOTgx_5Lj6nBFGXTQmQYriawfeXHklHDfEe59dp7Vau4yRtdTQWXLu1zm1i02hkRtn74z3Hke86PyG0nMIODQYpmcoWqZWBPopDV6wY-4k2yaP7Pa3haHkSv7KN_VolE0D8oa9yAlwF69hKbEuIp_HKyaeA29ti0yJQFJbRDFcRxJFFOWT9UfPlZBbUxA2glyQUm4-3hkhxSMgtj4bE1LzmhAC2-wwSODTLrNqfI3GPy6WYRgncdMwjqGMehfV5nsixK8Tmby-NnGTX5SlmzVo_9OaHxX8JkhDBqdgbzRktrOaTiLa2G4EZLPIaxly2y5gFlJWSTCaquzi0xRSFbj0f5TSKE=",
            "facilitated_booking_available": true,
            "pnr_count": 1,
            "has_airport_change": false,
            "technical_stops": 0,
            "throw_away_ticketing": false,
            "hidden_city_ticketing": false,
            "virtual_interlining": false
        },
        {
            "id": "0b7717884e1e4e224c7696b3_0|0b7717884e1e4e224c7696b3_1|0b7717884e1e4e224c7696b3_2|0b7717884e1e4e224c7696b3_3",
            "flyFrom": "BUD",
            "flyTo": "HAM",
            "cityFrom": "Budapest",
            "cityCodeFrom": "BUD",
            "cityTo": "Hamburg",
            "cityCodeTo": "HAM",
            "countryFrom": {
                "code": "HU",
                "name": "Hungary"
            },
            "countryTo": {
                "code": "DE",
                "name": "Germany"
            },
            "local_departure": "2024-10-02T11:20:00.000Z",
            "utc_departure": "2024-10-02T09:20:00.000Z",
            "local_arrival": "2024-10-02T14:10:00.000Z",
            "utc_arrival": "2024-10-02T12:10:00.000Z",
            "nightsInDest": 4,
            "quality": 328.999805,
            "distance": 949.98,
            "duration": {
                "departure": 10200,
                "return": 14100,
                "total": 24300
            },
            "price": 251,
            "conversion": {
                "EUR": 251
            },
            "fare": {
                "adults": 251,
                "children": 251,
                "infants": 251
            },
            "fare_locks": {
                "EUR": [
                    {
                        "default": false,
                        "duration": "P1D",
                        "itinerary_price_limit": 451,
                        "itinerary_price_remaining": 251,
                        "fare_lock_kind": "fee",
                        "price": 12.55,
                        "rule_instance_id": 26749,
                        "version": "v1"
                    },
                    {
                        "default": true,
                        "duration": "P3D",
                        "itinerary_price_limit": 451,
                        "itinerary_price_remaining": 251,
                        "fare_lock_kind": "fee",
                        "price": 25.1,
                        "rule_instance_id": 26748,
                        "version": "v1"
                    },
                    {
                        "default": false,
                        "duration": "P7D",
                        "itinerary_price_limit": 451,
                        "itinerary_price_remaining": 251,
                        "fare_lock_kind": "fee",
                        "price": 62.75,
                        "rule_instance_id": 26750,
                        "version": "v1"
                    }
                ]
            },
            "bags_price": {
                "1": 98
            },
            "baglimit": {
                "hand_dimensions_sum": 118,
                "hand_height": 40,
                "hand_length": 55,
                "hand_weight": 5,
                "hand_width": 23,
                "hold_dimensions_sum": 158,
                "hold_height": 52,
                "hold_length": 78,
                "hold_weight": 23,
                "hold_width": 28,
                "personal_item_dimension_sum": 80,
                "personal_item_height": 30,
                "personal_item_length": 40,
                "personal_item_weight": 3,
                "personal_item_width": 10
            },
            "availability": {
                "seats": 9
            },
            "airlines": [
                "OS",
                "SN"
            ],
            "route": [
                {
                    "id": "0b7717884e1e4e224c7696b3_0",
                    "combination_id": "0b7717884e1e4e224c7696b3",
                    "flyFrom": "BUD",
                    "flyTo": "VIE",
                    "cityFrom": "Budapest",
                    "cityCodeFrom": "BUD",
                    "cityTo": "Vienna",
                    "cityCodeTo": "VIE",
                    "local_departure": "2024-10-02T11:20:00.000Z",
                    "utc_departure": "2024-10-02T09:20:00.000Z",
                    "local_arrival": "2024-10-02T12:05:00.000Z",
                    "utc_arrival": "2024-10-02T10:05:00.000Z",
                    "airline": "OS",
                    "flight_no": 714,
                    "operating_carrier": "OS",
                    "operating_flight_no": "714",
                    "fare_basis": "KETCLSE4",
                    "fare_category": "M",
                    "fare_classes": "K",
                    "return": 0,
                    "bags_recheck_required": false,
                    "vi_connection": false,
                    "guarantee": false,
                    "equipment": null,
                    "vehicle_type": "aircraft"
                },
                {
                    "id": "0b7717884e1e4e224c7696b3_1",
                    "combination_id": "0b7717884e1e4e224c7696b3",
                    "flyFrom": "VIE",
                    "flyTo": "HAM",
                    "cityFrom": "Vienna",
                    "cityCodeFrom": "VIE",
                    "cityTo": "Hamburg",
                    "cityCodeTo": "HAM",
                    "local_departure": "2024-10-02T12:35:00.000Z",
                    "utc_departure": "2024-10-02T10:35:00.000Z",
                    "local_arrival": "2024-10-02T14:10:00.000Z",
                    "utc_arrival": "2024-10-02T12:10:00.000Z",
                    "airline": "OS",
                    "flight_no": 173,
                    "operating_carrier": "OS",
                    "operating_flight_no": "173",
                    "fare_basis": "KETCLSE4",
                    "fare_category": "M",
                    "fare_classes": "K",
                    "return": 0,
                    "bags_recheck_required": false,
                    "vi_connection": false,
                    "guarantee": false,
                    "equipment": null,
                    "vehicle_type": "aircraft"
                },
                {
                    "id": "0b7717884e1e4e224c7696b3_2",
                    "combination_id": "0b7717884e1e4e224c7696b3",
                    "flyFrom": "HAM",
                    "flyTo": "BRU",
                    "cityFrom": "Hamburg",
                    "cityCodeFrom": "HAM",
                    "cityTo": "Brussels",
                    "cityCodeTo": "BRU",
                    "local_departure": "2024-10-06T19:05:00.000Z",
                    "utc_departure": "2024-10-06T17:05:00.000Z",
                    "local_arrival": "2024-10-06T20:20:00.000Z",
                    "utc_arrival": "2024-10-06T18:20:00.000Z",
                    "airline": "SN",
                    "flight_no": 2628,
                    "operating_carrier": "SN",
                    "operating_flight_no": "2628",
                    "fare_basis": "KETCLSE4",
                    "fare_category": "M",
                    "fare_classes": "K",
                    "return": 1,
                    "bags_recheck_required": false,
                    "vi_connection": false,
                    "guarantee": false,
                    "equipment": null,
                    "vehicle_type": "aircraft"
                },
                {
                    "id": "0b7717884e1e4e224c7696b3_3",
                    "combination_id": "0b7717884e1e4e224c7696b3",
                    "flyFrom": "BRU",
                    "flyTo": "BUD",
                    "cityFrom": "Brussels",
                    "cityCodeFrom": "BRU",
                    "cityTo": "Budapest",
                    "cityCodeTo": "BUD",
                    "local_departure": "2024-10-06T21:00:00.000Z",
                    "utc_departure": "2024-10-06T19:00:00.000Z",
                    "local_arrival": "2024-10-06T23:00:00.000Z",
                    "utc_arrival": "2024-10-06T21:00:00.000Z",
                    "airline": "SN",
                    "flight_no": 2829,
                    "operating_carrier": "SN",
                    "operating_flight_no": "2829",
                    "fare_basis": "KETCLSE4",
                    "fare_category": "M",
                    "fare_classes": "K",
                    "return": 1,
                    "bags_recheck_required": false,
                    "vi_connection": false,
                    "guarantee": false,
                    "equipment": null,
                    "vehicle_type": "aircraft"
                }
            ],
            "booking_token": "HT1xNm_GcQAgzP0PeAsksSS7PDpWHc2xsjgfiaFNIikdErqRWeNq523jbNCHDGVE0eogUkXHR3FyfKbaCBm5dHSjAvXqRTk7WND7w2DfDwRmz2s2aTQ1_04448PGxirIrjfiBDdxAdwP2QQ0hQkjddGMvPMfTPVKcPIYMNaJ_4j-Uh1QCrOT_-BVx_tfcMnHQMAXB-q-OIgVDOCUT9PaD9w3rAc-Pr1N7wOuFiLphhV781p5M6O2i-Wgw0o4lw0DlrwqPjxx59aTMJTcsHKgNL-_3juMMnhttR98iYyLRyCUK6nDL1fBpNddUiX4SqaCuCyzufNuqgI-poU8dpgKZtdV3FiNMPL231Z3_lO7WSmyQkYT5rc3np2ZsSRP50dkPeQCLEcCT18wPX0ylC7AaPDXirYaXPmi-tfZw237V1thDrjmAcMY_8MKCwhCZC85i04_Xu6e-eeRxYupRZESf5QDp8RNfa83caMW28BZC8Gyg0uPdjUcVwNWF7rQxppjn_soXPC9F9YEY1XH1iIgpx1PgWXVw0Zic8_SJ3aleXn1iNn6kf7vx0ELEnW1udRTgwQu2vRLN9-pel2S1MLSsrzqK5DyZdbRJq5Horx8eNhgSIqz-CiZy6IDYLIGSi7xF05NEr2NxhmiGVjDi7BzQxWn5H5sXPVwl_fRxm6t0wbKrd3ENQI56jWB5QJny5vr5s9UfHSuMLtUrQ4IdHUL5xtNtjEMLMDo3tKExKzuRsPIRYxb70TzmlCgqpdD4hFnW",
            "deep_link": "https://www.kiwi.com/deep?affilid=mihalytest&currency=EUR&flightsId=0b7717884e1e4e224c7696b3_0%7C0b7717884e1e4e224c7696b3_1%7C0b7717884e1e4e224c7696b3_2%7C0b7717884e1e4e224c7696b3_3&from=BUD&lang=en&passengers=1&to=HAM&booking_token=HT1xNm_GcQAgzP0PeAsksSS7PDpWHc2xsjgfiaFNIikdErqRWeNq523jbNCHDGVE0eogUkXHR3FyfKbaCBm5dHSjAvXqRTk7WND7w2DfDwRmz2s2aTQ1_04448PGxirIrjfiBDdxAdwP2QQ0hQkjddGMvPMfTPVKcPIYMNaJ_4j-Uh1QCrOT_-BVx_tfcMnHQMAXB-q-OIgVDOCUT9PaD9w3rAc-Pr1N7wOuFiLphhV781p5M6O2i-Wgw0o4lw0DlrwqPjxx59aTMJTcsHKgNL-_3juMMnhttR98iYyLRyCUK6nDL1fBpNddUiX4SqaCuCyzufNuqgI-poU8dpgKZtdV3FiNMPL231Z3_lO7WSmyQkYT5rc3np2ZsSRP50dkPeQCLEcCT18wPX0ylC7AaPDXirYaXPmi-tfZw237V1thDrjmAcMY_8MKCwhCZC85i04_Xu6e-eeRxYupRZESf5QDp8RNfa83caMW28BZC8Gyg0uPdjUcVwNWF7rQxppjn_soXPC9F9YEY1XH1iIgpx1PgWXVw0Zic8_SJ3aleXn1iNn6kf7vx0ELEnW1udRTgwQu2vRLN9-pel2S1MLSsrzqK5DyZdbRJq5Horx8eNhgSIqz-CiZy6IDYLIGSi7xF05NEr2NxhmiGVjDi7BzQxWn5H5sXPVwl_fRxm6t0wbKrd3ENQI56jWB5QJny5vr5s9UfHSuMLtUrQ4IdHUL5xtNtjEMLMDo3tKExKzuRsPIRYxb70TzmlCgqpdD4hFnW",
            "facilitated_booking_available": true,
            "pnr_count": 1,
            "has_airport_change": false,
            "technical_stops": 0,
            "throw_away_ticketing": false,
            "hidden_city_ticketing": false,
            "virtual_interlining": false
        },
        {
            "id": "0b7717884e314e382814abe5_0|0b7717884e314e382814abe5_1|0b7717884e314e382814abe5_2|0b7717884e314e382814abe5_3",
            "flyFrom": "BUD",
            "flyTo": "HAM",
            "cityFrom": "Budapest",
            "cityCodeFrom": "BUD",
            "cityTo": "Hamburg",
            "cityCodeTo": "HAM",
            "countryFrom": {
                "code": "HU",
                "name": "Hungary"
            },
            "countryTo": {
                "code": "DE",
                "name": "Germany"
            },
            "local_departure": "2024-10-21T11:20:00.000Z",
            "utc_departure": "2024-10-21T09:20:00.000Z",
            "local_arrival": "2024-10-21T14:10:00.000Z",
            "utc_arrival": "2024-10-21T12:10:00.000Z",
            "nightsInDest": 7,
            "quality": 330.66647,
            "distance": 949.98,
            "duration": {
                "departure": 10200,
                "return": 14400,
                "total": 24600
            },
            "price": 252,
            "conversion": {
                "EUR": 252
            },
            "fare": {
                "adults": 252,
                "children": 252,
                "infants": 252
            },
            "fare_locks": {
                "EUR": [
                    {
                        "default": false,
                        "duration": "P1D",
                        "itinerary_price_limit": 452,
                        "itinerary_price_remaining": 252,
                        "fare_lock_kind": "fee",
                        "price": 12.6,
                        "rule_instance_id": 26749,
                        "version": "v1"
                    },
                    {
                        "default": true,
                        "duration": "P3D",
                        "itinerary_price_limit": 452,
                        "itinerary_price_remaining": 252,
                        "fare_lock_kind": "fee",
                        "price": 25.2,
                        "rule_instance_id": 26748,
                        "version": "v1"
                    },
                    {
                        "default": false,
                        "duration": "P7D",
                        "itinerary_price_limit": 452,
                        "itinerary_price_remaining": 252,
                        "fare_lock_kind": "fee",
                        "price": 63,
                        "rule_instance_id": 26750,
                        "version": "v1"
                    }
                ]
            },
            "bags_price": {
                "1": 115.5,
                "2": 316.666
            },
            "baglimit": {
                "hand_dimensions_sum": 118,
                "hand_height": 40,
                "hand_length": 55,
                "hand_weight": 8,
                "hand_width": 23,
                "hold_dimensions_sum": 158,
                "hold_height": 52,
                "hold_length": 78,
                "hold_weight": 23,
                "hold_width": 28,
                "personal_item_dimension_sum": 80,
                "personal_item_height": 30,
                "personal_item_length": 40,
                "personal_item_weight": 3,
                "personal_item_width": 10
            },
            "availability": {
                "seats": 9
            },
            "airlines": [
                "OS",
                "LX"
            ],
            "route": [
                {
                    "id": "0b7717884e314e382814abe5_0",
                    "combination_id": "0b7717884e314e382814abe5",
                    "flyFrom": "BUD",
                    "flyTo": "VIE",
                    "cityFrom": "Budapest",
                    "cityCodeFrom": "BUD",
                    "cityTo": "Vienna",
                    "cityCodeTo": "VIE",
                    "local_departure": "2024-10-21T11:20:00.000Z",
                    "utc_departure": "2024-10-21T09:20:00.000Z",
                    "local_arrival": "2024-10-21T12:05:00.000Z",
                    "utc_arrival": "2024-10-21T10:05:00.000Z",
                    "airline": "OS",
                    "flight_no": 714,
                    "operating_carrier": "OS",
                    "operating_flight_no": "714",
                    "fare_basis": "KETCLSE4",
                    "fare_category": "M",
                    "fare_classes": "K",
                    "return": 0,
                    "bags_recheck_required": false,
                    "vi_connection": false,
                    "guarantee": false,
                    "equipment": null,
                    "vehicle_type": "aircraft"
                },
                {
                    "id": "0b7717884e314e382814abe5_1",
                    "combination_id": "0b7717884e314e382814abe5",
                    "flyFrom": "VIE",
                    "flyTo": "HAM",
                    "cityFrom": "Vienna",
                    "cityCodeFrom": "VIE",
                    "cityTo": "Hamburg",
                    "cityCodeTo": "HAM",
                    "local_departure": "2024-10-21T12:35:00.000Z",
                    "utc_departure": "2024-10-21T10:35:00.000Z",
                    "local_arrival": "2024-10-21T14:10:00.000Z",
                    "utc_arrival": "2024-10-21T12:10:00.000Z",
                    "airline": "OS",
                    "flight_no": 173,
                    "operating_carrier": "OS",
                    "operating_flight_no": "173",
                    "fare_basis": "KETCLSE4",
                    "fare_category": "M",
                    "fare_classes": "K",
                    "return": 0,
                    "bags_recheck_required": false,
                    "vi_connection": false,
                    "guarantee": false,
                    "equipment": null,
                    "vehicle_type": "aircraft"
                },
                {
                    "id": "0b7717884e314e382814abe5_2",
                    "combination_id": "0b7717884e314e382814abe5",
                    "flyFrom": "HAM",
                    "flyTo": "ZRH",
                    "cityFrom": "Hamburg",
                    "cityCodeFrom": "HAM",
                    "cityTo": "Z\u00fcrich",
                    "cityCodeTo": "ZRH",
                    "local_departure": "2024-10-28T18:45:00.000Z",
                    "utc_departure": "2024-10-28T17:45:00.000Z",
                    "local_arrival": "2024-10-28T20:10:00.000Z",
                    "utc_arrival": "2024-10-28T19:10:00.000Z",
                    "airline": "LX",
                    "flight_no": 1059,
                    "operating_carrier": "LX",
                    "operating_flight_no": "1059",
                    "fare_basis": "KETCLSE4",
                    "fare_category": "M",
                    "fare_classes": "K",
                    "return": 1,
                    "bags_recheck_required": false,
                    "vi_connection": false,
                    "guarantee": false,
                    "equipment": null,
                    "vehicle_type": "aircraft"
                },
                {
                    "id": "0b7717884e314e382814abe5_3",
                    "combination_id": "0b7717884e314e382814abe5",
                    "flyFrom": "ZRH",
                    "flyTo": "BUD",
                    "cityFrom": "Z\u00fcrich",
                    "cityCodeFrom": "ZRH",
                    "cityTo": "Budapest",
                    "cityCodeTo": "BUD",
                    "local_departure": "2024-10-28T21:10:00.000Z",
                    "utc_departure": "2024-10-28T20:10:00.000Z",
                    "local_arrival": "2024-10-28T22:45:00.000Z",
                    "utc_arrival": "2024-10-28T21:45:00.000Z",
                    "airline": "LX",
                    "flight_no": 2252,
                    "operating_carrier": "LX",
                    "operating_flight_no": "2252",
                    "fare_basis": "KETCLSE4",
                    "fare_category": "M",
                    "fare_classes": "K",
                    "return": 1,
                    "bags_recheck_required": false,
                    "vi_connection": false,
                    "guarantee": false,
                    "equipment": null,
                    "vehicle_type": "aircraft"
                }
            ],
            "booking_token": "HyBZ84ezoAqdORF40eeTRjWAxCP2K1TY3VNSi4a4UrDqPwgnb-j7udMlMgvVtYlOaUPeT_zd87tgQCl80vJPJr4ShJcw7nVqXeOC1yLx_9lnE8CmOs2R5n7Xc0SUTMWYMaG7gh_nqsjA-iDDAnMc-n88gIimwC399NoAt2mQaUpd_sRmxq7T2WhbnMYg3aWaK-nUtmzmE9V1dQx9vi8FiQEWemuR5x4jM92hTIx5bK2xWxRtWwt5NY793IQ0vnAQmkixba2IShZmEXDrW9psIjEmaERnr_NirSNIvrkyS_8VqCWy_lZ6ixzcKIZ8QmnEjLtraPuUiiKGqdYv9Krj8R17NRV7BHg6WxBElmxw0S1NjBHUI-85z8n806cGu80Zbcmo0vAOYQP3t0Z25MiVHUR_9ZIwciCLyNcp0GfqVPTZBodxZ4uKnloaGav0pKI50ZQsEPZ9VK7x7bxHU8a0Fz1aojbl3-1XWC3KXTC0HJVDUcTHgsPy5wCSweLpkKYvGUGV3ZXKnUwxQiGj6taAOTT0K4CsmONXC_odCHHaOQNiYAMGBsEJXE-WjeqkxiGei-geq81fTmdG1oiDsTbMryO0-3_PMNbeJ1bvcXzWV4roztbjVtn1iwauMwpfT_mGH-cSLZL1gALSyciBLmJ0-0EI8SdX0n1H8U15DcV9twXT69fbIeJPOZ4RsZNjWaWeogkIhiiMApyR4HrRbMjF7C3hguaRSZSgGzJ0fOM3pKmwt7Il6TLoRrvUkIG2i1wIK",
            "deep_link": "https://www.kiwi.com/deep?affilid=mihalytest&currency=EUR&flightsId=0b7717884e314e382814abe5_0%7C0b7717884e314e382814abe5_1%7C0b7717884e314e382814abe5_2%7C0b7717884e314e382814abe5_3&from=BUD&lang=en&passengers=1&to=HAM&booking_token=HyBZ84ezoAqdORF40eeTRjWAxCP2K1TY3VNSi4a4UrDqPwgnb-j7udMlMgvVtYlOaUPeT_zd87tgQCl80vJPJr4ShJcw7nVqXeOC1yLx_9lnE8CmOs2R5n7Xc0SUTMWYMaG7gh_nqsjA-iDDAnMc-n88gIimwC399NoAt2mQaUpd_sRmxq7T2WhbnMYg3aWaK-nUtmzmE9V1dQx9vi8FiQEWemuR5x4jM92hTIx5bK2xWxRtWwt5NY793IQ0vnAQmkixba2IShZmEXDrW9psIjEmaERnr_NirSNIvrkyS_8VqCWy_lZ6ixzcKIZ8QmnEjLtraPuUiiKGqdYv9Krj8R17NRV7BHg6WxBElmxw0S1NjBHUI-85z8n806cGu80Zbcmo0vAOYQP3t0Z25MiVHUR_9ZIwciCLyNcp0GfqVPTZBodxZ4uKnloaGav0pKI50ZQsEPZ9VK7x7bxHU8a0Fz1aojbl3-1XWC3KXTC0HJVDUcTHgsPy5wCSweLpkKYvGUGV3ZXKnUwxQiGj6taAOTT0K4CsmONXC_odCHHaOQNiYAMGBsEJXE-WjeqkxiGei-geq81fTmdG1oiDsTbMryO0-3_PMNbeJ1bvcXzWV4roztbjVtn1iwauMwpfT_mGH-cSLZL1gALSyciBLmJ0-0EI8SdX0n1H8U15DcV9twXT69fbIeJPOZ4RsZNjWaWeogkIhiiMApyR4HrRbMjF7C3hguaRSZSgGzJ0fOM3pKmwt7Il6TLoRrvUkIG2i1wIK",
            "facilitated_booking_available": true,
            "pnr_count": 1,
            "has_airport_change": false,
            "technical_stops": 0,
            "throw_away_ticketing": false,
            "hidden_city_ticketing": false,
            "virtual_interlining": false
        },
        {
            "id": "0b7717884e104e16ace64062_0|0b7717884e104e16ace64062_1|0b7717884e104e16ace64062_2|0b7717884e104e16ace64062_3",
            "flyFrom": "BUD",
            "flyTo": "HAM",
            "cityFrom": "Budapest",
            "cityCodeFrom": "BUD",
            "cityTo": "Hamburg",
            "cityCodeTo": "HAM",
            "countryFrom": {
                "code": "HU",
                "name": "Hungary"
            },
            "countryTo": {
                "code": "DE",
                "name": "Germany"
            },
            "local_departure": "2024-09-18T06:00:00.000Z",
            "utc_departure": "2024-09-18T04:00:00.000Z",
            "local_arrival": "2024-09-18T10:00:00.000Z",
            "utc_arrival": "2024-09-18T08:00:00.000Z",
            "nightsInDest": 6,
            "quality": 339.333115,
            "distance": 949.98,
            "duration": {
                "departure": 14400,
                "return": 14100,
                "total": 28500
            },
            "price": 252,
            "conversion": {
                "EUR": 252
            },
            "fare": {
                "adults": 252,
                "children": 252,
                "infants": 252
            },
            "fare_locks": {
                "EUR": [
                    {
                        "default": false,
                        "duration": "P1D",
                        "itinerary_price_limit": 452,
                        "itinerary_price_remaining": 252,
                        "fare_lock_kind": "fee",
                        "price": 12.6,
                        "rule_instance_id": 26749,
                        "version": "v1"
                    },
                    {
                        "default": true,
                        "duration": "P3D",
                        "itinerary_price_limit": 452,
                        "itinerary_price_remaining": 252,
                        "fare_lock_kind": "fee",
                        "price": 25.2,
                        "rule_instance_id": 26748,
                        "version": "v1"
                    },
                    {
                        "default": false,
                        "duration": "P7D",
                        "itinerary_price_limit": 452,
                        "itinerary_price_remaining": 252,
                        "fare_lock_kind": "fee",
                        "price": 63,
                        "rule_instance_id": 26750,
                        "version": "v1"
                    }
                ]
            },
            "bags_price": {
                "1": 77
            },
            "baglimit": {
                "hand_dimensions_sum": 118,
                "hand_height": 40,
                "hand_length": 55,
                "hand_weight": 5,
                "hand_width": 23,
                "hold_dimensions_sum": 158,
                "hold_height": 52,
                "hold_length": 78,
                "hold_weight": 23,
                "hold_width": 28,
                "personal_item_dimension_sum": 80,
                "personal_item_height": 30,
                "personal_item_length": 40,
                "personal_item_weight": 3,
                "personal_item_width": 10
            },
            "availability": {
                "seats": 9
            },
            "airlines": [
                "SN",
                "LH"
            ],
            "route": [
                {
                    "id": "0b7717884e104e16ace64062_0",
                    "combination_id": "0b7717884e104e16ace64062",
                    "flyFrom": "BUD",
                    "flyTo": "MUC",
                    "cityFrom": "Budapest",
                    "cityCodeFrom": "BUD",
                    "cityTo": "Munich",
                    "cityCodeTo": "MUC",
                    "local_departure": "2024-09-18T06:00:00.000Z",
                    "utc_departure": "2024-09-18T04:00:00.000Z",
                    "local_arrival": "2024-09-18T07:20:00.000Z",
                    "utc_arrival": "2024-09-18T05:20:00.000Z",
                    "airline": "LH",
                    "flight_no": 1683,
                    "operating_carrier": "LH",
                    "operating_flight_no": "1683",
                    "fare_basis": "KETCLSE4",
                    "fare_category": "M",
                    "fare_classes": "K",
                    "return": 0,
                    "bags_recheck_required": false,
                    "vi_connection": false,
                    "guarantee": false,
                    "equipment": null,
                    "vehicle_type": "aircraft"
                },
                {
                    "id": "0b7717884e104e16ace64062_1",
                    "combination_id": "0b7717884e104e16ace64062",
                    "flyFrom": "MUC",
                    "flyTo": "HAM",
                    "cityFrom": "Munich",
                    "cityCodeFrom": "MUC",
                    "cityTo": "Hamburg",
                    "cityCodeTo": "HAM",
                    "local_departure": "2024-09-18T08:45:00.000Z",
                    "utc_departure": "2024-09-18T06:45:00.000Z",
                    "local_arrival": "2024-09-18T10:00:00.000Z",
                    "utc_arrival": "2024-09-18T08:00:00.000Z",
                    "airline": "LH",
                    "flight_no": 2054,
                    "operating_carrier": "LH",
                    "operating_flight_no": "2054",
                    "fare_basis": "KETCLSE4",
                    "fare_category": "M",
                    "fare_classes": "K",
                    "return": 0,
                    "bags_recheck_required": false,
                    "vi_connection": false,
                    "guarantee": false,
                    "equipment": null,
                    "vehicle_type": "aircraft"
                },
                {
                    "id": "0b7717884e104e16ace64062_2",
                    "combination_id": "0b7717884e104e16ace64062",
                    "flyFrom": "HAM",
                    "flyTo": "BRU",
                    "cityFrom": "Hamburg",
                    "cityCodeFrom": "HAM",
                    "cityTo": "Brussels",
                    "cityCodeTo": "BRU",
                    "local_departure": "2024-09-24T19:05:00.000Z",
                    "utc_departure": "2024-09-24T17:05:00.000Z",
                    "local_arrival": "2024-09-24T20:20:00.000Z",
                    "utc_arrival": "2024-09-24T18:20:00.000Z",
                    "airline": "SN",
                    "flight_no": 2628,
                    "operating_carrier": "SN",
                    "operating_flight_no": "2628",
                    "fare_basis": "KETCLSE4",
                    "fare_category": "M",
                    "fare_classes": "K",
                    "return": 1,
                    "bags_recheck_required": false,
                    "vi_connection": false,
                    "guarantee": false,
                    "equipment": null,
                    "vehicle_type": "aircraft"
                },
                {
                    "id": "0b7717884e104e16ace64062_3",
                    "combination_id": "0b7717884e104e16ace64062",
                    "flyFrom": "BRU",
                    "flyTo": "BUD",
                    "cityFrom": "Brussels",
                    "cityCodeFrom": "BRU",
                    "cityTo": "Budapest",
                    "cityCodeTo": "BUD",
                    "local_departure": "2024-09-24T21:00:00.000Z",
                    "utc_departure": "2024-09-24T19:00:00.000Z",
                    "local_arrival": "2024-09-24T23:00:00.000Z",
                    "utc_arrival": "2024-09-24T21:00:00.000Z",
                    "airline": "SN",
                    "flight_no": 2829,
                    "operating_carrier": "SN",
                    "operating_flight_no": "2829",
                    "fare_basis": "KETCLSE4",
                    "fare_category": "M",
                    "fare_classes": "K",
                    "return": 1,
                    "bags_recheck_required": false,
                    "vi_connection": false,
                    "guarantee": false,
                    "equipment": null,
                    "vehicle_type": "aircraft"
                }
            ],
            "booking_token": "HTs0cv-5PPW5NNrdgCisJ9Nnh8_Bx8KF2CvxMFnj_6KX0uSzftL-XdGxdcYG9HPCUGRxSzxNYuK4XhpG0tDL9wvYr8gVn_RVUl9ovYuyPkwXhDWHyQZk_7pkQ_LZ4jgzeofpYfHDPWOs7k347HyGfxXAjMe7Wupxc8Pv2WUUHVyef-hoar-fSrDC2mzdxUuR7uidaO2VO6BLDyCqUARb5gn-fVq33BEm6q3HCph45AFOtrZrHdQ0L6bZ_Z9moFchSJ8fZl2g8CTaoav9sFkzdHz4MyCk3vside5TerUsAK_XXax8tKk9ZP8ynwHdDDvvrWIRDYCLQ8t5zdcyqj4xCxInAw7LiXsXSWNbcH4LUOYgU3MnX8IXiqlhJPwKxc8DydRDU8WXn7HDfAZV9_krR-S8ERVCg8t_g4dGmBvxMjbVo8LmVqX6BtQxqRnEkI1X3r_e6qH_yZI6xgtGcNlOULJpRbX6nIeYzd-YJiyuXmrRS4QoFXlZo3M8D_XyWFSp6sCvMCiJYXaiaXPYWjLTCBtY_zY0M9YMywpkXVHv_5spWLptatsnt0-utsWUhMDvP97MktDin35WnRVYcqsz2ihELmVV5DLB6b6LWfyEVSE9p8xLs6SXCuTQxzX2mosXKtJ42rx30MvUMWviSIguxDrMks6oP0Fa7f1YketcSYbIrHn1qYVGlA4aKrn-nVb0hUKWNiBUcV0aOCwlKKeEF9J23LG-jnLw1htf_wU9fcdH3R0vR3vXgvF-snlKpUoMT",
            "deep_link": "https://www.kiwi.com/deep?affilid=mihalytest&currency=EUR&flightsId=0b7717884e104e16ace64062_0%7C0b7717884e104e16ace64062_1%7C0b7717884e104e16ace64062_2%7C0b7717884e104e16ace64062_3&from=BUD&lang=en&passengers=1&to=HAM&booking_token=HTs0cv-5PPW5NNrdgCisJ9Nnh8_Bx8KF2CvxMFnj_6KX0uSzftL-XdGxdcYG9HPCUGRxSzxNYuK4XhpG0tDL9wvYr8gVn_RVUl9ovYuyPkwXhDWHyQZk_7pkQ_LZ4jgzeofpYfHDPWOs7k347HyGfxXAjMe7Wupxc8Pv2WUUHVyef-hoar-fSrDC2mzdxUuR7uidaO2VO6BLDyCqUARb5gn-fVq33BEm6q3HCph45AFOtrZrHdQ0L6bZ_Z9moFchSJ8fZl2g8CTaoav9sFkzdHz4MyCk3vside5TerUsAK_XXax8tKk9ZP8ynwHdDDvvrWIRDYCLQ8t5zdcyqj4xCxInAw7LiXsXSWNbcH4LUOYgU3MnX8IXiqlhJPwKxc8DydRDU8WXn7HDfAZV9_krR-S8ERVCg8t_g4dGmBvxMjbVo8LmVqX6BtQxqRnEkI1X3r_e6qH_yZI6xgtGcNlOULJpRbX6nIeYzd-YJiyuXmrRS4QoFXlZo3M8D_XyWFSp6sCvMCiJYXaiaXPYWjLTCBtY_zY0M9YMywpkXVHv_5spWLptatsnt0-utsWUhMDvP97MktDin35WnRVYcqsz2ihELmVV5DLB6b6LWfyEVSE9p8xLs6SXCuTQxzX2mosXKtJ42rx30MvUMWviSIguxDrMks6oP0Fa7f1YketcSYbIrHn1qYVGlA4aKrn-nVb0hUKWNiBUcV0aOCwlKKeEF9J23LG-jnLw1htf_wU9fcdH3R0vR3vXgvF-snlKpUoMT",
            "facilitated_booking_available": true,
            "pnr_count": 1,
            "has_airport_change": false,
            "technical_stops": 0,
            "throw_away_ticketing": false,
            "hidden_city_ticketing": false,
            "virtual_interlining": false
        },
        {
            "id": "0b7717884e2e4e31b7a1d1aa_0|0b7717884e2e4e31b7a1d1aa_1|0b7717884e2e4e31b7a1d1aa_2|0b7717884e2e4e31b7a1d1aa_3",
            "flyFrom": "BUD",
            "flyTo": "HAM",
            "cityFrom": "Budapest",
            "cityCodeFrom": "BUD",
            "cityTo": "Hamburg",
            "cityCodeTo": "HAM",
            "countryFrom": {
                "code": "HU",
                "name": "Hungary"
            },
            "countryTo": {
                "code": "DE",
                "name": "Germany"
            },
            "local_departure": "2024-10-18T08:40:00.000Z",
            "utc_departure": "2024-10-18T06:40:00.000Z",
            "local_arrival": "2024-10-18T12:30:00.000Z",
            "utc_arrival": "2024-10-18T10:30:00.000Z",
            "nightsInDest": 3,
            "quality": 334.33313,
            "distance": 949.98,
            "duration": {
                "departure": 13800,
                "return": 12000,
                "total": 25800
            },
            "price": 253,
            "conversion": {
                "EUR": 253
            },
            "fare": {
                "adults": 253,
                "children": 253,
                "infants": 253
            },
            "fare_locks": {
                "EUR": [
                    {
                        "default": false,
                        "duration": "P1D",
                        "itinerary_price_limit": 453,
                        "itinerary_price_remaining": 253,
                        "fare_lock_kind": "fee",
                        "price": 12.65,
                        "rule_instance_id": 26749,
                        "version": "v1"
                    },
                    {
                        "default": true,
                        "duration": "P3D",
                        "itinerary_price_limit": 453,
                        "itinerary_price_remaining": 253,
                        "fare_lock_kind": "fee",
                        "price": 25.3,
                        "rule_instance_id": 26748,
                        "version": "v1"
                    },
                    {
                        "default": false,
                        "duration": "P7D",
                        "itinerary_price_limit": 453,
                        "itinerary_price_remaining": 253,
                        "fare_lock_kind": "fee",
                        "price": 63.25,
                        "rule_instance_id": 26750,
                        "version": "v1"
                    }
                ]
            },
            "bags_price": {
                "1": 91
            },
            "baglimit": {
                "hand_dimensions_sum": 118,
                "hand_height": 40,
                "hand_length": 55,
                "hand_weight": 8,
                "hand_width": 23,
                "hold_dimensions_sum": 158,
                "hold_height": 52,
                "hold_length": 78,
                "hold_weight": 23,
                "hold_width": 28,
                "personal_item_dimension_sum": 80,
                "personal_item_height": 30,
                "personal_item_length": 40,
                "personal_item_weight": 4,
                "personal_item_width": 10
            },
            "availability": {
                "seats": 9
            },
            "airlines": [
                "LH"
            ],
            "route": [
                {
                    "id": "0b7717884e2e4e31b7a1d1aa_0",
                    "combination_id": "0b7717884e2e4e31b7a1d1aa",
                    "flyFrom": "BUD",
                    "flyTo": "MUC",
                    "cityFrom": "Budapest",
                    "cityCodeFrom": "BUD",
                    "cityTo": "Munich",
                    "cityCodeTo": "MUC",
                    "local_departure": "2024-10-18T08:40:00.000Z",
                    "utc_departure": "2024-10-18T06:40:00.000Z",
                    "local_arrival": "2024-10-18T10:00:00.000Z",
                    "utc_arrival": "2024-10-18T08:00:00.000Z",
                    "airline": "LH",
                    "flight_no": 1675,
                    "operating_carrier": "BT",
                    "operating_flight_no": "",
                    "fare_basis": "KETCLSE4",
                    "fare_category": "M",
                    "fare_classes": "K",
                    "return": 0,
                    "bags_recheck_required": false,
                    "vi_connection": false,
                    "guarantee": false,
                    "equipment": null,
                    "vehicle_type": "aircraft"
                },
                {
                    "id": "0b7717884e2e4e31b7a1d1aa_1",
                    "combination_id": "0b7717884e2e4e31b7a1d1aa",
                    "flyFrom": "MUC",
                    "flyTo": "HAM",
                    "cityFrom": "Munich",
                    "cityCodeFrom": "MUC",
                    "cityTo": "Hamburg",
                    "cityCodeTo": "HAM",
                    "local_departure": "2024-10-18T11:15:00.000Z",
                    "utc_departure": "2024-10-18T09:15:00.000Z",
                    "local_arrival": "2024-10-18T12:30:00.000Z",
                    "utc_arrival": "2024-10-18T10:30:00.000Z",
                    "airline": "LH",
                    "flight_no": 2058,
                    "operating_carrier": "LH",
                    "operating_flight_no": "2058",
                    "fare_basis": "KETCLSE4",
                    "fare_category": "M",
                    "fare_classes": "K",
                    "return": 0,
                    "bags_recheck_required": false,
                    "vi_connection": false,
                    "guarantee": false,
                    "equipment": null,
                    "vehicle_type": "aircraft"
                },
                {
                    "id": "0b7717884e2e4e31b7a1d1aa_2",
                    "combination_id": "0b7717884e2e4e31b7a1d1aa",
                    "flyFrom": "HAM",
                    "flyTo": "MUC",
                    "cityFrom": "Hamburg",
                    "cityCodeFrom": "HAM",
                    "cityTo": "Munich",
                    "cityCodeTo": "MUC",
                    "local_departure": "2024-10-21T20:15:00.000Z",
                    "utc_departure": "2024-10-21T18:15:00.000Z",
                    "local_arrival": "2024-10-21T21:30:00.000Z",
                    "utc_arrival": "2024-10-21T19:30:00.000Z",
                    "airline": "LH",
                    "flight_no": 2073,
                    "operating_carrier": "LH",
                    "operating_flight_no": "2073",
                    "fare_basis": "KETCLSE4",
                    "fare_category": "M",
                    "fare_classes": "K",
                    "return": 1,
                    "bags_recheck_required": false,
                    "vi_connection": false,
                    "guarantee": false,
                    "equipment": null,
                    "vehicle_type": "aircraft"
                },
                {
                    "id": "0b7717884e2e4e31b7a1d1aa_3",
                    "combination_id": "0b7717884e2e4e31b7a1d1aa",
                    "flyFrom": "MUC",
                    "flyTo": "BUD",
                    "cityFrom": "Munich",
                    "cityCodeFrom": "MUC",
                    "cityTo": "Budapest",
                    "cityCodeTo": "BUD",
                    "local_departure": "2024-10-21T22:20:00.000Z",
                    "utc_departure": "2024-10-21T20:20:00.000Z",
                    "local_arrival": "2024-10-21T23:35:00.000Z",
                    "utc_arrival": "2024-10-21T21:35:00.000Z",
                    "airline": "LH",
                    "flight_no": 1682,
                    "operating_carrier": "LH",
                    "operating_flight_no": "1682",
                    "fare_basis": "KETCLSE4",
                    "fare_category": "M",
                    "fare_classes": "K",
                    "return": 1,
                    "bags_recheck_required": false,
                    "vi_connection": false,
                    "guarantee": false,
                    "equipment": null,
                    "vehicle_type": "aircraft"
                }
            ],
            "booking_token": "HgGokGkRDC2CIyeV9SgjdaRqhMjfHW4KZGUNrRn0h1Q7UWQAHAxdsNOq4LckfWzud2XmWv5I5c9NCbze31pm0sQIPYvJCXHf8JajliKdf2jIRMvlQh8fbcA5ZFQGP-Ct8Vgra4g_-KgIn5eZhd3DFKpVlTJIeSY1B7Bm85yCMBze9xkK6CKkj9LWW-v55jxyxn4SJr-zZh0XyV7KNXau9WWMf1kWcr8NR12v27NqMZN92yEYlUy0AJU_4PeHyPigrE1AtkhkFSB5Ux-sUg0dFLGH1OsEXpK5BiV1ziFKeB1mJgtrxXyceb9nONKz4epR7eA6aPkC509ESEsMyQBtYJMvVZcIlsnYWFn1WdcRtlMlpDv9gJmJooC2Buq0KBWEvkik-QJR7CAWvgItuI9-i57VtZ2AUQcPTW13vVROmlfxtue2vBcFGkVHb_DIiXXa-48Ce2vlZSyHc_CPgNUDWsCAisnKQLEWKXbWL_MidmXt_NZmHhFZuWSQiHS_ieL10VpLLOkJPE6m3F1c8EF5VSCdROgR7kuPOnrdI_jt0cZHlH2vuyCumwHoWotOFRCmUugLr-8liYU_PbxIwsrIGuGGojBetdh6gNBJHAFqKWqhkMYhE2Z--KODRwwlBpoRmIpLtfsstQ_MfAKavhGsD3F7_YbczC8hvQKRnjz6BXiAVg50q5c3RaXvaEakGpbhlg64D1_kjwfqzim9PHFLEre-6y5ADOCtstecfAX8cYPQ=",
            "deep_link": "https://www.kiwi.com/deep?affilid=mihalytest&currency=EUR&flightsId=0b7717884e2e4e31b7a1d1aa_0%7C0b7717884e2e4e31b7a1d1aa_1%7C0b7717884e2e4e31b7a1d1aa_2%7C0b7717884e2e4e31b7a1d1aa_3&from=BUD&lang=en&passengers=1&to=HAM&booking_token=HgGokGkRDC2CIyeV9SgjdaRqhMjfHW4KZGUNrRn0h1Q7UWQAHAxdsNOq4LckfWzud2XmWv5I5c9NCbze31pm0sQIPYvJCXHf8JajliKdf2jIRMvlQh8fbcA5ZFQGP-Ct8Vgra4g_-KgIn5eZhd3DFKpVlTJIeSY1B7Bm85yCMBze9xkK6CKkj9LWW-v55jxyxn4SJr-zZh0XyV7KNXau9WWMf1kWcr8NR12v27NqMZN92yEYlUy0AJU_4PeHyPigrE1AtkhkFSB5Ux-sUg0dFLGH1OsEXpK5BiV1ziFKeB1mJgtrxXyceb9nONKz4epR7eA6aPkC509ESEsMyQBtYJMvVZcIlsnYWFn1WdcRtlMlpDv9gJmJooC2Buq0KBWEvkik-QJR7CAWvgItuI9-i57VtZ2AUQcPTW13vVROmlfxtue2vBcFGkVHb_DIiXXa-48Ce2vlZSyHc_CPgNUDWsCAisnKQLEWKXbWL_MidmXt_NZmHhFZuWSQiHS_ieL10VpLLOkJPE6m3F1c8EF5VSCdROgR7kuPOnrdI_jt0cZHlH2vuyCumwHoWotOFRCmUugLr-8liYU_PbxIwsrIGuGGojBetdh6gNBJHAFqKWqhkMYhE2Z--KODRwwlBpoRmIpLtfsstQ_MfAKavhGsD3F7_YbczC8hvQKRnjz6BXiAVg50q5c3RaXvaEakGpbhlg64D1_kjwfqzim9PHFLEre-6y5ADOCtstecfAX8cYPQ=",
            "facilitated_booking_available": true,
            "pnr_count": 1,
            "has_airport_change": false,
            "technical_stops": 0,
            "throw_away_ticketing": false,
            "hidden_city_ticketing": false,
            "virtual_interlining": false
        },
        {
            "id": "0b7717884e104e16a06fcc0f_0|0b7717884e104e16a06fcc0f_1|0b7717884e104e16a06fcc0f_2|0b7717884e104e16a06fcc0f_3",
            "flyFrom": "BUD",
            "flyTo": "HAM",
            "cityFrom": "Budapest",
            "cityCodeFrom": "BUD",
            "cityTo": "Hamburg",
            "cityCodeTo": "HAM",
            "countryFrom": {
                "code": "HU",
                "name": "Hungary"
            },
            "countryTo": {
                "code": "DE",
                "name": "Germany"
            },
            "local_departure": "2024-09-18T06:00:00.000Z",
            "utc_departure": "2024-09-18T04:00:00.000Z",
            "local_arrival": "2024-09-18T10:00:00.000Z",
            "utc_arrival": "2024-09-18T08:00:00.000Z",
            "nightsInDest": 6,
            "quality": 335.66646,
            "distance": 949.98,
            "duration": {
                "departure": 14400,
                "return": 12000,
                "total": 26400
            },
            "price": 253,
            "conversion": {
                "EUR": 253
            },
            "fare": {
                "adults": 253,
                "children": 253,
                "infants": 253
            },
            "fare_locks": {
                "EUR": [
                    {
                        "default": false,
                        "duration": "P1D",
                        "itinerary_price_limit": 453,
                        "itinerary_price_remaining": 253,
                        "fare_lock_kind": "fee",
                        "price": 12.65,
                        "rule_instance_id": 26749,
                        "version": "v1"
                    },
                    {
                        "default": true,
                        "duration": "P3D",
                        "itinerary_price_limit": 453,
                        "itinerary_price_remaining": 253,
                        "fare_lock_kind": "fee",
                        "price": 25.3,
                        "rule_instance_id": 26748,
                        "version": "v1"
                    },
                    {
                        "default": false,
                        "duration": "P7D",
                        "itinerary_price_limit": 453,
                        "itinerary_price_remaining": 253,
                        "fare_lock_kind": "fee",
                        "price": 63.25,
                        "rule_instance_id": 26750,
                        "version": "v1"
                    }
                ]
            },
            "bags_price": {
                "1": 70
            },
            "baglimit": {
                "hand_dimensions_sum": 118,
                "hand_height": 40,
                "hand_length": 55,
                "hand_weight": 8,
                "hand_width": 23,
                "hold_dimensions_sum": 158,
                "hold_height": 52,
                "hold_length": 78,
                "hold_weight": 23,
                "hold_width": 28,
                "personal_item_dimension_sum": 80,
                "personal_item_height": 30,
                "personal_item_length": 40,
                "personal_item_weight": 4,
                "personal_item_width": 10
            },
            "availability": {
                "seats": 9
            },
            "airlines": [
                "LH"
            ],
            "route": [
                {
                    "id": "0b7717884e104e16a06fcc0f_0",
                    "combination_id": "0b7717884e104e16a06fcc0f",
                    "flyFrom": "BUD",
                    "flyTo": "MUC",
                    "cityFrom": "Budapest",
                    "cityCodeFrom": "BUD",
                    "cityTo": "Munich",
                    "cityCodeTo": "MUC",
                    "local_departure": "2024-09-18T06:00:00.000Z",
                    "utc_departure": "2024-09-18T04:00:00.000Z",
                    "local_arrival": "2024-09-18T07:20:00.000Z",
                    "utc_arrival": "2024-09-18T05:20:00.000Z",
                    "airline": "LH",
                    "flight_no": 1683,
                    "operating_carrier": "LH",
                    "operating_flight_no": "1683",
                    "fare_basis": "KETCLSE4",
                    "fare_category": "M",
                    "fare_classes": "K",
                    "return": 0,
                    "bags_recheck_required": false,
                    "vi_connection": false,
                    "guarantee": false,
                    "equipment": null,
                    "vehicle_type": "aircraft"
                },
                {
                    "id": "0b7717884e104e16a06fcc0f_1",
                    "combination_id": "0b7717884e104e16a06fcc0f",
                    "flyFrom": "MUC",
                    "flyTo": "HAM",
                    "cityFrom": "Munich",
                    "cityCodeFrom": "MUC",
                    "cityTo": "Hamburg",
                    "cityCodeTo": "HAM",
                    "local_departure": "2024-09-18T08:45:00.000Z",
                    "utc_departure": "2024-09-18T06:45:00.000Z",
                    "local_arrival": "2024-09-18T10:00:00.000Z",
                    "utc_arrival": "2024-09-18T08:00:00.000Z",
                    "airline": "LH",
                    "flight_no": 2054,
                    "operating_carrier": "LH",
                    "operating_flight_no": "2054",
                    "fare_basis": "KETCLSE4",
                    "fare_category": "M",
                    "fare_classes": "K",
                    "return": 0,
                    "bags_recheck_required": false,
                    "vi_connection": false,
                    "guarantee": false,
                    "equipment": null,
                    "vehicle_type": "aircraft"
                },
                {
                    "id": "0b7717884e104e16a06fcc0f_2",
                    "combination_id": "0b7717884e104e16a06fcc0f",
                    "flyFrom": "HAM",
                    "flyTo": "MUC",
                    "cityFrom": "Hamburg",
                    "cityCodeFrom": "HAM",
                    "cityTo": "Munich",
                    "cityCodeTo": "MUC",
                    "local_departure": "2024-09-24T20:15:00.000Z",
                    "utc_departure": "2024-09-24T18:15:00.000Z",
                    "local_arrival": "2024-09-24T21:30:00.000Z",
                    "utc_arrival": "2024-09-24T19:30:00.000Z",
                    "airline": "LH",
                    "flight_no": 2073,
                    "operating_carrier": "LH",
                    "operating_flight_no": "2073",
                    "fare_basis": "KETCLSE4",
                    "fare_category": "M",
                    "fare_classes": "K",
                    "return": 1,
                    "bags_recheck_required": false,
                    "vi_connection": false,
                    "guarantee": false,
                    "equipment": null,
                    "vehicle_type": "aircraft"
                },
                {
                    "id": "0b7717884e104e16a06fcc0f_3",
                    "combination_id": "0b7717884e104e16a06fcc0f",
                    "flyFrom": "MUC",
                    "flyTo": "BUD",
                    "cityFrom": "Munich",
                    "cityCodeFrom": "MUC",
                    "cityTo": "Budapest",
                    "cityCodeTo": "BUD",
                    "local_departure": "2024-09-24T22:20:00.000Z",
                    "utc_departure": "2024-09-24T20:20:00.000Z",
                    "local_arrival": "2024-09-24T23:35:00.000Z",
                    "utc_arrival": "2024-09-24T21:35:00.000Z",
                    "airline": "LH",
                    "flight_no": 1682,
                    "operating_carrier": "LH",
                    "operating_flight_no": "1682",
                    "fare_basis": "KETCLSE4",
                    "fare_category": "M",
                    "fare_classes": "K",
                    "return": 1,
                    "bags_recheck_required": false,
                    "vi_connection": false,
                    "guarantee": false,
                    "equipment": null,
                    "vehicle_type": "aircraft"
                }
            ],
            "booking_token": "HGe4igIoYrQqigmKnOITxcBGAa7vrTa4RHOZnzuCQuA3Fu6-OQ5oLPh4UvevOj0jRb-RYudBjrgM4kYIrv4GSVEr8XZcapQSdEAFGbfl8aQlewYxiZHShEBNX6jguOTcfULN1PwezG7O5MTZLhO0U8V0CouMXrPjLQsvVhgnLF4_nfLdCW54JZx1h9ikTJQ5kck8UmiUpZqrND9Pcg3ngN9s-BU8GSKdifmzESb2kSEIDMR8Rwm4ilKt4pWxORL1yxvMe9Rp3izFpq1HJL5FoV-w186f_di-89PhyzapUuYgAM9vDEuW-Jg6-v0ZUM8lUa6ckxkgQG-7z_NrImDJxbBlDbJnbeo29N3AJED1i2wVT5gGRZxw3dRwKosR_lEpG5DjD-_mrlVUx9l3eQCYN35Rr-TGnrDrMJq-ZV1w_lfW8EgR_XGZe6iruw_YDgErMvwKSleiY0r-HC1H1Jn-f3DBxHuQhhpVhBUHsMfa4yk9iwvamWE5ZJMy-dV3AnyEKbGh_XWe7VEwaFbvzaXolbotvzAoC0aqecdJTG_Zw87dWDOJIbBeD4QZ2bE7GmRJtdYm1GsvOChpiKNyyofSutU9Hnc-ocfjgB_PYoxkxxBZykPUltPe9bNe1y-brD4aZZSZCHjviyr_uvdwwAv4VsnGfKJ9_GuVRIg_6y1fihaX381czW9iu1PFpJYeztxlDtZfIoQ86FYy-ba5g90feDQ==",
            "deep_link": "https://www.kiwi.com/deep?affilid=mihalytest&currency=EUR&flightsId=0b7717884e104e16a06fcc0f_0%7C0b7717884e104e16a06fcc0f_1%7C0b7717884e104e16a06fcc0f_2%7C0b7717884e104e16a06fcc0f_3&from=BUD&lang=en&passengers=1&to=HAM&booking_token=HGe4igIoYrQqigmKnOITxcBGAa7vrTa4RHOZnzuCQuA3Fu6-OQ5oLPh4UvevOj0jRb-RYudBjrgM4kYIrv4GSVEr8XZcapQSdEAFGbfl8aQlewYxiZHShEBNX6jguOTcfULN1PwezG7O5MTZLhO0U8V0CouMXrPjLQsvVhgnLF4_nfLdCW54JZx1h9ikTJQ5kck8UmiUpZqrND9Pcg3ngN9s-BU8GSKdifmzESb2kSEIDMR8Rwm4ilKt4pWxORL1yxvMe9Rp3izFpq1HJL5FoV-w186f_di-89PhyzapUuYgAM9vDEuW-Jg6-v0ZUM8lUa6ckxkgQG-7z_NrImDJxbBlDbJnbeo29N3AJED1i2wVT5gGRZxw3dRwKosR_lEpG5DjD-_mrlVUx9l3eQCYN35Rr-TGnrDrMJq-ZV1w_lfW8EgR_XGZe6iruw_YDgErMvwKSleiY0r-HC1H1Jn-f3DBxHuQhhpVhBUHsMfa4yk9iwvamWE5ZJMy-dV3AnyEKbGh_XWe7VEwaFbvzaXolbotvzAoC0aqecdJTG_Zw87dWDOJIbBeD4QZ2bE7GmRJtdYm1GsvOChpiKNyyofSutU9Hnc-ocfjgB_PYoxkxxBZykPUltPe9bNe1y-brD4aZZSZCHjviyr_uvdwwAv4VsnGfKJ9_GuVRIg_6y1fihaX381czW9iu1PFpJYeztxlDtZfIoQ86FYy-ba5g90feDQ==",
            "facilitated_booking_available": true,
            "pnr_count": 1,
            "has_airport_change": false,
            "technical_stops": 0,
            "throw_away_ticketing": false,
            "hidden_city_ticketing": false,
            "virtual_interlining": false
        },
        {
            "id": "0b7717884e0e4e1562796ab9_0|0b7717884e0e4e1562796ab9_1|0b7717884e0e4e1562796ab9_2|0b7717884e0e4e1562796ab9_3",
            "flyFrom": "BUD",
            "flyTo": "HAM",
            "cityFrom": "Budapest",
            "cityCodeFrom": "BUD",
            "cityTo": "Hamburg",
            "cityCodeTo": "HAM",
            "countryFrom": {
                "code": "HU",
                "name": "Hungary"
            },
            "countryTo": {
                "code": "DE",
                "name": "Germany"
            },
            "local_departure": "2024-09-16T17:25:00.000Z",
            "utc_departure": "2024-09-16T15:25:00.000Z",
            "local_arrival": "2024-09-16T21:30:00.000Z",
            "utc_arrival": "2024-09-16T19:30:00.000Z",
            "nightsInDest": 7,
            "quality": 336.333125,
            "distance": 949.98,
            "duration": {
                "departure": 14700,
                "return": 12000,
                "total": 26700
            },
            "price": 253,
            "conversion": {
                "EUR": 253
            },
            "fare": {
                "adults": 253,
                "children": 253,
                "infants": 253
            },
            "fare_locks": {
                "EUR": [
                    {
                        "default": false,
                        "duration": "P1D",
                        "itinerary_price_limit": 453,
                        "itinerary_price_remaining": 253,
                        "fare_lock_kind": "fee",
                        "price": 12.65,
                        "rule_instance_id": 26749,
                        "version": "v1"
                    },
                    {
                        "default": true,
                        "duration": "P3D",
                        "itinerary_price_limit": 453,
                        "itinerary_price_remaining": 253,
                        "fare_lock_kind": "fee",
                        "price": 25.3,
                        "rule_instance_id": 26748,
                        "version": "v1"
                    },
                    {
                        "default": false,
                        "duration": "P7D",
                        "itinerary_price_limit": 453,
                        "itinerary_price_remaining": 253,
                        "fare_lock_kind": "fee",
                        "price": 63.25,
                        "rule_instance_id": 26750,
                        "version": "v1"
                    }
                ]
            },
            "bags_price": {
                "1": 91
            },
            "baglimit": {
                "hand_dimensions_sum": 118,
                "hand_height": 40,
                "hand_length": 55,
                "hand_weight": 8,
                "hand_width": 23,
                "hold_dimensions_sum": 158,
                "hold_height": 52,
                "hold_length": 78,
                "hold_weight": 23,
                "hold_width": 28,
                "personal_item_dimension_sum": 80,
                "personal_item_height": 30,
                "personal_item_length": 40,
                "personal_item_weight": 4,
                "personal_item_width": 10
            },
            "availability": {
                "seats": 9
            },
            "airlines": [
                "LH"
            ],
            "route": [
                {
                    "id": "0b7717884e0e4e1562796ab9_0",
                    "combination_id": "0b7717884e0e4e1562796ab9",
                    "flyFrom": "BUD",
                    "flyTo": "MUC",
                    "cityFrom": "Budapest",
                    "cityCodeFrom": "BUD",
                    "cityTo": "Munich",
                    "cityCodeTo": "MUC",
                    "local_departure": "2024-09-16T17:25:00.000Z",
                    "utc_departure": "2024-09-16T15:25:00.000Z",
                    "local_arrival": "2024-09-16T18:45:00.000Z",
                    "utc_arrival": "2024-09-16T16:45:00.000Z",
                    "airline": "LH",
                    "flight_no": 1679,
                    "operating_carrier": "CL",
                    "operating_flight_no": "",
                    "fare_basis": "KETCLSE4",
                    "fare_category": "M",
                    "fare_classes": "K",
                    "return": 0,
                    "bags_recheck_required": false,
                    "vi_connection": false,
                    "guarantee": false,
                    "equipment": null,
                    "vehicle_type": "aircraft"
                },
                {
                    "id": "0b7717884e0e4e1562796ab9_1",
                    "combination_id": "0b7717884e0e4e1562796ab9",
                    "flyFrom": "MUC",
                    "flyTo": "HAM",
                    "cityFrom": "Munich",
                    "cityCodeFrom": "MUC",
                    "cityTo": "Hamburg",
                    "cityCodeTo": "HAM",
                    "local_departure": "2024-09-16T20:15:00.000Z",
                    "utc_departure": "2024-09-16T18:15:00.000Z",
                    "local_arrival": "2024-09-16T21:30:00.000Z",
                    "utc_arrival": "2024-09-16T19:30:00.000Z",
                    "airline": "LH",
                    "flight_no": 2076,
                    "operating_carrier": "LH",
                    "operating_flight_no": "2076",
                    "fare_basis": "KETCLSE4",
                    "fare_category": "M",
                    "fare_classes": "K",
                    "return": 0,
                    "bags_recheck_required": false,
                    "vi_connection": false,
                    "guarantee": false,
                    "equipment": null,
                    "vehicle_type": "aircraft"
                },
                {
                    "id": "0b7717884e0e4e1562796ab9_2",
                    "combination_id": "0b7717884e0e4e1562796ab9",
                    "flyFrom": "HAM",
                    "flyTo": "MUC",
                    "cityFrom": "Hamburg",
                    "cityCodeFrom": "HAM",
                    "cityTo": "Munich",
                    "cityCodeTo": "MUC",
                    "local_departure": "2024-09-23T20:15:00.000Z",
                    "utc_departure": "2024-09-23T18:15:00.000Z",
                    "local_arrival": "2024-09-23T21:30:00.000Z",
                    "utc_arrival": "2024-09-23T19:30:00.000Z",
                    "airline": "LH",
                    "flight_no": 2073,
                    "operating_carrier": "LH",
                    "operating_flight_no": "2073",
                    "fare_basis": "KETCLSE4",
                    "fare_category": "M",
                    "fare_classes": "K",
                    "return": 1,
                    "bags_recheck_required": false,
                    "vi_connection": false,
                    "guarantee": false,
                    "equipment": null,
                    "vehicle_type": "aircraft"
                },
                {
                    "id": "0b7717884e0e4e1562796ab9_3",
                    "combination_id": "0b7717884e0e4e1562796ab9",
                    "flyFrom": "MUC",
                    "flyTo": "BUD",
                    "cityFrom": "Munich",
                    "cityCodeFrom": "MUC",
                    "cityTo": "Budapest",
                    "cityCodeTo": "BUD",
                    "local_departure": "2024-09-23T22:20:00.000Z",
                    "utc_departure": "2024-09-23T20:20:00.000Z",
                    "local_arrival": "2024-09-23T23:35:00.000Z",
                    "utc_arrival": "2024-09-23T21:35:00.000Z",
                    "airline": "LH",
                    "flight_no": 1682,
                    "operating_carrier": "LH",
                    "operating_flight_no": "1682",
                    "fare_basis": "KETCLSE4",
                    "fare_category": "M",
                    "fare_classes": "K",
                    "return": 1,
                    "bags_recheck_required": false,
                    "vi_connection": false,
                    "guarantee": false,
                    "equipment": null,
                    "vehicle_type": "aircraft"
                }
            ],
            "booking_token": "H0RwS0XkuaC_z07ILXM_5-JauNdczovncXBWjipOP_6HkHHj6_vPNDxjux-E8QbNvxeg0pJVrgvp75nH4kavB35uOnSp2KEarIUMDW5VjoQLCnR3UHoDCgf3toI3FCaelIojT-BpCfa9-iuAbEhL0F7kZSBmYN8F0FYMA2WuNoFpVPVRZ79KK7UfHu612JDVUC_6247NG_esIQZAXrjBtuOkG5mePlnvCzRLgUAK4xKViqcVjRqlg_yQkdpOm_3Lf_WjO0bw5SEi54DDDOvqpx1axn3veAhNzKlbnjsIbjw9W6gYWsdfCiJ23OTU3_EyD2cTjeqqocdfszw-gJYK8iIZSXCY2R5_Vj7w0kAXLmyU9t8CyW77KtQW9ddU7UJVkpG2hhsNswn2MRxzKO3_QLFQ53fZrLLNVdzhhLhlmC7m6v0wl92Nbg2oknJEkVkGAunwlL67_v_5TwY7kBTs2ljFKxv7fJ5rQt0klszkvN0XeU0qsz8EePPmvLE1Uf-LXhDz5SZ7GpmX3sQDd0y810TwX4I5PI1yVKHvfr80QKN9xlu6Y5S94_ltO7UxOTQrQ_bRNnMh0k9dCOOPCIsw9O3JqeKezdZKulj_9b1qgU7WWJ92DLS1rXRC2LgCrI--fh8FK3YBVGeq9pSKoBWw0M2VdnS3nRCfminoh32Q0jsJtaMgaF3k8fiGfGhgYd87SFSjquEhiDS0X7j_i8xyb1w==",
            "deep_link": "https://www.kiwi.com/deep?affilid=mihalytest&currency=EUR&flightsId=0b7717884e0e4e1562796ab9_0%7C0b7717884e0e4e1562796ab9_1%7C0b7717884e0e4e1562796ab9_2%7C0b7717884e0e4e1562796ab9_3&from=BUD&lang=en&passengers=1&to=HAM&booking_token=H0RwS0XkuaC_z07ILXM_5-JauNdczovncXBWjipOP_6HkHHj6_vPNDxjux-E8QbNvxeg0pJVrgvp75nH4kavB35uOnSp2KEarIUMDW5VjoQLCnR3UHoDCgf3toI3FCaelIojT-BpCfa9-iuAbEhL0F7kZSBmYN8F0FYMA2WuNoFpVPVRZ79KK7UfHu612JDVUC_6247NG_esIQZAXrjBtuOkG5mePlnvCzRLgUAK4xKViqcVjRqlg_yQkdpOm_3Lf_WjO0bw5SEi54DDDOvqpx1axn3veAhNzKlbnjsIbjw9W6gYWsdfCiJ23OTU3_EyD2cTjeqqocdfszw-gJYK8iIZSXCY2R5_Vj7w0kAXLmyU9t8CyW77KtQW9ddU7UJVkpG2hhsNswn2MRxzKO3_QLFQ53fZrLLNVdzhhLhlmC7m6v0wl92Nbg2oknJEkVkGAunwlL67_v_5TwY7kBTs2ljFKxv7fJ5rQt0klszkvN0XeU0qsz8EePPmvLE1Uf-LXhDz5SZ7GpmX3sQDd0y810TwX4I5PI1yVKHvfr80QKN9xlu6Y5S94_ltO7UxOTQrQ_bRNnMh0k9dCOOPCIsw9O3JqeKezdZKulj_9b1qgU7WWJ92DLS1rXRC2LgCrI--fh8FK3YBVGeq9pSKoBWw0M2VdnS3nRCfminoh32Q0jsJtaMgaF3k8fiGfGhgYd87SFSjquEhiDS0X7j_i8xyb1w==",
            "facilitated_booking_available": true,
            "pnr_count": 1,
            "has_airport_change": false,
            "technical_stops": 0,
            "throw_away_ticketing": false,
            "hidden_city_ticketing": false,
            "virtual_interlining": false
        },
        {
            "id": "0b7717884e104e16f399f22f_0|0b7717884e104e16f399f22f_1|0b7717884e104e16f399f22f_2|0b7717884e104e16f399f22f_3",
            "flyFrom": "BUD",
            "flyTo": "HAM",
            "cityFrom": "Budapest",
            "cityCodeFrom": "BUD",
            "cityTo": "Hamburg",
            "cityCodeTo": "HAM",
            "countryFrom": {
                "code": "HU",
                "name": "Hungary"
            },
            "countryTo": {
                "code": "DE",
                "name": "Germany"
            },
            "local_departure": "2024-09-18T17:25:00.000Z",
            "utc_departure": "2024-09-18T15:25:00.000Z",
            "local_arrival": "2024-09-18T21:30:00.000Z",
            "utc_arrival": "2024-09-18T19:30:00.000Z",
            "nightsInDest": 6,
            "quality": 336.333125,
            "distance": 949.98,
            "duration": {
                "departure": 14700,
                "return": 12000,
                "total": 26700
            },
            "price": 253,
            "conversion": {
                "EUR": 253
            },
            "fare": {
                "adults": 253,
                "children": 253,
                "infants": 253
            },
            "fare_locks": {
                "EUR": [
                    {
                        "default": false,
                        "duration": "P1D",
                        "itinerary_price_limit": 453,
                        "itinerary_price_remaining": 253,
                        "fare_lock_kind": "fee",
                        "price": 12.65,
                        "rule_instance_id": 26749,
                        "version": "v1"
                    },
                    {
                        "default": true,
                        "duration": "P3D",
                        "itinerary_price_limit": 453,
                        "itinerary_price_remaining": 253,
                        "fare_lock_kind": "fee",
                        "price": 25.3,
                        "rule_instance_id": 26748,
                        "version": "v1"
                    },
                    {
                        "default": false,
                        "duration": "P7D",
                        "itinerary_price_limit": 453,
                        "itinerary_price_remaining": 253,
                        "fare_lock_kind": "fee",
                        "price": 63.25,
                        "rule_instance_id": 26750,
                        "version": "v1"
                    }
                ]
            },
            "bags_price": {
                "1": 70
            },
            "baglimit": {
                "hand_dimensions_sum": 118,
                "hand_height": 40,
                "hand_length": 55,
                "hand_weight": 8,
                "hand_width": 23,
                "hold_dimensions_sum": 158,
                "hold_height": 52,
                "hold_length": 78,
                "hold_weight": 23,
                "hold_width": 28,
                "personal_item_dimension_sum": 80,
                "personal_item_height": 30,
                "personal_item_length": 40,
                "personal_item_weight": 4,
                "personal_item_width": 10
            },
            "availability": {
                "seats": 2
            },
            "airlines": [
                "LH"
            ],
            "route": [
                {
                    "id": "0b7717884e104e16f399f22f_0",
                    "combination_id": "0b7717884e104e16f399f22f",
                    "flyFrom": "BUD",
                    "flyTo": "MUC",
                    "cityFrom": "Budapest",
                    "cityCodeFrom": "BUD",
                    "cityTo": "Munich",
                    "cityCodeTo": "MUC",
                    "local_departure": "2024-09-18T17:25:00.000Z",
                    "utc_departure": "2024-09-18T15:25:00.000Z",
                    "local_arrival": "2024-09-18T18:45:00.000Z",
                    "utc_arrival": "2024-09-18T16:45:00.000Z",
                    "airline": "LH",
                    "flight_no": 1679,
                    "operating_carrier": "LH",
                    "operating_flight_no": "1679",
                    "fare_basis": "KETCLSE4",
                    "fare_category": "M",
                    "fare_classes": "K",
                    "return": 0,
                    "bags_recheck_required": false,
                    "vi_connection": false,
                    "guarantee": false,
                    "equipment": null,
                    "vehicle_type": "aircraft"
                },
                {
                    "id": "0b7717884e104e16f399f22f_1",
                    "combination_id": "0b7717884e104e16f399f22f",
                    "flyFrom": "MUC",
                    "flyTo": "HAM",
                    "cityFrom": "Munich",
                    "cityCodeFrom": "MUC",
                    "cityTo": "Hamburg",
                    "cityCodeTo": "HAM",
                    "local_departure": "2024-09-18T20:15:00.000Z",
                    "utc_departure": "2024-09-18T18:15:00.000Z",
                    "local_arrival": "2024-09-18T21:30:00.000Z",
                    "utc_arrival": "2024-09-18T19:30:00.000Z",
                    "airline": "LH",
                    "flight_no": 2076,
                    "operating_carrier": "LH",
                    "operating_flight_no": "2076",
                    "fare_basis": "KETCLSE4",
                    "fare_category": "M",
                    "fare_classes": "K",
                    "return": 0,
                    "bags_recheck_required": false,
                    "vi_connection": false,
                    "guarantee": false,
                    "equipment": null,
                    "vehicle_type": "aircraft"
                },
                {
                    "id": "0b7717884e104e16f399f22f_2",
                    "combination_id": "0b7717884e104e16f399f22f",
                    "flyFrom": "HAM",
                    "flyTo": "MUC",
                    "cityFrom": "Hamburg",
                    "cityCodeFrom": "HAM",
                    "cityTo": "Munich",
                    "cityCodeTo": "MUC",
                    "local_departure": "2024-09-24T20:15:00.000Z",
                    "utc_departure": "2024-09-24T18:15:00.000Z",
                    "local_arrival": "2024-09-24T21:30:00.000Z",
                    "utc_arrival": "2024-09-24T19:30:00.000Z",
                    "airline": "LH",
                    "flight_no": 2073,
                    "operating_carrier": "LH",
                    "operating_flight_no": "2073",
                    "fare_basis": "KETCLSE4",
                    "fare_category": "M",
                    "fare_classes": "K",
                    "return": 1,
                    "bags_recheck_required": false,
                    "vi_connection": false,
                    "guarantee": false,
                    "equipment": null,
                    "vehicle_type": "aircraft"
                },
                {
                    "id": "0b7717884e104e16f399f22f_3",
                    "combination_id": "0b7717884e104e16f399f22f",
                    "flyFrom": "MUC",
                    "flyTo": "BUD",
                    "cityFrom": "Munich",
                    "cityCodeFrom": "MUC",
                    "cityTo": "Budapest",
                    "cityCodeTo": "BUD",
                    "local_departure": "2024-09-24T22:20:00.000Z",
                    "utc_departure": "2024-09-24T20:20:00.000Z",
                    "local_arrival": "2024-09-24T23:35:00.000Z",
                    "utc_arrival": "2024-09-24T21:35:00.000Z",
                    "airline": "LH",
                    "flight_no": 1682,
                    "operating_carrier": "LH",
                    "operating_flight_no": "1682",
                    "fare_basis": "KETCLSE4",
                    "fare_category": "M",
                    "fare_classes": "K",
                    "return": 1,
                    "bags_recheck_required": false,
                    "vi_connection": false,
                    "guarantee": false,
                    "equipment": null,
                    "vehicle_type": "aircraft"
                }
            ],
            "booking_token": "HySQ1kOloDURTzfHbJA3Avmu4rP_k30XtzjmgphCGw010nuwi-j0OW2Q0Onvh8gx0RV5YNrXSfRxpYa1GMQJkyUC_r1Q3qoNVg3g5TzEb02T9Gnzb8UApPltCFY8fPpMadO-DLlGvLEsSSuzqF1S7jda_7LtUg_TkknWwLavyzA4ZRZzqhnLROo131njFymlRRY1HMimi_lEBqdEmiK-cb45a4WQG5doXAmB1eb0_pebp58D-vCMX6-mPVpKaicTNwsfF-rUlxLzSn1kDeEWxEiMOCoWx2voRjEoqHR-mmbBlgwSj62Kma4jWISTG-aoXFHCGF7mLpm0ZFL2g4iy_y3uXN7OU-6xoRQtRC1QCZgVXdaIx3b2XI-MpljlDNhlOb5ZIS5UHp2VqfGTIQUsWWaRUBWKY3U2K59aYeGXLWF6IkoIdqIJzGxhQxOgaMH81DNciLNdQyrd8fl6bOUuBQzqQXeSFgB-AV4WvbpG4Ac1WIfqKuQbsyffvp8A0ru5lZbaaclqk91M0Q8-jJn9z_X6QSpgsbQQni3lscSgfn7doqLH7w2aD0jfp84K-Bu165q2s0KnMAKYjUmKiMu9oXlBv0LkK4s9XRjsBOg8vhP6-4Hm514ulX2ilyBnX4wc4Mms0KAiUrrwqOsh7tajfXUkJLg9xH5XyUOKMZLtXeHVAcYBWO8yT1qB7NwLRRoxMl0qoIOvhn0TmMOapE76HuA==",
            "deep_link": "https://www.kiwi.com/deep?affilid=mihalytest&currency=EUR&flightsId=0b7717884e104e16f399f22f_0%7C0b7717884e104e16f399f22f_1%7C0b7717884e104e16f399f22f_2%7C0b7717884e104e16f399f22f_3&from=BUD&lang=en&passengers=1&to=HAM&booking_token=HySQ1kOloDURTzfHbJA3Avmu4rP_k30XtzjmgphCGw010nuwi-j0OW2Q0Onvh8gx0RV5YNrXSfRxpYa1GMQJkyUC_r1Q3qoNVg3g5TzEb02T9Gnzb8UApPltCFY8fPpMadO-DLlGvLEsSSuzqF1S7jda_7LtUg_TkknWwLavyzA4ZRZzqhnLROo131njFymlRRY1HMimi_lEBqdEmiK-cb45a4WQG5doXAmB1eb0_pebp58D-vCMX6-mPVpKaicTNwsfF-rUlxLzSn1kDeEWxEiMOCoWx2voRjEoqHR-mmbBlgwSj62Kma4jWISTG-aoXFHCGF7mLpm0ZFL2g4iy_y3uXN7OU-6xoRQtRC1QCZgVXdaIx3b2XI-MpljlDNhlOb5ZIS5UHp2VqfGTIQUsWWaRUBWKY3U2K59aYeGXLWF6IkoIdqIJzGxhQxOgaMH81DNciLNdQyrd8fl6bOUuBQzqQXeSFgB-AV4WvbpG4Ac1WIfqKuQbsyffvp8A0ru5lZbaaclqk91M0Q8-jJn9z_X6QSpgsbQQni3lscSgfn7doqLH7w2aD0jfp84K-Bu165q2s0KnMAKYjUmKiMu9oXlBv0LkK4s9XRjsBOg8vhP6-4Hm514ulX2ilyBnX4wc4Mms0KAiUrrwqOsh7tajfXUkJLg9xH5XyUOKMZLtXeHVAcYBWO8yT1qB7NwLRRoxMl0qoIOvhn0TmMOapE76HuA==",
            "facilitated_booking_available": true,
            "pnr_count": 1,
            "has_airport_change": false,
            "technical_stops": 0,
            "throw_away_ticketing": false,
            "hidden_city_ticketing": false,
            "virtual_interlining": false
        },
        {
            "id": "0b7717884e034e0650e2438e_0|0b7717884e034e0650e2438e_1|0b7717884e034e0650e2438e_2|0b7717884e034e0650e2438e_3",
            "flyFrom": "BUD",
            "flyTo": "HAM",
            "cityFrom": "Budapest",
            "cityCodeFrom": "BUD",
            "cityTo": "Hamburg",
            "cityCodeTo": "HAM",
            "countryFrom": {
                "code": "HU",
                "name": "Hungary"
            },
            "countryTo": {
                "code": "DE",
                "name": "Germany"
            },
            "local_departure": "2024-09-05T11:20:00.000Z",
            "utc_departure": "2024-09-05T09:20:00.000Z",
            "local_arrival": "2024-09-05T14:10:00.000Z",
            "utc_arrival": "2024-09-05T12:10:00.000Z",
            "nightsInDest": 3,
            "quality": 329.33315,
            "distance": 949.98,
            "duration": {
                "departure": 10200,
                "return": 12000,
                "total": 22200
            },
            "price": 256,
            "conversion": {
                "EUR": 256
            },
            "fare": {
                "adults": 256,
                "children": 256,
                "infants": 256
            },
            "fare_locks": {
                "EUR": [
                    {
                        "default": false,
                        "duration": "P1D",
                        "itinerary_price_limit": 456,
                        "itinerary_price_remaining": 256,
                        "fare_lock_kind": "fee",
                        "price": 12.8,
                        "rule_instance_id": 26749,
                        "version": "v1"
                    },
                    {
                        "default": true,
                        "duration": "P3D",
                        "itinerary_price_limit": 456,
                        "itinerary_price_remaining": 256,
                        "fare_lock_kind": "fee",
                        "price": 25.6,
                        "rule_instance_id": 26748,
                        "version": "v1"
                    },
                    {
                        "default": false,
                        "duration": "P7D",
                        "itinerary_price_limit": 456,
                        "itinerary_price_remaining": 256,
                        "fare_lock_kind": "fee",
                        "price": 64,
                        "rule_instance_id": 26750,
                        "version": "v1"
                    }
                ]
            },
            "bags_price": {
                "1": 91
            },
            "baglimit": {
                "hand_dimensions_sum": 118,
                "hand_height": 40,
                "hand_length": 55,
                "hand_weight": 8,
                "hand_width": 23,
                "hold_dimensions_sum": 158,
                "hold_height": 52,
                "hold_length": 78,
                "hold_weight": 23,
                "hold_width": 28,
                "personal_item_dimension_sum": 80,
                "personal_item_height": 30,
                "personal_item_length": 40,
                "personal_item_weight": 3,
                "personal_item_width": 10
            },
            "availability": {
                "seats": 9
            },
            "airlines": [
                "LH",
                "OS"
            ],
            "route": [
                {
                    "id": "0b7717884e034e0650e2438e_0",
                    "combination_id": "0b7717884e034e0650e2438e",
                    "flyFrom": "BUD",
                    "flyTo": "VIE",
                    "cityFrom": "Budapest",
                    "cityCodeFrom": "BUD",
                    "cityTo": "Vienna",
                    "cityCodeTo": "VIE",
                    "local_departure": "2024-09-05T11:20:00.000Z",
                    "utc_departure": "2024-09-05T09:20:00.000Z",
                    "local_arrival": "2024-09-05T12:05:00.000Z",
                    "utc_arrival": "2024-09-05T10:05:00.000Z",
                    "airline": "OS",
                    "flight_no": 714,
                    "operating_carrier": "OS",
                    "operating_flight_no": "714",
                    "fare_basis": "KETCLSE4",
                    "fare_category": "M",
                    "fare_classes": "K",
                    "return": 0,
                    "bags_recheck_required": false,
                    "vi_connection": false,
                    "guarantee": false,
                    "equipment": null,
                    "vehicle_type": "aircraft"
                },
                {
                    "id": "0b7717884e034e0650e2438e_1",
                    "combination_id": "0b7717884e034e0650e2438e",
                    "flyFrom": "VIE",
                    "flyTo": "HAM",
                    "cityFrom": "Vienna",
                    "cityCodeFrom": "VIE",
                    "cityTo": "Hamburg",
                    "cityCodeTo": "HAM",
                    "local_departure": "2024-09-05T12:35:00.000Z",
                    "utc_departure": "2024-09-05T10:35:00.000Z",
                    "local_arrival": "2024-09-05T14:10:00.000Z",
                    "utc_arrival": "2024-09-05T12:10:00.000Z",
                    "airline": "OS",
                    "flight_no": 173,
                    "operating_carrier": "OS",
                    "operating_flight_no": "173",
                    "fare_basis": "KETCLSE4",
                    "fare_category": "M",
                    "fare_classes": "K",
                    "return": 0,
                    "bags_recheck_required": false,
                    "vi_connection": false,
                    "guarantee": false,
                    "equipment": null,
                    "vehicle_type": "aircraft"
                },
                {
                    "id": "0b7717884e034e0650e2438e_2",
                    "combination_id": "0b7717884e034e0650e2438e",
                    "flyFrom": "HAM",
                    "flyTo": "MUC",
                    "cityFrom": "Hamburg",
                    "cityCodeFrom": "HAM",
                    "cityTo": "Munich",
                    "cityCodeTo": "MUC",
                    "local_departure": "2024-09-08T20:15:00.000Z",
                    "utc_departure": "2024-09-08T18:15:00.000Z",
                    "local_arrival": "2024-09-08T21:30:00.000Z",
                    "utc_arrival": "2024-09-08T19:30:00.000Z",
                    "airline": "LH",
                    "flight_no": 2073,
                    "operating_carrier": "LH",
                    "operating_flight_no": "2073",
                    "fare_basis": "KETCLSE4",
                    "fare_category": "M",
                    "fare_classes": "K",
                    "return": 1,
                    "bags_recheck_required": false,
                    "vi_connection": false,
                    "guarantee": false,
                    "equipment": null,
                    "vehicle_type": "aircraft"
                },
                {
                    "id": "0b7717884e034e0650e2438e_3",
                    "combination_id": "0b7717884e034e0650e2438e",
                    "flyFrom": "MUC",
                    "flyTo": "BUD",
                    "cityFrom": "Munich",
                    "cityCodeFrom": "MUC",
                    "cityTo": "Budapest",
                    "cityCodeTo": "BUD",
                    "local_departure": "2024-09-08T22:20:00.000Z",
                    "utc_departure": "2024-09-08T20:20:00.000Z",
                    "local_arrival": "2024-09-08T23:35:00.000Z",
                    "utc_arrival": "2024-09-08T21:35:00.000Z",
                    "airline": "LH",
                    "flight_no": 1682,
                    "operating_carrier": "LH",
                    "operating_flight_no": "1682",
                    "fare_basis": "KETCLSE4",
                    "fare_category": "M",
                    "fare_classes": "K",
                    "return": 1,
                    "bags_recheck_required": false,
                    "vi_connection": false,
                    "guarantee": false,
                    "equipment": null,
                    "vehicle_type": "aircraft"
                }
            ],
            "booking_token": "HdGo431JEMIMZMbWXZmE1e8v61BXfrZWI3kV7-dDoP5x_ZCwQSNWM-rv_1BWnz3iXL_I7L2AyOsTqBuNwby2R08rVG6nStsH6jt4MecADm-CdYCR2-1Emd28can6lQcdKLSGnmMRgmDI9Gj2OV73PHxkpfkAAJcIvfelRkkc9aIOdG1Do3wUYgOD6mlpW79hhlmZ9S08V3-K147F_jZHS5VNxIM7jyXE1HMH5TQp0usxv1eKM1lkgsSYqT2iVsLll_jSlcxNvewRNcuKt9bxtWlB_8sCW3zn6lpcp2UpKp1WdC08uxCoGvJi2cj9Ry0Ka4fa9MUOH_Ym5AtxsX0XjPzA11GQ8iieBxLjyHmwYZtJKIHCvRlH-bs7icx_tfMqLK4x4Y_-rKhgO28g9bpTQa034smRUc19lidUauXdXRqQofmriiUCC6Ap3P0abcke_3_wAf80Y4kqAo8YM07FFjKZMWOcTMX9zAO825is7mwVhC9rExPPhPMaf9CNVuzUpV_Fbss7BJ6m_3ZXotrrcl7IiH3cIqo1cZqOSVIIdQ0HytCzaJtAFdzNopP5ld9c_lKKJbYxSX5oTPjgB64ay5ubryqr8shgloJ5kwBkPsg0uGBy-h0Lcf6gIC8dtpH1h0ahwToZewfPnb0P7CODEKGOasFDaz4ne6NFbwOUYlzWdUPaTqcdA_LgXiAYzF3eGb3EPQY5IHH550wHWrdOLq7mzT5LLGwYTqQrm36DrEms=",
            "deep_link": "https://www.kiwi.com/deep?affilid=mihalytest&currency=EUR&flightsId=0b7717884e034e0650e2438e_0%7C0b7717884e034e0650e2438e_1%7C0b7717884e034e0650e2438e_2%7C0b7717884e034e0650e2438e_3&from=BUD&lang=en&passengers=1&to=HAM&booking_token=HdGo431JEMIMZMbWXZmE1e8v61BXfrZWI3kV7-dDoP5x_ZCwQSNWM-rv_1BWnz3iXL_I7L2AyOsTqBuNwby2R08rVG6nStsH6jt4MecADm-CdYCR2-1Emd28can6lQcdKLSGnmMRgmDI9Gj2OV73PHxkpfkAAJcIvfelRkkc9aIOdG1Do3wUYgOD6mlpW79hhlmZ9S08V3-K147F_jZHS5VNxIM7jyXE1HMH5TQp0usxv1eKM1lkgsSYqT2iVsLll_jSlcxNvewRNcuKt9bxtWlB_8sCW3zn6lpcp2UpKp1WdC08uxCoGvJi2cj9Ry0Ka4fa9MUOH_Ym5AtxsX0XjPzA11GQ8iieBxLjyHmwYZtJKIHCvRlH-bs7icx_tfMqLK4x4Y_-rKhgO28g9bpTQa034smRUc19lidUauXdXRqQofmriiUCC6Ap3P0abcke_3_wAf80Y4kqAo8YM07FFjKZMWOcTMX9zAO825is7mwVhC9rExPPhPMaf9CNVuzUpV_Fbss7BJ6m_3ZXotrrcl7IiH3cIqo1cZqOSVIIdQ0HytCzaJtAFdzNopP5ld9c_lKKJbYxSX5oTPjgB64ay5ubryqr8shgloJ5kwBkPsg0uGBy-h0Lcf6gIC8dtpH1h0ahwToZewfPnb0P7CODEKGOasFDaz4ne6NFbwOUYlzWdUPaTqcdA_LgXiAYzF3eGb3EPQY5IHH550wHWrdOLq7mzT5LLGwYTqQrm36DrEms=",
            "facilitated_booking_available": true,
            "pnr_count": 1,
            "has_airport_change": false,
            "technical_stops": 0,
            "throw_away_ticketing": false,
            "hidden_city_ticketing": false,
            "virtual_interlining": false
        },
        {
            "id": "0b7717884e034e06f51d47ef_0|0b7717884e034e06f51d47ef_1|0b7717884e034e06f51d47ef_2|0b7717884e034e06f51d47ef_3",
            "flyFrom": "BUD",
            "flyTo": "HAM",
            "cityFrom": "Budapest",
            "cityCodeFrom": "BUD",
            "cityTo": "Hamburg",
            "cityCodeTo": "HAM",
            "countryFrom": {
                "code": "HU",
                "name": "Hungary"
            },
            "countryTo": {
                "code": "DE",
                "name": "Germany"
            },
            "local_departure": "2024-09-05T11:20:00.000Z",
            "utc_departure": "2024-09-05T09:20:00.000Z",
            "local_arrival": "2024-09-05T14:10:00.000Z",
            "utc_arrival": "2024-09-05T12:10:00.000Z",
            "nightsInDest": 3,
            "quality": 333.999805,
            "distance": 949.98,
            "duration": {
                "departure": 10200,
                "return": 14100,
                "total": 24300
            },
            "price": 256,
            "conversion": {
                "EUR": 256
            },
            "fare": {
                "adults": 256,
                "children": 256,
                "infants": 256
            },
            "fare_locks": {
                "EUR": [
                    {
                        "default": false,
                        "duration": "P1D",
                        "itinerary_price_limit": 456,
                        "itinerary_price_remaining": 256,
                        "fare_lock_kind": "fee",
                        "price": 12.8,
                        "rule_instance_id": 26749,
                        "version": "v1"
                    },
                    {
                        "default": true,
                        "duration": "P3D",
                        "itinerary_price_limit": 456,
                        "itinerary_price_remaining": 256,
                        "fare_lock_kind": "fee",
                        "price": 25.6,
                        "rule_instance_id": 26748,
                        "version": "v1"
                    },
                    {
                        "default": false,
                        "duration": "P7D",
                        "itinerary_price_limit": 456,
                        "itinerary_price_remaining": 256,
                        "fare_lock_kind": "fee",
                        "price": 64,
                        "rule_instance_id": 26750,
                        "version": "v1"
                    }
                ]
            },
            "bags_price": {
                "1": 91
            },
            "baglimit": {
                "hand_dimensions_sum": 118,
                "hand_height": 40,
                "hand_length": 55,
                "hand_weight": 8,
                "hand_width": 23,
                "hold_dimensions_sum": 158,
                "hold_height": 52,
                "hold_length": 78,
                "hold_weight": 23,
                "hold_width": 28,
                "personal_item_dimension_sum": 80,
                "personal_item_height": 30,
                "personal_item_length": 40,
                "personal_item_weight": 3,
                "personal_item_width": 10
            },
            "availability": {
                "seats": 9
            },
            "airlines": [
                "OS",
                "LH"
            ],
            "route": [
                {
                    "id": "0b7717884e034e06f51d47ef_0",
                    "combination_id": "0b7717884e034e06f51d47ef",
                    "flyFrom": "BUD",
                    "flyTo": "VIE",
                    "cityFrom": "Budapest",
                    "cityCodeFrom": "BUD",
                    "cityTo": "Vienna",
                    "cityCodeTo": "VIE",
                    "local_departure": "2024-09-05T11:20:00.000Z",
                    "utc_departure": "2024-09-05T09:20:00.000Z",
                    "local_arrival": "2024-09-05T12:05:00.000Z",
                    "utc_arrival": "2024-09-05T10:05:00.000Z",
                    "airline": "OS",
                    "flight_no": 714,
                    "operating_carrier": "OS",
                    "operating_flight_no": "714",
                    "fare_basis": "KETCLSE4",
                    "fare_category": "M",
                    "fare_classes": "K",
                    "return": 0,
                    "bags_recheck_required": false,
                    "vi_connection": false,
                    "guarantee": false,
                    "equipment": null,
                    "vehicle_type": "aircraft"
                },
                {
                    "id": "0b7717884e034e06f51d47ef_1",
                    "combination_id": "0b7717884e034e06f51d47ef",
                    "flyFrom": "VIE",
                    "flyTo": "HAM",
                    "cityFrom": "Vienna",
                    "cityCodeFrom": "VIE",
                    "cityTo": "Hamburg",
                    "cityCodeTo": "HAM",
                    "local_departure": "2024-09-05T12:35:00.000Z",
                    "utc_departure": "2024-09-05T10:35:00.000Z",
                    "local_arrival": "2024-09-05T14:10:00.000Z",
                    "utc_arrival": "2024-09-05T12:10:00.000Z",
                    "airline": "OS",
                    "flight_no": 173,
                    "operating_carrier": "OS",
                    "operating_flight_no": "173",
                    "fare_basis": "KETCLSE4",
                    "fare_category": "M",
                    "fare_classes": "K",
                    "return": 0,
                    "bags_recheck_required": false,
                    "vi_connection": false,
                    "guarantee": false,
                    "equipment": null,
                    "vehicle_type": "aircraft"
                },
                {
                    "id": "0b7717884e034e06f51d47ef_2",
                    "combination_id": "0b7717884e034e06f51d47ef",
                    "flyFrom": "HAM",
                    "flyTo": "MUC",
                    "cityFrom": "Hamburg",
                    "cityCodeFrom": "HAM",
                    "cityTo": "Munich",
                    "cityCodeTo": "MUC",
                    "local_departure": "2024-09-08T08:45:00.000Z",
                    "utc_departure": "2024-09-08T06:45:00.000Z",
                    "local_arrival": "2024-09-08T10:00:00.000Z",
                    "utc_arrival": "2024-09-08T08:00:00.000Z",
                    "airline": "LH",
                    "flight_no": 2051,
                    "operating_carrier": "LH",
                    "operating_flight_no": "2051",
                    "fare_basis": "KETCLSE4",
                    "fare_category": "M",
                    "fare_classes": "K",
                    "return": 1,
                    "bags_recheck_required": false,
                    "vi_connection": false,
                    "guarantee": false,
                    "equipment": null,
                    "vehicle_type": "aircraft"
                },
                {
                    "id": "0b7717884e034e06f51d47ef_3",
                    "combination_id": "0b7717884e034e06f51d47ef",
                    "flyFrom": "MUC",
                    "flyTo": "BUD",
                    "cityFrom": "Munich",
                    "cityCodeFrom": "MUC",
                    "cityTo": "Budapest",
                    "cityCodeTo": "BUD",
                    "local_departure": "2024-09-08T11:25:00.000Z",
                    "utc_departure": "2024-09-08T09:25:00.000Z",
                    "local_arrival": "2024-09-08T12:40:00.000Z",
                    "utc_arrival": "2024-09-08T10:40:00.000Z",
                    "airline": "LH",
                    "flight_no": 1676,
                    "operating_carrier": "LH",
                    "operating_flight_no": "1676",
                    "fare_basis": "KETCLSE4",
                    "fare_category": "M",
                    "fare_classes": "K",
                    "return": 1,
                    "bags_recheck_required": false,
                    "vi_connection": false,
                    "guarantee": false,
                    "equipment": null,
                    "vehicle_type": "aircraft"
                }
            ],
            "booking_token": "H-ntj0NC2rHmxEbXaF_1zBVkjae5qjo1f-e9l90ZZeJmGH_46fo_PqYadbciRb7KnUKCxu8CQbSv2ZXgy7jA9uwH5fXE-_HTv92zsJ6tvtfijAH-Zd9MEZPhJcw0BdcHkaRW3dyq2UG8LL97zV3Vlpgf7WeCkMDDZa-cqqvbBqAlotcAfhXXp3eUzLucaYcgHNmWuZsqqAAt9wgFfbY_6Ig267H4iBxlESC2eCz32ckTKsNrrL4PCBpz6AJPI41K2jAGZY6L7_HiLYmZoI3b-3UiZKQvVjivJuyQIFkU_XsopqZYRS8V6mBnRCwzKPcn63GwDM2zvBogjYXV58oV59P79pAKNgAeTs4Ej8G6kGQLgt9UfKzUg1V9Bu5Qo5YHN7-qI-H8So0083Q0-Znl_okcji0br9GvOTg-YWCemabFhlt1ED3TZdqtsmrdzgKAAdBjGtv0OBpnwn2v8oqBE7IUaLiMUgp_wXO3nXaBHqw2URs-Bqd3c0j086LOUUjerAF1hfhQvAYvQ3tlC4YG2b6sJZ0Xz0vpIzv4CmCMK_kIU15VbVrRynPEHL12LIcmIkBURxktTtK35XwI2is8hHCPnNwLLy7VKajUzW58ovNpLO7Q4f1Gi5UU1UhH5I2G1aYLYeRIL4xMzAXVvz7-1cO68krbIyxdfe0t1Vyv41mEQSGqbpHDBkEXyYSVU-q2d63gCDYN3-1HN23iBw4NN9A==",
            "deep_link": "https://www.kiwi.com/deep?affilid=mihalytest&currency=EUR&flightsId=0b7717884e034e06f51d47ef_0%7C0b7717884e034e06f51d47ef_1%7C0b7717884e034e06f51d47ef_2%7C0b7717884e034e06f51d47ef_3&from=BUD&lang=en&passengers=1&to=HAM&booking_token=H-ntj0NC2rHmxEbXaF_1zBVkjae5qjo1f-e9l90ZZeJmGH_46fo_PqYadbciRb7KnUKCxu8CQbSv2ZXgy7jA9uwH5fXE-_HTv92zsJ6tvtfijAH-Zd9MEZPhJcw0BdcHkaRW3dyq2UG8LL97zV3Vlpgf7WeCkMDDZa-cqqvbBqAlotcAfhXXp3eUzLucaYcgHNmWuZsqqAAt9wgFfbY_6Ig267H4iBxlESC2eCz32ckTKsNrrL4PCBpz6AJPI41K2jAGZY6L7_HiLYmZoI3b-3UiZKQvVjivJuyQIFkU_XsopqZYRS8V6mBnRCwzKPcn63GwDM2zvBogjYXV58oV59P79pAKNgAeTs4Ej8G6kGQLgt9UfKzUg1V9Bu5Qo5YHN7-qI-H8So0083Q0-Znl_okcji0br9GvOTg-YWCemabFhlt1ED3TZdqtsmrdzgKAAdBjGtv0OBpnwn2v8oqBE7IUaLiMUgp_wXO3nXaBHqw2URs-Bqd3c0j086LOUUjerAF1hfhQvAYvQ3tlC4YG2b6sJZ0Xz0vpIzv4CmCMK_kIU15VbVrRynPEHL12LIcmIkBURxktTtK35XwI2is8hHCPnNwLLy7VKajUzW58ovNpLO7Q4f1Gi5UU1UhH5I2G1aYLYeRIL4xMzAXVvz7-1cO68krbIyxdfe0t1Vyv41mEQSGqbpHDBkEXyYSVU-q2d63gCDYN3-1HN23iBw4NN9A==",
            "facilitated_booking_available": true,
            "pnr_count": 1,
            "has_airport_change": false,
            "technical_stops": 0,
            "throw_away_ticketing": false,
            "hidden_city_ticketing": false,
            "virtual_interlining": false
        },
        {
            "id": "0b7717884e024e06457f4d47_0|0b7717884e024e06457f4d47_1|0b7717884e024e06457f4d47_2|0b7717884e024e06457f4d47_3",
            "flyFrom": "BUD",
            "flyTo": "HAM",
            "cityFrom": "Budapest",
            "cityCodeFrom": "BUD",
            "cityTo": "Hamburg",
            "cityCodeTo": "HAM",
            "countryFrom": {
                "code": "HU",
                "name": "Hungary"
            },
            "countryTo": {
                "code": "DE",
                "name": "Germany"
            },
            "local_departure": "2024-09-04T11:20:00.000Z",
            "utc_departure": "2024-09-04T09:20:00.000Z",
            "local_arrival": "2024-09-04T14:10:00.000Z",
            "utc_arrival": "2024-09-04T12:10:00.000Z",
            "nightsInDest": 4,
            "quality": 330.33315,
            "distance": 949.98,
            "duration": {
                "departure": 10200,
                "return": 12000,
                "total": 22200
            },
            "price": 257,
            "conversion": {
                "EUR": 257
            },
            "fare": {
                "adults": 257,
                "children": 257,
                "infants": 257
            },
            "fare_locks": {
                "EUR": [
                    {
                        "default": false,
                        "duration": "P1D",
                        "itinerary_price_limit": 457,
                        "itinerary_price_remaining": 257,
                        "fare_lock_kind": "fee",
                        "price": 12.85,
                        "rule_instance_id": 26749,
                        "version": "v1"
                    },
                    {
                        "default": true,
                        "duration": "P3D",
                        "itinerary_price_limit": 457,
                        "itinerary_price_remaining": 257,
                        "fare_lock_kind": "fee",
                        "price": 25.7,
                        "rule_instance_id": 26748,
                        "version": "v1"
                    },
                    {
                        "default": false,
                        "duration": "P7D",
                        "itinerary_price_limit": 457,
                        "itinerary_price_remaining": 257,
                        "fare_lock_kind": "fee",
                        "price": 64.25,
                        "rule_instance_id": 26750,
                        "version": "v1"
                    }
                ]
            },
            "bags_price": {
                "1": 91
            },
            "baglimit": {
                "hand_dimensions_sum": 118,
                "hand_height": 40,
                "hand_length": 55,
                "hand_weight": 8,
                "hand_width": 23,
                "hold_dimensions_sum": 158,
                "hold_height": 52,
                "hold_length": 78,
                "hold_weight": 23,
                "hold_width": 28,
                "personal_item_dimension_sum": 80,
                "personal_item_height": 30,
                "personal_item_length": 40,
                "personal_item_weight": 3,
                "personal_item_width": 10
            },
            "availability": {
                "seats": 9
            },
            "airlines": [
                "OS",
                "LH"
            ],
            "route": [
                {
                    "id": "0b7717884e024e06457f4d47_0",
                    "combination_id": "0b7717884e024e06457f4d47",
                    "flyFrom": "BUD",
                    "flyTo": "VIE",
                    "cityFrom": "Budapest",
                    "cityCodeFrom": "BUD",
                    "cityTo": "Vienna",
                    "cityCodeTo": "VIE",
                    "local_departure": "2024-09-04T11:20:00.000Z",
                    "utc_departure": "2024-09-04T09:20:00.000Z",
                    "local_arrival": "2024-09-04T12:05:00.000Z",
                    "utc_arrival": "2024-09-04T10:05:00.000Z",
                    "airline": "OS",
                    "flight_no": 714,
                    "operating_carrier": "OS",
                    "operating_flight_no": "714",
                    "fare_basis": "KETCLSE4",
                    "fare_category": "M",
                    "fare_classes": "K",
                    "return": 0,
                    "bags_recheck_required": false,
                    "vi_connection": false,
                    "guarantee": false,
                    "equipment": null,
                    "vehicle_type": "aircraft"
                },
                {
                    "id": "0b7717884e024e06457f4d47_1",
                    "combination_id": "0b7717884e024e06457f4d47",
                    "flyFrom": "VIE",
                    "flyTo": "HAM",
                    "cityFrom": "Vienna",
                    "cityCodeFrom": "VIE",
                    "cityTo": "Hamburg",
                    "cityCodeTo": "HAM",
                    "local_departure": "2024-09-04T12:35:00.000Z",
                    "utc_departure": "2024-09-04T10:35:00.000Z",
                    "local_arrival": "2024-09-04T14:10:00.000Z",
                    "utc_arrival": "2024-09-04T12:10:00.000Z",
                    "airline": "OS",
                    "flight_no": 173,
                    "operating_carrier": "OS",
                    "operating_flight_no": "173",
                    "fare_basis": "KETCLSE4",
                    "fare_category": "M",
                    "fare_classes": "K",
                    "return": 0,
                    "bags_recheck_required": false,
                    "vi_connection": false,
                    "guarantee": false,
                    "equipment": null,
                    "vehicle_type": "aircraft"
                },
                {
                    "id": "0b7717884e024e06457f4d47_2",
                    "combination_id": "0b7717884e024e06457f4d47",
                    "flyFrom": "HAM",
                    "flyTo": "MUC",
                    "cityFrom": "Hamburg",
                    "cityCodeFrom": "HAM",
                    "cityTo": "Munich",
                    "cityCodeTo": "MUC",
                    "local_departure": "2024-09-08T20:15:00.000Z",
                    "utc_departure": "2024-09-08T18:15:00.000Z",
                    "local_arrival": "2024-09-08T21:30:00.000Z",
                    "utc_arrival": "2024-09-08T19:30:00.000Z",
                    "airline": "LH",
                    "flight_no": 2073,
                    "operating_carrier": "LH",
                    "operating_flight_no": "2073",
                    "fare_basis": "KETCLSE4",
                    "fare_category": "M",
                    "fare_classes": "K",
                    "return": 1,
                    "bags_recheck_required": false,
                    "vi_connection": false,
                    "guarantee": false,
                    "equipment": null,
                    "vehicle_type": "aircraft"
                },
                {
                    "id": "0b7717884e024e06457f4d47_3",
                    "combination_id": "0b7717884e024e06457f4d47",
                    "flyFrom": "MUC",
                    "flyTo": "BUD",
                    "cityFrom": "Munich",
                    "cityCodeFrom": "MUC",
                    "cityTo": "Budapest",
                    "cityCodeTo": "BUD",
                    "local_departure": "2024-09-08T22:20:00.000Z",
                    "utc_departure": "2024-09-08T20:20:00.000Z",
                    "local_arrival": "2024-09-08T23:35:00.000Z",
                    "utc_arrival": "2024-09-08T21:35:00.000Z",
                    "airline": "LH",
                    "flight_no": 1682,
                    "operating_carrier": "LH",
                    "operating_flight_no": "1682",
                    "fare_basis": "KETCLSE4",
                    "fare_category": "M",
                    "fare_classes": "K",
                    "return": 1,
                    "bags_recheck_required": false,
                    "vi_connection": false,
                    "guarantee": false,
                    "equipment": null,
                    "vehicle_type": "aircraft"
                }
            ],
            "booking_token": "HAxazL8KeaLeFQLShfOcUd52YdN7YWAUZlTrauZaCU5fmMMEfnzJ6RBdYAb_d2DXvxFQau3qILXfMfqPC6Ox9UJ5uyw5-oGWkdgDpy2uTQr5Kwc15d5Bm39QcXPEo50HAepUhD00aMEDQryWqdkdSeWJforE8zHUqunMFzjM1uTDO3wkgnaaozhmTll4qqgRmT5vmvls9hzZsSxX9-_6yVr2uujW77BjOL8lznuxLWibBPVCzISUxtRvVKCeoBsz4l5NClKzRVYCOekuqRgh4NZ_H5UuTkDWdSPe50rWBjh7vApmBWrhNAQj6Ba922i4FoY-fb6qfkDRdQEGEC2kKwF0rhEVT7Y9YJZvhRfYEabGiK4JP8WEl5FpSzHh0oTXhz-JyEG65b6o1v9NzuX_1gbh6RgjepDjCAMm-yv3Pg1ScdftcHzlb6NRBqp2ibpD3y9FLfobdt6Zf9WCwTtC4zYXYFMtr8t3p3MHFkc6eD_lmq-asN6D3F2_SBitIo_7_Mk85ELQhyD5eara7bM_N4AIwqg_Y6SN2274LXH3HLMFNaocWjSaDw7TQL6rVwSrlqCJJ0a2NcFbqFwTK1z1dVMONiBGEyW9I07ERbACU6cTpWodPjcVu9AnJJVqZYriU_jNobW1a7qLw0wUlISSweN5Uj1m-KNKT5WD1MlnFU_ENAzB_ugxJmVHQUZ_06XL0scJjWNwNmcEzNASxggs-NPF7cFSPJOzVrIbjkfV0hGOr1nN2wYnVRnjpqZUm1VaE",
            "deep_link": "https://www.kiwi.com/deep?affilid=mihalytest&currency=EUR&flightsId=0b7717884e024e06457f4d47_0%7C0b7717884e024e06457f4d47_1%7C0b7717884e024e06457f4d47_2%7C0b7717884e024e06457f4d47_3&from=BUD&lang=en&passengers=1&to=HAM&booking_token=HAxazL8KeaLeFQLShfOcUd52YdN7YWAUZlTrauZaCU5fmMMEfnzJ6RBdYAb_d2DXvxFQau3qILXfMfqPC6Ox9UJ5uyw5-oGWkdgDpy2uTQr5Kwc15d5Bm39QcXPEo50HAepUhD00aMEDQryWqdkdSeWJforE8zHUqunMFzjM1uTDO3wkgnaaozhmTll4qqgRmT5vmvls9hzZsSxX9-_6yVr2uujW77BjOL8lznuxLWibBPVCzISUxtRvVKCeoBsz4l5NClKzRVYCOekuqRgh4NZ_H5UuTkDWdSPe50rWBjh7vApmBWrhNAQj6Ba922i4FoY-fb6qfkDRdQEGEC2kKwF0rhEVT7Y9YJZvhRfYEabGiK4JP8WEl5FpSzHh0oTXhz-JyEG65b6o1v9NzuX_1gbh6RgjepDjCAMm-yv3Pg1ScdftcHzlb6NRBqp2ibpD3y9FLfobdt6Zf9WCwTtC4zYXYFMtr8t3p3MHFkc6eD_lmq-asN6D3F2_SBitIo_7_Mk85ELQhyD5eara7bM_N4AIwqg_Y6SN2274LXH3HLMFNaocWjSaDw7TQL6rVwSrlqCJJ0a2NcFbqFwTK1z1dVMONiBGEyW9I07ERbACU6cTpWodPjcVu9AnJJVqZYriU_jNobW1a7qLw0wUlISSweN5Uj1m-KNKT5WD1MlnFU_ENAzB_ugxJmVHQUZ_06XL0scJjWNwNmcEzNASxggs-NPF7cFSPJOzVrIbjkfV0hGOr1nN2wYnVRnjpqZUm1VaE",
            "facilitated_booking_available": true,
            "pnr_count": 1,
            "has_airport_change": false,
            "technical_stops": 0,
            "throw_away_ticketing": false,
            "hidden_city_ticketing": false,
            "virtual_interlining": false
        },
        {
            "id": "0b7717884e024e06e0804926_0|0b7717884e024e06e0804926_1|0b7717884e024e06e0804926_2|0b7717884e024e06e0804926_3",
            "flyFrom": "BUD",
            "flyTo": "HAM",
            "cityFrom": "Budapest",
            "cityCodeFrom": "BUD",
            "cityTo": "Hamburg",
            "cityCodeTo": "HAM",
            "countryFrom": {
                "code": "HU",
                "name": "Hungary"
            },
            "countryTo": {
                "code": "DE",
                "name": "Germany"
            },
            "local_departure": "2024-09-04T11:20:00.000Z",
            "utc_departure": "2024-09-04T09:20:00.000Z",
            "local_arrival": "2024-09-04T14:10:00.000Z",
            "utc_arrival": "2024-09-04T12:10:00.000Z",
            "nightsInDest": 4,
            "quality": 334.999805,
            "distance": 949.98,
            "duration": {
                "departure": 10200,
                "return": 14100,
                "total": 24300
            },
            "price": 257,
            "conversion": {
                "EUR": 257
            },
            "fare": {
                "adults": 257,
                "children": 257,
                "infants": 257
            },
            "fare_locks": {
                "EUR": [
                    {
                        "default": false,
                        "duration": "P1D",
                        "itinerary_price_limit": 457,
                        "itinerary_price_remaining": 257,
                        "fare_lock_kind": "fee",
                        "price": 12.85,
                        "rule_instance_id": 26749,
                        "version": "v1"
                    },
                    {
                        "default": true,
                        "duration": "P3D",
                        "itinerary_price_limit": 457,
                        "itinerary_price_remaining": 257,
                        "fare_lock_kind": "fee",
                        "price": 25.7,
                        "rule_instance_id": 26748,
                        "version": "v1"
                    },
                    {
                        "default": false,
                        "duration": "P7D",
                        "itinerary_price_limit": 457,
                        "itinerary_price_remaining": 257,
                        "fare_lock_kind": "fee",
                        "price": 64.25,
                        "rule_instance_id": 26750,
                        "version": "v1"
                    }
                ]
            },
            "bags_price": {
                "1": 91
            },
            "baglimit": {
                "hand_dimensions_sum": 118,
                "hand_height": 40,
                "hand_length": 55,
                "hand_weight": 8,
                "hand_width": 23,
                "hold_dimensions_sum": 158,
                "hold_height": 52,
                "hold_length": 78,
                "hold_weight": 23,
                "hold_width": 28,
                "personal_item_dimension_sum": 80,
                "personal_item_height": 30,
                "personal_item_length": 40,
                "personal_item_weight": 3,
                "personal_item_width": 10
            },
            "availability": {
                "seats": 9
            },
            "airlines": [
                "OS",
                "LH"
            ],
            "route": [
                {
                    "id": "0b7717884e024e06e0804926_0",
                    "combination_id": "0b7717884e024e06e0804926",
                    "flyFrom": "BUD",
                    "flyTo": "VIE",
                    "cityFrom": "Budapest",
                    "cityCodeFrom": "BUD",
                    "cityTo": "Vienna",
                    "cityCodeTo": "VIE",
                    "local_departure": "2024-09-04T11:20:00.000Z",
                    "utc_departure": "2024-09-04T09:20:00.000Z",
                    "local_arrival": "2024-09-04T12:05:00.000Z",
                    "utc_arrival": "2024-09-04T10:05:00.000Z",
                    "airline": "OS",
                    "flight_no": 714,
                    "operating_carrier": "OS",
                    "operating_flight_no": "714",
                    "fare_basis": "KETCLSE4",
                    "fare_category": "M",
                    "fare_classes": "K",
                    "return": 0,
                    "bags_recheck_required": false,
                    "vi_connection": false,
                    "guarantee": false,
                    "equipment": null,
                    "vehicle_type": "aircraft"
                },
                {
                    "id": "0b7717884e024e06e0804926_1",
                    "combination_id": "0b7717884e024e06e0804926",
                    "flyFrom": "VIE",
                    "flyTo": "HAM",
                    "cityFrom": "Vienna",
                    "cityCodeFrom": "VIE",
                    "cityTo": "Hamburg",
                    "cityCodeTo": "HAM",
                    "local_departure": "2024-09-04T12:35:00.000Z",
                    "utc_departure": "2024-09-04T10:35:00.000Z",
                    "local_arrival": "2024-09-04T14:10:00.000Z",
                    "utc_arrival": "2024-09-04T12:10:00.000Z",
                    "airline": "OS",
                    "flight_no": 173,
                    "operating_carrier": "OS",
                    "operating_flight_no": "173",
                    "fare_basis": "KETCLSE4",
                    "fare_category": "M",
                    "fare_classes": "K",
                    "return": 0,
                    "bags_recheck_required": false,
                    "vi_connection": false,
                    "guarantee": false,
                    "equipment": null,
                    "vehicle_type": "aircraft"
                },
                {
                    "id": "0b7717884e024e06e0804926_2",
                    "combination_id": "0b7717884e024e06e0804926",
                    "flyFrom": "HAM",
                    "flyTo": "MUC",
                    "cityFrom": "Hamburg",
                    "cityCodeFrom": "HAM",
                    "cityTo": "Munich",
                    "cityCodeTo": "MUC",
                    "local_departure": "2024-09-08T08:45:00.000Z",
                    "utc_departure": "2024-09-08T06:45:00.000Z",
                    "local_arrival": "2024-09-08T10:00:00.000Z",
                    "utc_arrival": "2024-09-08T08:00:00.000Z",
                    "airline": "LH",
                    "flight_no": 2051,
                    "operating_carrier": "LH",
                    "operating_flight_no": "2051",
                    "fare_basis": "KETCLSE4",
                    "fare_category": "M",
                    "fare_classes": "K",
                    "return": 1,
                    "bags_recheck_required": false,
                    "vi_connection": false,
                    "guarantee": false,
                    "equipment": null,
                    "vehicle_type": "aircraft"
                },
                {
                    "id": "0b7717884e024e06e0804926_3",
                    "combination_id": "0b7717884e024e06e0804926",
                    "flyFrom": "MUC",
                    "flyTo": "BUD",
                    "cityFrom": "Munich",
                    "cityCodeFrom": "MUC",
                    "cityTo": "Budapest",
                    "cityCodeTo": "BUD",
                    "local_departure": "2024-09-08T11:25:00.000Z",
                    "utc_departure": "2024-09-08T09:25:00.000Z",
                    "local_arrival": "2024-09-08T12:40:00.000Z",
                    "utc_arrival": "2024-09-08T10:40:00.000Z",
                    "airline": "LH",
                    "flight_no": 1676,
                    "operating_carrier": "LH",
                    "operating_flight_no": "1676",
                    "fare_basis": "KETCLSE4",
                    "fare_category": "M",
                    "fare_classes": "K",
                    "return": 1,
                    "bags_recheck_required": false,
                    "vi_connection": false,
                    "guarantee": false,
                    "equipment": null,
                    "vehicle_type": "aircraft"
                }
            ],
            "booking_token": "HMjONas3RH8Rbu-s_FgQgxCV1iiVHBBe0RPg2IxK0xauHNZ03d7DegAGX3729q6kkQpxFOe3yPysXewjAM-6I31F3-tJTiAO9Xz_D8QX8vni2d6zvs9xVnOZeW2ykGbn4_KfidFXTcZrkbLkOpgve19La2oUFNkNzCWSnuMrRNmMvPKPnH4RKw55jZ3VRMOp1mAh-53UU9PpeZSM3mP3U9ZaJQdtAIPVUyWhx4sWtO6BDaPcoLGYnv4ni9lypHK4KFe8NwcPdsBiCo6w8q1HcjKlEowv2MhbtCLVgrl2T-5jCZzzTCHXxeN3mhZ1mYXvyUr3DrzwazY6EZ38TdfiCdQSkVoZtAe8_N9VR16FUTcGy2EfGAKgOqU6bOiqgVSjcAfdsl5Ke3jGakS9sqXmu_bJhPPahUqfyeOL8DgozMtHS5RWxWiQcGe8vwjns3Po4XXZdIe84mkK7bw_9V-oSKbucKVPFmdu0bU2FnedxL696VX3QdPyJaOyuz_GZU4hlhcwjBMgmJaCFyrg83ZOuPOPjEfickAYgCKi_HBT_ygyYdqucKakc5PIz5HFFn049EsDS3WZws6S-Lb_kJv6-PG1KTIm6ohagsz3GbsXaztYYQpxgm3qOmS2upAt1z6SsGjb8USBGF6yyfcL_vXwvI4dDWAHqOgfdp9OOIX3OcG-TT0jUWDc-EcBKM0LrlCPvXCw9kaJXTOqxDJW_Ig53L-FKkgGy5u9VKb3edfQiBiI=",
            "deep_link": "https://www.kiwi.com/deep?affilid=mihalytest&currency=EUR&flightsId=0b7717884e024e06e0804926_0%7C0b7717884e024e06e0804926_1%7C0b7717884e024e06e0804926_2%7C0b7717884e024e06e0804926_3&from=BUD&lang=en&passengers=1&to=HAM&booking_token=HMjONas3RH8Rbu-s_FgQgxCV1iiVHBBe0RPg2IxK0xauHNZ03d7DegAGX3729q6kkQpxFOe3yPysXewjAM-6I31F3-tJTiAO9Xz_D8QX8vni2d6zvs9xVnOZeW2ykGbn4_KfidFXTcZrkbLkOpgve19La2oUFNkNzCWSnuMrRNmMvPKPnH4RKw55jZ3VRMOp1mAh-53UU9PpeZSM3mP3U9ZaJQdtAIPVUyWhx4sWtO6BDaPcoLGYnv4ni9lypHK4KFe8NwcPdsBiCo6w8q1HcjKlEowv2MhbtCLVgrl2T-5jCZzzTCHXxeN3mhZ1mYXvyUr3DrzwazY6EZ38TdfiCdQSkVoZtAe8_N9VR16FUTcGy2EfGAKgOqU6bOiqgVSjcAfdsl5Ke3jGakS9sqXmu_bJhPPahUqfyeOL8DgozMtHS5RWxWiQcGe8vwjns3Po4XXZdIe84mkK7bw_9V-oSKbucKVPFmdu0bU2FnedxL696VX3QdPyJaOyuz_GZU4hlhcwjBMgmJaCFyrg83ZOuPOPjEfickAYgCKi_HBT_ygyYdqucKakc5PIz5HFFn049EsDS3WZws6S-Lb_kJv6-PG1KTIm6ohagsz3GbsXaztYYQpxgm3qOmS2upAt1z6SsGjb8USBGF6yyfcL_vXwvI4dDWAHqOgfdp9OOIX3OcG-TT0jUWDc-EcBKM0LrlCPvXCw9kaJXTOqxDJW_Ig53L-FKkgGy5u9VKb3edfQiBiI=",
            "facilitated_booking_available": true,
            "pnr_count": 1,
            "has_airport_change": false,
            "technical_stops": 0,
            "throw_away_ticketing": false,
            "hidden_city_ticketing": false,
            "virtual_interlining": false
        },
        {
            "id": "0b7717884e024e07f5ac804a_0|0b7717884e024e07f5ac804a_1|0b7717884e024e07f5ac804a_2|0b7717884e024e07f5ac804a_3",
            "flyFrom": "BUD",
            "flyTo": "HAM",
            "cityFrom": "Budapest",
            "cityCodeFrom": "BUD",
            "cityTo": "Hamburg",
            "cityCodeTo": "HAM",
            "countryFrom": {
                "code": "HU",
                "name": "Hungary"
            },
            "countryTo": {
                "code": "DE",
                "name": "Germany"
            },
            "local_departure": "2024-09-04T11:20:00.000Z",
            "utc_departure": "2024-09-04T09:20:00.000Z",
            "local_arrival": "2024-09-04T14:10:00.000Z",
            "utc_arrival": "2024-09-04T12:10:00.000Z",
            "nightsInDest": 5,
            "quality": 334.999805,
            "distance": 949.98,
            "duration": {
                "departure": 10200,
                "return": 14100,
                "total": 24300
            },
            "price": 257,
            "conversion": {
                "EUR": 257
            },
            "fare": {
                "adults": 257,
                "children": 257,
                "infants": 257
            },
            "fare_locks": {
                "EUR": [
                    {
                        "default": false,
                        "duration": "P1D",
                        "itinerary_price_limit": 457,
                        "itinerary_price_remaining": 257,
                        "fare_lock_kind": "fee",
                        "price": 12.85,
                        "rule_instance_id": 26749,
                        "version": "v1"
                    },
                    {
                        "default": true,
                        "duration": "P3D",
                        "itinerary_price_limit": 457,
                        "itinerary_price_remaining": 257,
                        "fare_lock_kind": "fee",
                        "price": 25.7,
                        "rule_instance_id": 26748,
                        "version": "v1"
                    },
                    {
                        "default": false,
                        "duration": "P7D",
                        "itinerary_price_limit": 457,
                        "itinerary_price_remaining": 257,
                        "fare_lock_kind": "fee",
                        "price": 64.25,
                        "rule_instance_id": 26750,
                        "version": "v1"
                    }
                ]
            },
            "bags_price": {
                "1": 98
            },
            "baglimit": {
                "hand_dimensions_sum": 118,
                "hand_height": 40,
                "hand_length": 55,
                "hand_weight": 5,
                "hand_width": 23,
                "hold_dimensions_sum": 158,
                "hold_height": 52,
                "hold_length": 78,
                "hold_weight": 23,
                "hold_width": 28,
                "personal_item_dimension_sum": 80,
                "personal_item_height": 30,
                "personal_item_length": 40,
                "personal_item_weight": 3,
                "personal_item_width": 10
            },
            "availability": {
                "seats": null
            },
            "airlines": [
                "OS",
                "SN"
            ],
            "route": [
                {
                    "id": "0b7717884e024e07f5ac804a_0",
                    "combination_id": "0b7717884e024e07f5ac804a",
                    "flyFrom": "BUD",
                    "flyTo": "VIE",
                    "cityFrom": "Budapest",
                    "cityCodeFrom": "BUD",
                    "cityTo": "Vienna",
                    "cityCodeTo": "VIE",
                    "local_departure": "2024-09-04T11:20:00.000Z",
                    "utc_departure": "2024-09-04T09:20:00.000Z",
                    "local_arrival": "2024-09-04T12:05:00.000Z",
                    "utc_arrival": "2024-09-04T10:05:00.000Z",
                    "airline": "OS",
                    "flight_no": 714,
                    "operating_carrier": "OS",
                    "operating_flight_no": "714",
                    "fare_basis": "KETCLSE4",
                    "fare_category": "M",
                    "fare_classes": "K",
                    "return": 0,
                    "bags_recheck_required": false,
                    "vi_connection": false,
                    "guarantee": false,
                    "equipment": null,
                    "vehicle_type": "aircraft"
                },
                {
                    "id": "0b7717884e024e07f5ac804a_1",
                    "combination_id": "0b7717884e024e07f5ac804a",
                    "flyFrom": "VIE",
                    "flyTo": "HAM",
                    "cityFrom": "Vienna",
                    "cityCodeFrom": "VIE",
                    "cityTo": "Hamburg",
                    "cityCodeTo": "HAM",
                    "local_departure": "2024-09-04T12:35:00.000Z",
                    "utc_departure": "2024-09-04T10:35:00.000Z",
                    "local_arrival": "2024-09-04T14:10:00.000Z",
                    "utc_arrival": "2024-09-04T12:10:00.000Z",
                    "airline": "OS",
                    "flight_no": 173,
                    "operating_carrier": "OS",
                    "operating_flight_no": "173",
                    "fare_basis": "KETCLSE4",
                    "fare_category": "M",
                    "fare_classes": "K",
                    "return": 0,
                    "bags_recheck_required": false,
                    "vi_connection": false,
                    "guarantee": false,
                    "equipment": null,
                    "vehicle_type": "aircraft"
                },
                {
                    "id": "0b7717884e024e07f5ac804a_2",
                    "combination_id": "0b7717884e024e07f5ac804a",
                    "flyFrom": "HAM",
                    "flyTo": "BRU",
                    "cityFrom": "Hamburg",
                    "cityCodeFrom": "HAM",
                    "cityTo": "Brussels",
                    "cityCodeTo": "BRU",
                    "local_departure": "2024-09-09T19:05:00.000Z",
                    "utc_departure": "2024-09-09T17:05:00.000Z",
                    "local_arrival": "2024-09-09T20:20:00.000Z",
                    "utc_arrival": "2024-09-09T18:20:00.000Z",
                    "airline": "SN",
                    "flight_no": 2628,
                    "operating_carrier": "SN",
                    "operating_flight_no": "2628",
                    "fare_basis": "KETCLSE4",
                    "fare_category": "M",
                    "fare_classes": "K",
                    "return": 1,
                    "bags_recheck_required": false,
                    "vi_connection": false,
                    "guarantee": false,
                    "equipment": null,
                    "vehicle_type": "aircraft"
                },
                {
                    "id": "0b7717884e024e07f5ac804a_3",
                    "combination_id": "0b7717884e024e07f5ac804a",
                    "flyFrom": "BRU",
                    "flyTo": "BUD",
                    "cityFrom": "Brussels",
                    "cityCodeFrom": "BRU",
                    "cityTo": "Budapest",
                    "cityCodeTo": "BUD",
                    "local_departure": "2024-09-09T21:00:00.000Z",
                    "utc_departure": "2024-09-09T19:00:00.000Z",
                    "local_arrival": "2024-09-09T23:00:00.000Z",
                    "utc_arrival": "2024-09-09T21:00:00.000Z",
                    "airline": "SN",
                    "flight_no": 2829,
                    "operating_carrier": "SN",
                    "operating_flight_no": "2829",
                    "fare_basis": "KETCLSE4",
                    "fare_category": "M",
                    "fare_classes": "K",
                    "return": 1,
                    "bags_recheck_required": false,
                    "vi_connection": false,
                    "guarantee": false,
                    "equipment": null,
                    "vehicle_type": "aircraft"
                }
            ],
            "booking_token": "Hk3m3dWoE3D6TBI5xG5bmJLy7YWo5h_zqQGNbq8YGNJRub-G_u-t1nSxHFaoPiFnB9RvdlA3TogDA-7Tp37tcK3pm-eVgZLz1c_DiE-ZGDGp4RdW3puJLSYIJOuLFk4LzGe-mivP6YPmPp4yflsM2ej-QMNXvE4KryKA_hf1fhvGgkSBOz2o2b5JjAyXYEx9uOG41OGbxtYX4hMPf8dlEw8-3UQZEXRJyAynNh6KrxZv1a8XjaGyI6JvoPFFG9-sbYCX2nKXA4jvBR8XO7jmyhU9hsz_rbmMYiDfL4KJIHVfg_fQ6MCfGFfRMYu9h9z5sfAJuGwokpl8SFAyaFqyxTn8aKZNsUjRmSGVmjqYKiJb7rbR43VVHnWutZsiN-1txGeWdjcXC6C41Zwy-0M6ik9jJcwsLsCsQ_dFu1Y4up3OjcSRwLPWGrmVQm2yIWNvzZXQaBm3kzSfTPEDZ0m45y7N7B8riIYhHiJxiWH1b9PUAY8poe4isl0rFKwze4uKqjbgdn3ruNtM5MGqi1hoQg-v-HO08a2-34XNgQZv66jJYXhJOF1QamiBp7OiKZHcqbS9ThGyZDyQCJXp5Ckd4i7_JPCXmVtAfC7wPO5WpdrDwANQJsxjeDn8CjghjpS7fu9NHMuw24VgdNjfLEk3dMz7ZzNZKrhn5ZhcrS1CyO53B2yjBKlnKQNDfTBUxMG75UeWVNgdYns8Xs_UFPhq-JTZU23ZFfReQIE3GKwaaUCA=",
            "deep_link": "https://www.kiwi.com/deep?affilid=mihalytest&currency=EUR&flightsId=0b7717884e024e07f5ac804a_0%7C0b7717884e024e07f5ac804a_1%7C0b7717884e024e07f5ac804a_2%7C0b7717884e024e07f5ac804a_3&from=BUD&lang=en&passengers=1&to=HAM&booking_token=Hk3m3dWoE3D6TBI5xG5bmJLy7YWo5h_zqQGNbq8YGNJRub-G_u-t1nSxHFaoPiFnB9RvdlA3TogDA-7Tp37tcK3pm-eVgZLz1c_DiE-ZGDGp4RdW3puJLSYIJOuLFk4LzGe-mivP6YPmPp4yflsM2ej-QMNXvE4KryKA_hf1fhvGgkSBOz2o2b5JjAyXYEx9uOG41OGbxtYX4hMPf8dlEw8-3UQZEXRJyAynNh6KrxZv1a8XjaGyI6JvoPFFG9-sbYCX2nKXA4jvBR8XO7jmyhU9hsz_rbmMYiDfL4KJIHVfg_fQ6MCfGFfRMYu9h9z5sfAJuGwokpl8SFAyaFqyxTn8aKZNsUjRmSGVmjqYKiJb7rbR43VVHnWutZsiN-1txGeWdjcXC6C41Zwy-0M6ik9jJcwsLsCsQ_dFu1Y4up3OjcSRwLPWGrmVQm2yIWNvzZXQaBm3kzSfTPEDZ0m45y7N7B8riIYhHiJxiWH1b9PUAY8poe4isl0rFKwze4uKqjbgdn3ruNtM5MGqi1hoQg-v-HO08a2-34XNgQZv66jJYXhJOF1QamiBp7OiKZHcqbS9ThGyZDyQCJXp5Ckd4i7_JPCXmVtAfC7wPO5WpdrDwANQJsxjeDn8CjghjpS7fu9NHMuw24VgdNjfLEk3dMz7ZzNZKrhn5ZhcrS1CyO53B2yjBKlnKQNDfTBUxMG75UeWVNgdYns8Xs_UFPhq-JTZU23ZFfReQIE3GKwaaUCA=",
            "facilitated_booking_available": true,
            "pnr_count": 1,
            "has_airport_change": false,
            "technical_stops": 0,
            "throw_away_ticketing": false,
            "hidden_city_ticketing": false,
            "virtual_interlining": false
        },
        {
            "id": "0b7717884e0b4e0d4629711b_0|0b7717884e0b4e0d4629711b_1|0b7717884e0b4e0d4629711b_2|0b7717884e0b4e0d4629711b_3",
            "flyFrom": "BUD",
            "flyTo": "HAM",
            "cityFrom": "Budapest",
            "cityCodeFrom": "BUD",
            "cityTo": "Hamburg",
            "cityCodeTo": "HAM",
            "countryFrom": {
                "code": "HU",
                "name": "Hungary"
            },
            "countryTo": {
                "code": "DE",
                "name": "Germany"
            },
            "local_departure": "2024-09-13T06:00:00.000Z",
            "utc_departure": "2024-09-13T04:00:00.000Z",
            "local_arrival": "2024-09-13T10:00:00.000Z",
            "utc_arrival": "2024-09-13T08:00:00.000Z",
            "nightsInDest": 2,
            "quality": 345.66646,
            "distance": 949.98,
            "duration": {
                "departure": 14400,
                "return": 12000,
                "total": 26400
            },
            "price": 263,
            "conversion": {
                "EUR": 263
            },
            "fare": {
                "adults": 263,
                "children": 263,
                "infants": 263
            },
            "fare_locks": {
                "EUR": [
                    {
                        "default": false,
                        "duration": "P1D",
                        "itinerary_price_limit": 463,
                        "itinerary_price_remaining": 263,
                        "fare_lock_kind": "fee",
                        "price": 13.15,
                        "rule_instance_id": 26749,
                        "version": "v1"
                    },
                    {
                        "default": true,
                        "duration": "P3D",
                        "itinerary_price_limit": 463,
                        "itinerary_price_remaining": 263,
                        "fare_lock_kind": "fee",
                        "price": 26.3,
                        "rule_instance_id": 26748,
                        "version": "v1"
                    },
                    {
                        "default": false,
                        "duration": "P7D",
                        "itinerary_price_limit": 463,
                        "itinerary_price_remaining": 263,
                        "fare_lock_kind": "fee",
                        "price": 65.75,
                        "rule_instance_id": 26750,
                        "version": "v1"
                    }
                ]
            },
            "bags_price": {
                "1": 70
            },
            "baglimit": {
                "hand_dimensions_sum": 118,
                "hand_height": 40,
                "hand_length": 55,
                "hand_weight": 8,
                "hand_width": 23,
                "hold_dimensions_sum": 158,
                "hold_height": 52,
                "hold_length": 78,
                "hold_weight": 23,
                "hold_width": 28,
                "personal_item_dimension_sum": 80,
                "personal_item_height": 30,
                "personal_item_length": 40,
                "personal_item_weight": 4,
                "personal_item_width": 10
            },
            "availability": {
                "seats": 9
            },
            "airlines": [
                "LH"
            ],
            "route": [
                {
                    "id": "0b7717884e0b4e0d4629711b_0",
                    "combination_id": "0b7717884e0b4e0d4629711b",
                    "flyFrom": "BUD",
                    "flyTo": "MUC",
                    "cityFrom": "Budapest",
                    "cityCodeFrom": "BUD",
                    "cityTo": "Munich",
                    "cityCodeTo": "MUC",
                    "local_departure": "2024-09-13T06:00:00.000Z",
                    "utc_departure": "2024-09-13T04:00:00.000Z",
                    "local_arrival": "2024-09-13T07:20:00.000Z",
                    "utc_arrival": "2024-09-13T05:20:00.000Z",
                    "airline": "LH",
                    "flight_no": 1683,
                    "operating_carrier": "LH",
                    "operating_flight_no": "1683",
                    "fare_basis": "KETCLSE4",
                    "fare_category": "M",
                    "fare_classes": "K",
                    "return": 0,
                    "bags_recheck_required": false,
                    "vi_connection": false,
                    "guarantee": false,
                    "equipment": null,
                    "vehicle_type": "aircraft"
                },
                {
                    "id": "0b7717884e0b4e0d4629711b_1",
                    "combination_id": "0b7717884e0b4e0d4629711b",
                    "flyFrom": "MUC",
                    "flyTo": "HAM",
                    "cityFrom": "Munich",
                    "cityCodeFrom": "MUC",
                    "cityTo": "Hamburg",
                    "cityCodeTo": "HAM",
                    "local_departure": "2024-09-13T08:45:00.000Z",
                    "utc_departure": "2024-09-13T06:45:00.000Z",
                    "local_arrival": "2024-09-13T10:00:00.000Z",
                    "utc_arrival": "2024-09-13T08:00:00.000Z",
                    "airline": "LH",
                    "flight_no": 2054,
                    "operating_carrier": "LH",
                    "operating_flight_no": "2054",
                    "fare_basis": "KETCLSE4",
                    "fare_category": "M",
                    "fare_classes": "K",
                    "return": 0,
                    "bags_recheck_required": false,
                    "vi_connection": false,
                    "guarantee": false,
                    "equipment": null,
                    "vehicle_type": "aircraft"
                },
                {
                    "id": "0b7717884e0b4e0d4629711b_2",
                    "combination_id": "0b7717884e0b4e0d4629711b",
                    "flyFrom": "HAM",
                    "flyTo": "MUC",
                    "cityFrom": "Hamburg",
                    "cityCodeFrom": "HAM",
                    "cityTo": "Munich",
                    "cityCodeTo": "MUC",
                    "local_departure": "2024-09-15T20:15:00.000Z",
                    "utc_departure": "2024-09-15T18:15:00.000Z",
                    "local_arrival": "2024-09-15T21:30:00.000Z",
                    "utc_arrival": "2024-09-15T19:30:00.000Z",
                    "airline": "LH",
                    "flight_no": 2073,
                    "operating_carrier": "LH",
                    "operating_flight_no": "2073",
                    "fare_basis": "KETCLSE4",
                    "fare_category": "M",
                    "fare_classes": "K",
                    "return": 1,
                    "bags_recheck_required": false,
                    "vi_connection": false,
                    "guarantee": false,
                    "equipment": null,
                    "vehicle_type": "aircraft"
                },
                {
                    "id": "0b7717884e0b4e0d4629711b_3",
                    "combination_id": "0b7717884e0b4e0d4629711b",
                    "flyFrom": "MUC",
                    "flyTo": "BUD",
                    "cityFrom": "Munich",
                    "cityCodeFrom": "MUC",
                    "cityTo": "Budapest",
                    "cityCodeTo": "BUD",
                    "local_departure": "2024-09-15T22:20:00.000Z",
                    "utc_departure": "2024-09-15T20:20:00.000Z",
                    "local_arrival": "2024-09-15T23:35:00.000Z",
                    "utc_arrival": "2024-09-15T21:35:00.000Z",
                    "airline": "LH",
                    "flight_no": 1682,
                    "operating_carrier": "LH",
                    "operating_flight_no": "1682",
                    "fare_basis": "KETCLSE4",
                    "fare_category": "M",
                    "fare_classes": "K",
                    "return": 1,
                    "bags_recheck_required": false,
                    "vi_connection": false,
                    "guarantee": false,
                    "equipment": null,
                    "vehicle_type": "aircraft"
                }
            ],
            "booking_token": "H2L2q9h8MEiA2b5xF3uh4T91XVdDwHaWNaLXuTWwbaF4H9VLOTUHlvGkEFLOgQb2YEtkG_R6aeVB1n5uhF9I2r_61dhBRSfeAhbdaoI9r6IL9wFkZ4Ez9jW3AkxIRnvboc8zgpUmVGTck8joZbjkRX8xj8LR0-AfVL8ibVeoWKPxv0SxkGaLu_qQz3lVUa3zglX_wmfjIElSlPMqGFG6HD_GL80cdFXIV0qjtyw0in9vfx9aUPBNDy6vsM3AGmBVgGKWZ3nkHJ8nq_xlhE7Q6Ifld1JKmfgme2HHv2r1ULaMinjcMfpNEjaCq4-68XGQwk76ZEtoI43thmynyAphuZ-1H2Qs3MYZNzqg7zd3pHFND577y961EkLvFyz1urmHAYXGLmJvKaGEG2iCe5v7q8Knu7pdtJTUAi-nmxX6JjmvU5UOQI6pypHtH3ACX4gJg_jkKJOU5GuTDpYBVUN4ebSDFnW7Q236hur4_hBFHZ7SHyH6FLqeh1fNFsysmYrD_jTFcMYWfQ_hdFdINqxRv0u0oxfv3bwbMbzXHqV4CQgc4dk5w0U4TW8vfchpBhrxVgbTTkwa6En3qiIJk1mG5BQHmd-lX0o-wAnRBuWOLzuouyUTfpLEperEnRfE7mTvgWuBgdSOVz4YfVuaKJv9RY82VJucOPLX3CWENc7-ovkk-VCgdzz4zfJ2wSIKYI8uJZeICF-djZwmRzLxu5V09MA==",
            "deep_link": "https://www.kiwi.com/deep?affilid=mihalytest&currency=EUR&flightsId=0b7717884e0b4e0d4629711b_0%7C0b7717884e0b4e0d4629711b_1%7C0b7717884e0b4e0d4629711b_2%7C0b7717884e0b4e0d4629711b_3&from=BUD&lang=en&passengers=1&to=HAM&booking_token=H2L2q9h8MEiA2b5xF3uh4T91XVdDwHaWNaLXuTWwbaF4H9VLOTUHlvGkEFLOgQb2YEtkG_R6aeVB1n5uhF9I2r_61dhBRSfeAhbdaoI9r6IL9wFkZ4Ez9jW3AkxIRnvboc8zgpUmVGTck8joZbjkRX8xj8LR0-AfVL8ibVeoWKPxv0SxkGaLu_qQz3lVUa3zglX_wmfjIElSlPMqGFG6HD_GL80cdFXIV0qjtyw0in9vfx9aUPBNDy6vsM3AGmBVgGKWZ3nkHJ8nq_xlhE7Q6Ifld1JKmfgme2HHv2r1ULaMinjcMfpNEjaCq4-68XGQwk76ZEtoI43thmynyAphuZ-1H2Qs3MYZNzqg7zd3pHFND577y961EkLvFyz1urmHAYXGLmJvKaGEG2iCe5v7q8Knu7pdtJTUAi-nmxX6JjmvU5UOQI6pypHtH3ACX4gJg_jkKJOU5GuTDpYBVUN4ebSDFnW7Q236hur4_hBFHZ7SHyH6FLqeh1fNFsysmYrD_jTFcMYWfQ_hdFdINqxRv0u0oxfv3bwbMbzXHqV4CQgc4dk5w0U4TW8vfchpBhrxVgbTTkwa6En3qiIJk1mG5BQHmd-lX0o-wAnRBuWOLzuouyUTfpLEperEnRfE7mTvgWuBgdSOVz4YfVuaKJv9RY82VJucOPLX3CWENc7-ovkk-VCgdzz4zfJ2wSIKYI8uJZeICF-djZwmRzLxu5V09MA==",
            "facilitated_booking_available": true,
            "pnr_count": 1,
            "has_airport_change": false,
            "technical_stops": 0,
            "throw_away_ticketing": false,
            "hidden_city_ticketing": false,
            "virtual_interlining": false
        },
        {
            "id": "0b7717884e314e38c9b28282_0|0b7717884e314e38c9b28282_1|0b7717884e314e38c9b28282_2|0b7717884e314e38c9b28282_3",
            "flyFrom": "BUD",
            "flyTo": "HAM",
            "cityFrom": "Budapest",
            "cityCodeFrom": "BUD",
            "cityTo": "Hamburg",
            "cityCodeTo": "HAM",
            "countryFrom": {
                "code": "HU",
                "name": "Hungary"
            },
            "countryTo": {
                "code": "DE",
                "name": "Germany"
            },
            "local_departure": "2024-10-21T11:20:00.000Z",
            "utc_departure": "2024-10-21T09:20:00.000Z",
            "local_arrival": "2024-10-21T14:10:00.000Z",
            "utc_arrival": "2024-10-21T12:10:00.000Z",
            "nightsInDest": 7,
            "quality": 335.66649,
            "distance": 949.98,
            "duration": {
                "departure": 10200,
                "return": 10800,
                "total": 21000
            },
            "price": 265,
            "conversion": {
                "EUR": 265
            },
            "fare": {
                "adults": 265,
                "children": 265,
                "infants": 265
            },
            "fare_locks": {
                "EUR": [
                    {
                        "default": false,
                        "duration": "P1D",
                        "itinerary_price_limit": 465,
                        "itinerary_price_remaining": 265,
                        "fare_lock_kind": "fee",
                        "price": 13.25,
                        "rule_instance_id": 26749,
                        "version": "v1"
                    },
                    {
                        "default": true,
                        "duration": "P3D",
                        "itinerary_price_limit": 465,
                        "itinerary_price_remaining": 265,
                        "fare_lock_kind": "fee",
                        "price": 26.5,
                        "rule_instance_id": 26748,
                        "version": "v1"
                    },
                    {
                        "default": false,
                        "duration": "P7D",
                        "itinerary_price_limit": 465,
                        "itinerary_price_remaining": 265,
                        "fare_lock_kind": "fee",
                        "price": 66.25,
                        "rule_instance_id": 26750,
                        "version": "v1"
                    }
                ]
            },
            "bags_price": {
                "1": 112,
                "2": 291.2
            },
            "baglimit": {
                "hand_dimensions_sum": 118,
                "hand_height": 40,
                "hand_length": 55,
                "hand_weight": 8,
                "hand_width": 23,
                "hold_dimensions_sum": 158,
                "hold_height": 52,
                "hold_length": 78,
                "hold_weight": 23,
                "hold_width": 28,
                "personal_item_dimension_sum": 80,
                "personal_item_height": 30,
                "personal_item_length": 40,
                "personal_item_weight": 3,
                "personal_item_width": 10
            },
            "availability": {
                "seats": 3
            },
            "airlines": [
                "OS"
            ],
            "route": [
                {
                    "id": "0b7717884e314e38c9b28282_0",
                    "combination_id": "0b7717884e314e38c9b28282",
                    "flyFrom": "BUD",
                    "flyTo": "VIE",
                    "cityFrom": "Budapest",
                    "cityCodeFrom": "BUD",
                    "cityTo": "Vienna",
                    "cityCodeTo": "VIE",
                    "local_departure": "2024-10-21T11:20:00.000Z",
                    "utc_departure": "2024-10-21T09:20:00.000Z",
                    "local_arrival": "2024-10-21T12:05:00.000Z",
                    "utc_arrival": "2024-10-21T10:05:00.000Z",
                    "airline": "OS",
                    "flight_no": 714,
                    "operating_carrier": "OS",
                    "operating_flight_no": "714",
                    "fare_basis": "KETCLSE4",
                    "fare_category": "M",
                    "fare_classes": "K",
                    "return": 0,
                    "bags_recheck_required": false,
                    "vi_connection": false,
                    "guarantee": false,
                    "equipment": null,
                    "vehicle_type": "aircraft"
                },
                {
                    "id": "0b7717884e314e38c9b28282_1",
                    "combination_id": "0b7717884e314e38c9b28282",
                    "flyFrom": "VIE",
                    "flyTo": "HAM",
                    "cityFrom": "Vienna",
                    "cityCodeFrom": "VIE",
                    "cityTo": "Hamburg",
                    "cityCodeTo": "HAM",
                    "local_departure": "2024-10-21T12:35:00.000Z",
                    "utc_departure": "2024-10-21T10:35:00.000Z",
                    "local_arrival": "2024-10-21T14:10:00.000Z",
                    "utc_arrival": "2024-10-21T12:10:00.000Z",
                    "airline": "OS",
                    "flight_no": 173,
                    "operating_carrier": "OS",
                    "operating_flight_no": "173",
                    "fare_basis": "KETCLSE4",
                    "fare_category": "M",
                    "fare_classes": "K",
                    "return": 0,
                    "bags_recheck_required": false,
                    "vi_connection": false,
                    "guarantee": false,
                    "equipment": null,
                    "vehicle_type": "aircraft"
                },
                {
                    "id": "0b7717884e314e38c9b28282_2",
                    "combination_id": "0b7717884e314e38c9b28282",
                    "flyFrom": "HAM",
                    "flyTo": "VIE",
                    "cityFrom": "Hamburg",
                    "cityCodeFrom": "HAM",
                    "cityTo": "Vienna",
                    "cityCodeTo": "VIE",
                    "local_departure": "2024-10-28T07:35:00.000Z",
                    "utc_departure": "2024-10-28T06:35:00.000Z",
                    "local_arrival": "2024-10-28T09:10:00.000Z",
                    "utc_arrival": "2024-10-28T08:10:00.000Z",
                    "airline": "OS",
                    "flight_no": 168,
                    "operating_carrier": "OS",
                    "operating_flight_no": "168",
                    "fare_basis": "LETCLSE4",
                    "fare_category": "M",
                    "fare_classes": "L",
                    "return": 1,
                    "bags_recheck_required": false,
                    "vi_connection": false,
                    "guarantee": false,
                    "equipment": null,
                    "vehicle_type": "aircraft"
                },
                {
                    "id": "0b7717884e314e38c9b28282_3",
                    "combination_id": "0b7717884e314e38c9b28282",
                    "flyFrom": "VIE",
                    "flyTo": "BUD",
                    "cityFrom": "Vienna",
                    "cityCodeFrom": "VIE",
                    "cityTo": "Budapest",
                    "cityCodeTo": "BUD",
                    "local_departure": "2024-10-28T09:50:00.000Z",
                    "utc_departure": "2024-10-28T08:50:00.000Z",
                    "local_arrival": "2024-10-28T10:35:00.000Z",
                    "utc_arrival": "2024-10-28T09:35:00.000Z",
                    "airline": "OS",
                    "flight_no": 713,
                    "operating_carrier": "OS",
                    "operating_flight_no": "713",
                    "fare_basis": "LETCLSE4",
                    "fare_category": "M",
                    "fare_classes": "L",
                    "return": 1,
                    "bags_recheck_required": false,
                    "vi_connection": false,
                    "guarantee": false,
                    "equipment": null,
                    "vehicle_type": "aircraft"
                }
            ],
            "booking_token": "H-YnEPYHjapEBbyJryUhhbxB22ew_AjQNAm9ligoThGTYvUfg6vZiYc6xh-nB0B3E3NaiRDUlx-trLx3lOaKKqW71ATBq3W5yWCsswCczO0YHWnoL04JzGpCaGEqxI_Yo1eO82x3FWdy84ZuyqYCjMDZMXdc6MXdlPQFPnEqjk3bkXPyM2IWiAMY2RUq30vVuQgJllirYVhUYB3fUx4LSOMAhrm_GsnAj-fKJsQog0fkwcWAizJSdP7ozVyoI2CvSmAbHacLo-XIPrrucZS8lVEzgvFRPFKjcVRNq6v3hs6yoEPdSYlYPi5Bs9punLclZ_Xdnvu0_4OVmWSI2NLLsuzbQaxS_9ClkTJ6GNh-y2lIPAl1bJQiakdl42KoJEOT4ZtTO_B5ZNq6FG1feSfw7FkoIfufA1xmCSkYkURFpNzJAABAwKNTH81i91c8kh3RszKV5QVr1pq_GWNo-HiHampjuONcG55lvNm1ezxztu2YpJ4JSJUBBWzuPc0N48k1mH0dQ7JxjUVOdNuNn8h6tI19Or6R8XAal04IoqtQcK9gy5ysJaxPqhTyKfBrE0gnn6DDAhDiX2rhERJn-HKccMfxdfUsYLrEwEsFh2CSgx0ATFD_O5HcQhjjCEn2j1mDzlW8LibK1fuLCoO619g3RZfUhGupX0T3r64AgW3pxNf5bWXAJgGWcxTYAm7f9rodzPwoVWf0fuAiunSm98takp_Z4-ZYbI_7EhfRnk7uJVqcGOcfeWZua3Qv6QgDf4vjA",
            "deep_link": "https://www.kiwi.com/deep?affilid=mihalytest&currency=EUR&flightsId=0b7717884e314e38c9b28282_0%7C0b7717884e314e38c9b28282_1%7C0b7717884e314e38c9b28282_2%7C0b7717884e314e38c9b28282_3&from=BUD&lang=en&passengers=1&to=HAM&booking_token=H-YnEPYHjapEBbyJryUhhbxB22ew_AjQNAm9ligoThGTYvUfg6vZiYc6xh-nB0B3E3NaiRDUlx-trLx3lOaKKqW71ATBq3W5yWCsswCczO0YHWnoL04JzGpCaGEqxI_Yo1eO82x3FWdy84ZuyqYCjMDZMXdc6MXdlPQFPnEqjk3bkXPyM2IWiAMY2RUq30vVuQgJllirYVhUYB3fUx4LSOMAhrm_GsnAj-fKJsQog0fkwcWAizJSdP7ozVyoI2CvSmAbHacLo-XIPrrucZS8lVEzgvFRPFKjcVRNq6v3hs6yoEPdSYlYPi5Bs9punLclZ_Xdnvu0_4OVmWSI2NLLsuzbQaxS_9ClkTJ6GNh-y2lIPAl1bJQiakdl42KoJEOT4ZtTO_B5ZNq6FG1feSfw7FkoIfufA1xmCSkYkURFpNzJAABAwKNTH81i91c8kh3RszKV5QVr1pq_GWNo-HiHampjuONcG55lvNm1ezxztu2YpJ4JSJUBBWzuPc0N48k1mH0dQ7JxjUVOdNuNn8h6tI19Or6R8XAal04IoqtQcK9gy5ysJaxPqhTyKfBrE0gnn6DDAhDiX2rhERJn-HKccMfxdfUsYLrEwEsFh2CSgx0ATFD_O5HcQhjjCEn2j1mDzlW8LibK1fuLCoO619g3RZfUhGupX0T3r64AgW3pxNf5bWXAJgGWcxTYAm7f9rodzPwoVWf0fuAiunSm98takp_Z4-ZYbI_7EhfRnk7uJVqcGOcfeWZua3Qv6QgDf4vjA",
            "facilitated_booking_available": true,
            "pnr_count": 1,
            "has_airport_change": false,
            "technical_stops": 0,
            "throw_away_ticketing": false,
            "hidden_city_ticketing": false,
            "virtual_interlining": false
        },
        {
            "id": "0b7717884e564e59a4b75332_0|0b7717884e564e59a4b75332_1|0b7717884e564e59a4b75332_2|0b7717884e564e59a4b75332_3",
            "flyFrom": "BUD",
            "flyTo": "HAM",
            "cityFrom": "Budapest",
            "cityCodeFrom": "BUD",
            "cityTo": "Hamburg",
            "cityCodeTo": "HAM",
            "countryFrom": {
                "code": "HU",
                "name": "Hungary"
            },
            "countryTo": {
                "code": "DE",
                "name": "Germany"
            },
            "local_departure": "2024-11-27T11:15:00.000Z",
            "utc_departure": "2024-11-27T10:15:00.000Z",
            "local_arrival": "2024-11-27T14:20:00.000Z",
            "utc_arrival": "2024-11-27T13:20:00.000Z",
            "nightsInDest": 3,
            "quality": 339.999815,
            "distance": 949.98,
            "duration": {
                "departure": 11100,
                "return": 11400,
                "total": 22500
            },
            "price": 266,
            "conversion": {
                "EUR": 266
            },
            "fare": {
                "adults": 266,
                "children": 266,
                "infants": 266
            },
            "fare_locks": {
                "EUR": [
                    {
                        "default": false,
                        "duration": "P1D",
                        "itinerary_price_limit": 466,
                        "itinerary_price_remaining": 266,
                        "fare_lock_kind": "fee",
                        "price": 13.3,
                        "rule_instance_id": 26749,
                        "version": "v1"
                    },
                    {
                        "default": true,
                        "duration": "P3D",
                        "itinerary_price_limit": 466,
                        "itinerary_price_remaining": 266,
                        "fare_lock_kind": "fee",
                        "price": 26.6,
                        "rule_instance_id": 26748,
                        "version": "v1"
                    },
                    {
                        "default": false,
                        "duration": "P7D",
                        "itinerary_price_limit": 466,
                        "itinerary_price_remaining": 266,
                        "fare_lock_kind": "fee",
                        "price": 66.5,
                        "rule_instance_id": 26750,
                        "version": "v1"
                    }
                ]
            },
            "bags_price": {
                "1": 91
            },
            "baglimit": {
                "hand_dimensions_sum": 118,
                "hand_height": 40,
                "hand_length": 55,
                "hand_weight": 8,
                "hand_width": 23,
                "hold_dimensions_sum": 158,
                "hold_height": 52,
                "hold_length": 78,
                "hold_weight": 23,
                "hold_width": 28,
                "personal_item_dimension_sum": 80,
                "personal_item_height": 30,
                "personal_item_length": 40,
                "personal_item_weight": 3,
                "personal_item_width": 10
            },
            "availability": {
                "seats": 7
            },
            "airlines": [
                "OS",
                "LH"
            ],
            "route": [
                {
                    "id": "0b7717884e564e59a4b75332_0",
                    "combination_id": "0b7717884e564e59a4b75332",
                    "flyFrom": "BUD",
                    "flyTo": "VIE",
                    "cityFrom": "Budapest",
                    "cityCodeFrom": "BUD",
                    "cityTo": "Vienna",
                    "cityCodeTo": "VIE",
                    "local_departure": "2024-11-27T11:15:00.000Z",
                    "utc_departure": "2024-11-27T10:15:00.000Z",
                    "local_arrival": "2024-11-27T12:05:00.000Z",
                    "utc_arrival": "2024-11-27T11:05:00.000Z",
                    "airline": "OS",
                    "flight_no": 714,
                    "operating_carrier": "OS",
                    "operating_flight_no": "714",
                    "fare_basis": "KETCLSE4",
                    "fare_category": "M",
                    "fare_classes": "K",
                    "return": 0,
                    "bags_recheck_required": false,
                    "vi_connection": false,
                    "guarantee": false,
                    "equipment": null,
                    "vehicle_type": "aircraft"
                },
                {
                    "id": "0b7717884e564e59a4b75332_1",
                    "combination_id": "0b7717884e564e59a4b75332",
                    "flyFrom": "VIE",
                    "flyTo": "HAM",
                    "cityFrom": "Vienna",
                    "cityCodeFrom": "VIE",
                    "cityTo": "Hamburg",
                    "cityCodeTo": "HAM",
                    "local_departure": "2024-11-27T12:45:00.000Z",
                    "utc_departure": "2024-11-27T11:45:00.000Z",
                    "local_arrival": "2024-11-27T14:20:00.000Z",
                    "utc_arrival": "2024-11-27T13:20:00.000Z",
                    "airline": "OS",
                    "flight_no": 173,
                    "operating_carrier": "OS",
                    "operating_flight_no": "173",
                    "fare_basis": "KETCLSE4",
                    "fare_category": "M",
                    "fare_classes": "K",
                    "return": 0,
                    "bags_recheck_required": false,
                    "vi_connection": false,
                    "guarantee": false,
                    "equipment": null,
                    "vehicle_type": "aircraft"
                },
                {
                    "id": "0b7717884e564e59a4b75332_2",
                    "combination_id": "0b7717884e564e59a4b75332",
                    "flyFrom": "HAM",
                    "flyTo": "MUC",
                    "cityFrom": "Hamburg",
                    "cityCodeFrom": "HAM",
                    "cityTo": "Munich",
                    "cityCodeTo": "MUC",
                    "local_departure": "2024-11-30T20:15:00.000Z",
                    "utc_departure": "2024-11-30T19:15:00.000Z",
                    "local_arrival": "2024-11-30T21:30:00.000Z",
                    "utc_arrival": "2024-11-30T20:30:00.000Z",
                    "airline": "LH",
                    "flight_no": 2081,
                    "operating_carrier": "LH",
                    "operating_flight_no": "2081",
                    "fare_basis": "LETCLSE4",
                    "fare_category": "M",
                    "fare_classes": "L",
                    "return": 1,
                    "bags_recheck_required": false,
                    "vi_connection": false,
                    "guarantee": false,
                    "equipment": null,
                    "vehicle_type": "aircraft"
                },
                {
                    "id": "0b7717884e564e59a4b75332_3",
                    "combination_id": "0b7717884e564e59a4b75332",
                    "flyFrom": "MUC",
                    "flyTo": "BUD",
                    "cityFrom": "Munich",
                    "cityCodeFrom": "MUC",
                    "cityTo": "Budapest",
                    "cityCodeTo": "BUD",
                    "local_departure": "2024-11-30T22:10:00.000Z",
                    "utc_departure": "2024-11-30T21:10:00.000Z",
                    "local_arrival": "2024-11-30T23:25:00.000Z",
                    "utc_arrival": "2024-11-30T22:25:00.000Z",
                    "airline": "LH",
                    "flight_no": 1682,
                    "operating_carrier": "LH",
                    "operating_flight_no": "1682",
                    "fare_basis": "LETCLSE4",
                    "fare_category": "M",
                    "fare_classes": "L",
                    "return": 1,
                    "bags_recheck_required": false,
                    "vi_connection": false,
                    "guarantee": false,
                    "equipment": null,
                    "vehicle_type": "aircraft"
                }
            ],
            "booking_token": "HrMq8IHqC4L4AEaBw4dgfhXm2HMtiLsuxpQI1uA4zKRHT4SLgoRuLQu6Nn7g5PNb3JoegPFR_1zNm5Mv5rJ50K-RS20njECu4lxSHljr7MB4ynlrAkKIgMfpMz5aU8UIdi7PtXEDERlN7QJS_y8MbOXeryDofo-XTwzav_1MtCtoz9iabInwW4JAW8WWabynBtEmoDF4FcAjK3EE1-Ry2W6QqlqHafHCNLRiu59JgvBM79oKUk4_YkVDErhxyqg0GMDCfaO2gxfCt9Ji-grbMhRYrP2G2cFnMdW6q7a1L8J8MSJl3odEecNrZEEf4ykXHfLSjYByI_SHhLNzM3rF7HInjX_pumyK3ADOTXeb1PQDPHgQdy9_UjNwmASEksS2COqlHWX6RCR9Cg-ONfwq0q-1eJJ7lf0tVo-eAW4KHEzTznV_PtqvpLTTWoPEZeJihmxxlD0RcT899ixROR_EjS8UW9NGAhOBTefMAyhLkr9eRFHPwA-XkOYE_4ICDCL2tsYZt7fOjhEj0kCuB4atO_c-o7SQ0cQIGybL8z_5gmPIktokjQ8At0MBUJSKS25KG083UBdBCvS3K4ktzbGfWGH-YonsJcaqybAEI7BWJqLIQjB6k5UzGnadyygNs-5WMKsZ739H76XTfcTD205E1Vzidckc3QuRGe9EQEGtAHpZYNIYrNfOOMufwcfA5PUzlZvlTGWex3ZGNCcpwakXFcy6wYYDme_RFFE40VDYKkcTppGppwliwpK5iBIOebUqw",
            "deep_link": "https://www.kiwi.com/deep?affilid=mihalytest&currency=EUR&flightsId=0b7717884e564e59a4b75332_0%7C0b7717884e564e59a4b75332_1%7C0b7717884e564e59a4b75332_2%7C0b7717884e564e59a4b75332_3&from=BUD&lang=en&passengers=1&to=HAM&booking_token=HrMq8IHqC4L4AEaBw4dgfhXm2HMtiLsuxpQI1uA4zKRHT4SLgoRuLQu6Nn7g5PNb3JoegPFR_1zNm5Mv5rJ50K-RS20njECu4lxSHljr7MB4ynlrAkKIgMfpMz5aU8UIdi7PtXEDERlN7QJS_y8MbOXeryDofo-XTwzav_1MtCtoz9iabInwW4JAW8WWabynBtEmoDF4FcAjK3EE1-Ry2W6QqlqHafHCNLRiu59JgvBM79oKUk4_YkVDErhxyqg0GMDCfaO2gxfCt9Ji-grbMhRYrP2G2cFnMdW6q7a1L8J8MSJl3odEecNrZEEf4ykXHfLSjYByI_SHhLNzM3rF7HInjX_pumyK3ADOTXeb1PQDPHgQdy9_UjNwmASEksS2COqlHWX6RCR9Cg-ONfwq0q-1eJJ7lf0tVo-eAW4KHEzTznV_PtqvpLTTWoPEZeJihmxxlD0RcT899ixROR_EjS8UW9NGAhOBTefMAyhLkr9eRFHPwA-XkOYE_4ICDCL2tsYZt7fOjhEj0kCuB4atO_c-o7SQ0cQIGybL8z_5gmPIktokjQ8At0MBUJSKS25KG083UBdBCvS3K4ktzbGfWGH-YonsJcaqybAEI7BWJqLIQjB6k5UzGnadyygNs-5WMKsZ739H76XTfcTD205E1Vzidckc3QuRGe9EQEGtAHpZYNIYrNfOOMufwcfA5PUzlZvlTGWex3ZGNCcpwakXFcy6wYYDme_RFFE40VDYKkcTppGppwliwpK5iBIOebUqw",
            "facilitated_booking_available": true,
            "pnr_count": 1,
            "has_airport_change": false,
            "technical_stops": 0,
            "throw_away_ticketing": false,
            "hidden_city_ticketing": false,
            "virtual_interlining": false
        },
        {
            "id": "0b7717884de6000097dfbde4_0|17880b774de80000ce85ae83_0",
            "flyFrom": "BUD",
            "flyTo": "HAM",
            "cityFrom": "Budapest",
            "cityCodeFrom": "BUD",
            "cityTo": "Hamburg",
            "cityCodeTo": "HAM",
            "countryFrom": {
                "code": "HU",
                "name": "Hungary"
            },
            "countryTo": {
                "code": "DE",
                "name": "Germany"
            },
            "local_departure": "2024-08-07T20:45:00.000Z",
            "utc_departure": "2024-08-07T18:45:00.000Z",
            "local_arrival": "2024-08-07T22:30:00.000Z",
            "utc_arrival": "2024-08-07T20:30:00.000Z",
            "nightsInDest": 2,
            "quality": 325.333205,
            "distance": 949.98,
            "duration": {
                "departure": 6300,
                "return": 6000,
                "total": 12300
            },
            "price": 274,
            "conversion": {
                "EUR": 274
            },
            "fare": {
                "adults": 274,
                "children": 274,
                "infants": 274
            },
            "bags_price": {
                "1": 72.8,
                "2": 282.8
            },
            "baglimit": {
                "hand_dimensions_sum": 118,
                "hand_height": 40,
                "hand_length": 55,
                "hand_weight": 8,
                "hand_width": 23,
                "hold_dimensions_sum": 158,
                "hold_height": 52,
                "hold_length": 78,
                "hold_weight": 23,
                "hold_width": 28,
                "personal_item_dimension_sum": 95,
                "personal_item_height": 30,
                "personal_item_length": 40,
                "personal_item_weight": 8,
                "personal_item_width": 25
            },
            "availability": {
                "seats": 9
            },
            "airlines": [
                "EW"
            ],
            "route": [
                {
                    "id": "0b7717884de6000097dfbde4_0",
                    "combination_id": "0b7717884de6000097dfbde4",
                    "flyFrom": "BUD",
                    "flyTo": "HAM",
                    "cityFrom": "Budapest",
                    "cityCodeFrom": "BUD",
                    "cityTo": "Hamburg",
                    "cityCodeTo": "HAM",
                    "local_departure": "2024-08-07T20:45:00.000Z",
                    "utc_departure": "2024-08-07T18:45:00.000Z",
                    "local_arrival": "2024-08-07T22:30:00.000Z",
                    "utc_arrival": "2024-08-07T20:30:00.000Z",
                    "airline": "EW",
                    "flight_no": 7783,
                    "operating_carrier": "EW",
                    "operating_flight_no": "7783",
                    "fare_basis": "",
                    "fare_category": "M",
                    "fare_classes": "",
                    "return": 0,
                    "bags_recheck_required": false,
                    "vi_connection": false,
                    "guarantee": false,
                    "equipment": null,
                    "vehicle_type": "aircraft"
                },
                {
                    "id": "17880b774de80000ce85ae83_0",
                    "combination_id": "17880b774de80000ce85ae83",
                    "flyFrom": "HAM",
                    "flyTo": "BUD",
                    "cityFrom": "Hamburg",
                    "cityCodeFrom": "HAM",
                    "cityTo": "Budapest",
                    "cityCodeTo": "BUD",
                    "local_departure": "2024-08-09T18:25:00.000Z",
                    "utc_departure": "2024-08-09T16:25:00.000Z",
                    "local_arrival": "2024-08-09T20:05:00.000Z",
                    "utc_arrival": "2024-08-09T18:05:00.000Z",
                    "airline": "EW",
                    "flight_no": 7782,
                    "operating_carrier": "EW",
                    "operating_flight_no": "7782",
                    "fare_basis": "",
                    "fare_category": "M",
                    "fare_classes": "",
                    "return": 1,
                    "bags_recheck_required": false,
                    "vi_connection": false,
                    "guarantee": false,
                    "equipment": null,
                    "vehicle_type": "aircraft"
                }
            ],
            "booking_token": "HNcOkCkhHaXvKdZ_9NC8BvV6atA81MN9Zs_h0fp4wHdsOUA1vFKFJ1521pA1QLEjlZPAFWIsmNUUMxM3Hiu5dYmJ7Pv_9Er3breGpkVtwRff7tE7xYCncyndK4Ip8tubdsHMXsqHjWQdfGg36EG-nmSlUzzNLx4xQZ6pXtSKWGXp2dAnoGIMz2Z4X90iDYoNXTAePXKagv5JI5BFl18r6fmi3hZ0wJSUFX3qIi9wdR9E0mzJyjFii7-ymoddshw546X3vumyFFC48_bhm9KD__GeG3JBzRx4oMA79xy9gTPNcqDifhciqMCkjg_ncGMW4MjOx-79m8JTjFs007uPMkPAnNO_gOO8K4ULE9A3R2z0tAjolK7wM1BSf4Fs_J4fFlTo8z61AkRfLXeTL8lvYOfawcG1RlHQpNR6kwgvebMPKCGuL-Jq_4qFCTS1z9w3UJkI8tsVYv2zjEAXiVjWCVdShWwiGPDcJ1mVO2BYPWxU9n70IzsowRd210NbwdDoGihqMV_vKSSeLa6gG8kwa3Sg7CfpjMZQwR4IF_53VxgkrPOK8FzBiilSnJR3AGxlHNGUpawKYzUw9jjS-FzubNQrK3UfyWv3bnU-AMFrH4qcIsrmEhoIt6z1dVSnKIjT9roialuNxDrgRJsQ0EfQy94ak7khBrM4HY_5tQAp8G9j9Q9pI7V3jnEVbUQSRWDtn",
            "deep_link": "https://www.kiwi.com/deep?affilid=mihalytest&currency=EUR&flightsId=0b7717884de6000097dfbde4_0%7C17880b774de80000ce85ae83_0&from=BUD&lang=en&passengers=1&to=HAM&booking_token=HNcOkCkhHaXvKdZ_9NC8BvV6atA81MN9Zs_h0fp4wHdsOUA1vFKFJ1521pA1QLEjlZPAFWIsmNUUMxM3Hiu5dYmJ7Pv_9Er3breGpkVtwRff7tE7xYCncyndK4Ip8tubdsHMXsqHjWQdfGg36EG-nmSlUzzNLx4xQZ6pXtSKWGXp2dAnoGIMz2Z4X90iDYoNXTAePXKagv5JI5BFl18r6fmi3hZ0wJSUFX3qIi9wdR9E0mzJyjFii7-ymoddshw546X3vumyFFC48_bhm9KD__GeG3JBzRx4oMA79xy9gTPNcqDifhciqMCkjg_ncGMW4MjOx-79m8JTjFs007uPMkPAnNO_gOO8K4ULE9A3R2z0tAjolK7wM1BSf4Fs_J4fFlTo8z61AkRfLXeTL8lvYOfawcG1RlHQpNR6kwgvebMPKCGuL-Jq_4qFCTS1z9w3UJkI8tsVYv2zjEAXiVjWCVdShWwiGPDcJ1mVO2BYPWxU9n70IzsowRd210NbwdDoGihqMV_vKSSeLa6gG8kwa3Sg7CfpjMZQwR4IF_53VxgkrPOK8FzBiilSnJR3AGxlHNGUpawKYzUw9jjS-FzubNQrK3UfyWv3bnU-AMFrH4qcIsrmEhoIt6z1dVSnKIjT9roialuNxDrgRJsQ0EfQy94ak7khBrM4HY_5tQAp8G9j9Q9pI7V3jnEVbUQSRWDtn",
            "facilitated_booking_available": true,
            "pnr_count": 2,
            "has_airport_change": false,
            "technical_stops": 0,
            "throw_away_ticketing": false,
            "hidden_city_ticketing": false,
            "virtual_interlining": false
        },
        {
            "id": "0b7717884de4000058002cfc_0|17880b774de6000048039773_0",
            "flyFrom": "BUD",
            "flyTo": "HAM",
            "cityFrom": "Budapest",
            "cityCodeFrom": "BUD",
            "cityTo": "Hamburg",
            "cityCodeTo": "HAM",
            "countryFrom": {
                "code": "HU",
                "name": "Hungary"
            },
            "countryTo": {
                "code": "DE",
                "name": "Germany"
            },
            "local_departure": "2024-08-05T08:40:00.000Z",
            "utc_departure": "2024-08-05T06:40:00.000Z",
            "local_arrival": "2024-08-05T10:25:00.000Z",
            "utc_arrival": "2024-08-05T08:25:00.000Z",
            "nightsInDest": 2,
            "quality": 329.333205,
            "distance": 949.98,
            "duration": {
                "departure": 6300,
                "return": 6000,
                "total": 12300
            },
            "price": 278,
            "conversion": {
                "EUR": 278
            },
            "fare": {
                "adults": 278,
                "children": 278,
                "infants": 278
            },
            "bags_price": {
                "1": 72.8,
                "2": 282.8
            },
            "baglimit": {
                "hand_dimensions_sum": 118,
                "hand_height": 40,
                "hand_length": 55,
                "hand_weight": 8,
                "hand_width": 23,
                "hold_dimensions_sum": 158,
                "hold_height": 52,
                "hold_length": 78,
                "hold_weight": 23,
                "hold_width": 28,
                "personal_item_dimension_sum": 95,
                "personal_item_height": 30,
                "personal_item_length": 40,
                "personal_item_weight": 8,
                "personal_item_width": 25
            },
            "availability": {
                "seats": 6
            },
            "airlines": [
                "EW"
            ],
            "route": [
                {
                    "id": "0b7717884de4000058002cfc_0",
                    "combination_id": "0b7717884de4000058002cfc",
                    "flyFrom": "BUD",
                    "flyTo": "HAM",
                    "cityFrom": "Budapest",
                    "cityCodeFrom": "BUD",
                    "cityTo": "Hamburg",
                    "cityCodeTo": "HAM",
                    "local_departure": "2024-08-05T08:40:00.000Z",
                    "utc_departure": "2024-08-05T06:40:00.000Z",
                    "local_arrival": "2024-08-05T10:25:00.000Z",
                    "utc_arrival": "2024-08-05T08:25:00.000Z",
                    "airline": "EW",
                    "flight_no": 7785,
                    "operating_carrier": "EW",
                    "operating_flight_no": "7785",
                    "fare_basis": "",
                    "fare_category": "M",
                    "fare_classes": "",
                    "return": 0,
                    "bags_recheck_required": false,
                    "vi_connection": false,
                    "guarantee": false,
                    "equipment": null,
                    "vehicle_type": "aircraft"
                },
                {
                    "id": "17880b774de6000048039773_0",
                    "combination_id": "17880b774de6000048039773",
                    "flyFrom": "HAM",
                    "flyTo": "BUD",
                    "cityFrom": "Hamburg",
                    "cityCodeFrom": "HAM",
                    "cityTo": "Budapest",
                    "cityCodeTo": "BUD",
                    "local_departure": "2024-08-07T18:25:00.000Z",
                    "utc_departure": "2024-08-07T16:25:00.000Z",
                    "local_arrival": "2024-08-07T20:05:00.000Z",
                    "utc_arrival": "2024-08-07T18:05:00.000Z",
                    "airline": "EW",
                    "flight_no": 7782,
                    "operating_carrier": "EW",
                    "operating_flight_no": "7782",
                    "fare_basis": "",
                    "fare_category": "M",
                    "fare_classes": "",
                    "return": 1,
                    "bags_recheck_required": false,
                    "vi_connection": false,
                    "guarantee": false,
                    "equipment": null,
                    "vehicle_type": "aircraft"
                }
            ],
            "booking_token": "HUJY9wz13dU2FPUqLsiQfWXFivUWwgXbBuXOKYEUCprStDFiojiXdFRBoR48H9pE97krZiHsc7iFjNomrRLNVtfApZbvms-q852t8_D80qhAvcTAfWR02QMJlhQ4JZ29Bub5bAnF7277t8L5Sfg2aUxZOtvCgt9Afo7OkkWAHyatWzjXFGscvgJjw3_C3m92oiDCtEMl5l9jRJbymgWqia_pXhXHY3HS7acMYXc3zxHmS4iur6MGtQPu-GLGL1Ohgzg68axmRnKnOqnjXDHy6z-xKh6WXE-bfIJOb2D4QO0NpTuTJU9s6s5aFGal7MXBRaycS9d5fNxFMAyTNJA1atblpTIf5dDohDIn3fgOxbDtm6gVurpTe_hPkQ6LQiOXaDipYNXE4_w2l0LJVNr7kiCxhs8kA4IooetPXvBeIju8x4O5kQDcffInz7YxMxMxXjWAMs9PSNO8w0xqHHLhGKVQqDOOcYJwHIfd7OzNwlT3dbuitfxhrkgfaAGAW0UPVZm9OhRz5CjTp9_Uh9FAGY7R-D6oc_BqgTxn9CgUfe2Z-ZqKiHiETviR3SLWzFv2TNexL-TIPUG1gVJtXSjjhWRnd3-IDd6kbkvVRku96zt-7D7EfXGm_3pYp2eEteuqukAiLl6zG_PQO6r-u2qlkX1I_hRHhgOKCmnVds8UUMUM=",
            "deep_link": "https://www.kiwi.com/deep?affilid=mihalytest&currency=EUR&flightsId=0b7717884de4000058002cfc_0%7C17880b774de6000048039773_0&from=BUD&lang=en&passengers=1&to=HAM&booking_token=HUJY9wz13dU2FPUqLsiQfWXFivUWwgXbBuXOKYEUCprStDFiojiXdFRBoR48H9pE97krZiHsc7iFjNomrRLNVtfApZbvms-q852t8_D80qhAvcTAfWR02QMJlhQ4JZ29Bub5bAnF7277t8L5Sfg2aUxZOtvCgt9Afo7OkkWAHyatWzjXFGscvgJjw3_C3m92oiDCtEMl5l9jRJbymgWqia_pXhXHY3HS7acMYXc3zxHmS4iur6MGtQPu-GLGL1Ohgzg68axmRnKnOqnjXDHy6z-xKh6WXE-bfIJOb2D4QO0NpTuTJU9s6s5aFGal7MXBRaycS9d5fNxFMAyTNJA1atblpTIf5dDohDIn3fgOxbDtm6gVurpTe_hPkQ6LQiOXaDipYNXE4_w2l0LJVNr7kiCxhs8kA4IooetPXvBeIju8x4O5kQDcffInz7YxMxMxXjWAMs9PSNO8w0xqHHLhGKVQqDOOcYJwHIfd7OzNwlT3dbuitfxhrkgfaAGAW0UPVZm9OhRz5CjTp9_Uh9FAGY7R-D6oc_BqgTxn9CgUfe2Z-ZqKiHiETviR3SLWzFv2TNexL-TIPUG1gVJtXSjjhWRnd3-IDd6kbkvVRku96zt-7D7EfXGm_3pYp2eEteuqukAiLl6zG_PQO6r-u2qlkX1I_hRHhgOKCmnVds8UUMUM=",
            "facilitated_booking_available": true,
            "pnr_count": 2,
            "has_airport_change": false,
            "technical_stops": 0,
            "throw_away_ticketing": false,
            "hidden_city_ticketing": false,
            "virtual_interlining": false
        },
        {
            "id": "0b7717884de4000044efb755_0|0b7717884de4000044efb755_1|17880b774de6000048039773_0",
            "flyFrom": "BUD",
            "flyTo": "HAM",
            "cityFrom": "Budapest",
            "cityCodeFrom": "BUD",
            "cityTo": "Hamburg",
            "cityCodeTo": "HAM",
            "countryFrom": {
                "code": "HU",
                "name": "Hungary"
            },
            "countryTo": {
                "code": "DE",
                "name": "Germany"
            },
            "local_departure": "2024-08-05T09:20:00.000Z",
            "utc_departure": "2024-08-05T07:20:00.000Z",
            "local_arrival": "2024-08-05T16:20:00.000Z",
            "utc_arrival": "2024-08-05T14:20:00.000Z",
            "nightsInDest": 2,
            "quality": 376.3331,
            "distance": 949.98,
            "duration": {
                "departure": 25200,
                "return": 6000,
                "total": 31200
            },
            "price": 283,
            "conversion": {
                "EUR": 283
            },
            "fare": {
                "adults": 283,
                "children": 283,
                "infants": 283
            },
            "bags_price": {
                "1": 109.2,
                "2": 404.2
            },
            "baglimit": {
                "hand_dimensions_sum": 118,
                "hand_height": 40,
                "hand_length": 55,
                "hand_weight": 8,
                "hand_width": 23,
                "hold_dimensions_sum": 158,
                "hold_height": 52,
                "hold_length": 78,
                "hold_weight": 23,
                "hold_width": 28,
                "personal_item_dimension_sum": 95,
                "personal_item_height": 30,
                "personal_item_length": 40,
                "personal_item_weight": 8,
                "personal_item_width": 25
            },
            "availability": {
                "seats": 6
            },
            "airlines": [
                "EW"
            ],
            "route": [
                {
                    "id": "0b7717884de4000044efb755_0",
                    "combination_id": "0b7717884de4000044efb755",
                    "flyFrom": "BUD",
                    "flyTo": "DUS",
                    "cityFrom": "Budapest",
                    "cityCodeFrom": "BUD",
                    "cityTo": "D\u00fcsseldorf",
                    "cityCodeTo": "DUS",
                    "local_departure": "2024-08-05T09:20:00.000Z",
                    "utc_departure": "2024-08-05T07:20:00.000Z",
                    "local_arrival": "2024-08-05T11:10:00.000Z",
                    "utc_arrival": "2024-08-05T09:10:00.000Z",
                    "airline": "EW",
                    "flight_no": 9785,
                    "operating_carrier": "EW",
                    "operating_flight_no": "9785",
                    "fare_basis": "",
                    "fare_category": "M",
                    "fare_classes": "T",
                    "return": 0,
                    "bags_recheck_required": false,
                    "vi_connection": false,
                    "guarantee": false,
                    "equipment": null,
                    "vehicle_type": "aircraft"
                },
                {
                    "id": "0b7717884de4000044efb755_1",
                    "combination_id": "0b7717884de4000044efb755",
                    "flyFrom": "DUS",
                    "flyTo": "HAM",
                    "cityFrom": "D\u00fcsseldorf",
                    "cityCodeFrom": "DUS",
                    "cityTo": "Hamburg",
                    "cityCodeTo": "HAM",
                    "local_departure": "2024-08-05T15:20:00.000Z",
                    "utc_departure": "2024-08-05T13:20:00.000Z",
                    "local_arrival": "2024-08-05T16:20:00.000Z",
                    "utc_arrival": "2024-08-05T14:20:00.000Z",
                    "airline": "EW",
                    "flight_no": 9036,
                    "operating_carrier": "BT",
                    "operating_flight_no": "",
                    "fare_basis": "",
                    "fare_category": "M",
                    "fare_classes": "T",
                    "return": 0,
                    "bags_recheck_required": false,
                    "vi_connection": false,
                    "guarantee": false,
                    "equipment": null,
                    "vehicle_type": "aircraft"
                },
                {
                    "id": "17880b774de6000048039773_0",
                    "combination_id": "17880b774de6000048039773",
                    "flyFrom": "HAM",
                    "flyTo": "BUD",
                    "cityFrom": "Hamburg",
                    "cityCodeFrom": "HAM",
                    "cityTo": "Budapest",
                    "cityCodeTo": "BUD",
                    "local_departure": "2024-08-07T18:25:00.000Z",
                    "utc_departure": "2024-08-07T16:25:00.000Z",
                    "local_arrival": "2024-08-07T20:05:00.000Z",
                    "utc_arrival": "2024-08-07T18:05:00.000Z",
                    "airline": "EW",
                    "flight_no": 7782,
                    "operating_carrier": "EW",
                    "operating_flight_no": "7782",
                    "fare_basis": "",
                    "fare_category": "M",
                    "fare_classes": "",
                    "return": 1,
                    "bags_recheck_required": false,
                    "vi_connection": false,
                    "guarantee": false,
                    "equipment": null,
                    "vehicle_type": "aircraft"
                }
            ],
            "booking_token": "HFdzkpdz9uwU3lZKhODTPM-E4R-HTjWn-QiT3OPfY7e43jh6oBufwgU5eyUc6Rf3EbM8rO-odcGJhRBbDc1MBEx3bXFEbukVMfDVWZqJPoaW9SXUsNFLwMbVoOEFXSbe3w6nxIcdc1pMuRP41ODvK2PjBiaO14fLcMNmQ1sfpDZLYgEIN77gDLVNNsqujwZYvJyU09X5YXg7cBMxOqlZVmNLo9qXDC2JmnLcql0yqep-fhfja1MJxzsCTvbVC-QQc6CmdtrbDcgKpJARvDIwe8M1AFsaqUGjw3uFsHsjOFO3FJ7VgRe3D_7fWpcrt7B4iSHk-0i6ja71_k7sCBVDGWAuiHPE4IRC0d-6vHcSLq0FuktZmQMNvtt9Fz2VtJw1ohT9H56-exuF2OpEzfgqqSMdB9W7TLaRPQmxs51ewfeJ0o2QCdDoC6DP_lDUmxxkzPEJADWhfoALfGE2YuMt4qweV3r6jSvjziOrAW-bv1ZWK7CxoH_JZkARU2jSDHwI7-lD7_lUKv7eO9XbusRf0nw6QMq4k7MHw6QSih-GzP78u3TuBK5a3935SDhs1AOfP25oBJM07WVEhod2CyS_wzcsz_Q29vBbh8klJEPGIctsQzlbTjKIwG7mH9CJIHxE_l3XGhVvo3DvWd-UeLfdi-ysvA-xuubaH8k51omrOJEMJSc_wmq5yf4-KuWaEGkmI",
            "deep_link": "https://www.kiwi.com/deep?affilid=mihalytest&currency=EUR&flightsId=0b7717884de4000044efb755_0%7C0b7717884de4000044efb755_1%7C17880b774de6000048039773_0&from=BUD&lang=en&passengers=1&to=HAM&booking_token=HFdzkpdz9uwU3lZKhODTPM-E4R-HTjWn-QiT3OPfY7e43jh6oBufwgU5eyUc6Rf3EbM8rO-odcGJhRBbDc1MBEx3bXFEbukVMfDVWZqJPoaW9SXUsNFLwMbVoOEFXSbe3w6nxIcdc1pMuRP41ODvK2PjBiaO14fLcMNmQ1sfpDZLYgEIN77gDLVNNsqujwZYvJyU09X5YXg7cBMxOqlZVmNLo9qXDC2JmnLcql0yqep-fhfja1MJxzsCTvbVC-QQc6CmdtrbDcgKpJARvDIwe8M1AFsaqUGjw3uFsHsjOFO3FJ7VgRe3D_7fWpcrt7B4iSHk-0i6ja71_k7sCBVDGWAuiHPE4IRC0d-6vHcSLq0FuktZmQMNvtt9Fz2VtJw1ohT9H56-exuF2OpEzfgqqSMdB9W7TLaRPQmxs51ewfeJ0o2QCdDoC6DP_lDUmxxkzPEJADWhfoALfGE2YuMt4qweV3r6jSvjziOrAW-bv1ZWK7CxoH_JZkARU2jSDHwI7-lD7_lUKv7eO9XbusRf0nw6QMq4k7MHw6QSih-GzP78u3TuBK5a3935SDhs1AOfP25oBJM07WVEhod2CyS_wzcsz_Q29vBbh8klJEPGIctsQzlbTjKIwG7mH9CJIHxE_l3XGhVvo3DvWd-UeLfdi-ysvA-xuubaH8k51omrOJEMJSc_wmq5yf4-KuWaEGkmI",
            "facilitated_booking_available": true,
            "pnr_count": 2,
            "has_airport_change": false,
            "technical_stops": 0,
            "throw_away_ticketing": false,
            "hidden_city_ticketing": false,
            "virtual_interlining": false
        },
        {
            "id": "0b7717884de50000a0bdea39_0|0b7717884de50000a0bdea39_1|17880b774de6000048039773_0",
            "flyFrom": "BUD",
            "flyTo": "HAM",
            "cityFrom": "Budapest",
            "cityCodeFrom": "BUD",
            "cityTo": "Hamburg",
            "cityCodeTo": "HAM",
            "countryFrom": {
                "code": "HU",
                "name": "Hungary"
            },
            "countryTo": {
                "code": "DE",
                "name": "Germany"
            },
            "local_departure": "2024-08-06T09:20:00.000Z",
            "utc_departure": "2024-08-06T07:20:00.000Z",
            "local_arrival": "2024-08-06T16:25:00.000Z",
            "utc_arrival": "2024-08-06T14:25:00.000Z",
            "nightsInDest": 1,
            "quality": 376.999765,
            "distance": 949.98,
            "duration": {
                "departure": 25500,
                "return": 6000,
                "total": 31500
            },
            "price": 283,
            "conversion": {
                "EUR": 283
            },
            "fare": {
                "adults": 283,
                "children": 283,
                "infants": 283
            },
            "bags_price": {
                "1": 92.4,
                "2": 322
            },
            "baglimit": {
                "hand_dimensions_sum": 118,
                "hand_height": 40,
                "hand_length": 55,
                "hand_weight": 8,
                "hand_width": 23,
                "hold_dimensions_sum": 158,
                "hold_height": 52,
                "hold_length": 78,
                "hold_weight": 23,
                "hold_width": 28,
                "personal_item_dimension_sum": 95,
                "personal_item_height": 30,
                "personal_item_length": 40,
                "personal_item_weight": 8,
                "personal_item_width": 25
            },
            "availability": {
                "seats": 6
            },
            "airlines": [
                "EW"
            ],
            "route": [
                {
                    "id": "0b7717884de50000a0bdea39_0",
                    "combination_id": "0b7717884de50000a0bdea39",
                    "flyFrom": "BUD",
                    "flyTo": "DUS",
                    "cityFrom": "Budapest",
                    "cityCodeFrom": "BUD",
                    "cityTo": "D\u00fcsseldorf",
                    "cityCodeTo": "DUS",
                    "local_departure": "2024-08-06T09:20:00.000Z",
                    "utc_departure": "2024-08-06T07:20:00.000Z",
                    "local_arrival": "2024-08-06T11:10:00.000Z",
                    "utc_arrival": "2024-08-06T09:10:00.000Z",
                    "airline": "EW",
                    "flight_no": 9785,
                    "operating_carrier": "EW",
                    "operating_flight_no": "9785",
                    "fare_basis": "",
                    "fare_category": "M",
                    "fare_classes": "T",
                    "return": 0,
                    "bags_recheck_required": false,
                    "vi_connection": false,
                    "guarantee": false,
                    "equipment": null,
                    "vehicle_type": "aircraft"
                },
                {
                    "id": "0b7717884de50000a0bdea39_1",
                    "combination_id": "0b7717884de50000a0bdea39",
                    "flyFrom": "DUS",
                    "flyTo": "HAM",
                    "cityFrom": "D\u00fcsseldorf",
                    "cityCodeFrom": "DUS",
                    "cityTo": "Hamburg",
                    "cityCodeTo": "HAM",
                    "local_departure": "2024-08-06T15:25:00.000Z",
                    "utc_departure": "2024-08-06T13:25:00.000Z",
                    "local_arrival": "2024-08-06T16:25:00.000Z",
                    "utc_arrival": "2024-08-06T14:25:00.000Z",
                    "airline": "EW",
                    "flight_no": 9034,
                    "operating_carrier": "EW",
                    "operating_flight_no": "9034",
                    "fare_basis": "",
                    "fare_category": "M",
                    "fare_classes": "T",
                    "return": 0,
                    "bags_recheck_required": false,
                    "vi_connection": false,
                    "guarantee": false,
                    "equipment": null,
                    "vehicle_type": "aircraft"
                },
                {
                    "id": "17880b774de6000048039773_0",
                    "combination_id": "17880b774de6000048039773",
                    "flyFrom": "HAM",
                    "flyTo": "BUD",
                    "cityFrom": "Hamburg",
                    "cityCodeFrom": "HAM",
                    "cityTo": "Budapest",
                    "cityCodeTo": "BUD",
                    "local_departure": "2024-08-07T18:25:00.000Z",
                    "utc_departure": "2024-08-07T16:25:00.000Z",
                    "local_arrival": "2024-08-07T20:05:00.000Z",
                    "utc_arrival": "2024-08-07T18:05:00.000Z",
                    "airline": "EW",
                    "flight_no": 7782,
                    "operating_carrier": "EW",
                    "operating_flight_no": "7782",
                    "fare_basis": "",
                    "fare_category": "M",
                    "fare_classes": "",
                    "return": 1,
                    "bags_recheck_required": false,
                    "vi_connection": false,
                    "guarantee": false,
                    "equipment": null,
                    "vehicle_type": "aircraft"
                }
            ],
            "booking_token": "HTZIWjfBcKyHYobIl3cmnEqo3q1nj1vorv6Yp58-1_pHWgS0MlfpvXxml5ZbiBx5FyIoG-Y8k_YLm94wJVk8psURbVrjZ1YS5SQAD-JnnLlNMb4NOs3dPrtT848q_V7jHViFwBLqjR0nihmI3oa6BAe8ZYY9-YjNJx85ZANb_L9eeslCEwdIG0Q0duUMLseLQEOSSCAxlpRBboBbKyps3P-JkquNWwANE-qrajnKhIR68MvBZnw4Q-lE9fjq5xRO9v52c1bZPVK33vmvniFJ_-h28Nsa87BXrg2a7RokDirE56QlLhROZviaydl7KgxEtwALnZ7qKX8igtrpqfUB11ejBJ9jt5BLLvjPN2MdKLrqPENrZEk6wc3fShF8nf5-Mib5RhBeuffiFkegebMei-22oFcXk8iYjQqMVv-5muC6rcFTiivZmvON6Gw3gAVdqWTLo-w4Mm7A0fudthkvpEARWeNJ92FKQOpY5I0ldwbMpGFoVZfIKsl06RCm47hYApehijTvz7GTzxkezJyyJ6cXghCCpnP41kVoeM5xFWnHUfYAfQgig4oVLaQJ28MvwQ9oDK6LGOGYJEEF-0MFcc80kkNfD3qvBCicgmA82wqAWT096whvNkMqfFZY7cMEgIyP5ch6mJaf2aVWtowAH3VG2v-oUhoKFo6OT4SXvie_92p6E38u-vkR7Zf7kKp3F",
            "deep_link": "https://www.kiwi.com/deep?affilid=mihalytest&currency=EUR&flightsId=0b7717884de50000a0bdea39_0%7C0b7717884de50000a0bdea39_1%7C17880b774de6000048039773_0&from=BUD&lang=en&passengers=1&to=HAM&booking_token=HTZIWjfBcKyHYobIl3cmnEqo3q1nj1vorv6Yp58-1_pHWgS0MlfpvXxml5ZbiBx5FyIoG-Y8k_YLm94wJVk8psURbVrjZ1YS5SQAD-JnnLlNMb4NOs3dPrtT848q_V7jHViFwBLqjR0nihmI3oa6BAe8ZYY9-YjNJx85ZANb_L9eeslCEwdIG0Q0duUMLseLQEOSSCAxlpRBboBbKyps3P-JkquNWwANE-qrajnKhIR68MvBZnw4Q-lE9fjq5xRO9v52c1bZPVK33vmvniFJ_-h28Nsa87BXrg2a7RokDirE56QlLhROZviaydl7KgxEtwALnZ7qKX8igtrpqfUB11ejBJ9jt5BLLvjPN2MdKLrqPENrZEk6wc3fShF8nf5-Mib5RhBeuffiFkegebMei-22oFcXk8iYjQqMVv-5muC6rcFTiivZmvON6Gw3gAVdqWTLo-w4Mm7A0fudthkvpEARWeNJ92FKQOpY5I0ldwbMpGFoVZfIKsl06RCm47hYApehijTvz7GTzxkezJyyJ6cXghCCpnP41kVoeM5xFWnHUfYAfQgig4oVLaQJ28MvwQ9oDK6LGOGYJEEF-0MFcc80kkNfD3qvBCicgmA82wqAWT096whvNkMqfFZY7cMEgIyP5ch6mJaf2aVWtowAH3VG2v-oUhoKFo6OT4SXvie_92p6E38u-vkR7Zf7kKp3F",
            "facilitated_booking_available": true,
            "pnr_count": 2,
            "has_airport_change": false,
            "technical_stops": 0,
            "throw_away_ticketing": false,
            "hidden_city_ticketing": false,
            "virtual_interlining": false
        },
        {
            "id": "0b7717884df64df8486707ce_0|0b7717884df64df8486707ce_1|0b7717884df64df8486707ce_2|0b7717884df64df8486707ce_3",
            "flyFrom": "BUD",
            "flyTo": "HAM",
            "cityFrom": "Budapest",
            "cityCodeFrom": "BUD",
            "cityTo": "Hamburg",
            "cityCodeTo": "HAM",
            "countryFrom": {
                "code": "HU",
                "name": "Hungary"
            },
            "countryTo": {
                "code": "DE",
                "name": "Germany"
            },
            "local_departure": "2024-08-23T17:25:00.000Z",
            "utc_departure": "2024-08-23T15:25:00.000Z",
            "local_arrival": "2024-08-23T21:30:00.000Z",
            "utc_arrival": "2024-08-23T19:30:00.000Z",
            "nightsInDest": 2,
            "quality": 375.333125,
            "distance": 949.98,
            "duration": {
                "departure": 14700,
                "return": 12000,
                "total": 26700
            },
            "price": 292,
            "conversion": {
                "EUR": 292
            },
            "fare": {
                "adults": 292,
                "children": 292,
                "infants": 292
            },
            "fare_locks": {
                "EUR": [
                    {
                        "default": false,
                        "duration": "P1D",
                        "itinerary_price_limit": 492,
                        "itinerary_price_remaining": 292,
                        "fare_lock_kind": "fee",
                        "price": 14.6,
                        "rule_instance_id": 26749,
                        "version": "v1"
                    },
                    {
                        "default": true,
                        "duration": "P3D",
                        "itinerary_price_limit": 492,
                        "itinerary_price_remaining": 292,
                        "fare_lock_kind": "fee",
                        "price": 29.2,
                        "rule_instance_id": 26748,
                        "version": "v1"
                    },
                    {
                        "default": false,
                        "duration": "P7D",
                        "itinerary_price_limit": 492,
                        "itinerary_price_remaining": 292,
                        "fare_lock_kind": "fee",
                        "price": 73,
                        "rule_instance_id": 26750,
                        "version": "v1"
                    }
                ]
            },
            "bags_price": {
                "1": 91
            },
            "baglimit": {
                "hand_dimensions_sum": 118,
                "hand_height": 40,
                "hand_length": 55,
                "hand_weight": 8,
                "hand_width": 23,
                "hold_dimensions_sum": 158,
                "hold_height": 52,
                "hold_length": 78,
                "hold_weight": 23,
                "hold_width": 28,
                "personal_item_dimension_sum": 80,
                "personal_item_height": 30,
                "personal_item_length": 40,
                "personal_item_weight": 4,
                "personal_item_width": 10
            },
            "availability": {
                "seats": 9
            },
            "airlines": [
                "LH"
            ],
            "route": [
                {
                    "id": "0b7717884df64df8486707ce_0",
                    "combination_id": "0b7717884df64df8486707ce",
                    "flyFrom": "BUD",
                    "flyTo": "MUC",
                    "cityFrom": "Budapest",
                    "cityCodeFrom": "BUD",
                    "cityTo": "Munich",
                    "cityCodeTo": "MUC",
                    "local_departure": "2024-08-23T17:25:00.000Z",
                    "utc_departure": "2024-08-23T15:25:00.000Z",
                    "local_arrival": "2024-08-23T18:45:00.000Z",
                    "utc_arrival": "2024-08-23T16:45:00.000Z",
                    "airline": "LH",
                    "flight_no": 1679,
                    "operating_carrier": "CL",
                    "operating_flight_no": "",
                    "fare_basis": "LETCLSE4",
                    "fare_category": "M",
                    "fare_classes": "L",
                    "return": 0,
                    "bags_recheck_required": false,
                    "vi_connection": false,
                    "guarantee": false,
                    "equipment": null,
                    "vehicle_type": "aircraft"
                },
                {
                    "id": "0b7717884df64df8486707ce_1",
                    "combination_id": "0b7717884df64df8486707ce",
                    "flyFrom": "MUC",
                    "flyTo": "HAM",
                    "cityFrom": "Munich",
                    "cityCodeFrom": "MUC",
                    "cityTo": "Hamburg",
                    "cityCodeTo": "HAM",
                    "local_departure": "2024-08-23T20:15:00.000Z",
                    "utc_departure": "2024-08-23T18:15:00.000Z",
                    "local_arrival": "2024-08-23T21:30:00.000Z",
                    "utc_arrival": "2024-08-23T19:30:00.000Z",
                    "airline": "LH",
                    "flight_no": 2076,
                    "operating_carrier": "LH",
                    "operating_flight_no": "2076",
                    "fare_basis": "LETCLSE4",
                    "fare_category": "M",
                    "fare_classes": "L",
                    "return": 0,
                    "bags_recheck_required": false,
                    "vi_connection": false,
                    "guarantee": false,
                    "equipment": null,
                    "vehicle_type": "aircraft"
                },
                {
                    "id": "0b7717884df64df8486707ce_2",
                    "combination_id": "0b7717884df64df8486707ce",
                    "flyFrom": "HAM",
                    "flyTo": "MUC",
                    "cityFrom": "Hamburg",
                    "cityCodeFrom": "HAM",
                    "cityTo": "Munich",
                    "cityCodeTo": "MUC",
                    "local_departure": "2024-08-25T20:15:00.000Z",
                    "utc_departure": "2024-08-25T18:15:00.000Z",
                    "local_arrival": "2024-08-25T21:30:00.000Z",
                    "utc_arrival": "2024-08-25T19:30:00.000Z",
                    "airline": "LH",
                    "flight_no": 2073,
                    "operating_carrier": "LH",
                    "operating_flight_no": "2073",
                    "fare_basis": "LETCLSE4",
                    "fare_category": "M",
                    "fare_classes": "L",
                    "return": 1,
                    "bags_recheck_required": false,
                    "vi_connection": false,
                    "guarantee": false,
                    "equipment": null,
                    "vehicle_type": "aircraft"
                },
                {
                    "id": "0b7717884df64df8486707ce_3",
                    "combination_id": "0b7717884df64df8486707ce",
                    "flyFrom": "MUC",
                    "flyTo": "BUD",
                    "cityFrom": "Munich",
                    "cityCodeFrom": "MUC",
                    "cityTo": "Budapest",
                    "cityCodeTo": "BUD",
                    "local_departure": "2024-08-25T22:20:00.000Z",
                    "utc_departure": "2024-08-25T20:20:00.000Z",
                    "local_arrival": "2024-08-25T23:35:00.000Z",
                    "utc_arrival": "2024-08-25T21:35:00.000Z",
                    "airline": "LH",
                    "flight_no": 1682,
                    "operating_carrier": "LH",
                    "operating_flight_no": "1682",
                    "fare_basis": "LETCLSE4",
                    "fare_category": "M",
                    "fare_classes": "L",
                    "return": 1,
                    "bags_recheck_required": false,
                    "vi_connection": false,
                    "guarantee": false,
                    "equipment": null,
                    "vehicle_type": "aircraft"
                }
            ],
            "booking_token": "HIfolgk2vqlmGk612ZXoTtVAGfdHrD70Xp3VaT__lE2JdOip_YRC-JYhlkSIBaNjWk7h6_QvGFxfZ9i900hKfZ9jlavc8WPZPt4dAK2szgqWqQlWW-1yeVBvAc7NMuNonXx66CWLbnJ5tcEHAmD8ZI0UJenNXo26kljlFv-wLr--GNAvnCVDVZDXHfXwx6Gq7SZRa6nXjvcEsNmE-2s1efh2a2Ch-P0uqLZGNJOeKD9Y8fubLvykizPUhBNcqDdkVnKvcK3buqNSc6Up6h25D9HGTe4nMdEWv0bk5drtD-3z92lSKEWDVXSCD7BR2RwVaIP6QW1Eep7oIvg9ZN8MWvRRmPVDTaVCbofL3kqm-TuvqGZd5YuYl3Qaql0EiGpQaTsaipMT2Ykc8eb5yTdkIUIcVddg68tfKPgA8wt5VoDRlFCbX0C63zM8tkt-GYjBlhSnVYigvSGvtZWtXHA0ZmKs9qGVjrqFuIGrrb3_cs6vmFU6RXEfHdGwtwnwxXz2FkJujPxsxoxeTdDQ-sCmJQKWKK32fTOqYnZLYteIlCAWKOJC2eYP2-nmT7AeeUmDKjBnRUhebHNIwE_C1CWEzxHPInPJGEoKOa0SK8T7gVrT7LKQC5WVmsRKBU1wVwf5z7MmvQInqEdjnYw8kQ68OGU89oNcR6eJAW6LLSm-nowS9xmoAPhX0gdhCJkch-gFfmJGzomw_tYSfM6M5xrCl6qfJaAxvMTKe3J9S5AznkrWC0mVYhlDgnotT5jaxLfUI",
            "deep_link": "https://www.kiwi.com/deep?affilid=mihalytest&currency=EUR&flightsId=0b7717884df64df8486707ce_0%7C0b7717884df64df8486707ce_1%7C0b7717884df64df8486707ce_2%7C0b7717884df64df8486707ce_3&from=BUD&lang=en&passengers=1&to=HAM&booking_token=HIfolgk2vqlmGk612ZXoTtVAGfdHrD70Xp3VaT__lE2JdOip_YRC-JYhlkSIBaNjWk7h6_QvGFxfZ9i900hKfZ9jlavc8WPZPt4dAK2szgqWqQlWW-1yeVBvAc7NMuNonXx66CWLbnJ5tcEHAmD8ZI0UJenNXo26kljlFv-wLr--GNAvnCVDVZDXHfXwx6Gq7SZRa6nXjvcEsNmE-2s1efh2a2Ch-P0uqLZGNJOeKD9Y8fubLvykizPUhBNcqDdkVnKvcK3buqNSc6Up6h25D9HGTe4nMdEWv0bk5drtD-3z92lSKEWDVXSCD7BR2RwVaIP6QW1Eep7oIvg9ZN8MWvRRmPVDTaVCbofL3kqm-TuvqGZd5YuYl3Qaql0EiGpQaTsaipMT2Ykc8eb5yTdkIUIcVddg68tfKPgA8wt5VoDRlFCbX0C63zM8tkt-GYjBlhSnVYigvSGvtZWtXHA0ZmKs9qGVjrqFuIGrrb3_cs6vmFU6RXEfHdGwtwnwxXz2FkJujPxsxoxeTdDQ-sCmJQKWKK32fTOqYnZLYteIlCAWKOJC2eYP2-nmT7AeeUmDKjBnRUhebHNIwE_C1CWEzxHPInPJGEoKOa0SK8T7gVrT7LKQC5WVmsRKBU1wVwf5z7MmvQInqEdjnYw8kQ68OGU89oNcR6eJAW6LLSm-nowS9xmoAPhX0gdhCJkch-gFfmJGzomw_tYSfM6M5xrCl6qfJaAxvMTKe3J9S5AznkrWC0mVYhlDgnotT5jaxLfUI",
            "facilitated_booking_available": true,
            "pnr_count": 1,
            "has_airport_change": false,
            "technical_stops": 0,
            "throw_away_ticketing": false,
            "hidden_city_ticketing": false,
            "virtual_interlining": false
        },
        {
            "id": "0b7717884df64df84744b80e_0|0b7717884df64df84744b80e_1|0b7717884df64df84744b80e_2|0b7717884df64df84744b80e_3",
            "flyFrom": "BUD",
            "flyTo": "HAM",
            "cityFrom": "Budapest",
            "cityCodeFrom": "BUD",
            "cityTo": "Hamburg",
            "cityCodeTo": "HAM",
            "countryFrom": {
                "code": "HU",
                "name": "Hungary"
            },
            "countryTo": {
                "code": "DE",
                "name": "Germany"
            },
            "local_departure": "2024-08-23T18:00:00.000Z",
            "utc_departure": "2024-08-23T16:00:00.000Z",
            "local_arrival": "2024-08-23T22:20:00.000Z",
            "utc_arrival": "2024-08-23T20:20:00.000Z",
            "nightsInDest": 2,
            "quality": 377.33312,
            "distance": 949.98,
            "duration": {
                "departure": 15600,
                "return": 12000,
                "total": 27600
            },
            "price": 292,
            "conversion": {
                "EUR": 292
            },
            "fare": {
                "adults": 292,
                "children": 292,
                "infants": 292
            },
            "fare_locks": {
                "EUR": [
                    {
                        "default": false,
                        "duration": "P1D",
                        "itinerary_price_limit": 492,
                        "itinerary_price_remaining": 292,
                        "fare_lock_kind": "fee",
                        "price": 14.6,
                        "rule_instance_id": 26749,
                        "version": "v1"
                    },
                    {
                        "default": true,
                        "duration": "P3D",
                        "itinerary_price_limit": 492,
                        "itinerary_price_remaining": 292,
                        "fare_lock_kind": "fee",
                        "price": 29.2,
                        "rule_instance_id": 26748,
                        "version": "v1"
                    },
                    {
                        "default": false,
                        "duration": "P7D",
                        "itinerary_price_limit": 492,
                        "itinerary_price_remaining": 292,
                        "fare_lock_kind": "fee",
                        "price": 73,
                        "rule_instance_id": 26750,
                        "version": "v1"
                    }
                ]
            },
            "bags_price": {
                "1": 77
            },
            "baglimit": {
                "hand_dimensions_sum": 118,
                "hand_height": 40,
                "hand_length": 55,
                "hand_weight": 5,
                "hand_width": 23,
                "hold_dimensions_sum": 158,
                "hold_height": 52,
                "hold_length": 78,
                "hold_weight": 23,
                "hold_width": 28,
                "personal_item_dimension_sum": 80,
                "personal_item_height": 30,
                "personal_item_length": 40,
                "personal_item_weight": 3,
                "personal_item_width": 10
            },
            "availability": {
                "seats": 9
            },
            "airlines": [
                "SN",
                "LH"
            ],
            "route": [
                {
                    "id": "0b7717884df64df84744b80e_0",
                    "combination_id": "0b7717884df64df84744b80e",
                    "flyFrom": "BUD",
                    "flyTo": "BRU",
                    "cityFrom": "Budapest",
                    "cityCodeFrom": "BUD",
                    "cityTo": "Brussels",
                    "cityCodeTo": "BRU",
                    "local_departure": "2024-08-23T18:00:00.000Z",
                    "utc_departure": "2024-08-23T16:00:00.000Z",
                    "local_arrival": "2024-08-23T20:05:00.000Z",
                    "utc_arrival": "2024-08-23T18:05:00.000Z",
                    "airline": "SN",
                    "flight_no": 2826,
                    "operating_carrier": "SN",
                    "operating_flight_no": "2826",
                    "fare_basis": "LETCLSE4",
                    "fare_category": "M",
                    "fare_classes": "L",
                    "return": 0,
                    "bags_recheck_required": false,
                    "vi_connection": false,
                    "guarantee": false,
                    "equipment": null,
                    "vehicle_type": "aircraft"
                },
                {
                    "id": "0b7717884df64df84744b80e_1",
                    "combination_id": "0b7717884df64df84744b80e",
                    "flyFrom": "BRU",
                    "flyTo": "HAM",
                    "cityFrom": "Brussels",
                    "cityCodeFrom": "BRU",
                    "cityTo": "Hamburg",
                    "cityCodeTo": "HAM",
                    "local_departure": "2024-08-23T21:05:00.000Z",
                    "utc_departure": "2024-08-23T19:05:00.000Z",
                    "local_arrival": "2024-08-23T22:20:00.000Z",
                    "utc_arrival": "2024-08-23T20:20:00.000Z",
                    "airline": "SN",
                    "flight_no": 2629,
                    "operating_carrier": "SN",
                    "operating_flight_no": "2629",
                    "fare_basis": "LETCLSE4",
                    "fare_category": "M",
                    "fare_classes": "L",
                    "return": 0,
                    "bags_recheck_required": false,
                    "vi_connection": false,
                    "guarantee": false,
                    "equipment": null,
                    "vehicle_type": "aircraft"
                },
                {
                    "id": "0b7717884df64df84744b80e_2",
                    "combination_id": "0b7717884df64df84744b80e",
                    "flyFrom": "HAM",
                    "flyTo": "MUC",
                    "cityFrom": "Hamburg",
                    "cityCodeFrom": "HAM",
                    "cityTo": "Munich",
                    "cityCodeTo": "MUC",
                    "local_departure": "2024-08-25T20:15:00.000Z",
                    "utc_departure": "2024-08-25T18:15:00.000Z",
                    "local_arrival": "2024-08-25T21:30:00.000Z",
                    "utc_arrival": "2024-08-25T19:30:00.000Z",
                    "airline": "LH",
                    "flight_no": 2073,
                    "operating_carrier": "LH",
                    "operating_flight_no": "2073",
                    "fare_basis": "LETCLSE4",
                    "fare_category": "M",
                    "fare_classes": "L",
                    "return": 1,
                    "bags_recheck_required": false,
                    "vi_connection": false,
                    "guarantee": false,
                    "equipment": null,
                    "vehicle_type": "aircraft"
                },
                {
                    "id": "0b7717884df64df84744b80e_3",
                    "combination_id": "0b7717884df64df84744b80e",
                    "flyFrom": "MUC",
                    "flyTo": "BUD",
                    "cityFrom": "Munich",
                    "cityCodeFrom": "MUC",
                    "cityTo": "Budapest",
                    "cityCodeTo": "BUD",
                    "local_departure": "2024-08-25T22:20:00.000Z",
                    "utc_departure": "2024-08-25T20:20:00.000Z",
                    "local_arrival": "2024-08-25T23:35:00.000Z",
                    "utc_arrival": "2024-08-25T21:35:00.000Z",
                    "airline": "LH",
                    "flight_no": 1682,
                    "operating_carrier": "LH",
                    "operating_flight_no": "1682",
                    "fare_basis": "LETCLSE4",
                    "fare_category": "M",
                    "fare_classes": "L",
                    "return": 1,
                    "bags_recheck_required": false,
                    "vi_connection": false,
                    "guarantee": false,
                    "equipment": null,
                    "vehicle_type": "aircraft"
                }
            ],
            "booking_token": "HzvnZrcdE3hpqQ7MYeTnspMOBWzTc7N_jgOH3UMp-WEcoEWDSUo-E6JMZmYC2ydmpKpgpbfhQmywewvBYcUjld1ikGnzoN6wtiZRVU-U0fGlDSikdg44Uqpz4LLmEKuhH-2pp0A-UB1nG17KYAb9EcNk1_mdowXYw3KO8UmBNy5Jt3qVkgI1obcO7RNtQJvraOFju6hxr8Qi82D5xdv8wchJJWO-j7tQBQ-c3PorV72hral7qc9Fqy3Pecn160yQtQ1jf4R_r4NeEnqKBHjNXwZWsIHBYpkJ0_tefKJXmUMOkCt95pF_z14RToVwvBx5KX6wfqt7uIocPELVG9um6uPCJA__GVievtwGpwNPmUYTqwoUbv9MQeg09gPLJMp6HHLQjn2SuvSBXwRrQXyRACtYvt0zhr6ZY1f80iCOzrSXbelOeWddkW9qLt8B4L8JM5h3upXryBXSL6O0jr6HeQAH4Y9U5LB61TOZVUjwtmjlz0lrGbfRK5irfW7RtqO_p9uaekfFy2hhYJ3unuuL8lj68_ugBceprmhIzBm6lImixkil6Fxh3_w-lZMDMTjcPk-8H4vuwjNgMxAubWSTR4CiQ1vhBWA-Gb04w4AhqxbklpWPsWQQy5mrQj03NIBQiRE1Kk9zMS4nEan9c5S9lzpFVEl5Wr0Q7m9hcTPcUuZfK8F2hvnA-SoCFGYFSe13aOx7X3MsZCiCxkplx0b03hel_SR3zkGSgFWGPjBRxYIQbgqjLwiQKxi85i4i_cvq7U2M1CXbHCnVzbOroO_vl_w==",
            "deep_link": "https://www.kiwi.com/deep?affilid=mihalytest&currency=EUR&flightsId=0b7717884df64df84744b80e_0%7C0b7717884df64df84744b80e_1%7C0b7717884df64df84744b80e_2%7C0b7717884df64df84744b80e_3&from=BUD&lang=en&passengers=1&to=HAM&booking_token=HzvnZrcdE3hpqQ7MYeTnspMOBWzTc7N_jgOH3UMp-WEcoEWDSUo-E6JMZmYC2ydmpKpgpbfhQmywewvBYcUjld1ikGnzoN6wtiZRVU-U0fGlDSikdg44Uqpz4LLmEKuhH-2pp0A-UB1nG17KYAb9EcNk1_mdowXYw3KO8UmBNy5Jt3qVkgI1obcO7RNtQJvraOFju6hxr8Qi82D5xdv8wchJJWO-j7tQBQ-c3PorV72hral7qc9Fqy3Pecn160yQtQ1jf4R_r4NeEnqKBHjNXwZWsIHBYpkJ0_tefKJXmUMOkCt95pF_z14RToVwvBx5KX6wfqt7uIocPELVG9um6uPCJA__GVievtwGpwNPmUYTqwoUbv9MQeg09gPLJMp6HHLQjn2SuvSBXwRrQXyRACtYvt0zhr6ZY1f80iCOzrSXbelOeWddkW9qLt8B4L8JM5h3upXryBXSL6O0jr6HeQAH4Y9U5LB61TOZVUjwtmjlz0lrGbfRK5irfW7RtqO_p9uaekfFy2hhYJ3unuuL8lj68_ugBceprmhIzBm6lImixkil6Fxh3_w-lZMDMTjcPk-8H4vuwjNgMxAubWSTR4CiQ1vhBWA-Gb04w4AhqxbklpWPsWQQy5mrQj03NIBQiRE1Kk9zMS4nEan9c5S9lzpFVEl5Wr0Q7m9hcTPcUuZfK8F2hvnA-SoCFGYFSe13aOx7X3MsZCiCxkplx0b03hel_SR3zkGSgFWGPjBRxYIQbgqjLwiQKxi85i4i_cvq7U2M1CXbHCnVzbOroO_vl_w==",
            "facilitated_booking_available": true,
            "pnr_count": 1,
            "has_airport_change": false,
            "technical_stops": 0,
            "throw_away_ticketing": false,
            "hidden_city_ticketing": false,
            "virtual_interlining": false
        },
        {
            "id": "0b7717884df64df8e00ba390_0|0b7717884df64df8e00ba390_1|0b7717884df64df8e00ba390_2|0b7717884df64df8e00ba390_3",
            "flyFrom": "BUD",
            "flyTo": "HAM",
            "cityFrom": "Budapest",
            "cityCodeFrom": "BUD",
            "cityTo": "Hamburg",
            "cityCodeTo": "HAM",
            "countryFrom": {
                "code": "HU",
                "name": "Hungary"
            },
            "countryTo": {
                "code": "DE",
                "name": "Germany"
            },
            "local_departure": "2024-08-23T06:00:00.000Z",
            "utc_departure": "2024-08-23T04:00:00.000Z",
            "local_arrival": "2024-08-23T11:30:00.000Z",
            "utc_arrival": "2024-08-23T09:30:00.000Z",
            "nightsInDest": 2,
            "quality": 386.66643,
            "distance": 949.98,
            "duration": {
                "departure": 19800,
                "return": 12000,
                "total": 31800
            },
            "price": 292,
            "conversion": {
                "EUR": 292
            },
            "fare": {
                "adults": 292,
                "children": 292,
                "infants": 292
            },
            "fare_locks": {
                "EUR": [
                    {
                        "default": false,
                        "duration": "P1D",
                        "itinerary_price_limit": 492,
                        "itinerary_price_remaining": 292,
                        "fare_lock_kind": "fee",
                        "price": 14.6,
                        "rule_instance_id": 26749,
                        "version": "v1"
                    },
                    {
                        "default": true,
                        "duration": "P3D",
                        "itinerary_price_limit": 492,
                        "itinerary_price_remaining": 292,
                        "fare_lock_kind": "fee",
                        "price": 29.2,
                        "rule_instance_id": 26748,
                        "version": "v1"
                    },
                    {
                        "default": false,
                        "duration": "P7D",
                        "itinerary_price_limit": 492,
                        "itinerary_price_remaining": 292,
                        "fare_lock_kind": "fee",
                        "price": 73,
                        "rule_instance_id": 26750,
                        "version": "v1"
                    }
                ]
            },
            "bags_price": {
                "1": 70
            },
            "baglimit": {
                "hand_dimensions_sum": 118,
                "hand_height": 40,
                "hand_length": 55,
                "hand_weight": 8,
                "hand_width": 23,
                "hold_dimensions_sum": 158,
                "hold_height": 52,
                "hold_length": 78,
                "hold_weight": 23,
                "hold_width": 28,
                "personal_item_dimension_sum": 80,
                "personal_item_height": 30,
                "personal_item_length": 40,
                "personal_item_weight": 4,
                "personal_item_width": 10
            },
            "availability": {
                "seats": 9
            },
            "airlines": [
                "LH"
            ],
            "route": [
                {
                    "id": "0b7717884df64df8e00ba390_0",
                    "combination_id": "0b7717884df64df8e00ba390",
                    "flyFrom": "BUD",
                    "flyTo": "MUC",
                    "cityFrom": "Budapest",
                    "cityCodeFrom": "BUD",
                    "cityTo": "Munich",
                    "cityCodeTo": "MUC",
                    "local_departure": "2024-08-23T06:00:00.000Z",
                    "utc_departure": "2024-08-23T04:00:00.000Z",
                    "local_arrival": "2024-08-23T07:20:00.000Z",
                    "utc_arrival": "2024-08-23T05:20:00.000Z",
                    "airline": "LH",
                    "flight_no": 1683,
                    "operating_carrier": "LH",
                    "operating_flight_no": "1683",
                    "fare_basis": "LETCLSE4",
                    "fare_category": "M",
                    "fare_classes": "L",
                    "return": 0,
                    "bags_recheck_required": false,
                    "vi_connection": false,
                    "guarantee": false,
                    "equipment": null,
                    "vehicle_type": "aircraft"
                },
                {
                    "id": "0b7717884df64df8e00ba390_1",
                    "combination_id": "0b7717884df64df8e00ba390",
                    "flyFrom": "MUC",
                    "flyTo": "HAM",
                    "cityFrom": "Munich",
                    "cityCodeFrom": "MUC",
                    "cityTo": "Hamburg",
                    "cityCodeTo": "HAM",
                    "local_departure": "2024-08-23T10:15:00.000Z",
                    "utc_departure": "2024-08-23T08:15:00.000Z",
                    "local_arrival": "2024-08-23T11:30:00.000Z",
                    "utc_arrival": "2024-08-23T09:30:00.000Z",
                    "airline": "LH",
                    "flight_no": 2056,
                    "operating_carrier": "LH",
                    "operating_flight_no": "2056",
                    "fare_basis": "LETCLSE4",
                    "fare_category": "M",
                    "fare_classes": "L",
                    "return": 0,
                    "bags_recheck_required": false,
                    "vi_connection": false,
                    "guarantee": false,
                    "equipment": null,
                    "vehicle_type": "aircraft"
                },
                {
                    "id": "0b7717884df64df8e00ba390_2",
                    "combination_id": "0b7717884df64df8e00ba390",
                    "flyFrom": "HAM",
                    "flyTo": "MUC",
                    "cityFrom": "Hamburg",
                    "cityCodeFrom": "HAM",
                    "cityTo": "Munich",
                    "cityCodeTo": "MUC",
                    "local_departure": "2024-08-25T20:15:00.000Z",
                    "utc_departure": "2024-08-25T18:15:00.000Z",
                    "local_arrival": "2024-08-25T21:30:00.000Z",
                    "utc_arrival": "2024-08-25T19:30:00.000Z",
                    "airline": "LH",
                    "flight_no": 2073,
                    "operating_carrier": "LH",
                    "operating_flight_no": "2073",
                    "fare_basis": "LETCLSE4",
                    "fare_category": "M",
                    "fare_classes": "L",
                    "return": 1,
                    "bags_recheck_required": false,
                    "vi_connection": false,
                    "guarantee": false,
                    "equipment": null,
                    "vehicle_type": "aircraft"
                },
                {
                    "id": "0b7717884df64df8e00ba390_3",
                    "combination_id": "0b7717884df64df8e00ba390",
                    "flyFrom": "MUC",
                    "flyTo": "BUD",
                    "cityFrom": "Munich",
                    "cityCodeFrom": "MUC",
                    "cityTo": "Budapest",
                    "cityCodeTo": "BUD",
                    "local_departure": "2024-08-25T22:20:00.000Z",
                    "utc_departure": "2024-08-25T20:20:00.000Z",
                    "local_arrival": "2024-08-25T23:35:00.000Z",
                    "utc_arrival": "2024-08-25T21:35:00.000Z",
                    "airline": "LH",
                    "flight_no": 1682,
                    "operating_carrier": "LH",
                    "operating_flight_no": "1682",
                    "fare_basis": "LETCLSE4",
                    "fare_category": "M",
                    "fare_classes": "L",
                    "return": 1,
                    "bags_recheck_required": false,
                    "vi_connection": false,
                    "guarantee": false,
                    "equipment": null,
                    "vehicle_type": "aircraft"
                }
            ],
            "booking_token": "H9OVmCwUYm2zSjDW5Yzk17_qOWU6NfOo7EWfBJ4-lWuNrf28oBS7DXmurrXzjF7RHb3sS_oZ6JxY6nvEF4mNtO3Y1gF1raXTaYzfgyDcIeSqXFPMNcawHUaGPYA7pCkPfvoCWrABePZl5tw2QRwVchCs24W-Z2v-L6gt7luVh4mTifhV4P5fz4-lqqVOZY4sa2edddcgDDXZvwrLctPA9OuIYOQcY5_rOaUNm90aXuoYMMvMd7UEraGiZL3SKAe8fdIfeQ3phQGvp9dZStsUcf89QtXC2D-NtnQqLDotFRHMp6_yguvaUXBcp7YqL5M36NMJALAvM9F_QOzLyWRvhrGnyttw9sRWYS1IDmqTxvjoKulSJ30LKeM01tAzYOOLZ1GKW4Qm966bklM243B7v-Lw5w4kgHs7S4vVd-vnKq5cUJkEG4fNm5FhHDpV8VLEq9AzlyO_Ii9DwRZAM3gqt4syMNZtyxRmV3A7Bn3AIQKWpk1ZZ_TU6J3y5aK03zKHtw3jBBXvtGZxka_WZMkW_tkUpcVGeAW1zmmNdSzVPuRn_MV9T0Zvnq8R6FVUHHryJmYQqr3YVLUQSOJxImZTRzw-ILqnOQzqOZRMCIPe85dTwjofAFtrkXHwDkpzudAJsUx1JwV-4G8D8P3A_ACSjCJFABt77Ihajq_WFLXUnYnLR_mjwAIx4Spj9Tls0_U-DdlCHKU991ZEr1VXJD0iZ_aFhl6lIc0zq0PYWN6AbL1_Pd5mipAIE0Danzm8eWZxO",
            "deep_link": "https://www.kiwi.com/deep?affilid=mihalytest&currency=EUR&flightsId=0b7717884df64df8e00ba390_0%7C0b7717884df64df8e00ba390_1%7C0b7717884df64df8e00ba390_2%7C0b7717884df64df8e00ba390_3&from=BUD&lang=en&passengers=1&to=HAM&booking_token=H9OVmCwUYm2zSjDW5Yzk17_qOWU6NfOo7EWfBJ4-lWuNrf28oBS7DXmurrXzjF7RHb3sS_oZ6JxY6nvEF4mNtO3Y1gF1raXTaYzfgyDcIeSqXFPMNcawHUaGPYA7pCkPfvoCWrABePZl5tw2QRwVchCs24W-Z2v-L6gt7luVh4mTifhV4P5fz4-lqqVOZY4sa2edddcgDDXZvwrLctPA9OuIYOQcY5_rOaUNm90aXuoYMMvMd7UEraGiZL3SKAe8fdIfeQ3phQGvp9dZStsUcf89QtXC2D-NtnQqLDotFRHMp6_yguvaUXBcp7YqL5M36NMJALAvM9F_QOzLyWRvhrGnyttw9sRWYS1IDmqTxvjoKulSJ30LKeM01tAzYOOLZ1GKW4Qm966bklM243B7v-Lw5w4kgHs7S4vVd-vnKq5cUJkEG4fNm5FhHDpV8VLEq9AzlyO_Ii9DwRZAM3gqt4syMNZtyxRmV3A7Bn3AIQKWpk1ZZ_TU6J3y5aK03zKHtw3jBBXvtGZxka_WZMkW_tkUpcVGeAW1zmmNdSzVPuRn_MV9T0Zvnq8R6FVUHHryJmYQqr3YVLUQSOJxImZTRzw-ILqnOQzqOZRMCIPe85dTwjofAFtrkXHwDkpzudAJsUx1JwV-4G8D8P3A_ACSjCJFABt77Ihajq_WFLXUnYnLR_mjwAIx4Spj9Tls0_U-DdlCHKU991ZEr1VXJD0iZ_aFhl6lIc0zq0PYWN6AbL1_Pd5mipAIE0Danzm8eWZxO",
            "facilitated_booking_available": true,
            "pnr_count": 1,
            "has_airport_change": false,
            "technical_stops": 0,
            "throw_away_ticketing": false,
            "hidden_city_ticketing": false,
            "virtual_interlining": false
        },
        {
            "id": "0b7717884de4000058002cfc_0|17880b774de80000ce85ae83_0",
            "flyFrom": "BUD",
            "flyTo": "HAM",
            "cityFrom": "Budapest",
            "cityCodeFrom": "BUD",
            "cityTo": "Hamburg",
            "cityCodeTo": "HAM",
            "countryFrom": {
                "code": "HU",
                "name": "Hungary"
            },
            "countryTo": {
                "code": "DE",
                "name": "Germany"
            },
            "local_departure": "2024-08-05T08:40:00.000Z",
            "utc_departure": "2024-08-05T06:40:00.000Z",
            "local_arrival": "2024-08-05T10:25:00.000Z",
            "utc_arrival": "2024-08-05T08:25:00.000Z",
            "nightsInDest": 4,
            "quality": 347.333205,
            "distance": 949.98,
            "duration": {
                "departure": 6300,
                "return": 6000,
                "total": 12300
            },
            "price": 296,
            "conversion": {
                "EUR": 296
            },
            "fare": {
                "adults": 296,
                "children": 296,
                "infants": 296
            },
            "bags_price": {
                "1": 72.8,
                "2": 282.8
            },
            "baglimit": {
                "hand_dimensions_sum": 118,
                "hand_height": 40,
                "hand_length": 55,
                "hand_weight": 8,
                "hand_width": 23,
                "hold_dimensions_sum": 158,
                "hold_height": 52,
                "hold_length": 78,
                "hold_weight": 23,
                "hold_width": 28,
                "personal_item_dimension_sum": 95,
                "personal_item_height": 30,
                "personal_item_length": 40,
                "personal_item_weight": 8,
                "personal_item_width": 25
            },
            "availability": {
                "seats": 9
            },
            "airlines": [
                "EW"
            ],
            "route": [
                {
                    "id": "0b7717884de4000058002cfc_0",
                    "combination_id": "0b7717884de4000058002cfc",
                    "flyFrom": "BUD",
                    "flyTo": "HAM",
                    "cityFrom": "Budapest",
                    "cityCodeFrom": "BUD",
                    "cityTo": "Hamburg",
                    "cityCodeTo": "HAM",
                    "local_departure": "2024-08-05T08:40:00.000Z",
                    "utc_departure": "2024-08-05T06:40:00.000Z",
                    "local_arrival": "2024-08-05T10:25:00.000Z",
                    "utc_arrival": "2024-08-05T08:25:00.000Z",
                    "airline": "EW",
                    "flight_no": 7785,
                    "operating_carrier": "EW",
                    "operating_flight_no": "7785",
                    "fare_basis": "",
                    "fare_category": "M",
                    "fare_classes": "",
                    "return": 0,
                    "bags_recheck_required": false,
                    "vi_connection": false,
                    "guarantee": false,
                    "equipment": null,
                    "vehicle_type": "aircraft"
                },
                {
                    "id": "17880b774de80000ce85ae83_0",
                    "combination_id": "17880b774de80000ce85ae83",
                    "flyFrom": "HAM",
                    "flyTo": "BUD",
                    "cityFrom": "Hamburg",
                    "cityCodeFrom": "HAM",
                    "cityTo": "Budapest",
                    "cityCodeTo": "BUD",
                    "local_departure": "2024-08-09T18:25:00.000Z",
                    "utc_departure": "2024-08-09T16:25:00.000Z",
                    "local_arrival": "2024-08-09T20:05:00.000Z",
                    "utc_arrival": "2024-08-09T18:05:00.000Z",
                    "airline": "EW",
                    "flight_no": 7782,
                    "operating_carrier": "EW",
                    "operating_flight_no": "7782",
                    "fare_basis": "",
                    "fare_category": "M",
                    "fare_classes": "",
                    "return": 1,
                    "bags_recheck_required": false,
                    "vi_connection": false,
                    "guarantee": false,
                    "equipment": null,
                    "vehicle_type": "aircraft"
                }
            ],
            "booking_token": "H0D4Zje3cDzWe7nsA0c4qQrS6YV7Lb1Idei1J8P9PJcPWtanfYa8bZVEjK3GvSXW6ceS1xi7B61s9cZ-0IxKG5K6Y6EFnS_u5gQh54aFgEHUUHd8XjBYBEGQV_zjjvNnxkuJM5YZwkzlL2cxhLupV_qGjY1WPWBsjl8oEbrliPljM1Rz2Y5iAczduBSklUEY1YwRWLMjDhn_UE7eIxgXoPQ_wfT9thBZ7k1DQC_SZWBZ-FJh-w69_Z0Ec8E0Crubg4qARV7c4O1ONZmaaP5Z_tdCjJCdXNw7zJVC0HRGPfJHnhGdSFHlq_vChueAGWWtUzSNkwX_lUaprooM6izrqWO7PBN_Zv-yUmSajaPZNuI_WfULcFG4B93zMyIJsU3HW-yj3ZycvnNeBaSwhY9QHCtFpNkR73J2mtgTpczscvNgBx_R9rFogOrg13Swcb2XZwWhCdWNboe2kG0Zu9o7v3QlJ6PhvieNAJAFXNxEZMcKEAETPtQrCGNTvxG0tHO78rESXYus3OlOz6z0bvuCQCRliSshzZ73LuyMKgGpeYeHZ88pWptV2Vtyk2xMpwIQ1-Ri63Ox5uOrkOyXr-YrGtBR_jGFY_042WWlg0jxVA-xZaCwSwUgplY_gYgBtjt8_IWEotVfX8R7eC97W-eCdP6ljJwf-O6KylcLFJ0yXi9A=",
            "deep_link": "https://www.kiwi.com/deep?affilid=mihalytest&currency=EUR&flightsId=0b7717884de4000058002cfc_0%7C17880b774de80000ce85ae83_0&from=BUD&lang=en&passengers=1&to=HAM&booking_token=H0D4Zje3cDzWe7nsA0c4qQrS6YV7Lb1Idei1J8P9PJcPWtanfYa8bZVEjK3GvSXW6ceS1xi7B61s9cZ-0IxKG5K6Y6EFnS_u5gQh54aFgEHUUHd8XjBYBEGQV_zjjvNnxkuJM5YZwkzlL2cxhLupV_qGjY1WPWBsjl8oEbrliPljM1Rz2Y5iAczduBSklUEY1YwRWLMjDhn_UE7eIxgXoPQ_wfT9thBZ7k1DQC_SZWBZ-FJh-w69_Z0Ec8E0Crubg4qARV7c4O1ONZmaaP5Z_tdCjJCdXNw7zJVC0HRGPfJHnhGdSFHlq_vChueAGWWtUzSNkwX_lUaprooM6izrqWO7PBN_Zv-yUmSajaPZNuI_WfULcFG4B93zMyIJsU3HW-yj3ZycvnNeBaSwhY9QHCtFpNkR73J2mtgTpczscvNgBx_R9rFogOrg13Swcb2XZwWhCdWNboe2kG0Zu9o7v3QlJ6PhvieNAJAFXNxEZMcKEAETPtQrCGNTvxG0tHO78rESXYus3OlOz6z0bvuCQCRliSshzZ73LuyMKgGpeYeHZ88pWptV2Vtyk2xMpwIQ1-Ri63Ox5uOrkOyXr-YrGtBR_jGFY_042WWlg0jxVA-xZaCwSwUgplY_gYgBtjt8_IWEotVfX8R7eC97W-eCdP6ljJwf-O6KylcLFJ0yXi9A=",
            "facilitated_booking_available": true,
            "pnr_count": 2,
            "has_airport_change": false,
            "technical_stops": 0,
            "throw_away_ticketing": false,
            "hidden_city_ticketing": false,
            "virtual_interlining": false
        },
        {
            "id": "0b7717884de6000097dfbde4_0|17880b774de80000f39a69a5_0|17880b774de80000f39a69a5_1",
            "flyFrom": "BUD",
            "flyTo": "HAM",
            "cityFrom": "Budapest",
            "cityCodeFrom": "BUD",
            "cityTo": "Hamburg",
            "cityCodeTo": "HAM",
            "countryFrom": {
                "code": "HU",
                "name": "Hungary"
            },
            "countryTo": {
                "code": "DE",
                "name": "Germany"
            },
            "local_departure": "2024-08-07T20:45:00.000Z",
            "utc_departure": "2024-08-07T18:45:00.000Z",
            "local_arrival": "2024-08-07T22:30:00.000Z",
            "utc_arrival": "2024-08-07T20:30:00.000Z",
            "nightsInDest": 2,
            "quality": 375.9998,
            "distance": 949.98,
            "duration": {
                "departure": 6300,
                "return": 18900,
                "total": 25200
            },
            "price": 296,
            "conversion": {
                "EUR": 296
            },
            "fare": {
                "adults": 296,
                "children": 296,
                "infants": 296
            },
            "bags_price": {
                "1": 85.4
            },
            "baglimit": {
                "hand_dimensions_sum": 118,
                "hand_height": 40,
                "hand_length": 55,
                "hand_weight": 8,
                "hand_width": 23,
                "hold_dimensions_sum": 158,
                "hold_height": 52,
                "hold_length": 78,
                "hold_weight": 23,
                "hold_width": 28,
                "personal_item_dimension_sum": 82,
                "personal_item_height": 30,
                "personal_item_length": 40,
                "personal_item_weight": 2,
                "personal_item_width": 12
            },
            "availability": {
                "seats": 9
            },
            "airlines": [
                "EW",
                "LO"
            ],
            "route": [
                {
                    "id": "0b7717884de6000097dfbde4_0",
                    "combination_id": "0b7717884de6000097dfbde4",
                    "flyFrom": "BUD",
                    "flyTo": "HAM",
                    "cityFrom": "Budapest",
                    "cityCodeFrom": "BUD",
                    "cityTo": "Hamburg",
                    "cityCodeTo": "HAM",
                    "local_departure": "2024-08-07T20:45:00.000Z",
                    "utc_departure": "2024-08-07T18:45:00.000Z",
                    "local_arrival": "2024-08-07T22:30:00.000Z",
                    "utc_arrival": "2024-08-07T20:30:00.000Z",
                    "airline": "EW",
                    "flight_no": 7783,
                    "operating_carrier": "EW",
                    "operating_flight_no": "7783",
                    "fare_basis": "",
                    "fare_category": "M",
                    "fare_classes": "",
                    "return": 0,
                    "bags_recheck_required": false,
                    "vi_connection": false,
                    "guarantee": false,
                    "equipment": null,
                    "vehicle_type": "aircraft"
                },
                {
                    "id": "17880b774de80000f39a69a5_0",
                    "combination_id": "17880b774de80000f39a69a5",
                    "flyFrom": "HAM",
                    "flyTo": "WAW",
                    "cityFrom": "Hamburg",
                    "cityCodeFrom": "HAM",
                    "cityTo": "Warsaw",
                    "cityCodeTo": "WAW",
                    "local_departure": "2024-08-09T06:55:00.000Z",
                    "utc_departure": "2024-08-09T04:55:00.000Z",
                    "local_arrival": "2024-08-09T08:25:00.000Z",
                    "utc_arrival": "2024-08-09T06:25:00.000Z",
                    "airline": "LO",
                    "flight_no": 402,
                    "operating_carrier": "LO",
                    "operating_flight_no": "402",
                    "fare_basis": "S1SAV3",
                    "fare_category": "M",
                    "fare_classes": "S",
                    "return": 1,
                    "bags_recheck_required": false,
                    "vi_connection": false,
                    "guarantee": false,
                    "equipment": null,
                    "vehicle_type": "aircraft"
                },
                {
                    "id": "17880b774de80000f39a69a5_1",
                    "combination_id": "17880b774de80000f39a69a5",
                    "flyFrom": "WAW",
                    "flyTo": "BUD",
                    "cityFrom": "Warsaw",
                    "cityCodeFrom": "WAW",
                    "cityTo": "Budapest",
                    "cityCodeTo": "BUD",
                    "local_departure": "2024-08-09T10:50:00.000Z",
                    "utc_departure": "2024-08-09T08:50:00.000Z",
                    "local_arrival": "2024-08-09T12:10:00.000Z",
                    "utc_arrival": "2024-08-09T10:10:00.000Z",
                    "airline": "LO",
                    "flight_no": 535,
                    "operating_carrier": "LO",
                    "operating_flight_no": "535",
                    "fare_basis": "S1SAV3",
                    "fare_category": "M",
                    "fare_classes": "S",
                    "return": 1,
                    "bags_recheck_required": false,
                    "vi_connection": false,
                    "guarantee": false,
                    "equipment": null,
                    "vehicle_type": "aircraft"
                }
            ],
            "booking_token": "HYZJx-ItKSP_z6h5A7N1vaC78Gq1_4z_g8O0152qJveygufWo17gjd0NKUJOrRc3_IE576KAAoF9h0H8B1bS5fXlR0X-_gGnaWriDThqq4sL9KvzVLbIwCn6lPrxF2ZmyDuk94sW5IPQ6PXOC1bZKocLbOCtfxD56TxPcJWmo1p4g28SjXr3DXBadaYpqBp-evEx2aji1jeYM_VHOizrd3YQet14yglqFnqTYI4oC_swzqHlm5mAmKmzyw1tqj56xnwvoLkVw2prGUK8iguY98FDYm10TA43upBb7VDjODdbuK2DRma8f5q0E6TV4pU0bWWZoJdey9HFkGyYgepABJAZmOxTJYd66Xh34xUtDq-LiOF51hVzn-8XePyju9QZwI1lIv4AAzScsR9ILWb8OLSi2Pi4ldk8JFZqLVt7URCloSYKH92KAhUZPHrQ05IlLnpWLyndQfBNa23tefUJ2ue2QFulIBssTNP6oBxEw8VKvOQt1URiLUSFXOnJOqitLflfPZU1bOTKpt9pHP9YN9YsMyg-1xTUlUoanB4YS8-egVH0NlswH7-PF3NQx1wqS43M2AuiEFkgcyar9hEqCqA418RUY-0HSXXWvVT2IK8X21eZf8_nUnoXRqIGJAnHYahv8qQw94q26K7eeQwklkjanQD-EtdcYd_UAwctuXjNJgNo_uj5c89CZH-YuBVMn",
            "deep_link": "https://www.kiwi.com/deep?affilid=mihalytest&currency=EUR&flightsId=0b7717884de6000097dfbde4_0%7C17880b774de80000f39a69a5_0%7C17880b774de80000f39a69a5_1&from=BUD&lang=en&passengers=1&to=HAM&booking_token=HYZJx-ItKSP_z6h5A7N1vaC78Gq1_4z_g8O0152qJveygufWo17gjd0NKUJOrRc3_IE576KAAoF9h0H8B1bS5fXlR0X-_gGnaWriDThqq4sL9KvzVLbIwCn6lPrxF2ZmyDuk94sW5IPQ6PXOC1bZKocLbOCtfxD56TxPcJWmo1p4g28SjXr3DXBadaYpqBp-evEx2aji1jeYM_VHOizrd3YQet14yglqFnqTYI4oC_swzqHlm5mAmKmzyw1tqj56xnwvoLkVw2prGUK8iguY98FDYm10TA43upBb7VDjODdbuK2DRma8f5q0E6TV4pU0bWWZoJdey9HFkGyYgepABJAZmOxTJYd66Xh34xUtDq-LiOF51hVzn-8XePyju9QZwI1lIv4AAzScsR9ILWb8OLSi2Pi4ldk8JFZqLVt7URCloSYKH92KAhUZPHrQ05IlLnpWLyndQfBNa23tefUJ2ue2QFulIBssTNP6oBxEw8VKvOQt1URiLUSFXOnJOqitLflfPZU1bOTKpt9pHP9YN9YsMyg-1xTUlUoanB4YS8-egVH0NlswH7-PF3NQx1wqS43M2AuiEFkgcyar9hEqCqA418RUY-0HSXXWvVT2IK8X21eZf8_nUnoXRqIGJAnHYahv8qQw94q26K7eeQwklkjanQD-EtdcYd_UAwctuXjNJgNo_uj5c89CZH-YuBVMn",
            "facilitated_booking_available": true,
            "pnr_count": 2,
            "has_airport_change": false,
            "technical_stops": 0,
            "throw_away_ticketing": false,
            "hidden_city_ticketing": false,
            "virtual_interlining": false
        },
        {
            "id": "0b7717884de6000097dfbde4_0|17880b774de70000ee24c452_0|17880b774de70000ee24c452_1",
            "flyFrom": "BUD",
            "flyTo": "HAM",
            "cityFrom": "Budapest",
            "cityCodeFrom": "BUD",
            "cityTo": "Hamburg",
            "cityCodeTo": "HAM",
            "countryFrom": {
                "code": "HU",
                "name": "Hungary"
            },
            "countryTo": {
                "code": "DE",
                "name": "Germany"
            },
            "local_departure": "2024-08-07T20:45:00.000Z",
            "utc_departure": "2024-08-07T18:45:00.000Z",
            "local_arrival": "2024-08-07T22:30:00.000Z",
            "utc_arrival": "2024-08-07T20:30:00.000Z",
            "nightsInDest": 1,
            "quality": 375.9998,
            "distance": 949.98,
            "duration": {
                "departure": 6300,
                "return": 18900,
                "total": 25200
            },
            "price": 296,
            "conversion": {
                "EUR": 296
            },
            "fare": {
                "adults": 296,
                "children": 296,
                "infants": 296
            },
            "bags_price": {
                "1": 85.4
            },
            "baglimit": {
                "hand_dimensions_sum": 118,
                "hand_height": 40,
                "hand_length": 55,
                "hand_weight": 8,
                "hand_width": 23,
                "hold_dimensions_sum": 158,
                "hold_height": 52,
                "hold_length": 78,
                "hold_weight": 23,
                "hold_width": 28,
                "personal_item_dimension_sum": 82,
                "personal_item_height": 30,
                "personal_item_length": 40,
                "personal_item_weight": 2,
                "personal_item_width": 12
            },
            "availability": {
                "seats": 9
            },
            "airlines": [
                "LO",
                "EW"
            ],
            "route": [
                {
                    "id": "0b7717884de6000097dfbde4_0",
                    "combination_id": "0b7717884de6000097dfbde4",
                    "flyFrom": "BUD",
                    "flyTo": "HAM",
                    "cityFrom": "Budapest",
                    "cityCodeFrom": "BUD",
                    "cityTo": "Hamburg",
                    "cityCodeTo": "HAM",
                    "local_departure": "2024-08-07T20:45:00.000Z",
                    "utc_departure": "2024-08-07T18:45:00.000Z",
                    "local_arrival": "2024-08-07T22:30:00.000Z",
                    "utc_arrival": "2024-08-07T20:30:00.000Z",
                    "airline": "EW",
                    "flight_no": 7783,
                    "operating_carrier": "EW",
                    "operating_flight_no": "7783",
                    "fare_basis": "",
                    "fare_category": "M",
                    "fare_classes": "",
                    "return": 0,
                    "bags_recheck_required": false,
                    "vi_connection": false,
                    "guarantee": false,
                    "equipment": null,
                    "vehicle_type": "aircraft"
                },
                {
                    "id": "17880b774de70000ee24c452_0",
                    "combination_id": "17880b774de70000ee24c452",
                    "flyFrom": "HAM",
                    "flyTo": "WAW",
                    "cityFrom": "Hamburg",
                    "cityCodeFrom": "HAM",
                    "cityTo": "Warsaw",
                    "cityCodeTo": "WAW",
                    "local_departure": "2024-08-08T06:55:00.000Z",
                    "utc_departure": "2024-08-08T04:55:00.000Z",
                    "local_arrival": "2024-08-08T08:25:00.000Z",
                    "utc_arrival": "2024-08-08T06:25:00.000Z",
                    "airline": "LO",
                    "flight_no": 402,
                    "operating_carrier": "LO",
                    "operating_flight_no": "402",
                    "fare_basis": "S1SAV3",
                    "fare_category": "M",
                    "fare_classes": "S",
                    "return": 1,
                    "bags_recheck_required": false,
                    "vi_connection": false,
                    "guarantee": false,
                    "equipment": null,
                    "vehicle_type": "aircraft"
                },
                {
                    "id": "17880b774de70000ee24c452_1",
                    "combination_id": "17880b774de70000ee24c452",
                    "flyFrom": "WAW",
                    "flyTo": "BUD",
                    "cityFrom": "Warsaw",
                    "cityCodeFrom": "WAW",
                    "cityTo": "Budapest",
                    "cityCodeTo": "BUD",
                    "local_departure": "2024-08-08T10:50:00.000Z",
                    "utc_departure": "2024-08-08T08:50:00.000Z",
                    "local_arrival": "2024-08-08T12:10:00.000Z",
                    "utc_arrival": "2024-08-08T10:10:00.000Z",
                    "airline": "LO",
                    "flight_no": 535,
                    "operating_carrier": "LO",
                    "operating_flight_no": "535",
                    "fare_basis": "S1SAV3",
                    "fare_category": "M",
                    "fare_classes": "S",
                    "return": 1,
                    "bags_recheck_required": false,
                    "vi_connection": false,
                    "guarantee": false,
                    "equipment": null,
                    "vehicle_type": "aircraft"
                }
            ],
            "booking_token": "HGi3_y2GRXD3xwG8aXyqaqz7FxvDA_HWdFgBJckzmzg-uumkehYK-Lg4BlsuF7_D8LU_h0UXMjp-4C10vMLvmsMtXuoATWHxmCMU3zjqSEZoDY-BT25x5ASDYH5mmENyh49QqIiXT2bRoV0A0O-iXBIWcGeHLcw9SIMk8SYeavhAFLWjssJovBhhgjLcEhxYH4uZAWbuNWUXDy1Xv50nPnjSEiqESEk5fmmHfUNh1HlyeI_q8oY2XW2_wgAdMH5K0TzyevcgXjdpOmmhJGrgfSbtDK9s6sePYs-jK0d5-4-HlxagIbQnJOETr1DZTcAhJphce32r_n92BmFhz-xrTTOO_j2WFoKiClZNjtu0girwrPZbNa6nsmNlb-jP3yxH9Nd4bCu6gumdbt7jcKZSt9hkQA36GDSbgE8LETTx-BShKohOu2yFr_UhCDej7FsoH2-3MtDs8PGQAwf3JYmVwVBEEZtgEkHzMG_NkVKm69fICw2PN2-6D38wh6Kzu9fFZzA2lFwOS2lFp_giN9w4aLS1wVBL83zLxr61-8d6to18NlS1ATdtM7kqUEM9Va0haJWSKwKUtxAY-8639RUOFQ3jRrlYJckIcneM6Sjw3i1OiOSKmN0HRZ7B-9J8YqJwIhR9sexBbP9IU6vr9sxyYk1d6n5Fz9AuRk6g4Qyms9YKo1uPgYo2hJevDN_NzUZ2F3rwXzwyHP0a_8UEHm7nofg==",
            "deep_link": "https://www.kiwi.com/deep?affilid=mihalytest&currency=EUR&flightsId=0b7717884de6000097dfbde4_0%7C17880b774de70000ee24c452_0%7C17880b774de70000ee24c452_1&from=BUD&lang=en&passengers=1&to=HAM&booking_token=HGi3_y2GRXD3xwG8aXyqaqz7FxvDA_HWdFgBJckzmzg-uumkehYK-Lg4BlsuF7_D8LU_h0UXMjp-4C10vMLvmsMtXuoATWHxmCMU3zjqSEZoDY-BT25x5ASDYH5mmENyh49QqIiXT2bRoV0A0O-iXBIWcGeHLcw9SIMk8SYeavhAFLWjssJovBhhgjLcEhxYH4uZAWbuNWUXDy1Xv50nPnjSEiqESEk5fmmHfUNh1HlyeI_q8oY2XW2_wgAdMH5K0TzyevcgXjdpOmmhJGrgfSbtDK9s6sePYs-jK0d5-4-HlxagIbQnJOETr1DZTcAhJphce32r_n92BmFhz-xrTTOO_j2WFoKiClZNjtu0girwrPZbNa6nsmNlb-jP3yxH9Nd4bCu6gumdbt7jcKZSt9hkQA36GDSbgE8LETTx-BShKohOu2yFr_UhCDej7FsoH2-3MtDs8PGQAwf3JYmVwVBEEZtgEkHzMG_NkVKm69fICw2PN2-6D38wh6Kzu9fFZzA2lFwOS2lFp_giN9w4aLS1wVBL83zLxr61-8d6to18NlS1ATdtM7kqUEM9Va0haJWSKwKUtxAY-8639RUOFQ3jRrlYJckIcneM6Sjw3i1OiOSKmN0HRZ7B-9J8YqJwIhR9sexBbP9IU6vr9sxyYk1d6n5Fz9AuRk6g4Qyms9YKo1uPgYo2hJevDN_NzUZ2F3rwXzwyHP0a_8UEHm7nofg==",
            "facilitated_booking_available": true,
            "pnr_count": 2,
            "has_airport_change": false,
            "technical_stops": 0,
            "throw_away_ticketing": false,
            "hidden_city_ticketing": false,
            "virtual_interlining": false
        },
        {
            "id": "0b7717884de80000d149791f_0|0b7717884de80000d149791f_1|17880b774de80000ce85ae83_0",
            "flyFrom": "BUD",
            "flyTo": "HAM",
            "cityFrom": "Budapest",
            "cityCodeFrom": "BUD",
            "cityTo": "Hamburg",
            "cityCodeTo": "HAM",
            "countryFrom": {
                "code": "HU",
                "name": "Hungary"
            },
            "countryTo": {
                "code": "DE",
                "name": "Germany"
            },
            "local_departure": "2024-08-09T08:25:00.000Z",
            "utc_departure": "2024-08-09T06:25:00.000Z",
            "local_arrival": "2024-08-09T12:00:00.000Z",
            "utc_arrival": "2024-08-09T10:00:00.000Z",
            "nightsInDest": 0,
            "quality": 365.999835,
            "distance": 949.98,
            "duration": {
                "departure": 12900,
                "return": 6000,
                "total": 18900
            },
            "price": 300,
            "conversion": {
                "EUR": 300
            },
            "fare": {
                "adults": 300,
                "children": 300,
                "infants": 300
            },
            "bags_price": {
                "1": 92.4,
                "2": 322
            },
            "baglimit": {
                "hand_dimensions_sum": 118,
                "hand_height": 40,
                "hand_length": 55,
                "hand_weight": 8,
                "hand_width": 23,
                "hold_dimensions_sum": 158,
                "hold_height": 52,
                "hold_length": 78,
                "hold_weight": 23,
                "hold_width": 28,
                "personal_item_dimension_sum": 95,
                "personal_item_height": 30,
                "personal_item_length": 40,
                "personal_item_weight": 8,
                "personal_item_width": 25
            },
            "availability": {
                "seats": 9
            },
            "airlines": [
                "EW"
            ],
            "route": [
                {
                    "id": "0b7717884de80000d149791f_0",
                    "combination_id": "0b7717884de80000d149791f",
                    "flyFrom": "BUD",
                    "flyTo": "STR",
                    "cityFrom": "Budapest",
                    "cityCodeFrom": "BUD",
                    "cityTo": "Stuttgart",
                    "cityCodeTo": "STR",
                    "local_departure": "2024-08-09T08:25:00.000Z",
                    "utc_departure": "2024-08-09T06:25:00.000Z",
                    "local_arrival": "2024-08-09T09:55:00.000Z",
                    "utc_arrival": "2024-08-09T07:55:00.000Z",
                    "airline": "EW",
                    "flight_no": 2781,
                    "operating_carrier": "EW",
                    "operating_flight_no": "2781",
                    "fare_basis": "",
                    "fare_category": "M",
                    "fare_classes": "T",
                    "return": 0,
                    "bags_recheck_required": false,
                    "vi_connection": false,
                    "guarantee": false,
                    "equipment": null,
                    "vehicle_type": "aircraft"
                },
                {
                    "id": "0b7717884de80000d149791f_1",
                    "combination_id": "0b7717884de80000d149791f",
                    "flyFrom": "STR",
                    "flyTo": "HAM",
                    "cityFrom": "Stuttgart",
                    "cityCodeFrom": "STR",
                    "cityTo": "Hamburg",
                    "cityCodeTo": "HAM",
                    "local_departure": "2024-08-09T10:50:00.000Z",
                    "utc_departure": "2024-08-09T08:50:00.000Z",
                    "local_arrival": "2024-08-09T12:00:00.000Z",
                    "utc_arrival": "2024-08-09T10:00:00.000Z",
                    "airline": "EW",
                    "flight_no": 2046,
                    "operating_carrier": "EW",
                    "operating_flight_no": "2046",
                    "fare_basis": "",
                    "fare_category": "M",
                    "fare_classes": "T",
                    "return": 0,
                    "bags_recheck_required": false,
                    "vi_connection": false,
                    "guarantee": false,
                    "equipment": null,
                    "vehicle_type": "aircraft"
                },
                {
                    "id": "17880b774de80000ce85ae83_0",
                    "combination_id": "17880b774de80000ce85ae83",
                    "flyFrom": "HAM",
                    "flyTo": "BUD",
                    "cityFrom": "Hamburg",
                    "cityCodeFrom": "HAM",
                    "cityTo": "Budapest",
                    "cityCodeTo": "BUD",
                    "local_departure": "2024-08-09T18:25:00.000Z",
                    "utc_departure": "2024-08-09T16:25:00.000Z",
                    "local_arrival": "2024-08-09T20:05:00.000Z",
                    "utc_arrival": "2024-08-09T18:05:00.000Z",
                    "airline": "EW",
                    "flight_no": 7782,
                    "operating_carrier": "EW",
                    "operating_flight_no": "7782",
                    "fare_basis": "",
                    "fare_category": "M",
                    "fare_classes": "",
                    "return": 1,
                    "bags_recheck_required": false,
                    "vi_connection": false,
                    "guarantee": false,
                    "equipment": null,
                    "vehicle_type": "aircraft"
                }
            ],
            "booking_token": "HEnfTIwiyKBT9cFGAk6s7Sx7IchuC6TCqTnyqVyDvYKFlob-PLWyxjL8hl3e8UM-6LqAgqkEuzVoANKzYdHrKInB5Z_ec9f-hGrvDXV4hUslMzAq9SDoVfuWNr0K8rUrSXrI6Sw8BDTlBzVvG-oqLsv2bH_9TUznXuQR80wVIjSSUtqXnyBC0GZH9jfB2GV2Gjjiz1Gbm9H37vZ_pj7Wxf_zMJvBtgIhjGOonACZXRDMjHO_r_X77uIAvHKIMEVOkJ3YfIkKdDRQ8GseSQHAo6oIqDaKr_UyK6oy9DRHwdYFPj2Y_09quBRZWOGmiUD9dI5enB24TPrN5m_7Ajm2FJQW6C9BjWCGLaV3bLRmKRcPv0gsFk2tt6GBBnj69yPox94hLUobs1A2mwEEY3SVKncsHEbNMeLHw-Z1ftQITv10-oxI_7Idvcty6rBj_X-D9sVzqXTWGb5O0-HVdD5hNHFeeDZ5Vc64vrSUEYWV-fzzj29fr1jnkQ9vQLz2yeJ0L9lmicrJD2dOnN223CnIsOx3_rhjG-3LEtuoLB3jc-wuZB-z-oF81OzN1L1xpb2pctiI1WjKi8f7J-yuB0jgCXD0BP3mFDFoXujCv1M9jQ9SP0hZbLATmROYL_p0u6jMfS4scj0AjnNVHz2hVNjNvEz03lYGT7tMbgx_GkySGfAC_fAVx3jH6UHlUnEbgMmuq",
            "deep_link": "https://www.kiwi.com/deep?affilid=mihalytest&currency=EUR&flightsId=0b7717884de80000d149791f_0%7C0b7717884de80000d149791f_1%7C17880b774de80000ce85ae83_0&from=BUD&lang=en&passengers=1&to=HAM&booking_token=HEnfTIwiyKBT9cFGAk6s7Sx7IchuC6TCqTnyqVyDvYKFlob-PLWyxjL8hl3e8UM-6LqAgqkEuzVoANKzYdHrKInB5Z_ec9f-hGrvDXV4hUslMzAq9SDoVfuWNr0K8rUrSXrI6Sw8BDTlBzVvG-oqLsv2bH_9TUznXuQR80wVIjSSUtqXnyBC0GZH9jfB2GV2Gjjiz1Gbm9H37vZ_pj7Wxf_zMJvBtgIhjGOonACZXRDMjHO_r_X77uIAvHKIMEVOkJ3YfIkKdDRQ8GseSQHAo6oIqDaKr_UyK6oy9DRHwdYFPj2Y_09quBRZWOGmiUD9dI5enB24TPrN5m_7Ajm2FJQW6C9BjWCGLaV3bLRmKRcPv0gsFk2tt6GBBnj69yPox94hLUobs1A2mwEEY3SVKncsHEbNMeLHw-Z1ftQITv10-oxI_7Idvcty6rBj_X-D9sVzqXTWGb5O0-HVdD5hNHFeeDZ5Vc64vrSUEYWV-fzzj29fr1jnkQ9vQLz2yeJ0L9lmicrJD2dOnN223CnIsOx3_rhjG-3LEtuoLB3jc-wuZB-z-oF81OzN1L1xpb2pctiI1WjKi8f7J-yuB0jgCXD0BP3mFDFoXujCv1M9jQ9SP0hZbLATmROYL_p0u6jMfS4scj0AjnNVHz2hVNjNvEz03lYGT7tMbgx_GkySGfAC_fAVx3jH6UHlUnEbgMmuq",
            "facilitated_booking_available": true,
            "pnr_count": 2,
            "has_airport_change": false,
            "technical_stops": 0,
            "throw_away_ticketing": false,
            "hidden_city_ticketing": false,
            "virtual_interlining": false
        },
        {
            "id": "0b7717884de70000d9fcc90c_0|0b7717884de70000d9fcc90c_1|17880b774de80000ce85ae83_0",
            "flyFrom": "BUD",
            "flyTo": "HAM",
            "cityFrom": "Budapest",
            "cityCodeFrom": "BUD",
            "cityTo": "Hamburg",
            "cityCodeTo": "HAM",
            "countryFrom": {
                "code": "HU",
                "name": "Hungary"
            },
            "countryTo": {
                "code": "DE",
                "name": "Germany"
            },
            "local_departure": "2024-08-08T09:20:00.000Z",
            "utc_departure": "2024-08-08T07:20:00.000Z",
            "local_arrival": "2024-08-08T15:30:00.000Z",
            "utc_arrival": "2024-08-08T13:30:00.000Z",
            "nightsInDest": 1,
            "quality": 386.66645,
            "distance": 949.98,
            "duration": {
                "departure": 22200,
                "return": 6000,
                "total": 28200
            },
            "price": 300,
            "conversion": {
                "EUR": 300
            },
            "fare": {
                "adults": 300,
                "children": 300,
                "infants": 300
            },
            "bags_price": {
                "1": 92.4,
                "2": 322
            },
            "baglimit": {
                "hand_dimensions_sum": 118,
                "hand_height": 40,
                "hand_length": 55,
                "hand_weight": 8,
                "hand_width": 23,
                "hold_dimensions_sum": 158,
                "hold_height": 52,
                "hold_length": 78,
                "hold_weight": 23,
                "hold_width": 28,
                "personal_item_dimension_sum": 95,
                "personal_item_height": 30,
                "personal_item_length": 40,
                "personal_item_weight": 8,
                "personal_item_width": 25
            },
            "availability": {
                "seats": 9
            },
            "airlines": [
                "EW"
            ],
            "route": [
                {
                    "id": "0b7717884de70000d9fcc90c_0",
                    "combination_id": "0b7717884de70000d9fcc90c",
                    "flyFrom": "BUD",
                    "flyTo": "DUS",
                    "cityFrom": "Budapest",
                    "cityCodeFrom": "BUD",
                    "cityTo": "D\u00fcsseldorf",
                    "cityCodeTo": "DUS",
                    "local_departure": "2024-08-08T09:20:00.000Z",
                    "utc_departure": "2024-08-08T07:20:00.000Z",
                    "local_arrival": "2024-08-08T11:10:00.000Z",
                    "utc_arrival": "2024-08-08T09:10:00.000Z",
                    "airline": "EW",
                    "flight_no": 9785,
                    "operating_carrier": "EW",
                    "operating_flight_no": "9785",
                    "fare_basis": "",
                    "fare_category": "M",
                    "fare_classes": "T",
                    "return": 0,
                    "bags_recheck_required": false,
                    "vi_connection": false,
                    "guarantee": false,
                    "equipment": null,
                    "vehicle_type": "aircraft"
                },
                {
                    "id": "0b7717884de70000d9fcc90c_1",
                    "combination_id": "0b7717884de70000d9fcc90c",
                    "flyFrom": "DUS",
                    "flyTo": "HAM",
                    "cityFrom": "D\u00fcsseldorf",
                    "cityCodeFrom": "DUS",
                    "cityTo": "Hamburg",
                    "cityCodeTo": "HAM",
                    "local_departure": "2024-08-08T14:30:00.000Z",
                    "utc_departure": "2024-08-08T12:30:00.000Z",
                    "local_arrival": "2024-08-08T15:30:00.000Z",
                    "utc_arrival": "2024-08-08T13:30:00.000Z",
                    "airline": "EW",
                    "flight_no": 9036,
                    "operating_carrier": "EW",
                    "operating_flight_no": "9036",
                    "fare_basis": "",
                    "fare_category": "M",
                    "fare_classes": "T",
                    "return": 0,
                    "bags_recheck_required": false,
                    "vi_connection": false,
                    "guarantee": false,
                    "equipment": null,
                    "vehicle_type": "aircraft"
                },
                {
                    "id": "17880b774de80000ce85ae83_0",
                    "combination_id": "17880b774de80000ce85ae83",
                    "flyFrom": "HAM",
                    "flyTo": "BUD",
                    "cityFrom": "Hamburg",
                    "cityCodeFrom": "HAM",
                    "cityTo": "Budapest",
                    "cityCodeTo": "BUD",
                    "local_departure": "2024-08-09T18:25:00.000Z",
                    "utc_departure": "2024-08-09T16:25:00.000Z",
                    "local_arrival": "2024-08-09T20:05:00.000Z",
                    "utc_arrival": "2024-08-09T18:05:00.000Z",
                    "airline": "EW",
                    "flight_no": 7782,
                    "operating_carrier": "EW",
                    "operating_flight_no": "7782",
                    "fare_basis": "",
                    "fare_category": "M",
                    "fare_classes": "",
                    "return": 1,
                    "bags_recheck_required": false,
                    "vi_connection": false,
                    "guarantee": false,
                    "equipment": null,
                    "vehicle_type": "aircraft"
                }
            ],
            "booking_token": "HyKPYind6Dlr0FlQ0bumDg1yeKrLjCqZljVBPxeScdZ188ROzSba52IUdvqW6MXULv4Mahxjm70u-7ohW6xABKV6Wqs-srpqfTgYjvgZPmQHKIb_YBFmZJQQc3erTZynAfiYuCLDTBDGDBa03_gXpzQuV4SsVsqasypmWeiXIZ409ed6VkRoIGPwEsEBercL2a4DAf9lnhD8NGTpSSVvBO1tuc79R3GYhXERLo-dxG_trGouxAyJWMbH1sMPEk_BWvldZkwoDBsJgzYtsqmr9ggZjKrfdjkol3saEgXyzEocbj8vD0s6yozKtzX2cM5bnkO1srVrn3MRKH4T7mVJuN3GYBk1a6gExhGHc738cl8CUeRit9uqjdm426ySc8kt-oX-dgq71lyNZYlkkXol8Dg60ivstLPw7H0oFlcWsdVIMkldajxMOJ33lt5g92v7vU4RLD0dSteDMI9gF-Y5CCm6E2F_JgeCSUeBltMfwQgRzeC1CPjSJuobwcaNO_nISsHhPvDI_dPtUYFw-Okegr7xWKZSfdyW-tioO5wUk0XNqOwPL20O3LB8xnLsPUpZxbyv_jEfrMAZaar4O_Th0LjNgmXaAqs242sHMYEf25hbXEcr-GVrJQ1S6Aso8xg9JHhgQ99WvKWCKazjnt-nkesx2tJNmGOGxGTwMraVdk25SZnMUB3618JrhgGWmqBF9kYIVpiswmyETuENxt9Gopw==",
            "deep_link": "https://www.kiwi.com/deep?affilid=mihalytest&currency=EUR&flightsId=0b7717884de70000d9fcc90c_0%7C0b7717884de70000d9fcc90c_1%7C17880b774de80000ce85ae83_0&from=BUD&lang=en&passengers=1&to=HAM&booking_token=HyKPYind6Dlr0FlQ0bumDg1yeKrLjCqZljVBPxeScdZ188ROzSba52IUdvqW6MXULv4Mahxjm70u-7ohW6xABKV6Wqs-srpqfTgYjvgZPmQHKIb_YBFmZJQQc3erTZynAfiYuCLDTBDGDBa03_gXpzQuV4SsVsqasypmWeiXIZ409ed6VkRoIGPwEsEBercL2a4DAf9lnhD8NGTpSSVvBO1tuc79R3GYhXERLo-dxG_trGouxAyJWMbH1sMPEk_BWvldZkwoDBsJgzYtsqmr9ggZjKrfdjkol3saEgXyzEocbj8vD0s6yozKtzX2cM5bnkO1srVrn3MRKH4T7mVJuN3GYBk1a6gExhGHc738cl8CUeRit9uqjdm426ySc8kt-oX-dgq71lyNZYlkkXol8Dg60ivstLPw7H0oFlcWsdVIMkldajxMOJ33lt5g92v7vU4RLD0dSteDMI9gF-Y5CCm6E2F_JgeCSUeBltMfwQgRzeC1CPjSJuobwcaNO_nISsHhPvDI_dPtUYFw-Okegr7xWKZSfdyW-tioO5wUk0XNqOwPL20O3LB8xnLsPUpZxbyv_jEfrMAZaar4O_Th0LjNgmXaAqs242sHMYEf25hbXEcr-GVrJQ1S6Aso8xg9JHhgQ99WvKWCKazjnt-nkesx2tJNmGOGxGTwMraVdk25SZnMUB3618JrhgGWmqBF9kYIVpiswmyETuENxt9Gopw==",
            "facilitated_booking_available": true,
            "pnr_count": 2,
            "has_airport_change": false,
            "technical_stops": 0,
            "throw_away_ticketing": false,
            "hidden_city_ticketing": false,
            "virtual_interlining": false
        },
        {
            "id": "0b7717884de4000044efb755_0|0b7717884de4000044efb755_1|17880b774de80000ce85ae83_0",
            "flyFrom": "BUD",
            "flyTo": "HAM",
            "cityFrom": "Budapest",
            "cityCodeFrom": "BUD",
            "cityTo": "Hamburg",
            "cityCodeTo": "HAM",
            "countryFrom": {
                "code": "HU",
                "name": "Hungary"
            },
            "countryTo": {
                "code": "DE",
                "name": "Germany"
            },
            "local_departure": "2024-08-05T09:20:00.000Z",
            "utc_departure": "2024-08-05T07:20:00.000Z",
            "local_arrival": "2024-08-05T16:20:00.000Z",
            "utc_arrival": "2024-08-05T14:20:00.000Z",
            "nightsInDest": 4,
            "quality": 393.3331,
            "distance": 949.98,
            "duration": {
                "departure": 25200,
                "return": 6000,
                "total": 31200
            },
            "price": 300,
            "conversion": {
                "EUR": 300
            },
            "fare": {
                "adults": 300,
                "children": 300,
                "infants": 300
            },
            "bags_price": {
                "1": 109.2,
                "2": 404.2
            },
            "baglimit": {
                "hand_dimensions_sum": 118,
                "hand_height": 40,
                "hand_length": 55,
                "hand_weight": 8,
                "hand_width": 23,
                "hold_dimensions_sum": 158,
                "hold_height": 52,
                "hold_length": 78,
                "hold_weight": 23,
                "hold_width": 28,
                "personal_item_dimension_sum": 95,
                "personal_item_height": 30,
                "personal_item_length": 40,
                "personal_item_weight": 8,
                "personal_item_width": 25
            },
            "availability": {
                "seats": 9
            },
            "airlines": [
                "EW"
            ],
            "route": [
                {
                    "id": "0b7717884de4000044efb755_0",
                    "combination_id": "0b7717884de4000044efb755",
                    "flyFrom": "BUD",
                    "flyTo": "DUS",
                    "cityFrom": "Budapest",
                    "cityCodeFrom": "BUD",
                    "cityTo": "D\u00fcsseldorf",
                    "cityCodeTo": "DUS",
                    "local_departure": "2024-08-05T09:20:00.000Z",
                    "utc_departure": "2024-08-05T07:20:00.000Z",
                    "local_arrival": "2024-08-05T11:10:00.000Z",
                    "utc_arrival": "2024-08-05T09:10:00.000Z",
                    "airline": "EW",
                    "flight_no": 9785,
                    "operating_carrier": "EW",
                    "operating_flight_no": "9785",
                    "fare_basis": "",
                    "fare_category": "M",
                    "fare_classes": "T",
                    "return": 0,
                    "bags_recheck_required": false,
                    "vi_connection": false,
                    "guarantee": false,
                    "equipment": null,
                    "vehicle_type": "aircraft"
                },
                {
                    "id": "0b7717884de4000044efb755_1",
                    "combination_id": "0b7717884de4000044efb755",
                    "flyFrom": "DUS",
                    "flyTo": "HAM",
                    "cityFrom": "D\u00fcsseldorf",
                    "cityCodeFrom": "DUS",
                    "cityTo": "Hamburg",
                    "cityCodeTo": "HAM",
                    "local_departure": "2024-08-05T15:20:00.000Z",
                    "utc_departure": "2024-08-05T13:20:00.000Z",
                    "local_arrival": "2024-08-05T16:20:00.000Z",
                    "utc_arrival": "2024-08-05T14:20:00.000Z",
                    "airline": "EW",
                    "flight_no": 9036,
                    "operating_carrier": "BT",
                    "operating_flight_no": "",
                    "fare_basis": "",
                    "fare_category": "M",
                    "fare_classes": "T",
                    "return": 0,
                    "bags_recheck_required": false,
                    "vi_connection": false,
                    "guarantee": false,
                    "equipment": null,
                    "vehicle_type": "aircraft"
                },
                {
                    "id": "17880b774de80000ce85ae83_0",
                    "combination_id": "17880b774de80000ce85ae83",
                    "flyFrom": "HAM",
                    "flyTo": "BUD",
                    "cityFrom": "Hamburg",
                    "cityCodeFrom": "HAM",
                    "cityTo": "Budapest",
                    "cityCodeTo": "BUD",
                    "local_departure": "2024-08-09T18:25:00.000Z",
                    "utc_departure": "2024-08-09T16:25:00.000Z",
                    "local_arrival": "2024-08-09T20:05:00.000Z",
                    "utc_arrival": "2024-08-09T18:05:00.000Z",
                    "airline": "EW",
                    "flight_no": 7782,
                    "operating_carrier": "EW",
                    "operating_flight_no": "7782",
                    "fare_basis": "",
                    "fare_category": "M",
                    "fare_classes": "",
                    "return": 1,
                    "bags_recheck_required": false,
                    "vi_connection": false,
                    "guarantee": false,
                    "equipment": null,
                    "vehicle_type": "aircraft"
                }
            ],
            "booking_token": "HixhLoOF2u4qkN5eRMvzCLkj0ejtOjwXvwCuOmH83vFWpjeQmYzU1fixE5j8CugEUr99ECM4Z5VvkZxft8JNKkXKoprjZM4_d5balTMcJgDU3Vh7EX854Ny_LKk0gdN2IyQ1vPxdqizCVH24kNtbPDO-FTrfi_J0amu4wtJO1myIl33DlV8hZtkz6rpw6FbE3LWVTGsP-eDNFNljS1iviAzNUelMhPwCa8PxDhDz5DNR7FB1wAcOy33uJ42S3l5PurqwOVvgGXs6FB0le60ByoXWkKWWBpf-MfzqNOILRwsLpXUR5PXZ-BldEQWrkq3XX4Z18_wD5_kj6l8ec825lx6R69R4u32EjbEK5PngSmi_YsMHLWImiqjuQ4Q3TNZtUumQunbTzkHkCe0Fpc5_4iL79q8ZymCy8PRNKGEScFxqnuX_Kt25EQfu-61V4NOf29TjlVDp3TR9VR9luIpj6VC11xgjqQHYa39S-k9hw2IYW-J6mXMsW_zLNcZJnqs3iB75W098m8P0UMHDQCpJZ5sGBGZYbIvGPVWE_LfEIq6iGrT0teChER85J0X-yKZmc_6lVRQ93BckefKdafb0mL-CSvTZSMzaTSKxtIo6j_VhHiceXSgQYa608-wrJ7v5wdHxKRmOrnDB5L8ABwp3LlXAOTxyv6YNsnGZvNOjgC5qnpj3JcLSZ4nPOpOKSd9xKjhSqUgnf59zWOCRRbcam6g==",
            "deep_link": "https://www.kiwi.com/deep?affilid=mihalytest&currency=EUR&flightsId=0b7717884de4000044efb755_0%7C0b7717884de4000044efb755_1%7C17880b774de80000ce85ae83_0&from=BUD&lang=en&passengers=1&to=HAM&booking_token=HixhLoOF2u4qkN5eRMvzCLkj0ejtOjwXvwCuOmH83vFWpjeQmYzU1fixE5j8CugEUr99ECM4Z5VvkZxft8JNKkXKoprjZM4_d5balTMcJgDU3Vh7EX854Ny_LKk0gdN2IyQ1vPxdqizCVH24kNtbPDO-FTrfi_J0amu4wtJO1myIl33DlV8hZtkz6rpw6FbE3LWVTGsP-eDNFNljS1iviAzNUelMhPwCa8PxDhDz5DNR7FB1wAcOy33uJ42S3l5PurqwOVvgGXs6FB0le60ByoXWkKWWBpf-MfzqNOILRwsLpXUR5PXZ-BldEQWrkq3XX4Z18_wD5_kj6l8ec825lx6R69R4u32EjbEK5PngSmi_YsMHLWImiqjuQ4Q3TNZtUumQunbTzkHkCe0Fpc5_4iL79q8ZymCy8PRNKGEScFxqnuX_Kt25EQfu-61V4NOf29TjlVDp3TR9VR9luIpj6VC11xgjqQHYa39S-k9hw2IYW-J6mXMsW_zLNcZJnqs3iB75W098m8P0UMHDQCpJZ5sGBGZYbIvGPVWE_LfEIq6iGrT0teChER85J0X-yKZmc_6lVRQ93BckefKdafb0mL-CSvTZSMzaTSKxtIo6j_VhHiceXSgQYa608-wrJ7v5wdHxKRmOrnDB5L8ABwp3LlXAOTxyv6YNsnGZvNOjgC5qnpj3JcLSZ4nPOpOKSd9xKjhSqUgnf59zWOCRRbcam6g==",
            "facilitated_booking_available": true,
            "pnr_count": 2,
            "has_airport_change": false,
            "technical_stops": 0,
            "throw_away_ticketing": false,
            "hidden_city_ticketing": false,
            "virtual_interlining": false
        },
        {
            "id": "0b7717884de50000a0bdea39_0|0b7717884de50000a0bdea39_1|17880b774de80000ce85ae83_0",
            "flyFrom": "BUD",
            "flyTo": "HAM",
            "cityFrom": "Budapest",
            "cityCodeFrom": "BUD",
            "cityTo": "Hamburg",
            "cityCodeTo": "HAM",
            "countryFrom": {
                "code": "HU",
                "name": "Hungary"
            },
            "countryTo": {
                "code": "DE",
                "name": "Germany"
            },
            "local_departure": "2024-08-06T09:20:00.000Z",
            "utc_departure": "2024-08-06T07:20:00.000Z",
            "local_arrival": "2024-08-06T16:25:00.000Z",
            "utc_arrival": "2024-08-06T14:25:00.000Z",
            "nightsInDest": 3,
            "quality": 393.999765,
            "distance": 949.98,
            "duration": {
                "departure": 25500,
                "return": 6000,
                "total": 31500
            },
            "price": 300,
            "conversion": {
                "EUR": 300
            },
            "fare": {
                "adults": 300,
                "children": 300,
                "infants": 300
            },
            "bags_price": {
                "1": 92.4,
                "2": 322
            },
            "baglimit": {
                "hand_dimensions_sum": 118,
                "hand_height": 40,
                "hand_length": 55,
                "hand_weight": 8,
                "hand_width": 23,
                "hold_dimensions_sum": 158,
                "hold_height": 52,
                "hold_length": 78,
                "hold_weight": 23,
                "hold_width": 28,
                "personal_item_dimension_sum": 95,
                "personal_item_height": 30,
                "personal_item_length": 40,
                "personal_item_weight": 8,
                "personal_item_width": 25
            },
            "availability": {
                "seats": 6
            },
            "airlines": [
                "EW"
            ],
            "route": [
                {
                    "id": "0b7717884de50000a0bdea39_0",
                    "combination_id": "0b7717884de50000a0bdea39",
                    "flyFrom": "BUD",
                    "flyTo": "DUS",
                    "cityFrom": "Budapest",
                    "cityCodeFrom": "BUD",
                    "cityTo": "D\u00fcsseldorf",
                    "cityCodeTo": "DUS",
                    "local_departure": "2024-08-06T09:20:00.000Z",
                    "utc_departure": "2024-08-06T07:20:00.000Z",
                    "local_arrival": "2024-08-06T11:10:00.000Z",
                    "utc_arrival": "2024-08-06T09:10:00.000Z",
                    "airline": "EW",
                    "flight_no": 9785,
                    "operating_carrier": "EW",
                    "operating_flight_no": "9785",
                    "fare_basis": "",
                    "fare_category": "M",
                    "fare_classes": "T",
                    "return": 0,
                    "bags_recheck_required": false,
                    "vi_connection": false,
                    "guarantee": false,
                    "equipment": null,
                    "vehicle_type": "aircraft"
                },
                {
                    "id": "0b7717884de50000a0bdea39_1",
                    "combination_id": "0b7717884de50000a0bdea39",
                    "flyFrom": "DUS",
                    "flyTo": "HAM",
                    "cityFrom": "D\u00fcsseldorf",
                    "cityCodeFrom": "DUS",
                    "cityTo": "Hamburg",
                    "cityCodeTo": "HAM",
                    "local_departure": "2024-08-06T15:25:00.000Z",
                    "utc_departure": "2024-08-06T13:25:00.000Z",
                    "local_arrival": "2024-08-06T16:25:00.000Z",
                    "utc_arrival": "2024-08-06T14:25:00.000Z",
                    "airline": "EW",
                    "flight_no": 9034,
                    "operating_carrier": "EW",
                    "operating_flight_no": "9034",
                    "fare_basis": "",
                    "fare_category": "M",
                    "fare_classes": "T",
                    "return": 0,
                    "bags_recheck_required": false,
                    "vi_connection": false,
                    "guarantee": false,
                    "equipment": null,
                    "vehicle_type": "aircraft"
                },
                {
                    "id": "17880b774de80000ce85ae83_0",
                    "combination_id": "17880b774de80000ce85ae83",
                    "flyFrom": "HAM",
                    "flyTo": "BUD",
                    "cityFrom": "Hamburg",
                    "cityCodeFrom": "HAM",
                    "cityTo": "Budapest",
                    "cityCodeTo": "BUD",
                    "local_departure": "2024-08-09T18:25:00.000Z",
                    "utc_departure": "2024-08-09T16:25:00.000Z",
                    "local_arrival": "2024-08-09T20:05:00.000Z",
                    "utc_arrival": "2024-08-09T18:05:00.000Z",
                    "airline": "EW",
                    "flight_no": 7782,
                    "operating_carrier": "EW",
                    "operating_flight_no": "7782",
                    "fare_basis": "",
                    "fare_category": "M",
                    "fare_classes": "",
                    "return": 1,
                    "bags_recheck_required": false,
                    "vi_connection": false,
                    "guarantee": false,
                    "equipment": null,
                    "vehicle_type": "aircraft"
                }
            ],
            "booking_token": "H2XB3psm5CsbZti_RN5Q5_kc1G1JKclrEfoP8xKqdlh6iiLZTTP9frVaf3cfJw1AmCMHF_sPrwYvCWB-2_1-0U3Q5GBicZdCWMio2o3rpsuUnRVAYgEetaDfxyWwgESNtmvWkgHzSsgmpqz2b4pcruv1WaKgyKoHtMnUpNm662wUg_rFTJlOCexlCCmmHiP9gj59vSWoPCVAidIqmgcrF7370xTouy_KV5KtEhzagi0Wc3kU36n_BOgVHnpiELovkmvJgACiv2IhUbiKVfY974vi38YIBGYXDpkCnWHjnPnXkonpHOYycQmMHsyeSfnxFipVTa9jeZNG2TIryWEaoO6URUESUO43Nhd3zYY6SILWHoxxuNAIt24p8uZvJhknddp842dTIOfTnZiTjiCvaCsYTaVzVO-jz5a1RVMdfO_mjTeHNIoWViNDSbmJ2WhsAWtVXdSJ1jgQTknQ1Ve8GAbdrGguyCye18MMtg5AtN6FWNlUNNJhQj-3NqMqM-pW8-yJVDBJusz4gn2EtRzvSOLHBEypyE7Mp-VW_GES2LnYCpgZFW1iGwwZdaQgzw58ZAdHiDm7ba49wkbktpb-9eqKWpWOISxlZ9GFW88WenD2fqCJ1JxLBUM_6U54y53XBysI_zf5K5W9PB9JRktKZLTkGW9xAfPZxMEeJuHT9d7jpQZG3P8pFHhv-TK-fJ8X4VCI_hKJk6-cU9jl382eYqA==",
            "deep_link": "https://www.kiwi.com/deep?affilid=mihalytest&currency=EUR&flightsId=0b7717884de50000a0bdea39_0%7C0b7717884de50000a0bdea39_1%7C17880b774de80000ce85ae83_0&from=BUD&lang=en&passengers=1&to=HAM&booking_token=H2XB3psm5CsbZti_RN5Q5_kc1G1JKclrEfoP8xKqdlh6iiLZTTP9frVaf3cfJw1AmCMHF_sPrwYvCWB-2_1-0U3Q5GBicZdCWMio2o3rpsuUnRVAYgEetaDfxyWwgESNtmvWkgHzSsgmpqz2b4pcruv1WaKgyKoHtMnUpNm662wUg_rFTJlOCexlCCmmHiP9gj59vSWoPCVAidIqmgcrF7370xTouy_KV5KtEhzagi0Wc3kU36n_BOgVHnpiELovkmvJgACiv2IhUbiKVfY974vi38YIBGYXDpkCnWHjnPnXkonpHOYycQmMHsyeSfnxFipVTa9jeZNG2TIryWEaoO6URUESUO43Nhd3zYY6SILWHoxxuNAIt24p8uZvJhknddp842dTIOfTnZiTjiCvaCsYTaVzVO-jz5a1RVMdfO_mjTeHNIoWViNDSbmJ2WhsAWtVXdSJ1jgQTknQ1Ve8GAbdrGguyCye18MMtg5AtN6FWNlUNNJhQj-3NqMqM-pW8-yJVDBJusz4gn2EtRzvSOLHBEypyE7Mp-VW_GES2LnYCpgZFW1iGwwZdaQgzw58ZAdHiDm7ba49wkbktpb-9eqKWpWOISxlZ9GFW88WenD2fqCJ1JxLBUM_6U54y53XBysI_zf5K5W9PB9JRktKZLTkGW9xAfPZxMEeJuHT9d7jpQZG3P8pFHhv-TK-fJ8X4VCI_hKJk6-cU9jl382eYqA==",
            "facilitated_booking_available": true,
            "pnr_count": 2,
            "has_airport_change": false,
            "technical_stops": 0,
            "throw_away_ticketing": false,
            "hidden_city_ticketing": false,
            "virtual_interlining": false
        },
        {
            "id": "0b7717884def4df2a3bcfad2_0|0b7717884def4df2a3bcfad2_1|0b7717884def4df2a3bcfad2_2|0b7717884def4df2a3bcfad2_3",
            "flyFrom": "BUD",
            "flyTo": "HAM",
            "cityFrom": "Budapest",
            "cityCodeFrom": "BUD",
            "cityTo": "Hamburg",
            "cityCodeTo": "HAM",
            "countryFrom": {
                "code": "HU",
                "name": "Hungary"
            },
            "countryTo": {
                "code": "DE",
                "name": "Germany"
            },
            "local_departure": "2024-08-16T18:00:00.000Z",
            "utc_departure": "2024-08-16T16:00:00.000Z",
            "local_arrival": "2024-08-16T22:20:00.000Z",
            "utc_arrival": "2024-08-16T20:20:00.000Z",
            "nightsInDest": 3,
            "quality": 390.99979,
            "distance": 949.98,
            "duration": {
                "departure": 15600,
                "return": 11400,
                "total": 27000
            },
            "price": 307,
            "conversion": {
                "EUR": 307
            },
            "fare": {
                "adults": 307,
                "children": 307,
                "infants": 307
            },
            "fare_locks": {
                "EUR": [
                    {
                        "default": false,
                        "duration": "P1D",
                        "itinerary_price_limit": 507,
                        "itinerary_price_remaining": 307,
                        "fare_lock_kind": "fee",
                        "price": 15.35,
                        "rule_instance_id": 26749,
                        "version": "v1"
                    },
                    {
                        "default": true,
                        "duration": "P3D",
                        "itinerary_price_limit": 507,
                        "itinerary_price_remaining": 307,
                        "fare_lock_kind": "fee",
                        "price": 30.7,
                        "rule_instance_id": 26748,
                        "version": "v1"
                    },
                    {
                        "default": false,
                        "duration": "P7D",
                        "itinerary_price_limit": 507,
                        "itinerary_price_remaining": 307,
                        "fare_lock_kind": "fee",
                        "price": 76.75,
                        "rule_instance_id": 26750,
                        "version": "v1"
                    }
                ]
            },
            "bags_price": {
                "1": 98
            },
            "baglimit": {
                "hand_dimensions_sum": 118,
                "hand_height": 40,
                "hand_length": 55,
                "hand_weight": 5,
                "hand_width": 23,
                "hold_dimensions_sum": 158,
                "hold_height": 52,
                "hold_length": 78,
                "hold_weight": 23,
                "hold_width": 28,
                "personal_item_dimension_sum": 80,
                "personal_item_height": 30,
                "personal_item_length": 40,
                "personal_item_weight": 3,
                "personal_item_width": 10
            },
            "availability": {
                "seats": 5
            },
            "airlines": [
                "SN",
                "OS"
            ],
            "route": [
                {
                    "id": "0b7717884def4df2a3bcfad2_0",
                    "combination_id": "0b7717884def4df2a3bcfad2",
                    "flyFrom": "BUD",
                    "flyTo": "BRU",
                    "cityFrom": "Budapest",
                    "cityCodeFrom": "BUD",
                    "cityTo": "Brussels",
                    "cityCodeTo": "BRU",
                    "local_departure": "2024-08-16T18:00:00.000Z",
                    "utc_departure": "2024-08-16T16:00:00.000Z",
                    "local_arrival": "2024-08-16T20:05:00.000Z",
                    "utc_arrival": "2024-08-16T18:05:00.000Z",
                    "airline": "SN",
                    "flight_no": 2826,
                    "operating_carrier": "SN",
                    "operating_flight_no": "2826",
                    "fare_basis": "TETCLSE4",
                    "fare_category": "M",
                    "fare_classes": "T",
                    "return": 0,
                    "bags_recheck_required": false,
                    "vi_connection": false,
                    "guarantee": false,
                    "equipment": null,
                    "vehicle_type": "aircraft"
                },
                {
                    "id": "0b7717884def4df2a3bcfad2_1",
                    "combination_id": "0b7717884def4df2a3bcfad2",
                    "flyFrom": "BRU",
                    "flyTo": "HAM",
                    "cityFrom": "Brussels",
                    "cityCodeFrom": "BRU",
                    "cityTo": "Hamburg",
                    "cityCodeTo": "HAM",
                    "local_departure": "2024-08-16T21:05:00.000Z",
                    "utc_departure": "2024-08-16T19:05:00.000Z",
                    "local_arrival": "2024-08-16T22:20:00.000Z",
                    "utc_arrival": "2024-08-16T20:20:00.000Z",
                    "airline": "SN",
                    "flight_no": 2629,
                    "operating_carrier": "SN",
                    "operating_flight_no": "2629",
                    "fare_basis": "TETCLSE4",
                    "fare_category": "M",
                    "fare_classes": "T",
                    "return": 0,
                    "bags_recheck_required": false,
                    "vi_connection": false,
                    "guarantee": false,
                    "equipment": null,
                    "vehicle_type": "aircraft"
                },
                {
                    "id": "0b7717884def4df2a3bcfad2_2",
                    "combination_id": "0b7717884def4df2a3bcfad2",
                    "flyFrom": "HAM",
                    "flyTo": "VIE",
                    "cityFrom": "Hamburg",
                    "cityCodeFrom": "HAM",
                    "cityTo": "Vienna",
                    "cityCodeTo": "VIE",
                    "local_departure": "2024-08-19T07:30:00.000Z",
                    "utc_departure": "2024-08-19T05:30:00.000Z",
                    "local_arrival": "2024-08-19T09:00:00.000Z",
                    "utc_arrival": "2024-08-19T07:00:00.000Z",
                    "airline": "OS",
                    "flight_no": 168,
                    "operating_carrier": "OS",
                    "operating_flight_no": "168",
                    "fare_basis": "LETCLSE4",
                    "fare_category": "M",
                    "fare_classes": "L",
                    "return": 1,
                    "bags_recheck_required": false,
                    "vi_connection": false,
                    "guarantee": false,
                    "equipment": null,
                    "vehicle_type": "aircraft"
                },
                {
                    "id": "0b7717884def4df2a3bcfad2_3",
                    "combination_id": "0b7717884def4df2a3bcfad2",
                    "flyFrom": "VIE",
                    "flyTo": "BUD",
                    "cityFrom": "Vienna",
                    "cityCodeFrom": "VIE",
                    "cityTo": "Budapest",
                    "cityCodeTo": "BUD",
                    "local_departure": "2024-08-19T09:55:00.000Z",
                    "utc_departure": "2024-08-19T07:55:00.000Z",
                    "local_arrival": "2024-08-19T10:40:00.000Z",
                    "utc_arrival": "2024-08-19T08:40:00.000Z",
                    "airline": "OS",
                    "flight_no": 713,
                    "operating_carrier": "OS",
                    "operating_flight_no": "713",
                    "fare_basis": "LETCLSE4",
                    "fare_category": "M",
                    "fare_classes": "L",
                    "return": 1,
                    "bags_recheck_required": false,
                    "vi_connection": false,
                    "guarantee": false,
                    "equipment": null,
                    "vehicle_type": "aircraft"
                }
            ],
            "booking_token": "HFCftUmZTIR1KdOK4ictzGiYTBo_IAbEx_ap6Xj7_eJl7-OPFsLwBT1EzA-k--cX0jPubNbHwiG6xJV1Y9BzWZfPtCcko_JVEPNegQt5Iv7Vo6KOJsNnhg1dcBKy5jWDA_M0lpYVHBB7OP5OE0Ro57O4fsWxG8DkJaFZn7uVmTDg-13WCoNhAV9AtM11BBGJTs-b38oUJhImUVw6Fuaib7SadGLlB2w5FHAwtpaZp-5YHmHPrYmvSYL2sEzNszwZS0dvTWP-eYKmc8NGGIL1fxCmZiv9_toB1foFemWNIroK-wJQM-AQFN8ZTds6mHV8DhU-sMY0VnV_U5VYk8CoKS232h_8a45EoiNxbvbuIbrw6WMgtZx5wHft2KIepGanlkHlmqH6ES4iuVGYnn51wEKlSolwguRZk1KokhmLVqlux9CPqjHUhgVTbrIQadQdZhYDR_XEQy0-_1CvY-bhmdCk0bZ-Tw0l1RV3tXhpAIGKNoj--JYWaSmbBZI4bPu6pUM3tGyCbtETnQwh_Fjk38v_fwvPLnh_Xe2lYW170-eoRpdCgKGDi4zM6G9yo_LjVVkkcKT6FJaX6rjANiAoYEcRPhRVRCHdWD1c3gDdDs0IQGiMfY9-ITQf7c1cIVnM1BuL4UJyp_9bsMsuEF47P928PdsW5p-0fxwt1QIFIMZ7YV69GPTQBsfFqcI0KAczqIIjmhIPwvNIeUJ6EFOHrKqn3Wt8mw_gB42Us77aITdrxaADUzfag85JZOw3YsD6z",
            "deep_link": "https://www.kiwi.com/deep?affilid=mihalytest&currency=EUR&flightsId=0b7717884def4df2a3bcfad2_0%7C0b7717884def4df2a3bcfad2_1%7C0b7717884def4df2a3bcfad2_2%7C0b7717884def4df2a3bcfad2_3&from=BUD&lang=en&passengers=1&to=HAM&booking_token=HFCftUmZTIR1KdOK4ictzGiYTBo_IAbEx_ap6Xj7_eJl7-OPFsLwBT1EzA-k--cX0jPubNbHwiG6xJV1Y9BzWZfPtCcko_JVEPNegQt5Iv7Vo6KOJsNnhg1dcBKy5jWDA_M0lpYVHBB7OP5OE0Ro57O4fsWxG8DkJaFZn7uVmTDg-13WCoNhAV9AtM11BBGJTs-b38oUJhImUVw6Fuaib7SadGLlB2w5FHAwtpaZp-5YHmHPrYmvSYL2sEzNszwZS0dvTWP-eYKmc8NGGIL1fxCmZiv9_toB1foFemWNIroK-wJQM-AQFN8ZTds6mHV8DhU-sMY0VnV_U5VYk8CoKS232h_8a45EoiNxbvbuIbrw6WMgtZx5wHft2KIepGanlkHlmqH6ES4iuVGYnn51wEKlSolwguRZk1KokhmLVqlux9CPqjHUhgVTbrIQadQdZhYDR_XEQy0-_1CvY-bhmdCk0bZ-Tw0l1RV3tXhpAIGKNoj--JYWaSmbBZI4bPu6pUM3tGyCbtETnQwh_Fjk38v_fwvPLnh_Xe2lYW170-eoRpdCgKGDi4zM6G9yo_LjVVkkcKT6FJaX6rjANiAoYEcRPhRVRCHdWD1c3gDdDs0IQGiMfY9-ITQf7c1cIVnM1BuL4UJyp_9bsMsuEF47P928PdsW5p-0fxwt1QIFIMZ7YV69GPTQBsfFqcI0KAczqIIjmhIPwvNIeUJ6EFOHrKqn3Wt8mw_gB42Us77aITdrxaADUzfag85JZOw3YsD6z",
            "facilitated_booking_available": true,
            "pnr_count": 1,
            "has_airport_change": false,
            "technical_stops": 0,
            "throw_away_ticketing": false,
            "hidden_city_ticketing": false,
            "virtual_interlining": false
        },
        {
            "id": "0b7717884def4df222a272e5_0|0b7717884def4df222a272e5_1|0b7717884def4df222a272e5_2|0b7717884def4df222a272e5_3",
            "flyFrom": "BUD",
            "flyTo": "HAM",
            "cityFrom": "Budapest",
            "cityCodeFrom": "BUD",
            "cityTo": "Hamburg",
            "cityCodeTo": "HAM",
            "countryFrom": {
                "code": "HU",
                "name": "Hungary"
            },
            "countryTo": {
                "code": "DE",
                "name": "Germany"
            },
            "local_departure": "2024-08-16T15:05:00.000Z",
            "utc_departure": "2024-08-16T13:05:00.000Z",
            "local_arrival": "2024-08-16T19:40:00.000Z",
            "utc_arrival": "2024-08-16T17:40:00.000Z",
            "nightsInDest": 3,
            "quality": 392.999785,
            "distance": 949.98,
            "duration": {
                "departure": 16500,
                "return": 11400,
                "total": 27900
            },
            "price": 307,
            "conversion": {
                "EUR": 307
            },
            "fare": {
                "adults": 307,
                "children": 307,
                "infants": 307
            },
            "fare_locks": {
                "EUR": [
                    {
                        "default": false,
                        "duration": "P1D",
                        "itinerary_price_limit": 507,
                        "itinerary_price_remaining": 307,
                        "fare_lock_kind": "fee",
                        "price": 15.35,
                        "rule_instance_id": 26749,
                        "version": "v1"
                    },
                    {
                        "default": true,
                        "duration": "P3D",
                        "itinerary_price_limit": 507,
                        "itinerary_price_remaining": 307,
                        "fare_lock_kind": "fee",
                        "price": 30.7,
                        "rule_instance_id": 26748,
                        "version": "v1"
                    },
                    {
                        "default": false,
                        "duration": "P7D",
                        "itinerary_price_limit": 507,
                        "itinerary_price_remaining": 307,
                        "fare_lock_kind": "fee",
                        "price": 76.75,
                        "rule_instance_id": 26750,
                        "version": "v1"
                    }
                ]
            },
            "bags_price": {
                "1": 112,
                "2": 291.2
            },
            "baglimit": {
                "hand_dimensions_sum": 118,
                "hand_height": 40,
                "hand_length": 55,
                "hand_weight": 8,
                "hand_width": 23,
                "hold_dimensions_sum": 158,
                "hold_height": 52,
                "hold_length": 78,
                "hold_weight": 23,
                "hold_width": 28,
                "personal_item_dimension_sum": 80,
                "personal_item_height": 30,
                "personal_item_length": 40,
                "personal_item_weight": 3,
                "personal_item_width": 10
            },
            "availability": {
                "seats": 7
            },
            "airlines": [
                "OS"
            ],
            "route": [
                {
                    "id": "0b7717884def4df222a272e5_0",
                    "combination_id": "0b7717884def4df222a272e5",
                    "flyFrom": "BUD",
                    "flyTo": "VIE",
                    "cityFrom": "Budapest",
                    "cityCodeFrom": "BUD",
                    "cityTo": "Vienna",
                    "cityCodeTo": "VIE",
                    "local_departure": "2024-08-16T15:05:00.000Z",
                    "utc_departure": "2024-08-16T13:05:00.000Z",
                    "local_arrival": "2024-08-16T15:50:00.000Z",
                    "utc_arrival": "2024-08-16T13:50:00.000Z",
                    "airline": "OS",
                    "flight_no": 722,
                    "operating_carrier": "OS",
                    "operating_flight_no": "722",
                    "fare_basis": "TETCLSE4",
                    "fare_category": "M",
                    "fare_classes": "T",
                    "return": 0,
                    "bags_recheck_required": false,
                    "vi_connection": false,
                    "guarantee": false,
                    "equipment": null,
                    "vehicle_type": "aircraft"
                },
                {
                    "id": "0b7717884def4df222a272e5_1",
                    "combination_id": "0b7717884def4df222a272e5",
                    "flyFrom": "VIE",
                    "flyTo": "HAM",
                    "cityFrom": "Vienna",
                    "cityCodeFrom": "VIE",
                    "cityTo": "Hamburg",
                    "cityCodeTo": "HAM",
                    "local_departure": "2024-08-16T18:05:00.000Z",
                    "utc_departure": "2024-08-16T16:05:00.000Z",
                    "local_arrival": "2024-08-16T19:40:00.000Z",
                    "utc_arrival": "2024-08-16T17:40:00.000Z",
                    "airline": "OS",
                    "flight_no": 171,
                    "operating_carrier": "OS",
                    "operating_flight_no": "171",
                    "fare_basis": "TETCLSE4",
                    "fare_category": "M",
                    "fare_classes": "T",
                    "return": 0,
                    "bags_recheck_required": false,
                    "vi_connection": false,
                    "guarantee": false,
                    "equipment": null,
                    "vehicle_type": "aircraft"
                },
                {
                    "id": "0b7717884def4df222a272e5_2",
                    "combination_id": "0b7717884def4df222a272e5",
                    "flyFrom": "HAM",
                    "flyTo": "VIE",
                    "cityFrom": "Hamburg",
                    "cityCodeFrom": "HAM",
                    "cityTo": "Vienna",
                    "cityCodeTo": "VIE",
                    "local_departure": "2024-08-19T07:30:00.000Z",
                    "utc_departure": "2024-08-19T05:30:00.000Z",
                    "local_arrival": "2024-08-19T09:00:00.000Z",
                    "utc_arrival": "2024-08-19T07:00:00.000Z",
                    "airline": "OS",
                    "flight_no": 168,
                    "operating_carrier": "OS",
                    "operating_flight_no": "168",
                    "fare_basis": "LETCLSE4",
                    "fare_category": "M",
                    "fare_classes": "L",
                    "return": 1,
                    "bags_recheck_required": false,
                    "vi_connection": false,
                    "guarantee": false,
                    "equipment": null,
                    "vehicle_type": "aircraft"
                },
                {
                    "id": "0b7717884def4df222a272e5_3",
                    "combination_id": "0b7717884def4df222a272e5",
                    "flyFrom": "VIE",
                    "flyTo": "BUD",
                    "cityFrom": "Vienna",
                    "cityCodeFrom": "VIE",
                    "cityTo": "Budapest",
                    "cityCodeTo": "BUD",
                    "local_departure": "2024-08-19T09:55:00.000Z",
                    "utc_departure": "2024-08-19T07:55:00.000Z",
                    "local_arrival": "2024-08-19T10:40:00.000Z",
                    "utc_arrival": "2024-08-19T08:40:00.000Z",
                    "airline": "OS",
                    "flight_no": 713,
                    "operating_carrier": "OS",
                    "operating_flight_no": "713",
                    "fare_basis": "LETCLSE4",
                    "fare_category": "M",
                    "fare_classes": "L",
                    "return": 1,
                    "bags_recheck_required": false,
                    "vi_connection": false,
                    "guarantee": false,
                    "equipment": null,
                    "vehicle_type": "aircraft"
                }
            ],
            "booking_token": "HyMjPvWS8wAIPPGwKVOHA_zIMLDZeCcoY5FQdjleqszn15eBUZF8QdKUyfOvAosDY3S0LXWyt-0UpIvANDsQD3usM4YFq1U2IFSn3BT9NJfh8O69OAZD30bqo9LBPJbUDMp1MYbjYLcMAh6vTlLalMVoaqsKu3KXruFr84PeM1KPZfVDElUyoCmIvrV_CK5UsVDf2Fcm8PbjoqDZajUM5PMIBHzI8moZFsOQ4aFuHHnmPop_vKR4RwhV-FWFPm8GkyXqEMFNeIV1I9ShTu7zVeyXofcS2z1O0SKPrsX6bgqH1DVUAP_aSwOE8CzWZ71VYiFyDJomvN0LA6kE6bkPUvAcdtP6F6JP-m835fOzqxWYMUYv5O-bDdx72vViw2s1pnZS9l3PIjUSCp-pBtjT8VuM8_uXJc28LoFQ1hAqSgAr3uO2rGUyBQgZ4A6pskDz1sR9tK9KByXFIKZTXp7PrJGFXxIAqUkAAB6-QhT_ummbNHmT19lbY3s2SAMNkX1iVGRqc7d-KnsACEm3FmMCJkTaZIaCWAiYKSiA1tk89fZ5f37KQzIprz6KAU6pgFDVjITCEqIi5qYqc1z0COnwOhn2YpX39t-7D3-4K3vH_XQfjAobg49K7n1xOJI4tfRh4q-kDUYHKTp4dWfZOlkmlVOn7nzjWassrH-EKnIcSmd8yGORa0NjaKGCkb8sblyMq2O0uxcBNj6xajc13gI6OxRy39LRxobgvu5l7oLKFXPo=",
            "deep_link": "https://www.kiwi.com/deep?affilid=mihalytest&currency=EUR&flightsId=0b7717884def4df222a272e5_0%7C0b7717884def4df222a272e5_1%7C0b7717884def4df222a272e5_2%7C0b7717884def4df222a272e5_3&from=BUD&lang=en&passengers=1&to=HAM&booking_token=HyMjPvWS8wAIPPGwKVOHA_zIMLDZeCcoY5FQdjleqszn15eBUZF8QdKUyfOvAosDY3S0LXWyt-0UpIvANDsQD3usM4YFq1U2IFSn3BT9NJfh8O69OAZD30bqo9LBPJbUDMp1MYbjYLcMAh6vTlLalMVoaqsKu3KXruFr84PeM1KPZfVDElUyoCmIvrV_CK5UsVDf2Fcm8PbjoqDZajUM5PMIBHzI8moZFsOQ4aFuHHnmPop_vKR4RwhV-FWFPm8GkyXqEMFNeIV1I9ShTu7zVeyXofcS2z1O0SKPrsX6bgqH1DVUAP_aSwOE8CzWZ71VYiFyDJomvN0LA6kE6bkPUvAcdtP6F6JP-m835fOzqxWYMUYv5O-bDdx72vViw2s1pnZS9l3PIjUSCp-pBtjT8VuM8_uXJc28LoFQ1hAqSgAr3uO2rGUyBQgZ4A6pskDz1sR9tK9KByXFIKZTXp7PrJGFXxIAqUkAAB6-QhT_ummbNHmT19lbY3s2SAMNkX1iVGRqc7d-KnsACEm3FmMCJkTaZIaCWAiYKSiA1tk89fZ5f37KQzIprz6KAU6pgFDVjITCEqIi5qYqc1z0COnwOhn2YpX39t-7D3-4K3vH_XQfjAobg49K7n1xOJI4tfRh4q-kDUYHKTp4dWfZOlkmlVOn7nzjWassrH-EKnIcSmd8yGORa0NjaKGCkb8sblyMq2O0uxcBNj6xajc13gI6OxRy39LRxobgvu5l7oLKFXPo=",
            "facilitated_booking_available": true,
            "pnr_count": 1,
            "has_airport_change": false,
            "technical_stops": 0,
            "throw_away_ticketing": false,
            "hidden_city_ticketing": false,
            "virtual_interlining": false
        },
        {
            "id": "0b7717884def4df23c2f0c25_0|0b7717884def4df23c2f0c25_1|0b7717884def4df23c2f0c25_2|0b7717884def4df23c2f0c25_3",
            "flyFrom": "BUD",
            "flyTo": "HAM",
            "cityFrom": "Budapest",
            "cityCodeFrom": "BUD",
            "cityTo": "Hamburg",
            "cityCodeTo": "HAM",
            "countryFrom": {
                "code": "HU",
                "name": "Hungary"
            },
            "countryTo": {
                "code": "DE",
                "name": "Germany"
            },
            "local_departure": "2024-08-16T17:25:00.000Z",
            "utc_departure": "2024-08-16T15:25:00.000Z",
            "local_arrival": "2024-08-16T21:30:00.000Z",
            "utc_arrival": "2024-08-16T19:30:00.000Z",
            "nightsInDest": 3,
            "quality": 390.999795,
            "distance": 949.98,
            "duration": {
                "departure": 14700,
                "return": 11400,
                "total": 26100
            },
            "price": 309,
            "conversion": {
                "EUR": 309
            },
            "fare": {
                "adults": 309,
                "children": 309,
                "infants": 309
            },
            "fare_locks": {
                "EUR": [
                    {
                        "default": false,
                        "duration": "P1D",
                        "itinerary_price_limit": 509,
                        "itinerary_price_remaining": 309,
                        "fare_lock_kind": "fee",
                        "price": 15.45,
                        "rule_instance_id": 26749,
                        "version": "v1"
                    },
                    {
                        "default": true,
                        "duration": "P3D",
                        "itinerary_price_limit": 509,
                        "itinerary_price_remaining": 309,
                        "fare_lock_kind": "fee",
                        "price": 30.9,
                        "rule_instance_id": 26748,
                        "version": "v1"
                    },
                    {
                        "default": false,
                        "duration": "P7D",
                        "itinerary_price_limit": 509,
                        "itinerary_price_remaining": 309,
                        "fare_lock_kind": "fee",
                        "price": 77.25,
                        "rule_instance_id": 26750,
                        "version": "v1"
                    }
                ]
            },
            "bags_price": {
                "1": 112
            },
            "baglimit": {
                "hand_dimensions_sum": 118,
                "hand_height": 40,
                "hand_length": 55,
                "hand_weight": 8,
                "hand_width": 23,
                "hold_dimensions_sum": 158,
                "hold_height": 52,
                "hold_length": 78,
                "hold_weight": 23,
                "hold_width": 28,
                "personal_item_dimension_sum": 80,
                "personal_item_height": 30,
                "personal_item_length": 40,
                "personal_item_weight": 3,
                "personal_item_width": 10
            },
            "availability": {
                "seats": 9
            },
            "airlines": [
                "LH",
                "OS"
            ],
            "route": [
                {
                    "id": "0b7717884def4df23c2f0c25_0",
                    "combination_id": "0b7717884def4df23c2f0c25",
                    "flyFrom": "BUD",
                    "flyTo": "MUC",
                    "cityFrom": "Budapest",
                    "cityCodeFrom": "BUD",
                    "cityTo": "Munich",
                    "cityCodeTo": "MUC",
                    "local_departure": "2024-08-16T17:25:00.000Z",
                    "utc_departure": "2024-08-16T15:25:00.000Z",
                    "local_arrival": "2024-08-16T18:45:00.000Z",
                    "utc_arrival": "2024-08-16T16:45:00.000Z",
                    "airline": "LH",
                    "flight_no": 1679,
                    "operating_carrier": "CL",
                    "operating_flight_no": "",
                    "fare_basis": "TETCLSE4",
                    "fare_category": "M",
                    "fare_classes": "T",
                    "return": 0,
                    "bags_recheck_required": false,
                    "vi_connection": false,
                    "guarantee": false,
                    "equipment": null,
                    "vehicle_type": "aircraft"
                },
                {
                    "id": "0b7717884def4df23c2f0c25_1",
                    "combination_id": "0b7717884def4df23c2f0c25",
                    "flyFrom": "MUC",
                    "flyTo": "HAM",
                    "cityFrom": "Munich",
                    "cityCodeFrom": "MUC",
                    "cityTo": "Hamburg",
                    "cityCodeTo": "HAM",
                    "local_departure": "2024-08-16T20:15:00.000Z",
                    "utc_departure": "2024-08-16T18:15:00.000Z",
                    "local_arrival": "2024-08-16T21:30:00.000Z",
                    "utc_arrival": "2024-08-16T19:30:00.000Z",
                    "airline": "LH",
                    "flight_no": 2076,
                    "operating_carrier": "LH",
                    "operating_flight_no": "2076",
                    "fare_basis": "TETCLSE4",
                    "fare_category": "M",
                    "fare_classes": "T",
                    "return": 0,
                    "bags_recheck_required": false,
                    "vi_connection": false,
                    "guarantee": false,
                    "equipment": null,
                    "vehicle_type": "aircraft"
                },
                {
                    "id": "0b7717884def4df23c2f0c25_2",
                    "combination_id": "0b7717884def4df23c2f0c25",
                    "flyFrom": "HAM",
                    "flyTo": "VIE",
                    "cityFrom": "Hamburg",
                    "cityCodeFrom": "HAM",
                    "cityTo": "Vienna",
                    "cityCodeTo": "VIE",
                    "local_departure": "2024-08-19T07:30:00.000Z",
                    "utc_departure": "2024-08-19T05:30:00.000Z",
                    "local_arrival": "2024-08-19T09:00:00.000Z",
                    "utc_arrival": "2024-08-19T07:00:00.000Z",
                    "airline": "OS",
                    "flight_no": 168,
                    "operating_carrier": "OS",
                    "operating_flight_no": "168",
                    "fare_basis": "LETCLSE4",
                    "fare_category": "M",
                    "fare_classes": "L",
                    "return": 1,
                    "bags_recheck_required": false,
                    "vi_connection": false,
                    "guarantee": false,
                    "equipment": null,
                    "vehicle_type": "aircraft"
                },
                {
                    "id": "0b7717884def4df23c2f0c25_3",
                    "combination_id": "0b7717884def4df23c2f0c25",
                    "flyFrom": "VIE",
                    "flyTo": "BUD",
                    "cityFrom": "Vienna",
                    "cityCodeFrom": "VIE",
                    "cityTo": "Budapest",
                    "cityCodeTo": "BUD",
                    "local_departure": "2024-08-19T09:55:00.000Z",
                    "utc_departure": "2024-08-19T07:55:00.000Z",
                    "local_arrival": "2024-08-19T10:40:00.000Z",
                    "utc_arrival": "2024-08-19T08:40:00.000Z",
                    "airline": "OS",
                    "flight_no": 713,
                    "operating_carrier": "OS",
                    "operating_flight_no": "713",
                    "fare_basis": "LETCLSE4",
                    "fare_category": "M",
                    "fare_classes": "L",
                    "return": 1,
                    "bags_recheck_required": false,
                    "vi_connection": false,
                    "guarantee": false,
                    "equipment": null,
                    "vehicle_type": "aircraft"
                }
            ],
            "booking_token": "HSuNY7leg_jQoQf2gTvvEiQYl2WTLgcjgOP4PX-zDblFQHa-qkHHMtevt-_kE-Wf85oRY7KMrl7q-9dhPfh8HB6P_f2MuqgD56koVnmq8GOQwxD80dCJNaDUucDpYZHIw15fJFdd1-k10OhmWq8itYKXnMOWi_CpFG3GCxKkpz9ko9Es33KW7BoDEsH3PISIKQPj-JFC4CRkhjkZxn6P_bJVCDStf1oJ3-7Xp20pJwcJTHhb0d_-3A3WUHCG08xjMrdT_wqXYuyBfPHF708VXs5V2q_GRxsuzLoJQ8ZqMMDaljx06l67NNTHxfFf3AGC3LimjeCP5wLkzYPIx6XzFbx23XYlergw5kqrcqGloiJ_zs4CXdGYChZui6nZGJPgMZW7SOOUQR752SAQqO7ONacCzAt2-L8zXHLfwU_i6PsI48pVVl_3-OTsv_YqEsLVAlPGfG7DQ585fCQlXZ1j0K3jkG7DwB9kVc-rONVpcSrxyJd3iGviZqbX7Y67cLoci7KbHAbRfMhg6o4MJL_ugk8reBCGHA0jOcP5T46VFNlxdBEqyylsW_SBtRlhsEEUtaSnUK8Ybx5WaSLFaQd4M7Jotv000Gb5hIMKnm1THyOXKRSzE9auAUzRUIpG_XBkTkm6S36q0GRxq61zKLYonlMHLF4CG3FSVLxKiDVL3T7Me8MquzTJIA1USC783m1nBWfl5CwQSXpcRmZ9rhW5z5QnfF1nzVfSkKM8IWVoEmRc=",
            "deep_link": "https://www.kiwi.com/deep?affilid=mihalytest&currency=EUR&flightsId=0b7717884def4df23c2f0c25_0%7C0b7717884def4df23c2f0c25_1%7C0b7717884def4df23c2f0c25_2%7C0b7717884def4df23c2f0c25_3&from=BUD&lang=en&passengers=1&to=HAM&booking_token=HSuNY7leg_jQoQf2gTvvEiQYl2WTLgcjgOP4PX-zDblFQHa-qkHHMtevt-_kE-Wf85oRY7KMrl7q-9dhPfh8HB6P_f2MuqgD56koVnmq8GOQwxD80dCJNaDUucDpYZHIw15fJFdd1-k10OhmWq8itYKXnMOWi_CpFG3GCxKkpz9ko9Es33KW7BoDEsH3PISIKQPj-JFC4CRkhjkZxn6P_bJVCDStf1oJ3-7Xp20pJwcJTHhb0d_-3A3WUHCG08xjMrdT_wqXYuyBfPHF708VXs5V2q_GRxsuzLoJQ8ZqMMDaljx06l67NNTHxfFf3AGC3LimjeCP5wLkzYPIx6XzFbx23XYlergw5kqrcqGloiJ_zs4CXdGYChZui6nZGJPgMZW7SOOUQR752SAQqO7ONacCzAt2-L8zXHLfwU_i6PsI48pVVl_3-OTsv_YqEsLVAlPGfG7DQ585fCQlXZ1j0K3jkG7DwB9kVc-rONVpcSrxyJd3iGviZqbX7Y67cLoci7KbHAbRfMhg6o4MJL_ugk8reBCGHA0jOcP5T46VFNlxdBEqyylsW_SBtRlhsEEUtaSnUK8Ybx5WaSLFaQd4M7Jotv000Gb5hIMKnm1THyOXKRSzE9auAUzRUIpG_XBkTkm6S36q0GRxq61zKLYonlMHLF4CG3FSVLxKiDVL3T7Me8MquzTJIA1USC783m1nBWfl5CwQSXpcRmZ9rhW5z5QnfF1nzVfSkKM8IWVoEmRc=",
            "facilitated_booking_available": true,
            "pnr_count": 1,
            "has_airport_change": false,
            "technical_stops": 0,
            "throw_away_ticketing": false,
            "hidden_city_ticketing": false,
            "virtual_interlining": false
        },
        {
            "id": "0b7717884def4df2b468673f_0|0b7717884def4df2b468673f_1|0b7717884def4df2b468673f_2|0b7717884def4df2b468673f_3",
            "flyFrom": "BUD",
            "flyTo": "HAM",
            "cityFrom": "Budapest",
            "cityCodeFrom": "BUD",
            "cityTo": "Hamburg",
            "cityCodeTo": "HAM",
            "countryFrom": {
                "code": "HU",
                "name": "Hungary"
            },
            "countryTo": {
                "code": "DE",
                "name": "Germany"
            },
            "local_departure": "2024-08-16T17:25:00.000Z",
            "utc_departure": "2024-08-16T15:25:00.000Z",
            "local_arrival": "2024-08-16T21:30:00.000Z",
            "utc_arrival": "2024-08-16T19:30:00.000Z",
            "nightsInDest": 3,
            "quality": 392.333125,
            "distance": 949.98,
            "duration": {
                "departure": 14700,
                "return": 12000,
                "total": 26700
            },
            "price": 309,
            "conversion": {
                "EUR": 309
            },
            "fare": {
                "adults": 309,
                "children": 309,
                "infants": 309
            },
            "fare_locks": {
                "EUR": [
                    {
                        "default": false,
                        "duration": "P1D",
                        "itinerary_price_limit": 509,
                        "itinerary_price_remaining": 309,
                        "fare_lock_kind": "fee",
                        "price": 15.45,
                        "rule_instance_id": 26749,
                        "version": "v1"
                    },
                    {
                        "default": true,
                        "duration": "P3D",
                        "itinerary_price_limit": 509,
                        "itinerary_price_remaining": 309,
                        "fare_lock_kind": "fee",
                        "price": 30.9,
                        "rule_instance_id": 26748,
                        "version": "v1"
                    },
                    {
                        "default": false,
                        "duration": "P7D",
                        "itinerary_price_limit": 509,
                        "itinerary_price_remaining": 309,
                        "fare_lock_kind": "fee",
                        "price": 77.25,
                        "rule_instance_id": 26750,
                        "version": "v1"
                    }
                ]
            },
            "bags_price": {
                "1": 91
            },
            "baglimit": {
                "hand_dimensions_sum": 118,
                "hand_height": 40,
                "hand_length": 55,
                "hand_weight": 8,
                "hand_width": 23,
                "hold_dimensions_sum": 158,
                "hold_height": 52,
                "hold_length": 78,
                "hold_weight": 23,
                "hold_width": 28,
                "personal_item_dimension_sum": 80,
                "personal_item_height": 30,
                "personal_item_length": 40,
                "personal_item_weight": 4,
                "personal_item_width": 10
            },
            "availability": {
                "seats": 9
            },
            "airlines": [
                "LH"
            ],
            "route": [
                {
                    "id": "0b7717884def4df2b468673f_0",
                    "combination_id": "0b7717884def4df2b468673f",
                    "flyFrom": "BUD",
                    "flyTo": "MUC",
                    "cityFrom": "Budapest",
                    "cityCodeFrom": "BUD",
                    "cityTo": "Munich",
                    "cityCodeTo": "MUC",
                    "local_departure": "2024-08-16T17:25:00.000Z",
                    "utc_departure": "2024-08-16T15:25:00.000Z",
                    "local_arrival": "2024-08-16T18:45:00.000Z",
                    "utc_arrival": "2024-08-16T16:45:00.000Z",
                    "airline": "LH",
                    "flight_no": 1679,
                    "operating_carrier": "CL",
                    "operating_flight_no": "",
                    "fare_basis": "TETCLSE4",
                    "fare_category": "M",
                    "fare_classes": "T",
                    "return": 0,
                    "bags_recheck_required": false,
                    "vi_connection": false,
                    "guarantee": false,
                    "equipment": null,
                    "vehicle_type": "aircraft"
                },
                {
                    "id": "0b7717884def4df2b468673f_1",
                    "combination_id": "0b7717884def4df2b468673f",
                    "flyFrom": "MUC",
                    "flyTo": "HAM",
                    "cityFrom": "Munich",
                    "cityCodeFrom": "MUC",
                    "cityTo": "Hamburg",
                    "cityCodeTo": "HAM",
                    "local_departure": "2024-08-16T20:15:00.000Z",
                    "utc_departure": "2024-08-16T18:15:00.000Z",
                    "local_arrival": "2024-08-16T21:30:00.000Z",
                    "utc_arrival": "2024-08-16T19:30:00.000Z",
                    "airline": "LH",
                    "flight_no": 2076,
                    "operating_carrier": "LH",
                    "operating_flight_no": "2076",
                    "fare_basis": "TETCLSE4",
                    "fare_category": "M",
                    "fare_classes": "T",
                    "return": 0,
                    "bags_recheck_required": false,
                    "vi_connection": false,
                    "guarantee": false,
                    "equipment": null,
                    "vehicle_type": "aircraft"
                },
                {
                    "id": "0b7717884def4df2b468673f_2",
                    "combination_id": "0b7717884def4df2b468673f",
                    "flyFrom": "HAM",
                    "flyTo": "MUC",
                    "cityFrom": "Hamburg",
                    "cityCodeFrom": "HAM",
                    "cityTo": "Munich",
                    "cityCodeTo": "MUC",
                    "local_departure": "2024-08-19T20:15:00.000Z",
                    "utc_departure": "2024-08-19T18:15:00.000Z",
                    "local_arrival": "2024-08-19T21:30:00.000Z",
                    "utc_arrival": "2024-08-19T19:30:00.000Z",
                    "airline": "LH",
                    "flight_no": 2073,
                    "operating_carrier": "LH",
                    "operating_flight_no": "2073",
                    "fare_basis": "LETCLSE4",
                    "fare_category": "M",
                    "fare_classes": "L",
                    "return": 1,
                    "bags_recheck_required": false,
                    "vi_connection": false,
                    "guarantee": false,
                    "equipment": null,
                    "vehicle_type": "aircraft"
                },
                {
                    "id": "0b7717884def4df2b468673f_3",
                    "combination_id": "0b7717884def4df2b468673f",
                    "flyFrom": "MUC",
                    "flyTo": "BUD",
                    "cityFrom": "Munich",
                    "cityCodeFrom": "MUC",
                    "cityTo": "Budapest",
                    "cityCodeTo": "BUD",
                    "local_departure": "2024-08-19T22:20:00.000Z",
                    "utc_departure": "2024-08-19T20:20:00.000Z",
                    "local_arrival": "2024-08-19T23:35:00.000Z",
                    "utc_arrival": "2024-08-19T21:35:00.000Z",
                    "airline": "LH",
                    "flight_no": 1682,
                    "operating_carrier": "LH",
                    "operating_flight_no": "1682",
                    "fare_basis": "LETCLSE4",
                    "fare_category": "M",
                    "fare_classes": "L",
                    "return": 1,
                    "bags_recheck_required": false,
                    "vi_connection": false,
                    "guarantee": false,
                    "equipment": null,
                    "vehicle_type": "aircraft"
                }
            ],
            "booking_token": "H0w57rZItMLUrI1gEk0g4udQ9742KwmKMbVDfV9jAsdg1fT35nk4WLQeGuYLnZdGCPAKcAh5Roi4ndHOmrdEzdhKxjJYntpH44HhABKLaZm6zJsaU8uI2SKEiFP6kPjRIikHnoXREoOqomBH62jsPvmDG6XZrat1zxDzeihgp6nFAhUipgXItSnUFgH-EfdfcabGpHfZ4NO8rp4wR9L7ZUBE8P9uyKsDIr5nAvRgyEQ6S6ZbUZKbfQh545XI-TNfNYmO0F11UT0Z88h042l6hQXGsQGyqeJ5s4acHTUo8qyE1hVVMajooHLMykNgD6ACRC7vO5U6-6DZaalj8pnTmp5pbuKqrs_uW-srpjQtboGmzr79nHqeL0SSQS2ja5gDbIXxzxefNiXupYXwEhFBQJy1NszL8M9UoHoXBtNSLYpa9BV25i0XZkXOi99IXhbrRxedpJ6hErkrtvNjC1SAdttRTupFWWa3GGJIFrnXLzRLrqpfqmgkSMA3o0WW6KOe0UX8k1vZYMmo_nAWksA0RZGPRHopFprnjv-wM0gqc4O3Rq1_F3KLAvsGZ1H2B3khNA0BFAtZ81pnn3tnR7lKHSACYk0f-5CDUWkep325xkpHnNooB9Srgo8427bkxMzcLbAFS-huWcaRuNy7KcUdcSrw0yPdiPRldXqXn3om0Vh2w4g2doH2gX5iZKT0WB-wgNA9QRKMoRKthS7_jesclFw==",
            "deep_link": "https://www.kiwi.com/deep?affilid=mihalytest&currency=EUR&flightsId=0b7717884def4df2b468673f_0%7C0b7717884def4df2b468673f_1%7C0b7717884def4df2b468673f_2%7C0b7717884def4df2b468673f_3&from=BUD&lang=en&passengers=1&to=HAM&booking_token=H0w57rZItMLUrI1gEk0g4udQ9742KwmKMbVDfV9jAsdg1fT35nk4WLQeGuYLnZdGCPAKcAh5Roi4ndHOmrdEzdhKxjJYntpH44HhABKLaZm6zJsaU8uI2SKEiFP6kPjRIikHnoXREoOqomBH62jsPvmDG6XZrat1zxDzeihgp6nFAhUipgXItSnUFgH-EfdfcabGpHfZ4NO8rp4wR9L7ZUBE8P9uyKsDIr5nAvRgyEQ6S6ZbUZKbfQh545XI-TNfNYmO0F11UT0Z88h042l6hQXGsQGyqeJ5s4acHTUo8qyE1hVVMajooHLMykNgD6ACRC7vO5U6-6DZaalj8pnTmp5pbuKqrs_uW-srpjQtboGmzr79nHqeL0SSQS2ja5gDbIXxzxefNiXupYXwEhFBQJy1NszL8M9UoHoXBtNSLYpa9BV25i0XZkXOi99IXhbrRxedpJ6hErkrtvNjC1SAdttRTupFWWa3GGJIFrnXLzRLrqpfqmgkSMA3o0WW6KOe0UX8k1vZYMmo_nAWksA0RZGPRHopFprnjv-wM0gqc4O3Rq1_F3KLAvsGZ1H2B3khNA0BFAtZ81pnn3tnR7lKHSACYk0f-5CDUWkep325xkpHnNooB9Srgo8427bkxMzcLbAFS-huWcaRuNy7KcUdcSrw0yPdiPRldXqXn3om0Vh2w4g2doH2gX5iZKT0WB-wgNA9QRKMoRKthS7_jesclFw==",
            "facilitated_booking_available": true,
            "pnr_count": 1,
            "has_airport_change": false,
            "technical_stops": 0,
            "throw_away_ticketing": false,
            "hidden_city_ticketing": false,
            "virtual_interlining": false
        },
        {
            "id": "0b7717884def4df2e8e29af3_0|0b7717884def4df2e8e29af3_1|0b7717884def4df2e8e29af3_2|0b7717884def4df2e8e29af3_3",
            "flyFrom": "BUD",
            "flyTo": "HAM",
            "cityFrom": "Budapest",
            "cityCodeFrom": "BUD",
            "cityTo": "Hamburg",
            "cityCodeTo": "HAM",
            "countryFrom": {
                "code": "HU",
                "name": "Hungary"
            },
            "countryTo": {
                "code": "DE",
                "name": "Germany"
            },
            "local_departure": "2024-08-16T14:45:00.000Z",
            "utc_departure": "2024-08-16T12:45:00.000Z",
            "local_arrival": "2024-08-16T19:15:00.000Z",
            "utc_arrival": "2024-08-16T17:15:00.000Z",
            "nightsInDest": 3,
            "quality": 394.33312,
            "distance": 949.98,
            "duration": {
                "departure": 16200,
                "return": 11400,
                "total": 27600
            },
            "price": 309,
            "conversion": {
                "EUR": 309
            },
            "fare": {
                "adults": 309,
                "children": 309,
                "infants": 309
            },
            "fare_locks": {
                "EUR": [
                    {
                        "default": false,
                        "duration": "P1D",
                        "itinerary_price_limit": 509,
                        "itinerary_price_remaining": 309,
                        "fare_lock_kind": "fee",
                        "price": 15.45,
                        "rule_instance_id": 26749,
                        "version": "v1"
                    },
                    {
                        "default": true,
                        "duration": "P3D",
                        "itinerary_price_limit": 509,
                        "itinerary_price_remaining": 309,
                        "fare_lock_kind": "fee",
                        "price": 30.9,
                        "rule_instance_id": 26748,
                        "version": "v1"
                    },
                    {
                        "default": false,
                        "duration": "P7D",
                        "itinerary_price_limit": 509,
                        "itinerary_price_remaining": 309,
                        "fare_lock_kind": "fee",
                        "price": 77.25,
                        "rule_instance_id": 26750,
                        "version": "v1"
                    }
                ]
            },
            "bags_price": {
                "1": 212.688
            },
            "baglimit": {
                "hand_dimensions_sum": 118,
                "hand_height": 40,
                "hand_length": 55,
                "hand_weight": 8,
                "hand_width": 23,
                "hold_dimensions_sum": 158,
                "hold_height": 52,
                "hold_length": 78,
                "hold_weight": 23,
                "hold_width": 28,
                "personal_item_dimension_sum": 80,
                "personal_item_height": 30,
                "personal_item_length": 40,
                "personal_item_weight": 3,
                "personal_item_width": 10
            },
            "availability": {
                "seats": 5
            },
            "airlines": [
                "LX",
                "OS"
            ],
            "route": [
                {
                    "id": "0b7717884def4df2e8e29af3_0",
                    "combination_id": "0b7717884def4df2e8e29af3",
                    "flyFrom": "BUD",
                    "flyTo": "ZRH",
                    "cityFrom": "Budapest",
                    "cityCodeFrom": "BUD",
                    "cityTo": "Z\u00fcrich",
                    "cityCodeTo": "ZRH",
                    "local_departure": "2024-08-16T14:45:00.000Z",
                    "utc_departure": "2024-08-16T12:45:00.000Z",
                    "local_arrival": "2024-08-16T16:25:00.000Z",
                    "utc_arrival": "2024-08-16T14:25:00.000Z",
                    "airline": "LX",
                    "flight_no": 2255,
                    "operating_carrier": "WK",
                    "operating_flight_no": "",
                    "fare_basis": "TETCLSE4",
                    "fare_category": "M",
                    "fare_classes": "T",
                    "return": 0,
                    "bags_recheck_required": false,
                    "vi_connection": false,
                    "guarantee": false,
                    "equipment": null,
                    "vehicle_type": "aircraft"
                },
                {
                    "id": "0b7717884def4df2e8e29af3_1",
                    "combination_id": "0b7717884def4df2e8e29af3",
                    "flyFrom": "ZRH",
                    "flyTo": "HAM",
                    "cityFrom": "Z\u00fcrich",
                    "cityCodeFrom": "ZRH",
                    "cityTo": "Hamburg",
                    "cityCodeTo": "HAM",
                    "local_departure": "2024-08-16T17:45:00.000Z",
                    "utc_departure": "2024-08-16T15:45:00.000Z",
                    "local_arrival": "2024-08-16T19:15:00.000Z",
                    "utc_arrival": "2024-08-16T17:15:00.000Z",
                    "airline": "LX",
                    "flight_no": 1054,
                    "operating_carrier": "LX",
                    "operating_flight_no": "1054",
                    "fare_basis": "TETCLSE4",
                    "fare_category": "M",
                    "fare_classes": "T",
                    "return": 0,
                    "bags_recheck_required": false,
                    "vi_connection": false,
                    "guarantee": false,
                    "equipment": null,
                    "vehicle_type": "aircraft"
                },
                {
                    "id": "0b7717884def4df2e8e29af3_2",
                    "combination_id": "0b7717884def4df2e8e29af3",
                    "flyFrom": "HAM",
                    "flyTo": "VIE",
                    "cityFrom": "Hamburg",
                    "cityCodeFrom": "HAM",
                    "cityTo": "Vienna",
                    "cityCodeTo": "VIE",
                    "local_departure": "2024-08-19T07:30:00.000Z",
                    "utc_departure": "2024-08-19T05:30:00.000Z",
                    "local_arrival": "2024-08-19T09:00:00.000Z",
                    "utc_arrival": "2024-08-19T07:00:00.000Z",
                    "airline": "OS",
                    "flight_no": 168,
                    "operating_carrier": "OS",
                    "operating_flight_no": "168",
                    "fare_basis": "LETCLSE4",
                    "fare_category": "M",
                    "fare_classes": "L",
                    "return": 1,
                    "bags_recheck_required": false,
                    "vi_connection": false,
                    "guarantee": false,
                    "equipment": null,
                    "vehicle_type": "aircraft"
                },
                {
                    "id": "0b7717884def4df2e8e29af3_3",
                    "combination_id": "0b7717884def4df2e8e29af3",
                    "flyFrom": "VIE",
                    "flyTo": "BUD",
                    "cityFrom": "Vienna",
                    "cityCodeFrom": "VIE",
                    "cityTo": "Budapest",
                    "cityCodeTo": "BUD",
                    "local_departure": "2024-08-19T09:55:00.000Z",
                    "utc_departure": "2024-08-19T07:55:00.000Z",
                    "local_arrival": "2024-08-19T10:40:00.000Z",
                    "utc_arrival": "2024-08-19T08:40:00.000Z",
                    "airline": "OS",
                    "flight_no": 713,
                    "operating_carrier": "OS",
                    "operating_flight_no": "713",
                    "fare_basis": "LETCLSE4",
                    "fare_category": "M",
                    "fare_classes": "L",
                    "return": 1,
                    "bags_recheck_required": false,
                    "vi_connection": false,
                    "guarantee": false,
                    "equipment": null,
                    "vehicle_type": "aircraft"
                }
            ],
            "booking_token": "HSklxIXTZLXqYzND3TvEN2eyGw8nDLr8iJ3n1LSnhiefWmsTcYaJqO4qsnvtcBhdT8xmliNHkPb9pZv5r2l_17HHu8-WcH4RNkVpTJZ6I2KbZYxvqn3qZhKr_xVupLN2mUOh8X0FHVH9TIm_pls9yvEE0hyEamUs2lQsMgNsYbwA3TlCgirMnorKJIXXniLjC0jgJ1SNEJfA5FGz39TuaFkiw7kYjiEkL0P22fQ9395aHgVlmEZESiVdLoncHIkWAp1bVeXkbldf8h3jDfrFULazdTbo9lM59glrgjn6FiKwvy5s50hhMvyTuFYfyP32iJ5UNimZ3US9B7UIyEpq56bjF28bUprkaJvyAwNlsZgEoYDvRGZ1ijBbuOO5OJlak9qx5ZXgzM0S0uub1DcH-raAlk67mx-Irvvx4kcIWGcQ5XetfgqFvv3KKzwK6s5Rxukgb5MhmER_AugZ23WgE3nwQimmOtd0fzV3zDEl9Lo-an1O3mSA1sYSPb3rFD7KJX95S0kVtLBPbG7go3k-rwC5fFLNa5pUf_WWwN1LKDyhPZsoNh-9GU_T8si9nua_YKdER6ZEcKE_mmCXV6S_fboYYxz3HwDfHF-03MSFZuaXNoatNklvGVPQmm5V8iJzKIY2d2a1e9N3wY4ieOmOSbNvUKThOFGjmQHKNBJcPB4EcRB3qOKyM59L4jCGmzENQf-yOdw9WdZgfNPiw1t4C0MDGW9F77E6MPBB1xm9oA2k=",
            "deep_link": "https://www.kiwi.com/deep?affilid=mihalytest&currency=EUR&flightsId=0b7717884def4df2e8e29af3_0%7C0b7717884def4df2e8e29af3_1%7C0b7717884def4df2e8e29af3_2%7C0b7717884def4df2e8e29af3_3&from=BUD&lang=en&passengers=1&to=HAM&booking_token=HSklxIXTZLXqYzND3TvEN2eyGw8nDLr8iJ3n1LSnhiefWmsTcYaJqO4qsnvtcBhdT8xmliNHkPb9pZv5r2l_17HHu8-WcH4RNkVpTJZ6I2KbZYxvqn3qZhKr_xVupLN2mUOh8X0FHVH9TIm_pls9yvEE0hyEamUs2lQsMgNsYbwA3TlCgirMnorKJIXXniLjC0jgJ1SNEJfA5FGz39TuaFkiw7kYjiEkL0P22fQ9395aHgVlmEZESiVdLoncHIkWAp1bVeXkbldf8h3jDfrFULazdTbo9lM59glrgjn6FiKwvy5s50hhMvyTuFYfyP32iJ5UNimZ3US9B7UIyEpq56bjF28bUprkaJvyAwNlsZgEoYDvRGZ1ijBbuOO5OJlak9qx5ZXgzM0S0uub1DcH-raAlk67mx-Irvvx4kcIWGcQ5XetfgqFvv3KKzwK6s5Rxukgb5MhmER_AugZ23WgE3nwQimmOtd0fzV3zDEl9Lo-an1O3mSA1sYSPb3rFD7KJX95S0kVtLBPbG7go3k-rwC5fFLNa5pUf_WWwN1LKDyhPZsoNh-9GU_T8si9nua_YKdER6ZEcKE_mmCXV6S_fboYYxz3HwDfHF-03MSFZuaXNoatNklvGVPQmm5V8iJzKIY2d2a1e9N3wY4ieOmOSbNvUKThOFGjmQHKNBJcPB4EcRB3qOKyM59L4jCGmzENQf-yOdw9WdZgfNPiw1t4C0MDGW9F77E6MPBB1xm9oA2k=",
            "facilitated_booking_available": true,
            "pnr_count": 1,
            "has_airport_change": false,
            "technical_stops": 0,
            "throw_away_ticketing": false,
            "hidden_city_ticketing": false,
            "virtual_interlining": false
        },
        {
            "id": "0b7717884def4df2bb4bd8ff_0|0b7717884def4df2bb4bd8ff_1|0b7717884def4df2bb4bd8ff_2|0b7717884def4df2bb4bd8ff_3",
            "flyFrom": "BUD",
            "flyTo": "HAM",
            "cityFrom": "Budapest",
            "cityCodeFrom": "BUD",
            "cityTo": "Hamburg",
            "cityCodeTo": "HAM",
            "countryFrom": {
                "code": "HU",
                "name": "Hungary"
            },
            "countryTo": {
                "code": "DE",
                "name": "Germany"
            },
            "local_departure": "2024-08-16T18:00:00.000Z",
            "utc_departure": "2024-08-16T16:00:00.000Z",
            "local_arrival": "2024-08-16T22:20:00.000Z",
            "utc_arrival": "2024-08-16T20:20:00.000Z",
            "nightsInDest": 3,
            "quality": 394.33312,
            "distance": 949.98,
            "duration": {
                "departure": 15600,
                "return": 12000,
                "total": 27600
            },
            "price": 309,
            "conversion": {
                "EUR": 309
            },
            "fare": {
                "adults": 309,
                "children": 309,
                "infants": 309
            },
            "fare_locks": {
                "EUR": [
                    {
                        "default": false,
                        "duration": "P1D",
                        "itinerary_price_limit": 509,
                        "itinerary_price_remaining": 309,
                        "fare_lock_kind": "fee",
                        "price": 15.45,
                        "rule_instance_id": 26749,
                        "version": "v1"
                    },
                    {
                        "default": true,
                        "duration": "P3D",
                        "itinerary_price_limit": 509,
                        "itinerary_price_remaining": 309,
                        "fare_lock_kind": "fee",
                        "price": 30.9,
                        "rule_instance_id": 26748,
                        "version": "v1"
                    },
                    {
                        "default": false,
                        "duration": "P7D",
                        "itinerary_price_limit": 509,
                        "itinerary_price_remaining": 309,
                        "fare_lock_kind": "fee",
                        "price": 77.25,
                        "rule_instance_id": 26750,
                        "version": "v1"
                    }
                ]
            },
            "bags_price": {
                "1": 77
            },
            "baglimit": {
                "hand_dimensions_sum": 118,
                "hand_height": 40,
                "hand_length": 55,
                "hand_weight": 5,
                "hand_width": 23,
                "hold_dimensions_sum": 158,
                "hold_height": 52,
                "hold_length": 78,
                "hold_weight": 23,
                "hold_width": 28,
                "personal_item_dimension_sum": 80,
                "personal_item_height": 30,
                "personal_item_length": 40,
                "personal_item_weight": 3,
                "personal_item_width": 10
            },
            "availability": {
                "seats": 5
            },
            "airlines": [
                "SN",
                "LH"
            ],
            "route": [
                {
                    "id": "0b7717884def4df2bb4bd8ff_0",
                    "combination_id": "0b7717884def4df2bb4bd8ff",
                    "flyFrom": "BUD",
                    "flyTo": "BRU",
                    "cityFrom": "Budapest",
                    "cityCodeFrom": "BUD",
                    "cityTo": "Brussels",
                    "cityCodeTo": "BRU",
                    "local_departure": "2024-08-16T18:00:00.000Z",
                    "utc_departure": "2024-08-16T16:00:00.000Z",
                    "local_arrival": "2024-08-16T20:05:00.000Z",
                    "utc_arrival": "2024-08-16T18:05:00.000Z",
                    "airline": "SN",
                    "flight_no": 2826,
                    "operating_carrier": "SN",
                    "operating_flight_no": "2826",
                    "fare_basis": "TETCLSE4",
                    "fare_category": "M",
                    "fare_classes": "T",
                    "return": 0,
                    "bags_recheck_required": false,
                    "vi_connection": false,
                    "guarantee": false,
                    "equipment": null,
                    "vehicle_type": "aircraft"
                },
                {
                    "id": "0b7717884def4df2bb4bd8ff_1",
                    "combination_id": "0b7717884def4df2bb4bd8ff",
                    "flyFrom": "BRU",
                    "flyTo": "HAM",
                    "cityFrom": "Brussels",
                    "cityCodeFrom": "BRU",
                    "cityTo": "Hamburg",
                    "cityCodeTo": "HAM",
                    "local_departure": "2024-08-16T21:05:00.000Z",
                    "utc_departure": "2024-08-16T19:05:00.000Z",
                    "local_arrival": "2024-08-16T22:20:00.000Z",
                    "utc_arrival": "2024-08-16T20:20:00.000Z",
                    "airline": "SN",
                    "flight_no": 2629,
                    "operating_carrier": "SN",
                    "operating_flight_no": "2629",
                    "fare_basis": "TETCLSE4",
                    "fare_category": "M",
                    "fare_classes": "T",
                    "return": 0,
                    "bags_recheck_required": false,
                    "vi_connection": false,
                    "guarantee": false,
                    "equipment": null,
                    "vehicle_type": "aircraft"
                },
                {
                    "id": "0b7717884def4df2bb4bd8ff_2",
                    "combination_id": "0b7717884def4df2bb4bd8ff",
                    "flyFrom": "HAM",
                    "flyTo": "MUC",
                    "cityFrom": "Hamburg",
                    "cityCodeFrom": "HAM",
                    "cityTo": "Munich",
                    "cityCodeTo": "MUC",
                    "local_departure": "2024-08-19T20:15:00.000Z",
                    "utc_departure": "2024-08-19T18:15:00.000Z",
                    "local_arrival": "2024-08-19T21:30:00.000Z",
                    "utc_arrival": "2024-08-19T19:30:00.000Z",
                    "airline": "LH",
                    "flight_no": 2073,
                    "operating_carrier": "LH",
                    "operating_flight_no": "2073",
                    "fare_basis": "LETCLSE4",
                    "fare_category": "M",
                    "fare_classes": "L",
                    "return": 1,
                    "bags_recheck_required": false,
                    "vi_connection": false,
                    "guarantee": false,
                    "equipment": null,
                    "vehicle_type": "aircraft"
                },
                {
                    "id": "0b7717884def4df2bb4bd8ff_3",
                    "combination_id": "0b7717884def4df2bb4bd8ff",
                    "flyFrom": "MUC",
                    "flyTo": "BUD",
                    "cityFrom": "Munich",
                    "cityCodeFrom": "MUC",
                    "cityTo": "Budapest",
                    "cityCodeTo": "BUD",
                    "local_departure": "2024-08-19T22:20:00.000Z",
                    "utc_departure": "2024-08-19T20:20:00.000Z",
                    "local_arrival": "2024-08-19T23:35:00.000Z",
                    "utc_arrival": "2024-08-19T21:35:00.000Z",
                    "airline": "LH",
                    "flight_no": 1682,
                    "operating_carrier": "LH",
                    "operating_flight_no": "1682",
                    "fare_basis": "LETCLSE4",
                    "fare_category": "M",
                    "fare_classes": "L",
                    "return": 1,
                    "bags_recheck_required": false,
                    "vi_connection": false,
                    "guarantee": false,
                    "equipment": null,
                    "vehicle_type": "aircraft"
                }
            ],
            "booking_token": "H4yb9ViSKNVWCv_9J5FcsVwgeXf36cnrEzc7oAxONryUxA9wawM9aiuTnvtM9aeLAOwzRp_F-7raPynle6V4f6FMhsipgu6mePgZZvi2Bfv5_piYT6yu8q6b6beeQTOEKbAOcP1cWJeLcjwYNLC3mhRzlm3KE28L94lH71HW9reYcvJ9stvZkKiSEaCrPAzEC8_xTxtXjbEuTPaIaARZaDwr1fIiF3O3Iqr5A_aqavbsr8RrAqk-aX3KfBoKJ1bEDoDzXMCBjMfOKzUlgaUV3M5Ra0s-Nj_7UZPk7NI4aAEZ90hl5DwM986FNWwe7vEzHoWYV7IQDi9AB4Gb2K_3SGWxIOaTe72mpEoybksvQsnqtqLT2vcsoppNoFrsQUfeKENbXLh7iYfOVsNeN_4JCtiv124207CTEvqXNs-pofdJB5gRREJ5CWTf8lmQOA5BAUrPw3U5cLucIWwEWlXE0LM2P8M0DoHIm-BGz2yomyGPCG3QVyb3Cr94LxONBDvmeqrEFat2VJUFQzWkgChVQhLvgektQfI6-0SHTpzzSQNRPaykUpwSe2BdnAgffl5JaPTW75gIMP8mdKTiA8P6pw0uR8wkjivj_1e3ygIJG9alyntn-Sq04A0mK_i51S_1bZ3QESDUpQxc6mOy_C02d6sw_DAOpEZs4bVAHUbauaepYQ-7UgpsYl9JtFRM5Nx3MZveNgCLFYT3gmxu0-gho8VZQG3Jhf44S7HnSJq8Rq7mwHMRlmO7I3t0Zno7Ke63i",
            "deep_link": "https://www.kiwi.com/deep?affilid=mihalytest&currency=EUR&flightsId=0b7717884def4df2bb4bd8ff_0%7C0b7717884def4df2bb4bd8ff_1%7C0b7717884def4df2bb4bd8ff_2%7C0b7717884def4df2bb4bd8ff_3&from=BUD&lang=en&passengers=1&to=HAM&booking_token=H4yb9ViSKNVWCv_9J5FcsVwgeXf36cnrEzc7oAxONryUxA9wawM9aiuTnvtM9aeLAOwzRp_F-7raPynle6V4f6FMhsipgu6mePgZZvi2Bfv5_piYT6yu8q6b6beeQTOEKbAOcP1cWJeLcjwYNLC3mhRzlm3KE28L94lH71HW9reYcvJ9stvZkKiSEaCrPAzEC8_xTxtXjbEuTPaIaARZaDwr1fIiF3O3Iqr5A_aqavbsr8RrAqk-aX3KfBoKJ1bEDoDzXMCBjMfOKzUlgaUV3M5Ra0s-Nj_7UZPk7NI4aAEZ90hl5DwM986FNWwe7vEzHoWYV7IQDi9AB4Gb2K_3SGWxIOaTe72mpEoybksvQsnqtqLT2vcsoppNoFrsQUfeKENbXLh7iYfOVsNeN_4JCtiv124207CTEvqXNs-pofdJB5gRREJ5CWTf8lmQOA5BAUrPw3U5cLucIWwEWlXE0LM2P8M0DoHIm-BGz2yomyGPCG3QVyb3Cr94LxONBDvmeqrEFat2VJUFQzWkgChVQhLvgektQfI6-0SHTpzzSQNRPaykUpwSe2BdnAgffl5JaPTW75gIMP8mdKTiA8P6pw0uR8wkjivj_1e3ygIJG9alyntn-Sq04A0mK_i51S_1bZ3QESDUpQxc6mOy_C02d6sw_DAOpEZs4bVAHUbauaepYQ-7UgpsYl9JtFRM5Nx3MZveNgCLFYT3gmxu0-gho8VZQG3Jhf44S7HnSJq8Rq7mwHMRlmO7I3t0Zno7Ke63i",
            "facilitated_booking_available": true,
            "pnr_count": 1,
            "has_airport_change": false,
            "technical_stops": 0,
            "throw_away_ticketing": false,
            "hidden_city_ticketing": false,
            "virtual_interlining": false
        },
        {
            "id": "0b7717884de8000011598414_0|17880b774dea00009165578c_0|17880b774dea00009165578c_1",
            "flyFrom": "BUD",
            "flyTo": "HAM",
            "cityFrom": "Budapest",
            "cityCodeFrom": "BUD",
            "cityTo": "Hamburg",
            "cityCodeTo": "HAM",
            "countryFrom": {
                "code": "HU",
                "name": "Hungary"
            },
            "countryTo": {
                "code": "DE",
                "name": "Germany"
            },
            "local_departure": "2024-08-09T20:45:00.000Z",
            "utc_departure": "2024-08-09T18:45:00.000Z",
            "local_arrival": "2024-08-09T22:30:00.000Z",
            "utc_arrival": "2024-08-09T20:30:00.000Z",
            "nightsInDest": 2,
            "quality": 381.99982,
            "distance": 949.98,
            "duration": {
                "departure": 6300,
                "return": 15300,
                "total": 21600
            },
            "price": 310,
            "conversion": {
                "EUR": 310
            },
            "fare": {
                "adults": 310,
                "children": 310,
                "infants": 310
            },
            "fare_locks": {
                "EUR": [
                    {
                        "default": false,
                        "duration": "P1D",
                        "itinerary_price_limit": 510,
                        "itinerary_price_remaining": 310,
                        "fare_lock_kind": "fee",
                        "price": 15.5,
                        "rule_instance_id": 26749,
                        "version": "v1"
                    },
                    {
                        "default": true,
                        "duration": "P3D",
                        "itinerary_price_limit": 510,
                        "itinerary_price_remaining": 310,
                        "fare_lock_kind": "fee",
                        "price": 31,
                        "rule_instance_id": 26748,
                        "version": "v1"
                    }
                ]
            },
            "bags_price": {
                "1": 92.4,
                "2": 322
            },
            "baglimit": {
                "hand_dimensions_sum": 118,
                "hand_height": 40,
                "hand_length": 55,
                "hand_weight": 8,
                "hand_width": 23,
                "hold_dimensions_sum": 158,
                "hold_height": 52,
                "hold_length": 78,
                "hold_weight": 23,
                "hold_width": 28,
                "personal_item_dimension_sum": 95,
                "personal_item_height": 30,
                "personal_item_length": 40,
                "personal_item_weight": 8,
                "personal_item_width": 25
            },
            "availability": {
                "seats": 2
            },
            "airlines": [
                "EW"
            ],
            "route": [
                {
                    "id": "0b7717884de8000011598414_0",
                    "combination_id": "0b7717884de8000011598414",
                    "flyFrom": "BUD",
                    "flyTo": "HAM",
                    "cityFrom": "Budapest",
                    "cityCodeFrom": "BUD",
                    "cityTo": "Hamburg",
                    "cityCodeTo": "HAM",
                    "local_departure": "2024-08-09T20:45:00.000Z",
                    "utc_departure": "2024-08-09T18:45:00.000Z",
                    "local_arrival": "2024-08-09T22:30:00.000Z",
                    "utc_arrival": "2024-08-09T20:30:00.000Z",
                    "airline": "EW",
                    "flight_no": 7783,
                    "operating_carrier": "EW",
                    "operating_flight_no": "7783",
                    "fare_basis": "",
                    "fare_category": "M",
                    "fare_classes": "",
                    "return": 0,
                    "bags_recheck_required": false,
                    "vi_connection": false,
                    "guarantee": false,
                    "equipment": null,
                    "vehicle_type": "aircraft"
                },
                {
                    "id": "17880b774dea00009165578c_0",
                    "combination_id": "17880b774dea00009165578c",
                    "flyFrom": "HAM",
                    "flyTo": "STR",
                    "cityFrom": "Hamburg",
                    "cityCodeFrom": "HAM",
                    "cityTo": "Stuttgart",
                    "cityCodeTo": "STR",
                    "local_departure": "2024-08-11T16:00:00.000Z",
                    "utc_departure": "2024-08-11T14:00:00.000Z",
                    "local_arrival": "2024-08-11T17:15:00.000Z",
                    "utc_arrival": "2024-08-11T15:15:00.000Z",
                    "airline": "EW",
                    "flight_no": 7042,
                    "operating_carrier": "EW",
                    "operating_flight_no": "7042",
                    "fare_basis": "",
                    "fare_category": "M",
                    "fare_classes": "",
                    "return": 1,
                    "bags_recheck_required": false,
                    "vi_connection": false,
                    "guarantee": false,
                    "equipment": null,
                    "vehicle_type": "aircraft"
                },
                {
                    "id": "17880b774dea00009165578c_1",
                    "combination_id": "17880b774dea00009165578c",
                    "flyFrom": "STR",
                    "flyTo": "BUD",
                    "cityFrom": "Stuttgart",
                    "cityCodeFrom": "STR",
                    "cityTo": "Budapest",
                    "cityCodeTo": "BUD",
                    "local_departure": "2024-08-11T18:50:00.000Z",
                    "utc_departure": "2024-08-11T16:50:00.000Z",
                    "local_arrival": "2024-08-11T20:15:00.000Z",
                    "utc_arrival": "2024-08-11T18:15:00.000Z",
                    "airline": "EW",
                    "flight_no": 2784,
                    "operating_carrier": "EW",
                    "operating_flight_no": "2784",
                    "fare_basis": "",
                    "fare_category": "M",
                    "fare_classes": "",
                    "return": 1,
                    "bags_recheck_required": false,
                    "vi_connection": false,
                    "guarantee": false,
                    "equipment": null,
                    "vehicle_type": "aircraft"
                }
            ],
            "booking_token": "HfpNpNhRpPZA7hSc16QtrF95cdMVAs_LN1qebfkCDjnOTc6kBaZVBBC9r0i3VoXGFZS18QONZiQk3rn57tu2fGnly_pqJxlJpe-bqIVLLG-hIkLsEOLVd9E5A6LuXJhPt6NX00l-8bUigU5TBOMo4FHeKwJjCgWFgSJ2eL-Uyyqt3gpCdi3pITZA2ipUSNr6YG3x-Fs7Fxf2ugTBrw4s9wyQL8tkx1BwE6lsHaZKprXj1rJrkpvoO5m2e5NsTilsnlcHfA9ysZBCmWdY_cDfmhtwuhZ_vbq6cIYquDKOdg6Dfpo1UAZ4J7FwvEWh_7NupJzGbxRTgnqkE0ihJcmVUNhnv37f54MLvkS-GzkGKbwGFISp1KbQlFkKBKyVEtTVVeYqs1s-AE0YVGCU57C6-O02mHhrmNCFGkPGx6fE83jzvs8bD5VqwA9gMUWkvH1xELNajtMNoqaTdQtu72H89WBzzhHZVxJixPkdJrgNhUTgH3hGe26Vu0dFJTx93uIcEYwt-RX9LC-CCgSx1dD5tJKAd1deixmlIjoGK1u7seRk3VGTPZAaidWweaIO6iwhCzFiF6gOFium7xzYjCeuUegiJMumC58OsA2OEmIduG-ryEvEic69WiEHzznjOmocgnpPkOF6OHu-S9Hv58AlM0rYb9WX3EYuGy0xXvJfRSxu7EMJDGgPIlcmoAgqi0DQn6ZxQY-vQfKztQjKsq-wBXNOEo75uBMqhy4ewuD1akq0=",
            "deep_link": "https://www.kiwi.com/deep?affilid=mihalytest&currency=EUR&flightsId=0b7717884de8000011598414_0%7C17880b774dea00009165578c_0%7C17880b774dea00009165578c_1&from=BUD&lang=en&passengers=1&to=HAM&booking_token=HfpNpNhRpPZA7hSc16QtrF95cdMVAs_LN1qebfkCDjnOTc6kBaZVBBC9r0i3VoXGFZS18QONZiQk3rn57tu2fGnly_pqJxlJpe-bqIVLLG-hIkLsEOLVd9E5A6LuXJhPt6NX00l-8bUigU5TBOMo4FHeKwJjCgWFgSJ2eL-Uyyqt3gpCdi3pITZA2ipUSNr6YG3x-Fs7Fxf2ugTBrw4s9wyQL8tkx1BwE6lsHaZKprXj1rJrkpvoO5m2e5NsTilsnlcHfA9ysZBCmWdY_cDfmhtwuhZ_vbq6cIYquDKOdg6Dfpo1UAZ4J7FwvEWh_7NupJzGbxRTgnqkE0ihJcmVUNhnv37f54MLvkS-GzkGKbwGFISp1KbQlFkKBKyVEtTVVeYqs1s-AE0YVGCU57C6-O02mHhrmNCFGkPGx6fE83jzvs8bD5VqwA9gMUWkvH1xELNajtMNoqaTdQtu72H89WBzzhHZVxJixPkdJrgNhUTgH3hGe26Vu0dFJTx93uIcEYwt-RX9LC-CCgSx1dD5tJKAd1deixmlIjoGK1u7seRk3VGTPZAaidWweaIO6iwhCzFiF6gOFium7xzYjCeuUegiJMumC58OsA2OEmIduG-ryEvEic69WiEHzznjOmocgnpPkOF6OHu-S9Hv58AlM0rYb9WX3EYuGy0xXvJfRSxu7EMJDGgPIlcmoAgqi0DQn6ZxQY-vQfKztQjKsq-wBXNOEo75uBMqhy4ewuD1akq0=",
            "facilitated_booking_available": true,
            "pnr_count": 2,
            "has_airport_change": false,
            "technical_stops": 0,
            "throw_away_ticketing": false,
            "hidden_city_ticketing": false,
            "virtual_interlining": false
        },
        {
            "id": "0b7717884de6000097dfbde4_0|17880b774dea00009165578c_0|17880b774dea00009165578c_1",
            "flyFrom": "BUD",
            "flyTo": "HAM",
            "cityFrom": "Budapest",
            "cityCodeFrom": "BUD",
            "cityTo": "Hamburg",
            "cityCodeTo": "HAM",
            "countryFrom": {
                "code": "HU",
                "name": "Hungary"
            },
            "countryTo": {
                "code": "DE",
                "name": "Germany"
            },
            "local_departure": "2024-08-07T20:45:00.000Z",
            "utc_departure": "2024-08-07T18:45:00.000Z",
            "local_arrival": "2024-08-07T22:30:00.000Z",
            "utc_arrival": "2024-08-07T20:30:00.000Z",
            "nightsInDest": 4,
            "quality": 381.99982,
            "distance": 949.98,
            "duration": {
                "departure": 6300,
                "return": 15300,
                "total": 21600
            },
            "price": 310,
            "conversion": {
                "EUR": 310
            },
            "fare": {
                "adults": 310,
                "children": 310,
                "infants": 310
            },
            "bags_price": {
                "1": 92.4,
                "2": 322
            },
            "baglimit": {
                "hand_dimensions_sum": 118,
                "hand_height": 40,
                "hand_length": 55,
                "hand_weight": 8,
                "hand_width": 23,
                "hold_dimensions_sum": 158,
                "hold_height": 52,
                "hold_length": 78,
                "hold_weight": 23,
                "hold_width": 28,
                "personal_item_dimension_sum": 95,
                "personal_item_height": 30,
                "personal_item_length": 40,
                "personal_item_weight": 8,
                "personal_item_width": 25
            },
            "availability": {
                "seats": 2
            },
            "airlines": [
                "EW"
            ],
            "route": [
                {
                    "id": "0b7717884de6000097dfbde4_0",
                    "combination_id": "0b7717884de6000097dfbde4",
                    "flyFrom": "BUD",
                    "flyTo": "HAM",
                    "cityFrom": "Budapest",
                    "cityCodeFrom": "BUD",
                    "cityTo": "Hamburg",
                    "cityCodeTo": "HAM",
                    "local_departure": "2024-08-07T20:45:00.000Z",
                    "utc_departure": "2024-08-07T18:45:00.000Z",
                    "local_arrival": "2024-08-07T22:30:00.000Z",
                    "utc_arrival": "2024-08-07T20:30:00.000Z",
                    "airline": "EW",
                    "flight_no": 7783,
                    "operating_carrier": "EW",
                    "operating_flight_no": "7783",
                    "fare_basis": "",
                    "fare_category": "M",
                    "fare_classes": "",
                    "return": 0,
                    "bags_recheck_required": false,
                    "vi_connection": false,
                    "guarantee": false,
                    "equipment": null,
                    "vehicle_type": "aircraft"
                },
                {
                    "id": "17880b774dea00009165578c_0",
                    "combination_id": "17880b774dea00009165578c",
                    "flyFrom": "HAM",
                    "flyTo": "STR",
                    "cityFrom": "Hamburg",
                    "cityCodeFrom": "HAM",
                    "cityTo": "Stuttgart",
                    "cityCodeTo": "STR",
                    "local_departure": "2024-08-11T16:00:00.000Z",
                    "utc_departure": "2024-08-11T14:00:00.000Z",
                    "local_arrival": "2024-08-11T17:15:00.000Z",
                    "utc_arrival": "2024-08-11T15:15:00.000Z",
                    "airline": "EW",
                    "flight_no": 7042,
                    "operating_carrier": "EW",
                    "operating_flight_no": "7042",
                    "fare_basis": "",
                    "fare_category": "M",
                    "fare_classes": "",
                    "return": 1,
                    "bags_recheck_required": false,
                    "vi_connection": false,
                    "guarantee": false,
                    "equipment": null,
                    "vehicle_type": "aircraft"
                },
                {
                    "id": "17880b774dea00009165578c_1",
                    "combination_id": "17880b774dea00009165578c",
                    "flyFrom": "STR",
                    "flyTo": "BUD",
                    "cityFrom": "Stuttgart",
                    "cityCodeFrom": "STR",
                    "cityTo": "Budapest",
                    "cityCodeTo": "BUD",
                    "local_departure": "2024-08-11T18:50:00.000Z",
                    "utc_departure": "2024-08-11T16:50:00.000Z",
                    "local_arrival": "2024-08-11T20:15:00.000Z",
                    "utc_arrival": "2024-08-11T18:15:00.000Z",
                    "airline": "EW",
                    "flight_no": 2784,
                    "operating_carrier": "EW",
                    "operating_flight_no": "2784",
                    "fare_basis": "",
                    "fare_category": "M",
                    "fare_classes": "",
                    "return": 1,
                    "bags_recheck_required": false,
                    "vi_connection": false,
                    "guarantee": false,
                    "equipment": null,
                    "vehicle_type": "aircraft"
                }
            ],
            "booking_token": "HJExrb_hDIEVAmSKZmiIG7HonNGCrOamhsGnC27yVDumYE69UymoXG8FYcQPDNgaWisVGKAJsYSlUDMQizNa-QKIwpy0v0w8Jv_Aw8XvYrlJR_z3h1acoxs7mQDvLVw6Xgqibcejyu12USLKh47WbMTf2YNiqtBUIxqehxJsmuR4QhZcEjOCwvW9vXL1GelCYEui5mvvlDHB35mIe4Fi3B-HOkG-JUaVgplmepLG0f89tUzlXsJNiyDzzxxMdrqZXpSJusKtO6NJnvfdoCHgDlEHs0CCHGXeZzD1RhR795yLVAnyZSBzrNGiJ99TabXyxfnU1vRskQhT6slt5U5dSkkkSKGkOONuxOV8r5cQ81dqQWetDBNt15HAMVhZV_gGC42Ymte1GZ5jzpkYHDshhhqR4a3GX6ArtGvF8VlmQGONSrL9Uoqh9HaI12YW-P-xu_-1ek3FWGn9QtG0FQMs3KfgYX_MNvA1sCs19Oi5e_PJm3qTHFJfToWGwSbejqQSFtDn9pf21dgqtPtC9gLilcSI9BxPrP7VnBaMaOGgur5QR2H-R3Jw0IR85-DQpYioCxOAllfT0oucvZHp4DcCk4KHJR46OhzwMXMSPa99wok667C9niqzAvXMSFT5W4nBwYstQvrhoA4F1o8t-eChgWkhuW16aZjTJus_baYQshBq5tQQMwRdebZuOFCAju12z",
            "deep_link": "https://www.kiwi.com/deep?affilid=mihalytest&currency=EUR&flightsId=0b7717884de6000097dfbde4_0%7C17880b774dea00009165578c_0%7C17880b774dea00009165578c_1&from=BUD&lang=en&passengers=1&to=HAM&booking_token=HJExrb_hDIEVAmSKZmiIG7HonNGCrOamhsGnC27yVDumYE69UymoXG8FYcQPDNgaWisVGKAJsYSlUDMQizNa-QKIwpy0v0w8Jv_Aw8XvYrlJR_z3h1acoxs7mQDvLVw6Xgqibcejyu12USLKh47WbMTf2YNiqtBUIxqehxJsmuR4QhZcEjOCwvW9vXL1GelCYEui5mvvlDHB35mIe4Fi3B-HOkG-JUaVgplmepLG0f89tUzlXsJNiyDzzxxMdrqZXpSJusKtO6NJnvfdoCHgDlEHs0CCHGXeZzD1RhR795yLVAnyZSBzrNGiJ99TabXyxfnU1vRskQhT6slt5U5dSkkkSKGkOONuxOV8r5cQ81dqQWetDBNt15HAMVhZV_gGC42Ymte1GZ5jzpkYHDshhhqR4a3GX6ArtGvF8VlmQGONSrL9Uoqh9HaI12YW-P-xu_-1ek3FWGn9QtG0FQMs3KfgYX_MNvA1sCs19Oi5e_PJm3qTHFJfToWGwSbejqQSFtDn9pf21dgqtPtC9gLilcSI9BxPrP7VnBaMaOGgur5QR2H-R3Jw0IR85-DQpYioCxOAllfT0oucvZHp4DcCk4KHJR46OhzwMXMSPa99wok667C9niqzAvXMSFT5W4nBwYstQvrhoA4F1o8t-eChgWkhuW16aZjTJus_baYQshBq5tQQMwRdebZuOFCAju12z",
            "facilitated_booking_available": true,
            "pnr_count": 2,
            "has_airport_change": false,
            "technical_stops": 0,
            "throw_away_ticketing": false,
            "hidden_city_ticketing": false,
            "virtual_interlining": false
        },
        {
            "id": "0b7717884df64df883ed9e87_0|0b7717884df64df883ed9e87_1|0b7717884df64df883ed9e87_2|0b7717884df64df883ed9e87_3",
            "flyFrom": "BUD",
            "flyTo": "HAM",
            "cityFrom": "Budapest",
            "cityCodeFrom": "BUD",
            "cityTo": "Hamburg",
            "cityCodeTo": "HAM",
            "countryFrom": {
                "code": "HU",
                "name": "Hungary"
            },
            "countryTo": {
                "code": "DE",
                "name": "Germany"
            },
            "local_departure": "2024-08-23T11:20:00.000Z",
            "utc_departure": "2024-08-23T09:20:00.000Z",
            "local_arrival": "2024-08-23T14:10:00.000Z",
            "utc_arrival": "2024-08-23T12:10:00.000Z",
            "nightsInDest": 2,
            "quality": 384.33315,
            "distance": 949.98,
            "duration": {
                "departure": 10200,
                "return": 12000,
                "total": 22200
            },
            "price": 311,
            "conversion": {
                "EUR": 311
            },
            "fare": {
                "adults": 311,
                "children": 311,
                "infants": 311
            },
            "fare_locks": {
                "EUR": [
                    {
                        "default": false,
                        "duration": "P1D",
                        "itinerary_price_limit": 511,
                        "itinerary_price_remaining": 311,
                        "fare_lock_kind": "fee",
                        "price": 15.55,
                        "rule_instance_id": 26749,
                        "version": "v1"
                    },
                    {
                        "default": true,
                        "duration": "P3D",
                        "itinerary_price_limit": 511,
                        "itinerary_price_remaining": 311,
                        "fare_lock_kind": "fee",
                        "price": 31.1,
                        "rule_instance_id": 26748,
                        "version": "v1"
                    },
                    {
                        "default": false,
                        "duration": "P7D",
                        "itinerary_price_limit": 511,
                        "itinerary_price_remaining": 311,
                        "fare_lock_kind": "fee",
                        "price": 77.75,
                        "rule_instance_id": 26750,
                        "version": "v1"
                    }
                ]
            },
            "bags_price": {
                "1": 91
            },
            "baglimit": {
                "hand_dimensions_sum": 118,
                "hand_height": 40,
                "hand_length": 55,
                "hand_weight": 8,
                "hand_width": 23,
                "hold_dimensions_sum": 158,
                "hold_height": 52,
                "hold_length": 78,
                "hold_weight": 23,
                "hold_width": 28,
                "personal_item_dimension_sum": 80,
                "personal_item_height": 30,
                "personal_item_length": 40,
                "personal_item_weight": 3,
                "personal_item_width": 10
            },
            "availability": {
                "seats": 8
            },
            "airlines": [
                "OS",
                "LH"
            ],
            "route": [
                {
                    "id": "0b7717884df64df883ed9e87_0",
                    "combination_id": "0b7717884df64df883ed9e87",
                    "flyFrom": "BUD",
                    "flyTo": "VIE",
                    "cityFrom": "Budapest",
                    "cityCodeFrom": "BUD",
                    "cityTo": "Vienna",
                    "cityCodeTo": "VIE",
                    "local_departure": "2024-08-23T11:20:00.000Z",
                    "utc_departure": "2024-08-23T09:20:00.000Z",
                    "local_arrival": "2024-08-23T12:05:00.000Z",
                    "utc_arrival": "2024-08-23T10:05:00.000Z",
                    "airline": "OS",
                    "flight_no": 714,
                    "operating_carrier": "OS",
                    "operating_flight_no": "714",
                    "fare_basis": "TETCLSE4",
                    "fare_category": "M",
                    "fare_classes": "T",
                    "return": 0,
                    "bags_recheck_required": false,
                    "vi_connection": false,
                    "guarantee": false,
                    "equipment": null,
                    "vehicle_type": "aircraft"
                },
                {
                    "id": "0b7717884df64df883ed9e87_1",
                    "combination_id": "0b7717884df64df883ed9e87",
                    "flyFrom": "VIE",
                    "flyTo": "HAM",
                    "cityFrom": "Vienna",
                    "cityCodeFrom": "VIE",
                    "cityTo": "Hamburg",
                    "cityCodeTo": "HAM",
                    "local_departure": "2024-08-23T12:35:00.000Z",
                    "utc_departure": "2024-08-23T10:35:00.000Z",
                    "local_arrival": "2024-08-23T14:10:00.000Z",
                    "utc_arrival": "2024-08-23T12:10:00.000Z",
                    "airline": "OS",
                    "flight_no": 173,
                    "operating_carrier": "OS",
                    "operating_flight_no": "173",
                    "fare_basis": "TETCLSE4",
                    "fare_category": "M",
                    "fare_classes": "T",
                    "return": 0,
                    "bags_recheck_required": false,
                    "vi_connection": false,
                    "guarantee": false,
                    "equipment": null,
                    "vehicle_type": "aircraft"
                },
                {
                    "id": "0b7717884df64df883ed9e87_2",
                    "combination_id": "0b7717884df64df883ed9e87",
                    "flyFrom": "HAM",
                    "flyTo": "MUC",
                    "cityFrom": "Hamburg",
                    "cityCodeFrom": "HAM",
                    "cityTo": "Munich",
                    "cityCodeTo": "MUC",
                    "local_departure": "2024-08-25T20:15:00.000Z",
                    "utc_departure": "2024-08-25T18:15:00.000Z",
                    "local_arrival": "2024-08-25T21:30:00.000Z",
                    "utc_arrival": "2024-08-25T19:30:00.000Z",
                    "airline": "LH",
                    "flight_no": 2073,
                    "operating_carrier": "LH",
                    "operating_flight_no": "2073",
                    "fare_basis": "LETCLSE4",
                    "fare_category": "M",
                    "fare_classes": "L",
                    "return": 1,
                    "bags_recheck_required": false,
                    "vi_connection": false,
                    "guarantee": false,
                    "equipment": null,
                    "vehicle_type": "aircraft"
                },
                {
                    "id": "0b7717884df64df883ed9e87_3",
                    "combination_id": "0b7717884df64df883ed9e87",
                    "flyFrom": "MUC",
                    "flyTo": "BUD",
                    "cityFrom": "Munich",
                    "cityCodeFrom": "MUC",
                    "cityTo": "Budapest",
                    "cityCodeTo": "BUD",
                    "local_departure": "2024-08-25T22:20:00.000Z",
                    "utc_departure": "2024-08-25T20:20:00.000Z",
                    "local_arrival": "2024-08-25T23:35:00.000Z",
                    "utc_arrival": "2024-08-25T21:35:00.000Z",
                    "airline": "LH",
                    "flight_no": 1682,
                    "operating_carrier": "LH",
                    "operating_flight_no": "1682",
                    "fare_basis": "LETCLSE4",
                    "fare_category": "M",
                    "fare_classes": "L",
                    "return": 1,
                    "bags_recheck_required": false,
                    "vi_connection": false,
                    "guarantee": false,
                    "equipment": null,
                    "vehicle_type": "aircraft"
                }
            ],
            "booking_token": "H2m2bzT2-ivjMwE0mLZY-9KrknfMe5JFef46OgzEQkSUmgNTX6qq-ZbTD1kPKk4EKN7i0iwC00Fq8wXNPLO34QP91vmtldW8R1P9QLi2HLQomreBCoBtvaGjNj2x-hFMF06XFLqS1xsSLCygRBNKZ66nAt_9FwIkBDf0YDBlIejMXl2LUzWSXlQWntcER8_msU90ZiMgHWY6X9Xlods4M7ip3BiHJzvT_mZbJFRp-5S1FtNn_hmZpXysT9rasibByQlo4YoK_GwD2hUVk8viZhHDds6L1mUdEVpJv189hEv7T93PYI1WaSgxSAzwj-L_OS-oGXZ9nWe7Cd8vrgUNItCVV6z_59MVC9tjFAK7iBfqlZZrWt4ObnOR4EQKOoyTgty1suJGqJMjIFjTJAlaZcjs41zxil63si32PDwTWtqyPVh3CXN4b24Yc-5-plnrM3Fw4l5rChxRpL9vDWqshWHQyVkB52RMKKMAMt65GhyPLEx0ckjCX6Z1xUDZqk5jJgrPE2fW5Jw1gSB7S0l8cw1sY_u3gvr7on9r-x6HmtarPMVc-r_C_eqAJvr_U3qw6-YQPZ2Ab8AY7mTTEaNMD0L6i2s2fzkBvenVF8t-nk-rIQnGuNn5ljlAjteTjj-mlZyM843gMqrGxR5zg7C3hWa579nJ8b5o0LEtxSl5fZGjIUHeF-8dnBqJuRKi42tAC2uBG_wl2RLNlZH4GHVy1zmx4rhdshK7Gt7iCz84EgfH_FUNlv-5u0sSfz3tUjVAa",
            "deep_link": "https://www.kiwi.com/deep?affilid=mihalytest&currency=EUR&flightsId=0b7717884df64df883ed9e87_0%7C0b7717884df64df883ed9e87_1%7C0b7717884df64df883ed9e87_2%7C0b7717884df64df883ed9e87_3&from=BUD&lang=en&passengers=1&to=HAM&booking_token=H2m2bzT2-ivjMwE0mLZY-9KrknfMe5JFef46OgzEQkSUmgNTX6qq-ZbTD1kPKk4EKN7i0iwC00Fq8wXNPLO34QP91vmtldW8R1P9QLi2HLQomreBCoBtvaGjNj2x-hFMF06XFLqS1xsSLCygRBNKZ66nAt_9FwIkBDf0YDBlIejMXl2LUzWSXlQWntcER8_msU90ZiMgHWY6X9Xlods4M7ip3BiHJzvT_mZbJFRp-5S1FtNn_hmZpXysT9rasibByQlo4YoK_GwD2hUVk8viZhHDds6L1mUdEVpJv189hEv7T93PYI1WaSgxSAzwj-L_OS-oGXZ9nWe7Cd8vrgUNItCVV6z_59MVC9tjFAK7iBfqlZZrWt4ObnOR4EQKOoyTgty1suJGqJMjIFjTJAlaZcjs41zxil63si32PDwTWtqyPVh3CXN4b24Yc-5-plnrM3Fw4l5rChxRpL9vDWqshWHQyVkB52RMKKMAMt65GhyPLEx0ckjCX6Z1xUDZqk5jJgrPE2fW5Jw1gSB7S0l8cw1sY_u3gvr7on9r-x6HmtarPMVc-r_C_eqAJvr_U3qw6-YQPZ2Ab8AY7mTTEaNMD0L6i2s2fzkBvenVF8t-nk-rIQnGuNn5ljlAjteTjj-mlZyM843gMqrGxR5zg7C3hWa579nJ8b5o0LEtxSl5fZGjIUHeF-8dnBqJuRKi42tAC2uBG_wl2RLNlZH4GHVy1zmx4rhdshK7Gt7iCz84EgfH_FUNlv-5u0sSfz3tUjVAa",
            "facilitated_booking_available": true,
            "pnr_count": 1,
            "has_airport_change": false,
            "technical_stops": 0,
            "throw_away_ticketing": false,
            "hidden_city_ticketing": false,
            "virtual_interlining": false
        },
        {
            "id": "0b7717884de50000a60a502f_0|0b7717884de50000a60a502f_1|17880b774de6000048039773_0",
            "flyFrom": "BUD",
            "flyTo": "HAM",
            "cityFrom": "Budapest",
            "cityCodeFrom": "BUD",
            "cityTo": "Hamburg",
            "cityCodeTo": "HAM",
            "countryFrom": {
                "code": "HU",
                "name": "Hungary"
            },
            "countryTo": {
                "code": "DE",
                "name": "Germany"
            },
            "local_departure": "2024-08-06T17:30:00.000Z",
            "utc_departure": "2024-08-06T15:30:00.000Z",
            "local_arrival": "2024-08-06T22:10:00.000Z",
            "utc_arrival": "2024-08-06T20:10:00.000Z",
            "nightsInDest": 1,
            "quality": 387.66648,
            "distance": 949.98,
            "duration": {
                "departure": 16800,
                "return": 6000,
                "total": 22800
            },
            "price": 313,
            "conversion": {
                "EUR": 313
            },
            "fare": {
                "adults": 313,
                "children": 313,
                "infants": 313
            },
            "bags_price": {
                "1": 85.4
            },
            "baglimit": {
                "hand_dimensions_sum": 118,
                "hand_height": 40,
                "hand_length": 55,
                "hand_weight": 8,
                "hand_width": 23,
                "hold_dimensions_sum": 158,
                "hold_height": 52,
                "hold_length": 78,
                "hold_weight": 23,
                "hold_width": 28,
                "personal_item_dimension_sum": 82,
                "personal_item_height": 30,
                "personal_item_length": 40,
                "personal_item_weight": 2,
                "personal_item_width": 12
            },
            "availability": {
                "seats": 6
            },
            "airlines": [
                "LO",
                "EW"
            ],
            "route": [
                {
                    "id": "0b7717884de50000a60a502f_0",
                    "combination_id": "0b7717884de50000a60a502f",
                    "flyFrom": "BUD",
                    "flyTo": "WAW",
                    "cityFrom": "Budapest",
                    "cityCodeFrom": "BUD",
                    "cityTo": "Warsaw",
                    "cityCodeTo": "WAW",
                    "local_departure": "2024-08-06T17:30:00.000Z",
                    "utc_departure": "2024-08-06T15:30:00.000Z",
                    "local_arrival": "2024-08-06T18:45:00.000Z",
                    "utc_arrival": "2024-08-06T16:45:00.000Z",
                    "airline": "LO",
                    "flight_no": 538,
                    "operating_carrier": "LO",
                    "operating_flight_no": "538",
                    "fare_basis": "S1SAV3",
                    "fare_category": "M",
                    "fare_classes": "S",
                    "return": 0,
                    "bags_recheck_required": false,
                    "vi_connection": false,
                    "guarantee": false,
                    "equipment": null,
                    "vehicle_type": "aircraft"
                },
                {
                    "id": "0b7717884de50000a60a502f_1",
                    "combination_id": "0b7717884de50000a60a502f",
                    "flyFrom": "WAW",
                    "flyTo": "HAM",
                    "cityFrom": "Warsaw",
                    "cityCodeFrom": "WAW",
                    "cityTo": "Hamburg",
                    "cityCodeTo": "HAM",
                    "local_departure": "2024-08-06T20:30:00.000Z",
                    "utc_departure": "2024-08-06T18:30:00.000Z",
                    "local_arrival": "2024-08-06T22:10:00.000Z",
                    "utc_arrival": "2024-08-06T20:10:00.000Z",
                    "airline": "LO",
                    "flight_no": 401,
                    "operating_carrier": "LO",
                    "operating_flight_no": "401",
                    "fare_basis": "S1SAV3",
                    "fare_category": "M",
                    "fare_classes": "S",
                    "return": 0,
                    "bags_recheck_required": false,
                    "vi_connection": false,
                    "guarantee": false,
                    "equipment": null,
                    "vehicle_type": "aircraft"
                },
                {
                    "id": "17880b774de6000048039773_0",
                    "combination_id": "17880b774de6000048039773",
                    "flyFrom": "HAM",
                    "flyTo": "BUD",
                    "cityFrom": "Hamburg",
                    "cityCodeFrom": "HAM",
                    "cityTo": "Budapest",
                    "cityCodeTo": "BUD",
                    "local_departure": "2024-08-07T18:25:00.000Z",
                    "utc_departure": "2024-08-07T16:25:00.000Z",
                    "local_arrival": "2024-08-07T20:05:00.000Z",
                    "utc_arrival": "2024-08-07T18:05:00.000Z",
                    "airline": "EW",
                    "flight_no": 7782,
                    "operating_carrier": "EW",
                    "operating_flight_no": "7782",
                    "fare_basis": "",
                    "fare_category": "M",
                    "fare_classes": "",
                    "return": 1,
                    "bags_recheck_required": false,
                    "vi_connection": false,
                    "guarantee": false,
                    "equipment": null,
                    "vehicle_type": "aircraft"
                }
            ],
            "booking_token": "H30nurgCbIAyDHXm3zAp6r2cuoHuAoRWV5XMeMBdymFdAM1CMikWzpkFWJfaDwCS65Pg1bYNkJdqQY6yCv42z42hiUNniPUJ_iWraqcNpPnTaGZMCJRukOP7juDcFfqW8nT4df4prqOF6cwATOl5HoqHWlxtULoQ-q1oYvwwULuo_mxed3y0LCgJWLJjSqOkJDlVOAvX2d81b-6EL2FJGjbVbE6XcEmPOUQMOKKZ85qsT--4xJ1xYr1CIk4xowi4ACIZRht3F1c-U_Cw5o9PlEn5F4ui-PKve2LIsgqgnek69Jj1PYCJZ-iTiPOXI3IKp-44t1wG_C-lenz_pAWD7va6E18tRRvGRqlDtqiLMez5A6mdJ6YZ9-shNKaipAv6viiLjYTNmpdqq1TXFDlApEztIFrnhCt8iQOn_vSR_zDJdk6aN8Ftgu85J-mqrlBC08-7pP-zirUXH9tG4B4FlJbqujKTDRFLExLpVF27DB9RBqBUfZ39X6fnRcfmGFA7-hAPXr5JWNvGQXDXuIvdljPertNK3mF7dscdpnmxlTdPgDtB7CbIYEpJnXb3mLM0fJkEZh_OT686rLRdtfbwBop-gE5qFLPLkB1kX_L_PuDo8L5MLq9e2soBfbKJ1zh4j3bucDcJIWrpzi0_hqrfhFW88JYE5_J3zKrmihheHlIWJQjOHY1QFg1e-S7I3ViZU",
            "deep_link": "https://www.kiwi.com/deep?affilid=mihalytest&currency=EUR&flightsId=0b7717884de50000a60a502f_0%7C0b7717884de50000a60a502f_1%7C17880b774de6000048039773_0&from=BUD&lang=en&passengers=1&to=HAM&booking_token=H30nurgCbIAyDHXm3zAp6r2cuoHuAoRWV5XMeMBdymFdAM1CMikWzpkFWJfaDwCS65Pg1bYNkJdqQY6yCv42z42hiUNniPUJ_iWraqcNpPnTaGZMCJRukOP7juDcFfqW8nT4df4prqOF6cwATOl5HoqHWlxtULoQ-q1oYvwwULuo_mxed3y0LCgJWLJjSqOkJDlVOAvX2d81b-6EL2FJGjbVbE6XcEmPOUQMOKKZ85qsT--4xJ1xYr1CIk4xowi4ACIZRht3F1c-U_Cw5o9PlEn5F4ui-PKve2LIsgqgnek69Jj1PYCJZ-iTiPOXI3IKp-44t1wG_C-lenz_pAWD7va6E18tRRvGRqlDtqiLMez5A6mdJ6YZ9-shNKaipAv6viiLjYTNmpdqq1TXFDlApEztIFrnhCt8iQOn_vSR_zDJdk6aN8Ftgu85J-mqrlBC08-7pP-zirUXH9tG4B4FlJbqujKTDRFLExLpVF27DB9RBqBUfZ39X6fnRcfmGFA7-hAPXr5JWNvGQXDXuIvdljPertNK3mF7dscdpnmxlTdPgDtB7CbIYEpJnXb3mLM0fJkEZh_OT686rLRdtfbwBop-gE5qFLPLkB1kX_L_PuDo8L5MLq9e2soBfbKJ1zh4j3bucDcJIWrpzi0_hqrfhFW88JYE5_J3zKrmihheHlIWJQjOHY1QFg1e-S7I3ViZU",
            "facilitated_booking_available": true,
            "pnr_count": 2,
            "has_airport_change": false,
            "technical_stops": 0,
            "throw_away_ticketing": false,
            "hidden_city_ticketing": false,
            "virtual_interlining": false
        },
        {
            "id": "0b7717884de8000011598414_0|17880b774dea000078729e34_0",
            "flyFrom": "BUD",
            "flyTo": "HAM",
            "cityFrom": "Budapest",
            "cityCodeFrom": "BUD",
            "cityTo": "Hamburg",
            "cityCodeTo": "HAM",
            "countryFrom": {
                "code": "HU",
                "name": "Hungary"
            },
            "countryTo": {
                "code": "DE",
                "name": "Germany"
            },
            "local_departure": "2024-08-09T20:45:00.000Z",
            "utc_departure": "2024-08-09T18:45:00.000Z",
            "local_arrival": "2024-08-09T22:30:00.000Z",
            "utc_arrival": "2024-08-09T20:30:00.000Z",
            "nightsInDest": 2,
            "quality": 366.333205,
            "distance": 949.98,
            "duration": {
                "departure": 6300,
                "return": 6000,
                "total": 12300
            },
            "price": 315,
            "conversion": {
                "EUR": 315
            },
            "fare": {
                "adults": 315,
                "children": 315,
                "infants": 315
            },
            "fare_locks": {
                "EUR": [
                    {
                        "default": false,
                        "duration": "P1D",
                        "itinerary_price_limit": 515,
                        "itinerary_price_remaining": 315,
                        "fare_lock_kind": "fee",
                        "price": 15.75,
                        "rule_instance_id": 26749,
                        "version": "v1"
                    },
                    {
                        "default": true,
                        "duration": "P3D",
                        "itinerary_price_limit": 515,
                        "itinerary_price_remaining": 315,
                        "fare_lock_kind": "fee",
                        "price": 31.5,
                        "rule_instance_id": 26748,
                        "version": "v1"
                    }
                ]
            },
            "bags_price": {
                "1": 72.8,
                "2": 282.8
            },
            "baglimit": {
                "hand_dimensions_sum": 118,
                "hand_height": 40,
                "hand_length": 55,
                "hand_weight": 8,
                "hand_width": 23,
                "hold_dimensions_sum": 158,
                "hold_height": 52,
                "hold_length": 78,
                "hold_weight": 23,
                "hold_width": 28,
                "personal_item_dimension_sum": 95,
                "personal_item_height": 30,
                "personal_item_length": 40,
                "personal_item_weight": 8,
                "personal_item_width": 25
            },
            "availability": {
                "seats": 3
            },
            "airlines": [
                "EW"
            ],
            "route": [
                {
                    "id": "0b7717884de8000011598414_0",
                    "combination_id": "0b7717884de8000011598414",
                    "flyFrom": "BUD",
                    "flyTo": "HAM",
                    "cityFrom": "Budapest",
                    "cityCodeFrom": "BUD",
                    "cityTo": "Hamburg",
                    "cityCodeTo": "HAM",
                    "local_departure": "2024-08-09T20:45:00.000Z",
                    "utc_departure": "2024-08-09T18:45:00.000Z",
                    "local_arrival": "2024-08-09T22:30:00.000Z",
                    "utc_arrival": "2024-08-09T20:30:00.000Z",
                    "airline": "EW",
                    "flight_no": 7783,
                    "operating_carrier": "EW",
                    "operating_flight_no": "7783",
                    "fare_basis": "",
                    "fare_category": "M",
                    "fare_classes": "",
                    "return": 0,
                    "bags_recheck_required": false,
                    "vi_connection": false,
                    "guarantee": false,
                    "equipment": null,
                    "vehicle_type": "aircraft"
                },
                {
                    "id": "17880b774dea000078729e34_0",
                    "combination_id": "17880b774dea000078729e34",
                    "flyFrom": "HAM",
                    "flyTo": "BUD",
                    "cityFrom": "Hamburg",
                    "cityCodeFrom": "HAM",
                    "cityTo": "Budapest",
                    "cityCodeTo": "BUD",
                    "local_departure": "2024-08-11T18:25:00.000Z",
                    "utc_departure": "2024-08-11T16:25:00.000Z",
                    "local_arrival": "2024-08-11T20:05:00.000Z",
                    "utc_arrival": "2024-08-11T18:05:00.000Z",
                    "airline": "EW",
                    "flight_no": 7782,
                    "operating_carrier": "EW",
                    "operating_flight_no": "7782",
                    "fare_basis": "",
                    "fare_category": "M",
                    "fare_classes": "",
                    "return": 1,
                    "bags_recheck_required": false,
                    "vi_connection": false,
                    "guarantee": false,
                    "equipment": null,
                    "vehicle_type": "aircraft"
                }
            ],
            "booking_token": "HBpdznTnWwS7Bg3VoDXOlzS-Rpjt3Vl2UGUaF9HGdxe_dtCvvu8aIBTZ3uJZcebYkxJf8p4QNHfUZZGtCDbwwqrgO_XmapSzbtHlqRY8rY53tGPJb6YOpAlxuyvH15_SwLd-hHWdf0iixPfd_RvLAgx4KvnvLd2xHTGwgQWrXv8AAti55TyZ2PoBMPx_aqQXMDAoAQt8qRRDqOtThaSodXe8CMhRWWDqsRJrbtBwRyJuFWgkTbwhRYqQt3L1sx5mDmFmCWJvzOEaqzW-zrzTtdi4bMKRuQ0e8iUe09FYjFEVl1_GlrEzOUVN0QUEXojzHzwCGzea-_kXnhYBAtf0KoJgDGtEabKqwDIIwkQHy5svT7YVH1nMQIrOx5p74o5CmFhVQygiw0pVI6eWIxWhl_dCJT86XNKEGrJ3SPqwO6FkLPlOWO0SQ6tDDnNTSFZwOTXKxIgVNI-1_oCUfKZSBYXlWsVEUS2goklmx1dvk3f-oet44u4Qj5ckTu1WmJuCZlZ1vAaRv5U9vL1Pc0eFe9rbI50Wm5Y-QdoymQnpJCG5MZ13sox1u64Aag9nWZASLZBHFgFLtoWqN-oBgYfhRAvF8N-xTjS1f_u3tBAQ_cr7UfcFhw02N6axIozOaWlEx6WFtwj3-058jXsAInU_oX50WKFYRyjx09k5VHx0J1SsyspSXzjuqrw41sGQGF9kZFHJlNFYA2uH_MmfvU2t3gg==",
            "deep_link": "https://www.kiwi.com/deep?affilid=mihalytest&currency=EUR&flightsId=0b7717884de8000011598414_0%7C17880b774dea000078729e34_0&from=BUD&lang=en&passengers=1&to=HAM&booking_token=HBpdznTnWwS7Bg3VoDXOlzS-Rpjt3Vl2UGUaF9HGdxe_dtCvvu8aIBTZ3uJZcebYkxJf8p4QNHfUZZGtCDbwwqrgO_XmapSzbtHlqRY8rY53tGPJb6YOpAlxuyvH15_SwLd-hHWdf0iixPfd_RvLAgx4KvnvLd2xHTGwgQWrXv8AAti55TyZ2PoBMPx_aqQXMDAoAQt8qRRDqOtThaSodXe8CMhRWWDqsRJrbtBwRyJuFWgkTbwhRYqQt3L1sx5mDmFmCWJvzOEaqzW-zrzTtdi4bMKRuQ0e8iUe09FYjFEVl1_GlrEzOUVN0QUEXojzHzwCGzea-_kXnhYBAtf0KoJgDGtEabKqwDIIwkQHy5svT7YVH1nMQIrOx5p74o5CmFhVQygiw0pVI6eWIxWhl_dCJT86XNKEGrJ3SPqwO6FkLPlOWO0SQ6tDDnNTSFZwOTXKxIgVNI-1_oCUfKZSBYXlWsVEUS2goklmx1dvk3f-oet44u4Qj5ckTu1WmJuCZlZ1vAaRv5U9vL1Pc0eFe9rbI50Wm5Y-QdoymQnpJCG5MZ13sox1u64Aag9nWZASLZBHFgFLtoWqN-oBgYfhRAvF8N-xTjS1f_u3tBAQ_cr7UfcFhw02N6axIozOaWlEx6WFtwj3-058jXsAInU_oX50WKFYRyjx09k5VHx0J1SsyspSXzjuqrw41sGQGF9kZFHJlNFYA2uH_MmfvU2t3gg==",
            "facilitated_booking_available": true,
            "pnr_count": 2,
            "has_airport_change": false,
            "technical_stops": 0,
            "throw_away_ticketing": false,
            "hidden_city_ticketing": false,
            "virtual_interlining": false
        },
        {
            "id": "0b7717884de6000097dfbde4_0|17880b774dea000078729e34_0",
            "flyFrom": "BUD",
            "flyTo": "HAM",
            "cityFrom": "Budapest",
            "cityCodeFrom": "BUD",
            "cityTo": "Hamburg",
            "cityCodeTo": "HAM",
            "countryFrom": {
                "code": "HU",
                "name": "Hungary"
            },
            "countryTo": {
                "code": "DE",
                "name": "Germany"
            },
            "local_departure": "2024-08-07T20:45:00.000Z",
            "utc_departure": "2024-08-07T18:45:00.000Z",
            "local_arrival": "2024-08-07T22:30:00.000Z",
            "utc_arrival": "2024-08-07T20:30:00.000Z",
            "nightsInDest": 4,
            "quality": 366.333205,
            "distance": 949.98,
            "duration": {
                "departure": 6300,
                "return": 6000,
                "total": 12300
            },
            "price": 315,
            "conversion": {
                "EUR": 315
            },
            "fare": {
                "adults": 315,
                "children": 315,
                "infants": 315
            },
            "bags_price": {
                "1": 72.8,
                "2": 282.8
            },
            "baglimit": {
                "hand_dimensions_sum": 118,
                "hand_height": 40,
                "hand_length": 55,
                "hand_weight": 8,
                "hand_width": 23,
                "hold_dimensions_sum": 158,
                "hold_height": 52,
                "hold_length": 78,
                "hold_weight": 23,
                "hold_width": 28,
                "personal_item_dimension_sum": 95,
                "personal_item_height": 30,
                "personal_item_length": 40,
                "personal_item_weight": 8,
                "personal_item_width": 25
            },
            "availability": {
                "seats": 3
            },
            "airlines": [
                "EW"
            ],
            "route": [
                {
                    "id": "0b7717884de6000097dfbde4_0",
                    "combination_id": "0b7717884de6000097dfbde4",
                    "flyFrom": "BUD",
                    "flyTo": "HAM",
                    "cityFrom": "Budapest",
                    "cityCodeFrom": "BUD",
                    "cityTo": "Hamburg",
                    "cityCodeTo": "HAM",
                    "local_departure": "2024-08-07T20:45:00.000Z",
                    "utc_departure": "2024-08-07T18:45:00.000Z",
                    "local_arrival": "2024-08-07T22:30:00.000Z",
                    "utc_arrival": "2024-08-07T20:30:00.000Z",
                    "airline": "EW",
                    "flight_no": 7783,
                    "operating_carrier": "EW",
                    "operating_flight_no": "7783",
                    "fare_basis": "",
                    "fare_category": "M",
                    "fare_classes": "",
                    "return": 0,
                    "bags_recheck_required": false,
                    "vi_connection": false,
                    "guarantee": false,
                    "equipment": null,
                    "vehicle_type": "aircraft"
                },
                {
                    "id": "17880b774dea000078729e34_0",
                    "combination_id": "17880b774dea000078729e34",
                    "flyFrom": "HAM",
                    "flyTo": "BUD",
                    "cityFrom": "Hamburg",
                    "cityCodeFrom": "HAM",
                    "cityTo": "Budapest",
                    "cityCodeTo": "BUD",
                    "local_departure": "2024-08-11T18:25:00.000Z",
                    "utc_departure": "2024-08-11T16:25:00.000Z",
                    "local_arrival": "2024-08-11T20:05:00.000Z",
                    "utc_arrival": "2024-08-11T18:05:00.000Z",
                    "airline": "EW",
                    "flight_no": 7782,
                    "operating_carrier": "EW",
                    "operating_flight_no": "7782",
                    "fare_basis": "",
                    "fare_category": "M",
                    "fare_classes": "",
                    "return": 1,
                    "bags_recheck_required": false,
                    "vi_connection": false,
                    "guarantee": false,
                    "equipment": null,
                    "vehicle_type": "aircraft"
                }
            ],
            "booking_token": "HIvnj5nCjNX5LXrj8SB-wubxw5hwPd3KDPY9Wb6Yru9pxS92UXeBHjF5ttduQd44dV7qR3GbMsULRi7v6uZKQXA7nqIXysT6TucYumqtmP_eFCMky9f4DnBOxhvBlGAGgBWobRdwo26PW1LVFk_4TLRXmiqBxJDex4CBVMW60cdPYn717aHeTqmvSZ7MzZDSyhlge4E3zp8-hqJD2ytkrBjsNrIf-F8ngrqmPZ3jbxXi-Z-GucNkmwmeuT3okkH7i96-HTSsHBSFCCxia9TuIJBcv28acKDgUWMYn-GVpiU9eFyV2y7-L2KyuYQcFC0ZHsOU9heI_z7zTgDe2YeJ5wuEY4bGVdd0rgZ8nSgNfHBoAhtxgcy0pj-CsjPXullbKamLOax6EDaubCu34mzs9ZMt6LJtxEanJ2_cwQYsr5YTB3BoF9crAhUQ71n6V8wToLq6CIBLALIW-uGYPFIP0cBlHL1lOSZrKXEqsNnbMc3fA7TM0BIzz-vFmY0tN9G0vs6du2TWDzKed6DrQQtqKFqPy4lUU42IqjT_rzQ6p9vvnIE_fEWa6D56niWyM3pAUtYC3D3FXOD1mzPtMt2gEOFxVGB6gm0JwBWF22RRA7kR93uBChnzVNp6j8qBSSf5duENjqp0ZBtkgR8_3AkkpeA==",
            "deep_link": "https://www.kiwi.com/deep?affilid=mihalytest&currency=EUR&flightsId=0b7717884de6000097dfbde4_0%7C17880b774dea000078729e34_0&from=BUD&lang=en&passengers=1&to=HAM&booking_token=HIvnj5nCjNX5LXrj8SB-wubxw5hwPd3KDPY9Wb6Yru9pxS92UXeBHjF5ttduQd44dV7qR3GbMsULRi7v6uZKQXA7nqIXysT6TucYumqtmP_eFCMky9f4DnBOxhvBlGAGgBWobRdwo26PW1LVFk_4TLRXmiqBxJDex4CBVMW60cdPYn717aHeTqmvSZ7MzZDSyhlge4E3zp8-hqJD2ytkrBjsNrIf-F8ngrqmPZ3jbxXi-Z-GucNkmwmeuT3okkH7i96-HTSsHBSFCCxia9TuIJBcv28acKDgUWMYn-GVpiU9eFyV2y7-L2KyuYQcFC0ZHsOU9heI_z7zTgDe2YeJ5wuEY4bGVdd0rgZ8nSgNfHBoAhtxgcy0pj-CsjPXullbKamLOax6EDaubCu34mzs9ZMt6LJtxEanJ2_cwQYsr5YTB3BoF9crAhUQ71n6V8wToLq6CIBLALIW-uGYPFIP0cBlHL1lOSZrKXEqsNnbMc3fA7TM0BIzz-vFmY0tN9G0vs6du2TWDzKed6DrQQtqKFqPy4lUU42IqjT_rzQ6p9vvnIE_fEWa6D56niWyM3pAUtYC3D3FXOD1mzPtMt2gEOFxVGB6gm0JwBWF22RRA7kR93uBChnzVNp6j8qBSSf5duENjqp0ZBtkgR8_3AkkpeA==",
            "facilitated_booking_available": true,
            "pnr_count": 2,
            "has_airport_change": false,
            "technical_stops": 0,
            "throw_away_ticketing": false,
            "hidden_city_ticketing": false,
            "virtual_interlining": false
        },
        {
            "id": "0b7717884de4000058002cfc_0|17880b774de60000d9698e52_0|17880b774de60000d9698e52_1",
            "flyFrom": "BUD",
            "flyTo": "HAM",
            "cityFrom": "Budapest",
            "cityCodeFrom": "BUD",
            "cityTo": "Hamburg",
            "cityCodeTo": "HAM",
            "countryFrom": {
                "code": "HU",
                "name": "Hungary"
            },
            "countryTo": {
                "code": "DE",
                "name": "Germany"
            },
            "local_departure": "2024-08-05T08:40:00.000Z",
            "utc_departure": "2024-08-05T06:40:00.000Z",
            "local_arrival": "2024-08-05T10:25:00.000Z",
            "utc_arrival": "2024-08-05T08:25:00.000Z",
            "nightsInDest": 2,
            "quality": 397.9998,
            "distance": 949.98,
            "duration": {
                "departure": 6300,
                "return": 18900,
                "total": 25200
            },
            "price": 318,
            "conversion": {
                "EUR": 318
            },
            "fare": {
                "adults": 318,
                "children": 318,
                "infants": 318
            },
            "bags_price": {
                "1": 85.4
            },
            "baglimit": {
                "hand_dimensions_sum": 118,
                "hand_height": 40,
                "hand_length": 55,
                "hand_weight": 8,
                "hand_width": 23,
                "hold_dimensions_sum": 158,
                "hold_height": 52,
                "hold_length": 78,
                "hold_weight": 23,
                "hold_width": 28,
                "personal_item_dimension_sum": 82,
                "personal_item_height": 30,
                "personal_item_length": 40,
                "personal_item_weight": 2,
                "personal_item_width": 12
            },
            "availability": {
                "seats": 1
            },
            "airlines": [
                "EW",
                "LO"
            ],
            "route": [
                {
                    "id": "0b7717884de4000058002cfc_0",
                    "combination_id": "0b7717884de4000058002cfc",
                    "flyFrom": "BUD",
                    "flyTo": "HAM",
                    "cityFrom": "Budapest",
                    "cityCodeFrom": "BUD",
                    "cityTo": "Hamburg",
                    "cityCodeTo": "HAM",
                    "local_departure": "2024-08-05T08:40:00.000Z",
                    "utc_departure": "2024-08-05T06:40:00.000Z",
                    "local_arrival": "2024-08-05T10:25:00.000Z",
                    "utc_arrival": "2024-08-05T08:25:00.000Z",
                    "airline": "EW",
                    "flight_no": 7785,
                    "operating_carrier": "EW",
                    "operating_flight_no": "7785",
                    "fare_basis": "",
                    "fare_category": "M",
                    "fare_classes": "",
                    "return": 0,
                    "bags_recheck_required": false,
                    "vi_connection": false,
                    "guarantee": false,
                    "equipment": null,
                    "vehicle_type": "aircraft"
                },
                {
                    "id": "17880b774de60000d9698e52_0",
                    "combination_id": "17880b774de60000d9698e52",
                    "flyFrom": "HAM",
                    "flyTo": "WAW",
                    "cityFrom": "Hamburg",
                    "cityCodeFrom": "HAM",
                    "cityTo": "Warsaw",
                    "cityCodeTo": "WAW",
                    "local_departure": "2024-08-07T06:55:00.000Z",
                    "utc_departure": "2024-08-07T04:55:00.000Z",
                    "local_arrival": "2024-08-07T08:25:00.000Z",
                    "utc_arrival": "2024-08-07T06:25:00.000Z",
                    "airline": "LO",
                    "flight_no": 402,
                    "operating_carrier": "LO",
                    "operating_flight_no": "402",
                    "fare_basis": "S1SAV3",
                    "fare_category": "M",
                    "fare_classes": "S",
                    "return": 1,
                    "bags_recheck_required": false,
                    "vi_connection": false,
                    "guarantee": false,
                    "equipment": null,
                    "vehicle_type": "aircraft"
                },
                {
                    "id": "17880b774de60000d9698e52_1",
                    "combination_id": "17880b774de60000d9698e52",
                    "flyFrom": "WAW",
                    "flyTo": "BUD",
                    "cityFrom": "Warsaw",
                    "cityCodeFrom": "WAW",
                    "cityTo": "Budapest",
                    "cityCodeTo": "BUD",
                    "local_departure": "2024-08-07T10:50:00.000Z",
                    "utc_departure": "2024-08-07T08:50:00.000Z",
                    "local_arrival": "2024-08-07T12:10:00.000Z",
                    "utc_arrival": "2024-08-07T10:10:00.000Z",
                    "airline": "LO",
                    "flight_no": 535,
                    "operating_carrier": "LO",
                    "operating_flight_no": "535",
                    "fare_basis": "S1SAV3",
                    "fare_category": "M",
                    "fare_classes": "S",
                    "return": 1,
                    "bags_recheck_required": false,
                    "vi_connection": false,
                    "guarantee": false,
                    "equipment": null,
                    "vehicle_type": "aircraft"
                }
            ],
            "booking_token": "HBILeFfnvxp0NcYumAxcK8ByRPRKJZtT5RFo_TYymws9alDD9ASePisyIr4OGSnRh4ZtuoT1G6HPlFAtneEbxRES4euBaMZu1Htn5MFhzZKf0vtc9xb_NLIX7rIRlZaICHwUzLQ2r0PrwQmQzdGXk7BE9eJuHx2-QHJRkxqyBWiSavEVZEsF62Z4DwUA2IHG-cyKJoNfq2v1Rf5g0wITvAppZYDZ66kxNz14P7lZRX4pjVSF4-oMOx13G8-geghQvXehBMqGjLpjtXxMzPsBvExvSHhcLpzJDneYentMXobQDSdonG346Us2LrabmDKf8IExwLfHyfcynC5Ciz7QBph6nKYpQoTg6FLibfEFfWxUk0IYF2ugltj-5C9drPyUwLtJNTz5aWqCbICVPIhgOpxlZDK9NyFNS_rtWnjHS6QjC-kE4Kdy7nqnc8cYczwqKfv8coIjMg2x03biBjmin5nYkyYxOu6_Dzm0D_fUGWsg9hPoztpz6CCNxhTIqDH5zNUzmAUTz6TvqHVCcs_w2mqDgeM0AH9fCSulzo3fUTZlPlrRJgZnW548zDF-9BLHg6y-Tw05eGPYUgbO4rHCTdGBhE6QYUUGA8R1JCLSidzX5jytB4pIonpxsqu8BCHqFvBnM34Gg8N7BYELgJ_reN-wO_22YD4ivsyymAnZwR8o0XNfL9gZTZ0Auw05J7lOD",
            "deep_link": "https://www.kiwi.com/deep?affilid=mihalytest&currency=EUR&flightsId=0b7717884de4000058002cfc_0%7C17880b774de60000d9698e52_0%7C17880b774de60000d9698e52_1&from=BUD&lang=en&passengers=1&to=HAM&booking_token=HBILeFfnvxp0NcYumAxcK8ByRPRKJZtT5RFo_TYymws9alDD9ASePisyIr4OGSnRh4ZtuoT1G6HPlFAtneEbxRES4euBaMZu1Htn5MFhzZKf0vtc9xb_NLIX7rIRlZaICHwUzLQ2r0PrwQmQzdGXk7BE9eJuHx2-QHJRkxqyBWiSavEVZEsF62Z4DwUA2IHG-cyKJoNfq2v1Rf5g0wITvAppZYDZ66kxNz14P7lZRX4pjVSF4-oMOx13G8-geghQvXehBMqGjLpjtXxMzPsBvExvSHhcLpzJDneYentMXobQDSdonG346Us2LrabmDKf8IExwLfHyfcynC5Ciz7QBph6nKYpQoTg6FLibfEFfWxUk0IYF2ugltj-5C9drPyUwLtJNTz5aWqCbICVPIhgOpxlZDK9NyFNS_rtWnjHS6QjC-kE4Kdy7nqnc8cYczwqKfv8coIjMg2x03biBjmin5nYkyYxOu6_Dzm0D_fUGWsg9hPoztpz6CCNxhTIqDH5zNUzmAUTz6TvqHVCcs_w2mqDgeM0AH9fCSulzo3fUTZlPlrRJgZnW548zDF-9BLHg6y-Tw05eGPYUgbO4rHCTdGBhE6QYUUGA8R1JCLSidzX5jytB4pIonpxsqu8BCHqFvBnM34Gg8N7BYELgJ_reN-wO_22YD4ivsyymAnZwR8o0XNfL9gZTZ0Auw05J7lOD",
            "facilitated_booking_available": true,
            "pnr_count": 2,
            "has_airport_change": false,
            "technical_stops": 0,
            "throw_away_ticketing": false,
            "hidden_city_ticketing": false,
            "virtual_interlining": false
        },
        {
            "id": "0b7717884de4000058002cfc_0|17880b774de70000ee24c452_0|17880b774de70000ee24c452_1",
            "flyFrom": "BUD",
            "flyTo": "HAM",
            "cityFrom": "Budapest",
            "cityCodeFrom": "BUD",
            "cityTo": "Hamburg",
            "cityCodeTo": "HAM",
            "countryFrom": {
                "code": "HU",
                "name": "Hungary"
            },
            "countryTo": {
                "code": "DE",
                "name": "Germany"
            },
            "local_departure": "2024-08-05T08:40:00.000Z",
            "utc_departure": "2024-08-05T06:40:00.000Z",
            "local_arrival": "2024-08-05T10:25:00.000Z",
            "utc_arrival": "2024-08-05T08:25:00.000Z",
            "nightsInDest": 3,
            "quality": 397.9998,
            "distance": 949.98,
            "duration": {
                "departure": 6300,
                "return": 18900,
                "total": 25200
            },
            "price": 318,
            "conversion": {
                "EUR": 318
            },
            "fare": {
                "adults": 318,
                "children": 318,
                "infants": 318
            },
            "bags_price": {
                "1": 85.4
            },
            "baglimit": {
                "hand_dimensions_sum": 118,
                "hand_height": 40,
                "hand_length": 55,
                "hand_weight": 8,
                "hand_width": 23,
                "hold_dimensions_sum": 158,
                "hold_height": 52,
                "hold_length": 78,
                "hold_weight": 23,
                "hold_width": 28,
                "personal_item_dimension_sum": 82,
                "personal_item_height": 30,
                "personal_item_length": 40,
                "personal_item_weight": 2,
                "personal_item_width": 12
            },
            "availability": {
                "seats": 9
            },
            "airlines": [
                "EW",
                "LO"
            ],
            "route": [
                {
                    "id": "0b7717884de4000058002cfc_0",
                    "combination_id": "0b7717884de4000058002cfc",
                    "flyFrom": "BUD",
                    "flyTo": "HAM",
                    "cityFrom": "Budapest",
                    "cityCodeFrom": "BUD",
                    "cityTo": "Hamburg",
                    "cityCodeTo": "HAM",
                    "local_departure": "2024-08-05T08:40:00.000Z",
                    "utc_departure": "2024-08-05T06:40:00.000Z",
                    "local_arrival": "2024-08-05T10:25:00.000Z",
                    "utc_arrival": "2024-08-05T08:25:00.000Z",
                    "airline": "EW",
                    "flight_no": 7785,
                    "operating_carrier": "EW",
                    "operating_flight_no": "7785",
                    "fare_basis": "",
                    "fare_category": "M",
                    "fare_classes": "",
                    "return": 0,
                    "bags_recheck_required": false,
                    "vi_connection": false,
                    "guarantee": false,
                    "equipment": null,
                    "vehicle_type": "aircraft"
                },
                {
                    "id": "17880b774de70000ee24c452_0",
                    "combination_id": "17880b774de70000ee24c452",
                    "flyFrom": "HAM",
                    "flyTo": "WAW",
                    "cityFrom": "Hamburg",
                    "cityCodeFrom": "HAM",
                    "cityTo": "Warsaw",
                    "cityCodeTo": "WAW",
                    "local_departure": "2024-08-08T06:55:00.000Z",
                    "utc_departure": "2024-08-08T04:55:00.000Z",
                    "local_arrival": "2024-08-08T08:25:00.000Z",
                    "utc_arrival": "2024-08-08T06:25:00.000Z",
                    "airline": "LO",
                    "flight_no": 402,
                    "operating_carrier": "LO",
                    "operating_flight_no": "402",
                    "fare_basis": "S1SAV3",
                    "fare_category": "M",
                    "fare_classes": "S",
                    "return": 1,
                    "bags_recheck_required": false,
                    "vi_connection": false,
                    "guarantee": false,
                    "equipment": null,
                    "vehicle_type": "aircraft"
                },
                {
                    "id": "17880b774de70000ee24c452_1",
                    "combination_id": "17880b774de70000ee24c452",
                    "flyFrom": "WAW",
                    "flyTo": "BUD",
                    "cityFrom": "Warsaw",
                    "cityCodeFrom": "WAW",
                    "cityTo": "Budapest",
                    "cityCodeTo": "BUD",
                    "local_departure": "2024-08-08T10:50:00.000Z",
                    "utc_departure": "2024-08-08T08:50:00.000Z",
                    "local_arrival": "2024-08-08T12:10:00.000Z",
                    "utc_arrival": "2024-08-08T10:10:00.000Z",
                    "airline": "LO",
                    "flight_no": 535,
                    "operating_carrier": "LO",
                    "operating_flight_no": "535",
                    "fare_basis": "S1SAV3",
                    "fare_category": "M",
                    "fare_classes": "S",
                    "return": 1,
                    "bags_recheck_required": false,
                    "vi_connection": false,
                    "guarantee": false,
                    "equipment": null,
                    "vehicle_type": "aircraft"
                }
            ],
            "booking_token": "HU0e3aRFaHVzyz8U9T5DXg2dyGZpCbZ7W1AlNyBYWkkIKNkkkaenWWOPHim2CCgMVhtPi5tb9oRz_I7YCEn4PVI7LKBce8hH8i2asDHzVNLV-L0rsciXgkfFtwJW34eNbmJs0OrGkEozfqg-Ox3u64LSaG9tFbMwrcoRGEHI67uVWxNOx0GfJepL2q3xRPwLEAQYG9NdgVBSgnXpLlLMf2odg6vstjPfcf6UWxO-hO5jgZYKXZJRIX5x23NriSlqT1ep8kTn8BwBOMj_jG8sDJ9znJl0GK-H5l8eJ3meAAW9h595-pPrhg04oD-0_ZQv6QyIjhE7XBhjC_I_qzhjaVYdj0C6n7acpmTuUiS7U_dFaYS_6ErOU_I5mZjO3XrRd2AuTcK7ezlcx_6zQYhroYqfrIOOHegaqQnPa2Uvk6wQz3Galq9wPnl6K_WG9Nszw3H3-zLepG2xGWDLdV57vy20fUR2nEjduNeTpfQN4eSTxzwpquXllMrUlMIVYhl06JtE6GSmc73ixnzr5-YfHq0H112t3inkUY4FBmTZSwCuEPHqAQRkmeXfw3L49SD6BkXEF8c5merjbTxFaBDZKiwpbTEZkFCb2Ptj4kOm7HSg8yWJY7AZtz1pjYfmiMbeEG6B4a0lEtBYR6HwpSmnilctXZsBc4HriArNWhhs2wcNyxzwwNpByP_1le5Dzs9Wm",
            "deep_link": "https://www.kiwi.com/deep?affilid=mihalytest&currency=EUR&flightsId=0b7717884de4000058002cfc_0%7C17880b774de70000ee24c452_0%7C17880b774de70000ee24c452_1&from=BUD&lang=en&passengers=1&to=HAM&booking_token=HU0e3aRFaHVzyz8U9T5DXg2dyGZpCbZ7W1AlNyBYWkkIKNkkkaenWWOPHim2CCgMVhtPi5tb9oRz_I7YCEn4PVI7LKBce8hH8i2asDHzVNLV-L0rsciXgkfFtwJW34eNbmJs0OrGkEozfqg-Ox3u64LSaG9tFbMwrcoRGEHI67uVWxNOx0GfJepL2q3xRPwLEAQYG9NdgVBSgnXpLlLMf2odg6vstjPfcf6UWxO-hO5jgZYKXZJRIX5x23NriSlqT1ep8kTn8BwBOMj_jG8sDJ9znJl0GK-H5l8eJ3meAAW9h595-pPrhg04oD-0_ZQv6QyIjhE7XBhjC_I_qzhjaVYdj0C6n7acpmTuUiS7U_dFaYS_6ErOU_I5mZjO3XrRd2AuTcK7ezlcx_6zQYhroYqfrIOOHegaqQnPa2Uvk6wQz3Galq9wPnl6K_WG9Nszw3H3-zLepG2xGWDLdV57vy20fUR2nEjduNeTpfQN4eSTxzwpquXllMrUlMIVYhl06JtE6GSmc73ixnzr5-YfHq0H112t3inkUY4FBmTZSwCuEPHqAQRkmeXfw3L49SD6BkXEF8c5merjbTxFaBDZKiwpbTEZkFCb2Ptj4kOm7HSg8yWJY7AZtz1pjYfmiMbeEG6B4a0lEtBYR6HwpSmnilctXZsBc4HriArNWhhs2wcNyxzwwNpByP_1le5Dzs9Wm",
            "facilitated_booking_available": true,
            "pnr_count": 2,
            "has_airport_change": false,
            "technical_stops": 0,
            "throw_away_ticketing": false,
            "hidden_city_ticketing": false,
            "virtual_interlining": false
        },
        {
            "id": "0b7717884de4000058002cfc_0|17880b774de80000f39a69a5_0|17880b774de80000f39a69a5_1",
            "flyFrom": "BUD",
            "flyTo": "HAM",
            "cityFrom": "Budapest",
            "cityCodeFrom": "BUD",
            "cityTo": "Hamburg",
            "cityCodeTo": "HAM",
            "countryFrom": {
                "code": "HU",
                "name": "Hungary"
            },
            "countryTo": {
                "code": "DE",
                "name": "Germany"
            },
            "local_departure": "2024-08-05T08:40:00.000Z",
            "utc_departure": "2024-08-05T06:40:00.000Z",
            "local_arrival": "2024-08-05T10:25:00.000Z",
            "utc_arrival": "2024-08-05T08:25:00.000Z",
            "nightsInDest": 4,
            "quality": 397.9998,
            "distance": 949.98,
            "duration": {
                "departure": 6300,
                "return": 18900,
                "total": 25200
            },
            "price": 318,
            "conversion": {
                "EUR": 318
            },
            "fare": {
                "adults": 318,
                "children": 318,
                "infants": 318
            },
            "bags_price": {
                "1": 85.4
            },
            "baglimit": {
                "hand_dimensions_sum": 118,
                "hand_height": 40,
                "hand_length": 55,
                "hand_weight": 8,
                "hand_width": 23,
                "hold_dimensions_sum": 158,
                "hold_height": 52,
                "hold_length": 78,
                "hold_weight": 23,
                "hold_width": 28,
                "personal_item_dimension_sum": 82,
                "personal_item_height": 30,
                "personal_item_length": 40,
                "personal_item_weight": 2,
                "personal_item_width": 12
            },
            "availability": {
                "seats": 9
            },
            "airlines": [
                "EW",
                "LO"
            ],
            "route": [
                {
                    "id": "0b7717884de4000058002cfc_0",
                    "combination_id": "0b7717884de4000058002cfc",
                    "flyFrom": "BUD",
                    "flyTo": "HAM",
                    "cityFrom": "Budapest",
                    "cityCodeFrom": "BUD",
                    "cityTo": "Hamburg",
                    "cityCodeTo": "HAM",
                    "local_departure": "2024-08-05T08:40:00.000Z",
                    "utc_departure": "2024-08-05T06:40:00.000Z",
                    "local_arrival": "2024-08-05T10:25:00.000Z",
                    "utc_arrival": "2024-08-05T08:25:00.000Z",
                    "airline": "EW",
                    "flight_no": 7785,
                    "operating_carrier": "EW",
                    "operating_flight_no": "7785",
                    "fare_basis": "",
                    "fare_category": "M",
                    "fare_classes": "",
                    "return": 0,
                    "bags_recheck_required": false,
                    "vi_connection": false,
                    "guarantee": false,
                    "equipment": null,
                    "vehicle_type": "aircraft"
                },
                {
                    "id": "17880b774de80000f39a69a5_0",
                    "combination_id": "17880b774de80000f39a69a5",
                    "flyFrom": "HAM",
                    "flyTo": "WAW",
                    "cityFrom": "Hamburg",
                    "cityCodeFrom": "HAM",
                    "cityTo": "Warsaw",
                    "cityCodeTo": "WAW",
                    "local_departure": "2024-08-09T06:55:00.000Z",
                    "utc_departure": "2024-08-09T04:55:00.000Z",
                    "local_arrival": "2024-08-09T08:25:00.000Z",
                    "utc_arrival": "2024-08-09T06:25:00.000Z",
                    "airline": "LO",
                    "flight_no": 402,
                    "operating_carrier": "LO",
                    "operating_flight_no": "402",
                    "fare_basis": "S1SAV3",
                    "fare_category": "M",
                    "fare_classes": "S",
                    "return": 1,
                    "bags_recheck_required": false,
                    "vi_connection": false,
                    "guarantee": false,
                    "equipment": null,
                    "vehicle_type": "aircraft"
                },
                {
                    "id": "17880b774de80000f39a69a5_1",
                    "combination_id": "17880b774de80000f39a69a5",
                    "flyFrom": "WAW",
                    "flyTo": "BUD",
                    "cityFrom": "Warsaw",
                    "cityCodeFrom": "WAW",
                    "cityTo": "Budapest",
                    "cityCodeTo": "BUD",
                    "local_departure": "2024-08-09T10:50:00.000Z",
                    "utc_departure": "2024-08-09T08:50:00.000Z",
                    "local_arrival": "2024-08-09T12:10:00.000Z",
                    "utc_arrival": "2024-08-09T10:10:00.000Z",
                    "airline": "LO",
                    "flight_no": 535,
                    "operating_carrier": "LO",
                    "operating_flight_no": "535",
                    "fare_basis": "S1SAV3",
                    "fare_category": "M",
                    "fare_classes": "S",
                    "return": 1,
                    "bags_recheck_required": false,
                    "vi_connection": false,
                    "guarantee": false,
                    "equipment": null,
                    "vehicle_type": "aircraft"
                }
            ],
            "booking_token": "H8XG6uA-7HZ5iF3u1xW45YfzyggTrpHG0piN1oxPkVUD3FWifocjhtD3VayjP6fLUXVR9KTf04et-lNvG6VBYxqF5beyeK3gI2zjV--_xtt4Ipmh-h046kcvcjqup5VSvTOVGQV8WulmcAIkFFENs7_Q4e_Q24tm2zDxU5ZSYf73CeeGA_Y54XeK5lUQfQruABxdiKXMVzJiwN-cWskvLBve1YuAmOkDVPPz0yiiSSUnjcrSbsYowSJGxHZA6PvL77gk-VbQ4IDOK_E1Fo80BQqkV4VY9Dp3gPAxHb9RwoRTVoVVKKy2828TbuxrqtheOGVYjBv0jhVsoj6aDq2tQ-4lJKOY_C2SSl9sC4ZiQK6jcVBDioFqsH90tjRg0NTm9WXtF-msMSNpTvqFd5b6XiPXJhDO5tIVz8iWlm0ge7AW3-bt-XfNWQYQmUdgsPTnGVWeM7A7ObatpjT1_T2oGSHBn76x-fwPZVrjxHu6bTnF6mns6dzky_em-ueLdLIwfHe57Hc9QbtCUaeflqtu2u1K678H6upIPa7ZagFvRID-B5NQTZxXKUEsRL0AvHJfN85yJEa5YwqNx-DXYeNyExg56sszOuo99NrZVTxm_D_RxBudZQTpFc6djpULk81GoyAZTPuNi9zqaNk1Sn4kg6bmAihkPgaia0xkEVKAnDhPRAAGXAqrAlS1baT_uRuwK3iAVCxGvDPcIhfZtYAbDkw==",
            "deep_link": "https://www.kiwi.com/deep?affilid=mihalytest&currency=EUR&flightsId=0b7717884de4000058002cfc_0%7C17880b774de80000f39a69a5_0%7C17880b774de80000f39a69a5_1&from=BUD&lang=en&passengers=1&to=HAM&booking_token=H8XG6uA-7HZ5iF3u1xW45YfzyggTrpHG0piN1oxPkVUD3FWifocjhtD3VayjP6fLUXVR9KTf04et-lNvG6VBYxqF5beyeK3gI2zjV--_xtt4Ipmh-h046kcvcjqup5VSvTOVGQV8WulmcAIkFFENs7_Q4e_Q24tm2zDxU5ZSYf73CeeGA_Y54XeK5lUQfQruABxdiKXMVzJiwN-cWskvLBve1YuAmOkDVPPz0yiiSSUnjcrSbsYowSJGxHZA6PvL77gk-VbQ4IDOK_E1Fo80BQqkV4VY9Dp3gPAxHb9RwoRTVoVVKKy2828TbuxrqtheOGVYjBv0jhVsoj6aDq2tQ-4lJKOY_C2SSl9sC4ZiQK6jcVBDioFqsH90tjRg0NTm9WXtF-msMSNpTvqFd5b6XiPXJhDO5tIVz8iWlm0ge7AW3-bt-XfNWQYQmUdgsPTnGVWeM7A7ObatpjT1_T2oGSHBn76x-fwPZVrjxHu6bTnF6mns6dzky_em-ueLdLIwfHe57Hc9QbtCUaeflqtu2u1K678H6upIPa7ZagFvRID-B5NQTZxXKUEsRL0AvHJfN85yJEa5YwqNx-DXYeNyExg56sszOuo99NrZVTxm_D_RxBudZQTpFc6djpULk81GoyAZTPuNi9zqaNk1Sn4kg6bmAihkPgaia0xkEVKAnDhPRAAGXAqrAlS1baT_uRuwK3iAVCxGvDPcIhfZtYAbDkw==",
            "facilitated_booking_available": true,
            "pnr_count": 2,
            "has_airport_change": false,
            "technical_stops": 0,
            "throw_away_ticketing": false,
            "hidden_city_ticketing": false,
            "virtual_interlining": false
        },
        {
            "id": "0b7717884de4000058002cfc_0|17880b774de500005bb86be4_0|17880b774de500005bb86be4_1",
            "flyFrom": "BUD",
            "flyTo": "HAM",
            "cityFrom": "Budapest",
            "cityCodeFrom": "BUD",
            "cityTo": "Hamburg",
            "cityCodeTo": "HAM",
            "countryFrom": {
                "code": "HU",
                "name": "Hungary"
            },
            "countryTo": {
                "code": "DE",
                "name": "Germany"
            },
            "local_departure": "2024-08-05T08:40:00.000Z",
            "utc_departure": "2024-08-05T06:40:00.000Z",
            "local_arrival": "2024-08-05T10:25:00.000Z",
            "utc_arrival": "2024-08-05T08:25:00.000Z",
            "nightsInDest": 1,
            "quality": 399.999795,
            "distance": 949.98,
            "duration": {
                "departure": 6300,
                "return": 19800,
                "total": 26100
            },
            "price": 318,
            "conversion": {
                "EUR": 318
            },
            "fare": {
                "adults": 318,
                "children": 318,
                "infants": 318
            },
            "bags_price": {
                "1": 85.4
            },
            "baglimit": {
                "hand_dimensions_sum": 118,
                "hand_height": 40,
                "hand_length": 55,
                "hand_weight": 8,
                "hand_width": 23,
                "hold_dimensions_sum": 158,
                "hold_height": 52,
                "hold_length": 78,
                "hold_weight": 23,
                "hold_width": 28,
                "personal_item_dimension_sum": 82,
                "personal_item_height": 30,
                "personal_item_length": 40,
                "personal_item_weight": 2,
                "personal_item_width": 12
            },
            "availability": {
                "seats": 9
            },
            "airlines": [
                "EW",
                "LO"
            ],
            "route": [
                {
                    "id": "0b7717884de4000058002cfc_0",
                    "combination_id": "0b7717884de4000058002cfc",
                    "flyFrom": "BUD",
                    "flyTo": "HAM",
                    "cityFrom": "Budapest",
                    "cityCodeFrom": "BUD",
                    "cityTo": "Hamburg",
                    "cityCodeTo": "HAM",
                    "local_departure": "2024-08-05T08:40:00.000Z",
                    "utc_departure": "2024-08-05T06:40:00.000Z",
                    "local_arrival": "2024-08-05T10:25:00.000Z",
                    "utc_arrival": "2024-08-05T08:25:00.000Z",
                    "airline": "EW",
                    "flight_no": 7785,
                    "operating_carrier": "EW",
                    "operating_flight_no": "7785",
                    "fare_basis": "",
                    "fare_category": "M",
                    "fare_classes": "",
                    "return": 0,
                    "bags_recheck_required": false,
                    "vi_connection": false,
                    "guarantee": false,
                    "equipment": null,
                    "vehicle_type": "aircraft"
                },
                {
                    "id": "17880b774de500005bb86be4_0",
                    "combination_id": "17880b774de500005bb86be4",
                    "flyFrom": "HAM",
                    "flyTo": "WAW",
                    "cityFrom": "Hamburg",
                    "cityCodeFrom": "HAM",
                    "cityTo": "Warsaw",
                    "cityCodeTo": "WAW",
                    "local_departure": "2024-08-06T11:20:00.000Z",
                    "utc_departure": "2024-08-06T09:20:00.000Z",
                    "local_arrival": "2024-08-06T12:50:00.000Z",
                    "utc_arrival": "2024-08-06T10:50:00.000Z",
                    "airline": "LO",
                    "flight_no": 400,
                    "operating_carrier": "LO",
                    "operating_flight_no": "400",
                    "fare_basis": "S1SAV3",
                    "fare_category": "M",
                    "fare_classes": "S",
                    "return": 1,
                    "bags_recheck_required": false,
                    "vi_connection": false,
                    "guarantee": false,
                    "equipment": null,
                    "vehicle_type": "aircraft"
                },
                {
                    "id": "17880b774de500005bb86be4_1",
                    "combination_id": "17880b774de500005bb86be4",
                    "flyFrom": "WAW",
                    "flyTo": "BUD",
                    "cityFrom": "Warsaw",
                    "cityCodeFrom": "WAW",
                    "cityTo": "Budapest",
                    "cityCodeTo": "BUD",
                    "local_departure": "2024-08-06T15:30:00.000Z",
                    "utc_departure": "2024-08-06T13:30:00.000Z",
                    "local_arrival": "2024-08-06T16:50:00.000Z",
                    "utc_arrival": "2024-08-06T14:50:00.000Z",
                    "airline": "LO",
                    "flight_no": 537,
                    "operating_carrier": "LO",
                    "operating_flight_no": "537",
                    "fare_basis": "S1SAV3",
                    "fare_category": "M",
                    "fare_classes": "S",
                    "return": 1,
                    "bags_recheck_required": false,
                    "vi_connection": false,
                    "guarantee": false,
                    "equipment": null,
                    "vehicle_type": "aircraft"
                }
            ],
            "booking_token": "HT5eTcsm0kVDilwwsFgV3Ql6TXg_xWF95rgtg2blfcmfJT7i9ScQPVl1U5MPdKWWhOVJ6GkAwIFtGtwfDQzcpwcNrbJcrfFyzmB2awYJAFU0oqbM8sWe5Bqw5uKIHmKYjbsxCmhvzJ05zXNx1VeF8T4ExQz8OxfTTw9FuxIaPNv5CwCwVUiKjfqgh52_AqFlT0MgStO1_9bgkDUucQcAW6ppGuHr2-fzteIhHpFcpC8jpfE0ZFSL4CojAxxYazVXr6ioenXsJsJfDmbac8eQaUERraiBKgGpCtrBoInkpQOJmVMaD32OC4dJm02iN2hxidkXo-G-SdFWnsDIgzjnrJWqfjo0F7-zoRKAmwonKV9uWxOAMwJCJzkLP9NifB70xB7Nqgo6SNKptQYupiY-BWIQjkgygxiE3Z8L2hGSSH2C72Mb-ryYyI27kzEK3NSAw_YUtEm9PB8y_6tPWRa-GU926hSfo6HlTRNhturrndDb52Fr8tPnnNlSbyx--MOcFfwxns7r7-1KPNSnzZNTpJ176E6EzvjsL58gMA0uQRJHwJcVOK9R5VmH35ogJFLeMvlEgssZvLbTDPjJEzKWf2Oi5dy17aiVsxbHJrOX9LJGwb-Cmq43ehzno34VBrNXmdft59n-pjGK1uqD1fhwnyr0pireCWs_v-7yGnDwCr4l5ZN7SgzmLLgyNiM6vbte29qauAcbAJDimJxJ_0bfG-Q==",
            "deep_link": "https://www.kiwi.com/deep?affilid=mihalytest&currency=EUR&flightsId=0b7717884de4000058002cfc_0%7C17880b774de500005bb86be4_0%7C17880b774de500005bb86be4_1&from=BUD&lang=en&passengers=1&to=HAM&booking_token=HT5eTcsm0kVDilwwsFgV3Ql6TXg_xWF95rgtg2blfcmfJT7i9ScQPVl1U5MPdKWWhOVJ6GkAwIFtGtwfDQzcpwcNrbJcrfFyzmB2awYJAFU0oqbM8sWe5Bqw5uKIHmKYjbsxCmhvzJ05zXNx1VeF8T4ExQz8OxfTTw9FuxIaPNv5CwCwVUiKjfqgh52_AqFlT0MgStO1_9bgkDUucQcAW6ppGuHr2-fzteIhHpFcpC8jpfE0ZFSL4CojAxxYazVXr6ioenXsJsJfDmbac8eQaUERraiBKgGpCtrBoInkpQOJmVMaD32OC4dJm02iN2hxidkXo-G-SdFWnsDIgzjnrJWqfjo0F7-zoRKAmwonKV9uWxOAMwJCJzkLP9NifB70xB7Nqgo6SNKptQYupiY-BWIQjkgygxiE3Z8L2hGSSH2C72Mb-ryYyI27kzEK3NSAw_YUtEm9PB8y_6tPWRa-GU926hSfo6HlTRNhturrndDb52Fr8tPnnNlSbyx--MOcFfwxns7r7-1KPNSnzZNTpJ176E6EzvjsL58gMA0uQRJHwJcVOK9R5VmH35ogJFLeMvlEgssZvLbTDPjJEzKWf2Oi5dy17aiVsxbHJrOX9LJGwb-Cmq43ehzno34VBrNXmdft59n-pjGK1uqD1fhwnyr0pireCWs_v-7yGnDwCr4l5ZN7SgzmLLgyNiM6vbte29qauAcbAJDimJxJ_0bfG-Q==",
            "facilitated_booking_available": true,
            "pnr_count": 2,
            "has_airport_change": false,
            "technical_stops": 0,
            "throw_away_ticketing": false,
            "hidden_city_ticketing": false,
            "virtual_interlining": false
        },
        {
            "id": "0b7717884de10000a0f97f01_0|17880b774de6000048039773_0",
            "flyFrom": "BUD",
            "flyTo": "HAM",
            "cityFrom": "Budapest",
            "cityCodeFrom": "BUD",
            "cityTo": "Hamburg",
            "cityCodeTo": "HAM",
            "countryFrom": {
                "code": "HU",
                "name": "Hungary"
            },
            "countryTo": {
                "code": "DE",
                "name": "Germany"
            },
            "local_departure": "2024-08-02T20:45:00.000Z",
            "utc_departure": "2024-08-02T18:45:00.000Z",
            "local_arrival": "2024-08-02T22:30:00.000Z",
            "utc_arrival": "2024-08-02T20:30:00.000Z",
            "nightsInDest": 5,
            "quality": 371.333205,
            "distance": 949.98,
            "duration": {
                "departure": 6300,
                "return": 6000,
                "total": 12300
            },
            "price": 320,
            "conversion": {
                "EUR": 320
            },
            "fare": {
                "adults": 320,
                "children": 320,
                "infants": 320
            },
            "bags_price": {
                "1": 72.8,
                "2": 282.8
            },
            "baglimit": {
                "hand_dimensions_sum": 118,
                "hand_height": 40,
                "hand_length": 55,
                "hand_weight": 8,
                "hand_width": 23,
                "hold_dimensions_sum": 158,
                "hold_height": 52,
                "hold_length": 78,
                "hold_weight": 23,
                "hold_width": 28,
                "personal_item_dimension_sum": 95,
                "personal_item_height": 30,
                "personal_item_length": 40,
                "personal_item_weight": 8,
                "personal_item_width": 25
            },
            "availability": {
                "seats": 5
            },
            "airlines": [
                "EW"
            ],
            "route": [
                {
                    "id": "0b7717884de10000a0f97f01_0",
                    "combination_id": "0b7717884de10000a0f97f01",
                    "flyFrom": "BUD",
                    "flyTo": "HAM",
                    "cityFrom": "Budapest",
                    "cityCodeFrom": "BUD",
                    "cityTo": "Hamburg",
                    "cityCodeTo": "HAM",
                    "local_departure": "2024-08-02T20:45:00.000Z",
                    "utc_departure": "2024-08-02T18:45:00.000Z",
                    "local_arrival": "2024-08-02T22:30:00.000Z",
                    "utc_arrival": "2024-08-02T20:30:00.000Z",
                    "airline": "EW",
                    "flight_no": 7783,
                    "operating_carrier": "",
                    "operating_flight_no": "",
                    "fare_basis": "",
                    "fare_category": "M",
                    "fare_classes": "",
                    "return": 0,
                    "bags_recheck_required": false,
                    "vi_connection": false,
                    "guarantee": false,
                    "equipment": null,
                    "vehicle_type": "aircraft"
                },
                {
                    "id": "17880b774de6000048039773_0",
                    "combination_id": "17880b774de6000048039773",
                    "flyFrom": "HAM",
                    "flyTo": "BUD",
                    "cityFrom": "Hamburg",
                    "cityCodeFrom": "HAM",
                    "cityTo": "Budapest",
                    "cityCodeTo": "BUD",
                    "local_departure": "2024-08-07T18:25:00.000Z",
                    "utc_departure": "2024-08-07T16:25:00.000Z",
                    "local_arrival": "2024-08-07T20:05:00.000Z",
                    "utc_arrival": "2024-08-07T18:05:00.000Z",
                    "airline": "EW",
                    "flight_no": 7782,
                    "operating_carrier": "EW",
                    "operating_flight_no": "7782",
                    "fare_basis": "",
                    "fare_category": "M",
                    "fare_classes": "",
                    "return": 1,
                    "bags_recheck_required": false,
                    "vi_connection": false,
                    "guarantee": false,
                    "equipment": null,
                    "vehicle_type": "aircraft"
                }
            ],
            "booking_token": "HvrbQ3Wk4nicy6aYMBCHCK4kisymlAZT4zhd_N72N-N2KvwbZ1INk4EaCx1lJn0qusgKr5s5EN7tO2X35oaQrFducv6tdiuOxnQVg7c-FpjpIZxYK8BSDTTvfF9HRy77KokWsGJVrGfXUJbX6lQHSdEDS6W2tdc3xfz0ZyvhtwLixOy97OU__kF2xYaBSKJP3ihix6KwLy6jJ64p6ePtohZ_KV4RAbqtu--xsyNl-Swi1htbO3OhU3dHAfAy1vwJ25Lat16YqzOr62H_PsOrBAtoCOCRlZf_pbyraC3Z2OfxJMxKb73LzKaBk0pboAcF2WR-CB4BvJlmiMBA2yiPmtkXe_K4ZuvsnlLVzvA8acW3Ll0RlimtqBb1x1IEbOataCSJR_VPoN3jXwM8hYV4-B70E1tMTSTjnmZQtGT5ZeMyNBqO-GRyyN6g4SgBpPeU1rHoXNU9c4ShjxXhEmxcokYgzPLslKa-ckMXCZBr6UeR8-pIrPBXTKXMoRuS6CrgOPdeJmzuusMcWL2lOROZnF1WoukWLhmGOtUCt-bNQ7QWnM-_G9-cLj_VwwnajCmb2UAwxLyqc2cLkZilf2wOB-9d6-X-ToTLM_FfqmcHUwAHwRC5EltQG5sqtp3qXiJf6y2TCyPYEjK4OMmtd8GyNFA==",
            "deep_link": "https://www.kiwi.com/deep?affilid=mihalytest&currency=EUR&flightsId=0b7717884de10000a0f97f01_0%7C17880b774de6000048039773_0&from=BUD&lang=en&passengers=1&to=HAM&booking_token=HvrbQ3Wk4nicy6aYMBCHCK4kisymlAZT4zhd_N72N-N2KvwbZ1INk4EaCx1lJn0qusgKr5s5EN7tO2X35oaQrFducv6tdiuOxnQVg7c-FpjpIZxYK8BSDTTvfF9HRy77KokWsGJVrGfXUJbX6lQHSdEDS6W2tdc3xfz0ZyvhtwLixOy97OU__kF2xYaBSKJP3ihix6KwLy6jJ64p6ePtohZ_KV4RAbqtu--xsyNl-Swi1htbO3OhU3dHAfAy1vwJ25Lat16YqzOr62H_PsOrBAtoCOCRlZf_pbyraC3Z2OfxJMxKb73LzKaBk0pboAcF2WR-CB4BvJlmiMBA2yiPmtkXe_K4ZuvsnlLVzvA8acW3Ll0RlimtqBb1x1IEbOataCSJR_VPoN3jXwM8hYV4-B70E1tMTSTjnmZQtGT5ZeMyNBqO-GRyyN6g4SgBpPeU1rHoXNU9c4ShjxXhEmxcokYgzPLslKa-ckMXCZBr6UeR8-pIrPBXTKXMoRuS6CrgOPdeJmzuusMcWL2lOROZnF1WoukWLhmGOtUCt-bNQ7QWnM-_G9-cLj_VwwnajCmb2UAwxLyqc2cLkZilf2wOB-9d6-X-ToTLM_FfqmcHUwAHwRC5EltQG5sqtp3qXiJf6y2TCyPYEjK4OMmtd8GyNFA==",
            "facilitated_booking_available": true,
            "pnr_count": 2,
            "has_airport_change": false,
            "technical_stops": 0,
            "throw_away_ticketing": false,
            "hidden_city_ticketing": false,
            "virtual_interlining": false
        },
        {
            "id": "0b7717884de50000a60a502f_0|0b7717884de50000a60a502f_1|17880b774de80000ce85ae83_0",
            "flyFrom": "BUD",
            "flyTo": "HAM",
            "cityFrom": "Budapest",
            "cityCodeFrom": "BUD",
            "cityTo": "Hamburg",
            "cityCodeTo": "HAM",
            "countryFrom": {
                "code": "HU",
                "name": "Hungary"
            },
            "countryTo": {
                "code": "DE",
                "name": "Germany"
            },
            "local_departure": "2024-08-06T17:30:00.000Z",
            "utc_departure": "2024-08-06T15:30:00.000Z",
            "local_arrival": "2024-08-06T22:10:00.000Z",
            "utc_arrival": "2024-08-06T20:10:00.000Z",
            "nightsInDest": 3,
            "quality": 405.66648,
            "distance": 949.98,
            "duration": {
                "departure": 16800,
                "return": 6000,
                "total": 22800
            },
            "price": 331,
            "conversion": {
                "EUR": 331
            },
            "fare": {
                "adults": 331,
                "children": 331,
                "infants": 331
            },
            "bags_price": {
                "1": 85.4
            },
            "baglimit": {
                "hand_dimensions_sum": 118,
                "hand_height": 40,
                "hand_length": 55,
                "hand_weight": 8,
                "hand_width": 23,
                "hold_dimensions_sum": 158,
                "hold_height": 52,
                "hold_length": 78,
                "hold_weight": 23,
                "hold_width": 28,
                "personal_item_dimension_sum": 82,
                "personal_item_height": 30,
                "personal_item_length": 40,
                "personal_item_weight": 2,
                "personal_item_width": 12
            },
            "availability": {
                "seats": 9
            },
            "airlines": [
                "LO",
                "EW"
            ],
            "route": [
                {
                    "id": "0b7717884de50000a60a502f_0",
                    "combination_id": "0b7717884de50000a60a502f",
                    "flyFrom": "BUD",
                    "flyTo": "WAW",
                    "cityFrom": "Budapest",
                    "cityCodeFrom": "BUD",
                    "cityTo": "Warsaw",
                    "cityCodeTo": "WAW",
                    "local_departure": "2024-08-06T17:30:00.000Z",
                    "utc_departure": "2024-08-06T15:30:00.000Z",
                    "local_arrival": "2024-08-06T18:45:00.000Z",
                    "utc_arrival": "2024-08-06T16:45:00.000Z",
                    "airline": "LO",
                    "flight_no": 538,
                    "operating_carrier": "LO",
                    "operating_flight_no": "538",
                    "fare_basis": "S1SAV3",
                    "fare_category": "M",
                    "fare_classes": "S",
                    "return": 0,
                    "bags_recheck_required": false,
                    "vi_connection": false,
                    "guarantee": false,
                    "equipment": null,
                    "vehicle_type": "aircraft"
                },
                {
                    "id": "0b7717884de50000a60a502f_1",
                    "combination_id": "0b7717884de50000a60a502f",
                    "flyFrom": "WAW",
                    "flyTo": "HAM",
                    "cityFrom": "Warsaw",
                    "cityCodeFrom": "WAW",
                    "cityTo": "Hamburg",
                    "cityCodeTo": "HAM",
                    "local_departure": "2024-08-06T20:30:00.000Z",
                    "utc_departure": "2024-08-06T18:30:00.000Z",
                    "local_arrival": "2024-08-06T22:10:00.000Z",
                    "utc_arrival": "2024-08-06T20:10:00.000Z",
                    "airline": "LO",
                    "flight_no": 401,
                    "operating_carrier": "LO",
                    "operating_flight_no": "401",
                    "fare_basis": "S1SAV3",
                    "fare_category": "M",
                    "fare_classes": "S",
                    "return": 0,
                    "bags_recheck_required": false,
                    "vi_connection": false,
                    "guarantee": false,
                    "equipment": null,
                    "vehicle_type": "aircraft"
                },
                {
                    "id": "17880b774de80000ce85ae83_0",
                    "combination_id": "17880b774de80000ce85ae83",
                    "flyFrom": "HAM",
                    "flyTo": "BUD",
                    "cityFrom": "Hamburg",
                    "cityCodeFrom": "HAM",
                    "cityTo": "Budapest",
                    "cityCodeTo": "BUD",
                    "local_departure": "2024-08-09T18:25:00.000Z",
                    "utc_departure": "2024-08-09T16:25:00.000Z",
                    "local_arrival": "2024-08-09T20:05:00.000Z",
                    "utc_arrival": "2024-08-09T18:05:00.000Z",
                    "airline": "EW",
                    "flight_no": 7782,
                    "operating_carrier": "EW",
                    "operating_flight_no": "7782",
                    "fare_basis": "",
                    "fare_category": "M",
                    "fare_classes": "",
                    "return": 1,
                    "bags_recheck_required": false,
                    "vi_connection": false,
                    "guarantee": false,
                    "equipment": null,
                    "vehicle_type": "aircraft"
                }
            ],
            "booking_token": "H1nfCOw01072cF5MDrdPL_yYDE6cp3mGXtK1Zpj8SuF1PmkB3BA2prWggH1cwA8sa5-SWkPOCQENOzadZ8ris-WAVRYPzG57PQHZZ9SAAYxWF3Lolez8q6Gr7H8PIow-qcnGoVRgp4fs12lOlwDPY5FPTySzSWgTJxvFHgIXijii1PwQ1MEjRJv54Sem9CGb5MME-CMOpuNeAQ8xlTzlA7Cv7YUOTvidRMCwjwoMuEvileAQK5E-bRXY92ApS0BFXGGj5QiywVB5zngXFrni5qpOUDKf7sfn7ofptIjD_pR-0AYpYSYvwBnHI3-6j9PO2mqoqJ1VCOMdpZpbcd9nz5WEI-FiQEj4AdlniDW5FCE18f9urjGJ9xNqEIxW9cgVwfZcNdxfxiL2C2zHiMCDY-IUR56zOKP4YliwO5BlKp7i6suqzpI6mwOvVPlLuswOBDVRHaRPcO4FI_7pE7B2dwBZkG-pIGWrbx1qdT4ClycXU5hHboxDXVaUo7Wh6uiUGxWcXfvjeVm_3oIb9_1SOOy5VHFr2Pg1EHinrNggyaF7UCtHdcqd-_zX4Q8Sg-PEjcpQAWUojemkcNN57h863BnAgiXHetbQduXruWE5wCGEDD8dbkJgH3CHlKFcG4aaOpBYuAXX-06s_5KO57xMo79lHc7w_i3Klt1FMQ0ESnaOJ5FQqLnmz0UlXWk1BV_QFvVwg0XmALxGoTXsozDKp7g==",
            "deep_link": "https://www.kiwi.com/deep?affilid=mihalytest&currency=EUR&flightsId=0b7717884de50000a60a502f_0%7C0b7717884de50000a60a502f_1%7C17880b774de80000ce85ae83_0&from=BUD&lang=en&passengers=1&to=HAM&booking_token=H1nfCOw01072cF5MDrdPL_yYDE6cp3mGXtK1Zpj8SuF1PmkB3BA2prWggH1cwA8sa5-SWkPOCQENOzadZ8ris-WAVRYPzG57PQHZZ9SAAYxWF3Lolez8q6Gr7H8PIow-qcnGoVRgp4fs12lOlwDPY5FPTySzSWgTJxvFHgIXijii1PwQ1MEjRJv54Sem9CGb5MME-CMOpuNeAQ8xlTzlA7Cv7YUOTvidRMCwjwoMuEvileAQK5E-bRXY92ApS0BFXGGj5QiywVB5zngXFrni5qpOUDKf7sfn7ofptIjD_pR-0AYpYSYvwBnHI3-6j9PO2mqoqJ1VCOMdpZpbcd9nz5WEI-FiQEj4AdlniDW5FCE18f9urjGJ9xNqEIxW9cgVwfZcNdxfxiL2C2zHiMCDY-IUR56zOKP4YliwO5BlKp7i6suqzpI6mwOvVPlLuswOBDVRHaRPcO4FI_7pE7B2dwBZkG-pIGWrbx1qdT4ClycXU5hHboxDXVaUo7Wh6uiUGxWcXfvjeVm_3oIb9_1SOOy5VHFr2Pg1EHinrNggyaF7UCtHdcqd-_zX4Q8Sg-PEjcpQAWUojemkcNN57h863BnAgiXHetbQduXruWE5wCGEDD8dbkJgH3CHlKFcG4aaOpBYuAXX-06s_5KO57xMo79lHc7w_i3Klt1FMQ0ESnaOJ5FQqLnmz0UlXWk1BV_QFvVwg0XmALxGoTXsozDKp7g==",
            "facilitated_booking_available": true,
            "pnr_count": 2,
            "has_airport_change": false,
            "technical_stops": 0,
            "throw_away_ticketing": false,
            "hidden_city_ticketing": false,
            "virtual_interlining": false
        },
        {
            "id": "0b7717884de70000855958a5_0|0b7717884de70000855958a5_1|17880b774de80000ce85ae83_0",
            "flyFrom": "BUD",
            "flyTo": "HAM",
            "cityFrom": "Budapest",
            "cityCodeFrom": "BUD",
            "cityTo": "Hamburg",
            "cityCodeTo": "HAM",
            "countryFrom": {
                "code": "HU",
                "name": "Hungary"
            },
            "countryTo": {
                "code": "DE",
                "name": "Germany"
            },
            "local_departure": "2024-08-08T17:30:00.000Z",
            "utc_departure": "2024-08-08T15:30:00.000Z",
            "local_arrival": "2024-08-08T22:10:00.000Z",
            "utc_arrival": "2024-08-08T20:10:00.000Z",
            "nightsInDest": 1,
            "quality": 405.66648,
            "distance": 949.98,
            "duration": {
                "departure": 16800,
                "return": 6000,
                "total": 22800
            },
            "price": 331,
            "conversion": {
                "EUR": 331
            },
            "fare": {
                "adults": 331,
                "children": 331,
                "infants": 331
            },
            "bags_price": {
                "1": 85.4
            },
            "baglimit": {
                "hand_dimensions_sum": 118,
                "hand_height": 40,
                "hand_length": 55,
                "hand_weight": 8,
                "hand_width": 23,
                "hold_dimensions_sum": 158,
                "hold_height": 52,
                "hold_length": 78,
                "hold_weight": 23,
                "hold_width": 28,
                "personal_item_dimension_sum": 82,
                "personal_item_height": 30,
                "personal_item_length": 40,
                "personal_item_weight": 2,
                "personal_item_width": 12
            },
            "availability": {
                "seats": 9
            },
            "airlines": [
                "LO",
                "EW"
            ],
            "route": [
                {
                    "id": "0b7717884de70000855958a5_0",
                    "combination_id": "0b7717884de70000855958a5",
                    "flyFrom": "BUD",
                    "flyTo": "WAW",
                    "cityFrom": "Budapest",
                    "cityCodeFrom": "BUD",
                    "cityTo": "Warsaw",
                    "cityCodeTo": "WAW",
                    "local_departure": "2024-08-08T17:30:00.000Z",
                    "utc_departure": "2024-08-08T15:30:00.000Z",
                    "local_arrival": "2024-08-08T18:45:00.000Z",
                    "utc_arrival": "2024-08-08T16:45:00.000Z",
                    "airline": "LO",
                    "flight_no": 538,
                    "operating_carrier": "LO",
                    "operating_flight_no": "538",
                    "fare_basis": "S1SAV3",
                    "fare_category": "M",
                    "fare_classes": "S",
                    "return": 0,
                    "bags_recheck_required": false,
                    "vi_connection": false,
                    "guarantee": false,
                    "equipment": null,
                    "vehicle_type": "aircraft"
                },
                {
                    "id": "0b7717884de70000855958a5_1",
                    "combination_id": "0b7717884de70000855958a5",
                    "flyFrom": "WAW",
                    "flyTo": "HAM",
                    "cityFrom": "Warsaw",
                    "cityCodeFrom": "WAW",
                    "cityTo": "Hamburg",
                    "cityCodeTo": "HAM",
                    "local_departure": "2024-08-08T20:30:00.000Z",
                    "utc_departure": "2024-08-08T18:30:00.000Z",
                    "local_arrival": "2024-08-08T22:10:00.000Z",
                    "utc_arrival": "2024-08-08T20:10:00.000Z",
                    "airline": "LO",
                    "flight_no": 401,
                    "operating_carrier": "LO",
                    "operating_flight_no": "401",
                    "fare_basis": "S1SAV3",
                    "fare_category": "M",
                    "fare_classes": "S",
                    "return": 0,
                    "bags_recheck_required": false,
                    "vi_connection": false,
                    "guarantee": false,
                    "equipment": null,
                    "vehicle_type": "aircraft"
                },
                {
                    "id": "17880b774de80000ce85ae83_0",
                    "combination_id": "17880b774de80000ce85ae83",
                    "flyFrom": "HAM",
                    "flyTo": "BUD",
                    "cityFrom": "Hamburg",
                    "cityCodeFrom": "HAM",
                    "cityTo": "Budapest",
                    "cityCodeTo": "BUD",
                    "local_departure": "2024-08-09T18:25:00.000Z",
                    "utc_departure": "2024-08-09T16:25:00.000Z",
                    "local_arrival": "2024-08-09T20:05:00.000Z",
                    "utc_arrival": "2024-08-09T18:05:00.000Z",
                    "airline": "EW",
                    "flight_no": 7782,
                    "operating_carrier": "EW",
                    "operating_flight_no": "7782",
                    "fare_basis": "",
                    "fare_category": "M",
                    "fare_classes": "",
                    "return": 1,
                    "bags_recheck_required": false,
                    "vi_connection": false,
                    "guarantee": false,
                    "equipment": null,
                    "vehicle_type": "aircraft"
                }
            ],
            "booking_token": "HmVyzqWBv16aMQyF0xxdi-A5o73EnkhBlAGj-sAotAKz9y_qRdvq-S0-u5OpYZpZn9bKa4m4tmNtzcQbA7tGfOWDhMFsqjLj8xaFX3mA8k_hUwOukrIgZOLSfFP5eJrSrXBqikkwgu1rUo9cd_rxupxTm_sevQTlOSliZuSBr_ub5nn0DYpf6W1Jx60BnsGUHi-fowfO9kc7Pyz0G6TjYi5IssD5dv-Z7-EMYHrmMekrMkfb4Zv60cEosIJR3ooDjS88K2hBhd1hgmKpg-tLvH1m28B4zG31a21aD4grtOr85nZR27kVyMrxdrnfMh8XruZvb_ENbupTVtSrFghAHlEiGAPkdRp1ApwZp6qKvjXGV7q5L_kAeL4nzvZe04mGyVgHwA76HFERMWnrMpCbxyRGAIg1xu0RuyvAtHNIOjq5F_BbyKI3rLquFo8YtR88zdNTiP39lce93aV-AsUG1OFlakPSd8Itl9RIclJ8efuMTd8ww2MMQFXG4CpL8EYlZTesvgNdwXuc7aQ9kU7cVDxE3_SdnLopwgXVBSZF2MYcIglmm6ZKvKBzAwIXOy8cOSz3ufke0PGLdmS8cbAREmNXYS1OoA_wa9M6bw7eC6513oe-J0nyRNLAmFw3NGHrvqIyEXa7JTHTGjq18o-hPn95fd7JcKLoyd6SjQ09Up0hGJdkJhrVDCDWrFVhili3I",
            "deep_link": "https://www.kiwi.com/deep?affilid=mihalytest&currency=EUR&flightsId=0b7717884de70000855958a5_0%7C0b7717884de70000855958a5_1%7C17880b774de80000ce85ae83_0&from=BUD&lang=en&passengers=1&to=HAM&booking_token=HmVyzqWBv16aMQyF0xxdi-A5o73EnkhBlAGj-sAotAKz9y_qRdvq-S0-u5OpYZpZn9bKa4m4tmNtzcQbA7tGfOWDhMFsqjLj8xaFX3mA8k_hUwOukrIgZOLSfFP5eJrSrXBqikkwgu1rUo9cd_rxupxTm_sevQTlOSliZuSBr_ub5nn0DYpf6W1Jx60BnsGUHi-fowfO9kc7Pyz0G6TjYi5IssD5dv-Z7-EMYHrmMekrMkfb4Zv60cEosIJR3ooDjS88K2hBhd1hgmKpg-tLvH1m28B4zG31a21aD4grtOr85nZR27kVyMrxdrnfMh8XruZvb_ENbupTVtSrFghAHlEiGAPkdRp1ApwZp6qKvjXGV7q5L_kAeL4nzvZe04mGyVgHwA76HFERMWnrMpCbxyRGAIg1xu0RuyvAtHNIOjq5F_BbyKI3rLquFo8YtR88zdNTiP39lce93aV-AsUG1OFlakPSd8Itl9RIclJ8efuMTd8ww2MMQFXG4CpL8EYlZTesvgNdwXuc7aQ9kU7cVDxE3_SdnLopwgXVBSZF2MYcIglmm6ZKvKBzAwIXOy8cOSz3ufke0PGLdmS8cbAREmNXYS1OoA_wa9M6bw7eC6513oe-J0nyRNLAmFw3NGHrvqIyEXa7JTHTGjq18o-hPn95fd7JcKLoyd6SjQ09Up0hGJdkJhrVDCDWrFVhili3I",
            "facilitated_booking_available": true,
            "pnr_count": 2,
            "has_airport_change": false,
            "technical_stops": 0,
            "throw_away_ticketing": false,
            "hidden_city_ticketing": false,
            "virtual_interlining": false
        },
        {
            "id": "0b7717884de4000058002cfc_0|17880b774dea00009165578c_0|17880b774dea00009165578c_1",
            "flyFrom": "BUD",
            "flyTo": "HAM",
            "cityFrom": "Budapest",
            "cityCodeFrom": "BUD",
            "cityTo": "Hamburg",
            "cityCodeTo": "HAM",
            "countryFrom": {
                "code": "HU",
                "name": "Hungary"
            },
            "countryTo": {
                "code": "DE",
                "name": "Germany"
            },
            "local_departure": "2024-08-05T08:40:00.000Z",
            "utc_departure": "2024-08-05T06:40:00.000Z",
            "local_arrival": "2024-08-05T10:25:00.000Z",
            "utc_arrival": "2024-08-05T08:25:00.000Z",
            "nightsInDest": 6,
            "quality": 403.99982,
            "distance": 949.98,
            "duration": {
                "departure": 6300,
                "return": 15300,
                "total": 21600
            },
            "price": 332,
            "conversion": {
                "EUR": 332
            },
            "fare": {
                "adults": 332,
                "children": 332,
                "infants": 332
            },
            "bags_price": {
                "1": 92.4,
                "2": 322
            },
            "baglimit": {
                "hand_dimensions_sum": 118,
                "hand_height": 40,
                "hand_length": 55,
                "hand_weight": 8,
                "hand_width": 23,
                "hold_dimensions_sum": 158,
                "hold_height": 52,
                "hold_length": 78,
                "hold_weight": 23,
                "hold_width": 28,
                "personal_item_dimension_sum": 95,
                "personal_item_height": 30,
                "personal_item_length": 40,
                "personal_item_weight": 8,
                "personal_item_width": 25
            },
            "availability": {
                "seats": 2
            },
            "airlines": [
                "EW"
            ],
            "route": [
                {
                    "id": "0b7717884de4000058002cfc_0",
                    "combination_id": "0b7717884de4000058002cfc",
                    "flyFrom": "BUD",
                    "flyTo": "HAM",
                    "cityFrom": "Budapest",
                    "cityCodeFrom": "BUD",
                    "cityTo": "Hamburg",
                    "cityCodeTo": "HAM",
                    "local_departure": "2024-08-05T08:40:00.000Z",
                    "utc_departure": "2024-08-05T06:40:00.000Z",
                    "local_arrival": "2024-08-05T10:25:00.000Z",
                    "utc_arrival": "2024-08-05T08:25:00.000Z",
                    "airline": "EW",
                    "flight_no": 7785,
                    "operating_carrier": "EW",
                    "operating_flight_no": "7785",
                    "fare_basis": "",
                    "fare_category": "M",
                    "fare_classes": "",
                    "return": 0,
                    "bags_recheck_required": false,
                    "vi_connection": false,
                    "guarantee": false,
                    "equipment": null,
                    "vehicle_type": "aircraft"
                },
                {
                    "id": "17880b774dea00009165578c_0",
                    "combination_id": "17880b774dea00009165578c",
                    "flyFrom": "HAM",
                    "flyTo": "STR",
                    "cityFrom": "Hamburg",
                    "cityCodeFrom": "HAM",
                    "cityTo": "Stuttgart",
                    "cityCodeTo": "STR",
                    "local_departure": "2024-08-11T16:00:00.000Z",
                    "utc_departure": "2024-08-11T14:00:00.000Z",
                    "local_arrival": "2024-08-11T17:15:00.000Z",
                    "utc_arrival": "2024-08-11T15:15:00.000Z",
                    "airline": "EW",
                    "flight_no": 7042,
                    "operating_carrier": "EW",
                    "operating_flight_no": "7042",
                    "fare_basis": "",
                    "fare_category": "M",
                    "fare_classes": "",
                    "return": 1,
                    "bags_recheck_required": false,
                    "vi_connection": false,
                    "guarantee": false,
                    "equipment": null,
                    "vehicle_type": "aircraft"
                },
                {
                    "id": "17880b774dea00009165578c_1",
                    "combination_id": "17880b774dea00009165578c",
                    "flyFrom": "STR",
                    "flyTo": "BUD",
                    "cityFrom": "Stuttgart",
                    "cityCodeFrom": "STR",
                    "cityTo": "Budapest",
                    "cityCodeTo": "BUD",
                    "local_departure": "2024-08-11T18:50:00.000Z",
                    "utc_departure": "2024-08-11T16:50:00.000Z",
                    "local_arrival": "2024-08-11T20:15:00.000Z",
                    "utc_arrival": "2024-08-11T18:15:00.000Z",
                    "airline": "EW",
                    "flight_no": 2784,
                    "operating_carrier": "EW",
                    "operating_flight_no": "2784",
                    "fare_basis": "",
                    "fare_category": "M",
                    "fare_classes": "",
                    "return": 1,
                    "bags_recheck_required": false,
                    "vi_connection": false,
                    "guarantee": false,
                    "equipment": null,
                    "vehicle_type": "aircraft"
                }
            ],
            "booking_token": "HWvG4rcTj9FdcHQNAGddw_VhiuSLv9cGQWDOb6RJN7b8ypLh9HnoEnQeAHz7aXMXZ8XJdvMf3jCQC_af78lEqZyzuaLhmEIRoCmdP38BrQnW_rM29BTqnybMMb5HCL3jYm9YqrxJp2ccpkXTd8k2Y3FEU0nrAPyUAklpQ4EYNO4k7DTOxeqn93mYowjDBceAw4jXAZYgEx0yFv0pi2sGq-UOD8nVAvuTRKEsaoTFTm3LkcMIb9zKbx26M0F-bFUQ5vdjIZxQ5_FKfZidwhxtffQKXobLXslhFoRujLWIqcsnxYZjKBj1G91wK-LQH2i28WcRl9XWEo1kf-CeJvuaSuUNKsNmaYrdOy0KnjSCjru5SjywF2K__SDWJjC71LOiULxBVg6ZledoDVp6s5a7RLX65dhXFK3IDFmdG36qMMRMxXSfcnAHxCr1iACNnYQbcl8DhZGGbAuRH1WtVfoTtDdFRDYD4x4KacXDfkHxItaZy-FfWu8VHYwB_tQhgvED0fLODFLxgKFo7pC06tbTDYeXfmWOmtRNzaq1nCPNaEso52p7V89KSmCmX8Ac7eQRpZd0Ohmy6P7AvT--RszP64QqIyq8C03MOS3KVSbPa1bznuWHz4iL3yJtmUsjLy21oQQkoRD-j9uFqgH1rzybRnCmXijVJF5C8vVPPJVHBkU6JrcMZYrv3OkrIhXxck69g",
            "deep_link": "https://www.kiwi.com/deep?affilid=mihalytest&currency=EUR&flightsId=0b7717884de4000058002cfc_0%7C17880b774dea00009165578c_0%7C17880b774dea00009165578c_1&from=BUD&lang=en&passengers=1&to=HAM&booking_token=HWvG4rcTj9FdcHQNAGddw_VhiuSLv9cGQWDOb6RJN7b8ypLh9HnoEnQeAHz7aXMXZ8XJdvMf3jCQC_af78lEqZyzuaLhmEIRoCmdP38BrQnW_rM29BTqnybMMb5HCL3jYm9YqrxJp2ccpkXTd8k2Y3FEU0nrAPyUAklpQ4EYNO4k7DTOxeqn93mYowjDBceAw4jXAZYgEx0yFv0pi2sGq-UOD8nVAvuTRKEsaoTFTm3LkcMIb9zKbx26M0F-bFUQ5vdjIZxQ5_FKfZidwhxtffQKXobLXslhFoRujLWIqcsnxYZjKBj1G91wK-LQH2i28WcRl9XWEo1kf-CeJvuaSuUNKsNmaYrdOy0KnjSCjru5SjywF2K__SDWJjC71LOiULxBVg6ZledoDVp6s5a7RLX65dhXFK3IDFmdG36qMMRMxXSfcnAHxCr1iACNnYQbcl8DhZGGbAuRH1WtVfoTtDdFRDYD4x4KacXDfkHxItaZy-FfWu8VHYwB_tQhgvED0fLODFLxgKFo7pC06tbTDYeXfmWOmtRNzaq1nCPNaEso52p7V89KSmCmX8Ac7eQRpZd0Ohmy6P7AvT--RszP64QqIyq8C03MOS3KVSbPa1bznuWHz4iL3yJtmUsjLy21oQQkoRD-j9uFqgH1rzybRnCmXijVJF5C8vVPPJVHBkU6JrcMZYrv3OkrIhXxck69g",
            "facilitated_booking_available": true,
            "pnr_count": 2,
            "has_airport_change": false,
            "technical_stops": 0,
            "throw_away_ticketing": false,
            "hidden_city_ticketing": false,
            "virtual_interlining": false
        },
        {
            "id": "0b7717884def4df2fe23feb4_0|0b7717884def4df2fe23feb4_1|0b7717884def4df2fe23feb4_2|0b7717884def4df2fe23feb4_3",
            "flyFrom": "BUD",
            "flyTo": "HAM",
            "cityFrom": "Budapest",
            "cityCodeFrom": "BUD",
            "cityTo": "Hamburg",
            "cityCodeTo": "HAM",
            "countryFrom": {
                "code": "HU",
                "name": "Hungary"
            },
            "countryTo": {
                "code": "DE",
                "name": "Germany"
            },
            "local_departure": "2024-08-16T08:40:00.000Z",
            "utc_departure": "2024-08-16T06:40:00.000Z",
            "local_arrival": "2024-08-16T12:30:00.000Z",
            "utc_arrival": "2024-08-16T10:30:00.000Z",
            "nightsInDest": 3,
            "quality": 413.9998,
            "distance": 949.98,
            "duration": {
                "departure": 13800,
                "return": 11400,
                "total": 25200
            },
            "price": 334,
            "conversion": {
                "EUR": 334
            },
            "fare": {
                "adults": 334,
                "children": 334,
                "infants": 334
            },
            "fare_locks": {
                "EUR": [
                    {
                        "default": false,
                        "duration": "P1D",
                        "itinerary_price_limit": 534,
                        "itinerary_price_remaining": 334,
                        "fare_lock_kind": "fee",
                        "price": 16.7,
                        "rule_instance_id": 26749,
                        "version": "v1"
                    },
                    {
                        "default": true,
                        "duration": "P3D",
                        "itinerary_price_limit": 534,
                        "itinerary_price_remaining": 334,
                        "fare_lock_kind": "fee",
                        "price": 33.4,
                        "rule_instance_id": 26748,
                        "version": "v1"
                    }
                ]
            },
            "bags_price": {
                "1": 112
            },
            "baglimit": {
                "hand_dimensions_sum": 118,
                "hand_height": 40,
                "hand_length": 55,
                "hand_weight": 8,
                "hand_width": 23,
                "hold_dimensions_sum": 158,
                "hold_height": 52,
                "hold_length": 78,
                "hold_weight": 23,
                "hold_width": 28,
                "personal_item_dimension_sum": 80,
                "personal_item_height": 30,
                "personal_item_length": 40,
                "personal_item_weight": 3,
                "personal_item_width": 10
            },
            "availability": {
                "seats": 9
            },
            "airlines": [
                "LH",
                "OS"
            ],
            "route": [
                {
                    "id": "0b7717884def4df2fe23feb4_0",
                    "combination_id": "0b7717884def4df2fe23feb4",
                    "flyFrom": "BUD",
                    "flyTo": "MUC",
                    "cityFrom": "Budapest",
                    "cityCodeFrom": "BUD",
                    "cityTo": "Munich",
                    "cityCodeTo": "MUC",
                    "local_departure": "2024-08-16T08:40:00.000Z",
                    "utc_departure": "2024-08-16T06:40:00.000Z",
                    "local_arrival": "2024-08-16T10:00:00.000Z",
                    "utc_arrival": "2024-08-16T08:00:00.000Z",
                    "airline": "LH",
                    "flight_no": 1675,
                    "operating_carrier": "BT",
                    "operating_flight_no": "",
                    "fare_basis": "SETCLSE4",
                    "fare_category": "M",
                    "fare_classes": "S",
                    "return": 0,
                    "bags_recheck_required": false,
                    "vi_connection": false,
                    "guarantee": false,
                    "equipment": null,
                    "vehicle_type": "aircraft"
                },
                {
                    "id": "0b7717884def4df2fe23feb4_1",
                    "combination_id": "0b7717884def4df2fe23feb4",
                    "flyFrom": "MUC",
                    "flyTo": "HAM",
                    "cityFrom": "Munich",
                    "cityCodeFrom": "MUC",
                    "cityTo": "Hamburg",
                    "cityCodeTo": "HAM",
                    "local_departure": "2024-08-16T11:15:00.000Z",
                    "utc_departure": "2024-08-16T09:15:00.000Z",
                    "local_arrival": "2024-08-16T12:30:00.000Z",
                    "utc_arrival": "2024-08-16T10:30:00.000Z",
                    "airline": "LH",
                    "flight_no": 2058,
                    "operating_carrier": "LH",
                    "operating_flight_no": "2058",
                    "fare_basis": "SETCLSE4",
                    "fare_category": "M",
                    "fare_classes": "S",
                    "return": 0,
                    "bags_recheck_required": false,
                    "vi_connection": false,
                    "guarantee": false,
                    "equipment": null,
                    "vehicle_type": "aircraft"
                },
                {
                    "id": "0b7717884def4df2fe23feb4_2",
                    "combination_id": "0b7717884def4df2fe23feb4",
                    "flyFrom": "HAM",
                    "flyTo": "VIE",
                    "cityFrom": "Hamburg",
                    "cityCodeFrom": "HAM",
                    "cityTo": "Vienna",
                    "cityCodeTo": "VIE",
                    "local_departure": "2024-08-19T07:30:00.000Z",
                    "utc_departure": "2024-08-19T05:30:00.000Z",
                    "local_arrival": "2024-08-19T09:00:00.000Z",
                    "utc_arrival": "2024-08-19T07:00:00.000Z",
                    "airline": "OS",
                    "flight_no": 168,
                    "operating_carrier": "OS",
                    "operating_flight_no": "168",
                    "fare_basis": "LETCLSE4",
                    "fare_category": "M",
                    "fare_classes": "L",
                    "return": 1,
                    "bags_recheck_required": false,
                    "vi_connection": false,
                    "guarantee": false,
                    "equipment": null,
                    "vehicle_type": "aircraft"
                },
                {
                    "id": "0b7717884def4df2fe23feb4_3",
                    "combination_id": "0b7717884def4df2fe23feb4",
                    "flyFrom": "VIE",
                    "flyTo": "BUD",
                    "cityFrom": "Vienna",
                    "cityCodeFrom": "VIE",
                    "cityTo": "Budapest",
                    "cityCodeTo": "BUD",
                    "local_departure": "2024-08-19T09:55:00.000Z",
                    "utc_departure": "2024-08-19T07:55:00.000Z",
                    "local_arrival": "2024-08-19T10:40:00.000Z",
                    "utc_arrival": "2024-08-19T08:40:00.000Z",
                    "airline": "OS",
                    "flight_no": 713,
                    "operating_carrier": "OS",
                    "operating_flight_no": "713",
                    "fare_basis": "LETCLSE4",
                    "fare_category": "M",
                    "fare_classes": "L",
                    "return": 1,
                    "bags_recheck_required": false,
                    "vi_connection": false,
                    "guarantee": false,
                    "equipment": null,
                    "vehicle_type": "aircraft"
                }
            ],
            "booking_token": "HAdklnLM7nKACQ9M0kI3I48K6hqAmQCPtWwW_8Dqh-cFVFGc_waipFTNZt7OArhOk_qEusJaF8QE6x49wn_7OJHGugbB-4Mx8dNkxdqkuwhE1T4dZNz5L3_682pfM7teWALLMZqtCdQyWsYZxF9ZDvQHm35TC57Z_SxxuJeDKPDUrR6ZaxXNG9juWLsZXotWczWfeInm1qz-nGhVRdVPVYUV1Pl5-M1va5i_lrQOwqVwfYx0cxe0p5Pm5gFRtD570ZNXKxOcQK_sIw_voyUSHpEA2mQ-F4PFxkJ7kncNq4aDfoxZMDkJCVLHFlLTcwhPU2tO8HRhbs5FSV5sZrCNbi_T1Umuz89PoYI_U8m-pg8bZGMDBQ5TkARRvD-SzKCc1qstJklTZ9Zd7glIJH_wKRNF-zd3TZPnDyt2JTlEhsiSETnU4hRz-b0r1CYMUAa8l4jxpYvcCCOeCOMW4XL06zfRt3lHjnaQe1p4nOlGDpa84lEGmRV-owNXZEiecLweAIIeNSSWtERVTs7IV9vz1TyJbtfEgRU3O-ckwlXf1GkMbvqm2HIIvSkFkd2ODZlaa2aAQx7C_qNlZmouYonQrvAyI-IdSOowr-yPDYRfOMbkUo8Jzm_s1vGXzqH3xJqplHNPOOb9wQr3tdGoJcdPcyjFk1CVay8jxk91ceFQBiBdWaR5XMbRKJlPBJuAqcoiOdrXaI9GEETgDbz-fIheTICVdPJIhciXqs2WBzs4v_rw=",
            "deep_link": "https://www.kiwi.com/deep?affilid=mihalytest&currency=EUR&flightsId=0b7717884def4df2fe23feb4_0%7C0b7717884def4df2fe23feb4_1%7C0b7717884def4df2fe23feb4_2%7C0b7717884def4df2fe23feb4_3&from=BUD&lang=en&passengers=1&to=HAM&booking_token=HAdklnLM7nKACQ9M0kI3I48K6hqAmQCPtWwW_8Dqh-cFVFGc_waipFTNZt7OArhOk_qEusJaF8QE6x49wn_7OJHGugbB-4Mx8dNkxdqkuwhE1T4dZNz5L3_682pfM7teWALLMZqtCdQyWsYZxF9ZDvQHm35TC57Z_SxxuJeDKPDUrR6ZaxXNG9juWLsZXotWczWfeInm1qz-nGhVRdVPVYUV1Pl5-M1va5i_lrQOwqVwfYx0cxe0p5Pm5gFRtD570ZNXKxOcQK_sIw_voyUSHpEA2mQ-F4PFxkJ7kncNq4aDfoxZMDkJCVLHFlLTcwhPU2tO8HRhbs5FSV5sZrCNbi_T1Umuz89PoYI_U8m-pg8bZGMDBQ5TkARRvD-SzKCc1qstJklTZ9Zd7glIJH_wKRNF-zd3TZPnDyt2JTlEhsiSETnU4hRz-b0r1CYMUAa8l4jxpYvcCCOeCOMW4XL06zfRt3lHjnaQe1p4nOlGDpa84lEGmRV-owNXZEiecLweAIIeNSSWtERVTs7IV9vz1TyJbtfEgRU3O-ckwlXf1GkMbvqm2HIIvSkFkd2ODZlaa2aAQx7C_qNlZmouYonQrvAyI-IdSOowr-yPDYRfOMbkUo8Jzm_s1vGXzqH3xJqplHNPOOb9wQr3tdGoJcdPcyjFk1CVay8jxk91ceFQBiBdWaR5XMbRKJlPBJuAqcoiOdrXaI9GEETgDbz-fIheTICVdPJIhciXqs2WBzs4v_rw=",
            "facilitated_booking_available": true,
            "pnr_count": 1,
            "has_airport_change": false,
            "technical_stops": 0,
            "throw_away_ticketing": false,
            "hidden_city_ticketing": false,
            "virtual_interlining": false
        },
        {
            "id": "0b7717884def4df28f818d58_0|0b7717884def4df28f818d58_1|0b7717884def4df28f818d58_2|0b7717884def4df28f818d58_3",
            "flyFrom": "BUD",
            "flyTo": "HAM",
            "cityFrom": "Budapest",
            "cityCodeFrom": "BUD",
            "cityTo": "Hamburg",
            "cityCodeTo": "HAM",
            "countryFrom": {
                "code": "HU",
                "name": "Hungary"
            },
            "countryTo": {
                "code": "DE",
                "name": "Germany"
            },
            "local_departure": "2024-08-16T08:40:00.000Z",
            "utc_departure": "2024-08-16T06:40:00.000Z",
            "local_arrival": "2024-08-16T12:30:00.000Z",
            "utc_arrival": "2024-08-16T10:30:00.000Z",
            "nightsInDest": 3,
            "quality": 417.33313,
            "distance": 949.98,
            "duration": {
                "departure": 13800,
                "return": 12000,
                "total": 25800
            },
            "price": 336,
            "conversion": {
                "EUR": 336
            },
            "fare": {
                "adults": 336,
                "children": 336,
                "infants": 336
            },
            "fare_locks": {
                "EUR": [
                    {
                        "default": false,
                        "duration": "P1D",
                        "itinerary_price_limit": 536,
                        "itinerary_price_remaining": 336,
                        "fare_lock_kind": "fee",
                        "price": 16.8,
                        "rule_instance_id": 26749,
                        "version": "v1"
                    },
                    {
                        "default": true,
                        "duration": "P3D",
                        "itinerary_price_limit": 536,
                        "itinerary_price_remaining": 336,
                        "fare_lock_kind": "fee",
                        "price": 33.6,
                        "rule_instance_id": 26748,
                        "version": "v1"
                    }
                ]
            },
            "bags_price": {
                "1": 91
            },
            "baglimit": {
                "hand_dimensions_sum": 118,
                "hand_height": 40,
                "hand_length": 55,
                "hand_weight": 8,
                "hand_width": 23,
                "hold_dimensions_sum": 158,
                "hold_height": 52,
                "hold_length": 78,
                "hold_weight": 23,
                "hold_width": 28,
                "personal_item_dimension_sum": 80,
                "personal_item_height": 30,
                "personal_item_length": 40,
                "personal_item_weight": 4,
                "personal_item_width": 10
            },
            "availability": {
                "seats": 9
            },
            "airlines": [
                "LH"
            ],
            "route": [
                {
                    "id": "0b7717884def4df28f818d58_0",
                    "combination_id": "0b7717884def4df28f818d58",
                    "flyFrom": "BUD",
                    "flyTo": "MUC",
                    "cityFrom": "Budapest",
                    "cityCodeFrom": "BUD",
                    "cityTo": "Munich",
                    "cityCodeTo": "MUC",
                    "local_departure": "2024-08-16T08:40:00.000Z",
                    "utc_departure": "2024-08-16T06:40:00.000Z",
                    "local_arrival": "2024-08-16T10:00:00.000Z",
                    "utc_arrival": "2024-08-16T08:00:00.000Z",
                    "airline": "LH",
                    "flight_no": 1675,
                    "operating_carrier": "BT",
                    "operating_flight_no": "",
                    "fare_basis": "SETCLSE4",
                    "fare_category": "M",
                    "fare_classes": "S",
                    "return": 0,
                    "bags_recheck_required": false,
                    "vi_connection": false,
                    "guarantee": false,
                    "equipment": null,
                    "vehicle_type": "aircraft"
                },
                {
                    "id": "0b7717884def4df28f818d58_1",
                    "combination_id": "0b7717884def4df28f818d58",
                    "flyFrom": "MUC",
                    "flyTo": "HAM",
                    "cityFrom": "Munich",
                    "cityCodeFrom": "MUC",
                    "cityTo": "Hamburg",
                    "cityCodeTo": "HAM",
                    "local_departure": "2024-08-16T11:15:00.000Z",
                    "utc_departure": "2024-08-16T09:15:00.000Z",
                    "local_arrival": "2024-08-16T12:30:00.000Z",
                    "utc_arrival": "2024-08-16T10:30:00.000Z",
                    "airline": "LH",
                    "flight_no": 2058,
                    "operating_carrier": "LH",
                    "operating_flight_no": "2058",
                    "fare_basis": "SETCLSE4",
                    "fare_category": "M",
                    "fare_classes": "S",
                    "return": 0,
                    "bags_recheck_required": false,
                    "vi_connection": false,
                    "guarantee": false,
                    "equipment": null,
                    "vehicle_type": "aircraft"
                },
                {
                    "id": "0b7717884def4df28f818d58_2",
                    "combination_id": "0b7717884def4df28f818d58",
                    "flyFrom": "HAM",
                    "flyTo": "MUC",
                    "cityFrom": "Hamburg",
                    "cityCodeFrom": "HAM",
                    "cityTo": "Munich",
                    "cityCodeTo": "MUC",
                    "local_departure": "2024-08-19T20:15:00.000Z",
                    "utc_departure": "2024-08-19T18:15:00.000Z",
                    "local_arrival": "2024-08-19T21:30:00.000Z",
                    "utc_arrival": "2024-08-19T19:30:00.000Z",
                    "airline": "LH",
                    "flight_no": 2073,
                    "operating_carrier": "LH",
                    "operating_flight_no": "2073",
                    "fare_basis": "LETCLSE4",
                    "fare_category": "M",
                    "fare_classes": "L",
                    "return": 1,
                    "bags_recheck_required": false,
                    "vi_connection": false,
                    "guarantee": false,
                    "equipment": null,
                    "vehicle_type": "aircraft"
                },
                {
                    "id": "0b7717884def4df28f818d58_3",
                    "combination_id": "0b7717884def4df28f818d58",
                    "flyFrom": "MUC",
                    "flyTo": "BUD",
                    "cityFrom": "Munich",
                    "cityCodeFrom": "MUC",
                    "cityTo": "Budapest",
                    "cityCodeTo": "BUD",
                    "local_departure": "2024-08-19T22:20:00.000Z",
                    "utc_departure": "2024-08-19T20:20:00.000Z",
                    "local_arrival": "2024-08-19T23:35:00.000Z",
                    "utc_arrival": "2024-08-19T21:35:00.000Z",
                    "airline": "LH",
                    "flight_no": 1682,
                    "operating_carrier": "LH",
                    "operating_flight_no": "1682",
                    "fare_basis": "LETCLSE4",
                    "fare_category": "M",
                    "fare_classes": "L",
                    "return": 1,
                    "bags_recheck_required": false,
                    "vi_connection": false,
                    "guarantee": false,
                    "equipment": null,
                    "vehicle_type": "aircraft"
                }
            ],
            "booking_token": "HW-81CJhgUCCdUM_TCH5CEHV1JNrn1q8sAdbGaExswyldQDUESbbG228cI1kB-TcHD9LK6W1APi0NbHMdDxg4sbu0Ip42cYcDfwaL1sDEyYrG4w7bzn_qQ90Tnw3_sxIirv0GRNRwyqzRJeUIEfBvjXreNuMEDg5mSEIVBlWWxLGERirlnzcbreNfo17mdBPBqk7XvgBfWVwYp2SLDcf9CBiRL9-2hhhpIqQfSZC4KrYxreVVqNmiRdF42SBSWyybzBG6PKcZ2BkQSxyUevczrGNu6q35xYSkxCxDNaER_DYFyDWtsrsWnHTL-oUa0BUWnzBQfIRYgpmQr_GjxXvE3q_x0Q9epYzfl_anKxxY5kihoJUXxtHyoqy4vq8PAi1mr_oQO61s5c9RaEeo5UuHIoXnCR_28Ag1Og5w9EioFlCPPvdEHsQnI3zyNMRLxEccFrSkK0iPc-wc6flU3oHC-BFalvuuFr53qhkMyz2Wr5QMU8caBOA5Jwu2pL3uSqtf26XdiinfUgIUug_7giWLlTmuEEvKWIe9DFjO2N-CRMupUrHGVofB1PsaP5tvJ-uIWEL81bZ3CnxCi1Qv3Q_EpF37Ba5PrTBHuRnixA5eJGcDytMbYtWsKs14IEW6PeXYswN9Q4FBrN5d8Tp4vahisgFOnYs_qjkIVzHrer4BlDqMMZR0bQI9Su6ApJRdYjnFrPI5Vht9ubfGBmoWXjtezw==",
            "deep_link": "https://www.kiwi.com/deep?affilid=mihalytest&currency=EUR&flightsId=0b7717884def4df28f818d58_0%7C0b7717884def4df28f818d58_1%7C0b7717884def4df28f818d58_2%7C0b7717884def4df28f818d58_3&from=BUD&lang=en&passengers=1&to=HAM&booking_token=HW-81CJhgUCCdUM_TCH5CEHV1JNrn1q8sAdbGaExswyldQDUESbbG228cI1kB-TcHD9LK6W1APi0NbHMdDxg4sbu0Ip42cYcDfwaL1sDEyYrG4w7bzn_qQ90Tnw3_sxIirv0GRNRwyqzRJeUIEfBvjXreNuMEDg5mSEIVBlWWxLGERirlnzcbreNfo17mdBPBqk7XvgBfWVwYp2SLDcf9CBiRL9-2hhhpIqQfSZC4KrYxreVVqNmiRdF42SBSWyybzBG6PKcZ2BkQSxyUevczrGNu6q35xYSkxCxDNaER_DYFyDWtsrsWnHTL-oUa0BUWnzBQfIRYgpmQr_GjxXvE3q_x0Q9epYzfl_anKxxY5kihoJUXxtHyoqy4vq8PAi1mr_oQO61s5c9RaEeo5UuHIoXnCR_28Ag1Og5w9EioFlCPPvdEHsQnI3zyNMRLxEccFrSkK0iPc-wc6flU3oHC-BFalvuuFr53qhkMyz2Wr5QMU8caBOA5Jwu2pL3uSqtf26XdiinfUgIUug_7giWLlTmuEEvKWIe9DFjO2N-CRMupUrHGVofB1PsaP5tvJ-uIWEL81bZ3CnxCi1Qv3Q_EpF37Ba5PrTBHuRnixA5eJGcDytMbYtWsKs14IEW6PeXYswN9Q4FBrN5d8Tp4vahisgFOnYs_qjkIVzHrer4BlDqMMZR0bQI9Su6ApJRdYjnFrPI5Vht9ubfGBmoWXjtezw==",
            "facilitated_booking_available": true,
            "pnr_count": 1,
            "has_airport_change": false,
            "technical_stops": 0,
            "throw_away_ticketing": false,
            "hidden_city_ticketing": false,
            "virtual_interlining": false
        },
        {
            "id": "0b7717884de80000d149791f_0|0b7717884de80000d149791f_1|17880b774dea00009165578c_0|17880b774dea00009165578c_1",
            "flyFrom": "BUD",
            "flyTo": "HAM",
            "cityFrom": "Budapest",
            "cityCodeFrom": "BUD",
            "cityTo": "Hamburg",
            "cityCodeTo": "HAM",
            "countryFrom": {
                "code": "HU",
                "name": "Hungary"
            },
            "countryTo": {
                "code": "DE",
                "name": "Germany"
            },
            "local_departure": "2024-08-09T08:25:00.000Z",
            "utc_departure": "2024-08-09T06:25:00.000Z",
            "local_arrival": "2024-08-09T12:00:00.000Z",
            "utc_arrival": "2024-08-09T10:00:00.000Z",
            "nightsInDest": 2,
            "quality": 422.66645,
            "distance": 949.98,
            "duration": {
                "departure": 12900,
                "return": 15300,
                "total": 28200
            },
            "price": 336,
            "conversion": {
                "EUR": 336
            },
            "fare": {
                "adults": 336,
                "children": 336,
                "infants": 336
            },
            "bags_price": {
                "1": 112,
                "2": 360
            },
            "baglimit": {
                "hand_dimensions_sum": 118,
                "hand_height": 40,
                "hand_length": 55,
                "hand_weight": 8,
                "hand_width": 23,
                "hold_dimensions_sum": 158,
                "hold_height": 52,
                "hold_length": 78,
                "hold_weight": 23,
                "hold_width": 28,
                "personal_item_dimension_sum": 95,
                "personal_item_height": 30,
                "personal_item_length": 40,
                "personal_item_weight": 8,
                "personal_item_width": 25
            },
            "availability": {
                "seats": 2
            },
            "airlines": [
                "EW"
            ],
            "route": [
                {
                    "id": "0b7717884de80000d149791f_0",
                    "combination_id": "0b7717884de80000d149791f",
                    "flyFrom": "BUD",
                    "flyTo": "STR",
                    "cityFrom": "Budapest",
                    "cityCodeFrom": "BUD",
                    "cityTo": "Stuttgart",
                    "cityCodeTo": "STR",
                    "local_departure": "2024-08-09T08:25:00.000Z",
                    "utc_departure": "2024-08-09T06:25:00.000Z",
                    "local_arrival": "2024-08-09T09:55:00.000Z",
                    "utc_arrival": "2024-08-09T07:55:00.000Z",
                    "airline": "EW",
                    "flight_no": 2781,
                    "operating_carrier": "EW",
                    "operating_flight_no": "2781",
                    "fare_basis": "",
                    "fare_category": "M",
                    "fare_classes": "T",
                    "return": 0,
                    "bags_recheck_required": false,
                    "vi_connection": false,
                    "guarantee": false,
                    "equipment": null,
                    "vehicle_type": "aircraft"
                },
                {
                    "id": "0b7717884de80000d149791f_1",
                    "combination_id": "0b7717884de80000d149791f",
                    "flyFrom": "STR",
                    "flyTo": "HAM",
                    "cityFrom": "Stuttgart",
                    "cityCodeFrom": "STR",
                    "cityTo": "Hamburg",
                    "cityCodeTo": "HAM",
                    "local_departure": "2024-08-09T10:50:00.000Z",
                    "utc_departure": "2024-08-09T08:50:00.000Z",
                    "local_arrival": "2024-08-09T12:00:00.000Z",
                    "utc_arrival": "2024-08-09T10:00:00.000Z",
                    "airline": "EW",
                    "flight_no": 2046,
                    "operating_carrier": "EW",
                    "operating_flight_no": "2046",
                    "fare_basis": "",
                    "fare_category": "M",
                    "fare_classes": "T",
                    "return": 0,
                    "bags_recheck_required": false,
                    "vi_connection": false,
                    "guarantee": false,
                    "equipment": null,
                    "vehicle_type": "aircraft"
                },
                {
                    "id": "17880b774dea00009165578c_0",
                    "combination_id": "17880b774dea00009165578c",
                    "flyFrom": "HAM",
                    "flyTo": "STR",
                    "cityFrom": "Hamburg",
                    "cityCodeFrom": "HAM",
                    "cityTo": "Stuttgart",
                    "cityCodeTo": "STR",
                    "local_departure": "2024-08-11T16:00:00.000Z",
                    "utc_departure": "2024-08-11T14:00:00.000Z",
                    "local_arrival": "2024-08-11T17:15:00.000Z",
                    "utc_arrival": "2024-08-11T15:15:00.000Z",
                    "airline": "EW",
                    "flight_no": 7042,
                    "operating_carrier": "EW",
                    "operating_flight_no": "7042",
                    "fare_basis": "",
                    "fare_category": "M",
                    "fare_classes": "",
                    "return": 1,
                    "bags_recheck_required": false,
                    "vi_connection": false,
                    "guarantee": false,
                    "equipment": null,
                    "vehicle_type": "aircraft"
                },
                {
                    "id": "17880b774dea00009165578c_1",
                    "combination_id": "17880b774dea00009165578c",
                    "flyFrom": "STR",
                    "flyTo": "BUD",
                    "cityFrom": "Stuttgart",
                    "cityCodeFrom": "STR",
                    "cityTo": "Budapest",
                    "cityCodeTo": "BUD",
                    "local_departure": "2024-08-11T18:50:00.000Z",
                    "utc_departure": "2024-08-11T16:50:00.000Z",
                    "local_arrival": "2024-08-11T20:15:00.000Z",
                    "utc_arrival": "2024-08-11T18:15:00.000Z",
                    "airline": "EW",
                    "flight_no": 2784,
                    "operating_carrier": "EW",
                    "operating_flight_no": "2784",
                    "fare_basis": "",
                    "fare_category": "M",
                    "fare_classes": "",
                    "return": 1,
                    "bags_recheck_required": false,
                    "vi_connection": false,
                    "guarantee": false,
                    "equipment": null,
                    "vehicle_type": "aircraft"
                }
            ],
            "booking_token": "HVzfa8DuXEodxTV409sNudZFywhbqyVddEzeoKgRAkjwkpn_qb3Utl0MJKCxthZP53lsjrIxJFnTws3GFXyYXkRDk6TB2pCNQyvh6YWuPxe3P18qXO0pqSIuTJVJoqiOlI0LAPkbgA7yyE2WkNRJweMpx2oAvccT0zG8pvjzzPL1Q9FK3oOQs3lr5N22abceKV0VzgBdxirKhgi0U5dpa1xyzPhwU5sGjn2FTn7am_k9B4SDHjJakNYal835nZJ8Ay5vM9wFm610u-ZbXu1dnpCafkmA44CO8olR-qSh5_iFFmVRwhsAtrpuLjOa4-epDjDMlk1FOaZqhU4S6mqra1XqPEl6MnV-M-Pg8_Ig8IDgAgUSStJ8GHCHFiqcasWq_ygRS7ek2kcdL6v89DhS5MGHL4WZWccieZgqOFojEEVM4RuHdWmh5fY5YbRoeZIoFKGOBZ3E2BllYENQVCpMshtC1p7KMxyIq9ynXGDSZEyfI_0vTz8qX--ViYoljdHi8HZpKoeNj6SFsAcA8zOI03XLZNYSGVZHCNh0uOa6D5KVB7hJIteYeOr5fc3ZHG7KM7baEhxPPIg9NFrvWjEYiohwaPHV7CUfjbUlAdnUVXNTmrp4iSH_gcP0Goly6a7QQQ78vJWY7UIIMk0fUv9n7bw-eHYfqfeCeRrv_Mt4nQ5PXAZJ-Rek66QG_AD7JcQPmUhyUdluZyWYHKVOzmT2rbg==",
            "deep_link": "https://www.kiwi.com/deep?affilid=mihalytest&currency=EUR&flightsId=0b7717884de80000d149791f_0%7C0b7717884de80000d149791f_1%7C17880b774dea00009165578c_0%7C17880b774dea00009165578c_1&from=BUD&lang=en&passengers=1&to=HAM&booking_token=HVzfa8DuXEodxTV409sNudZFywhbqyVddEzeoKgRAkjwkpn_qb3Utl0MJKCxthZP53lsjrIxJFnTws3GFXyYXkRDk6TB2pCNQyvh6YWuPxe3P18qXO0pqSIuTJVJoqiOlI0LAPkbgA7yyE2WkNRJweMpx2oAvccT0zG8pvjzzPL1Q9FK3oOQs3lr5N22abceKV0VzgBdxirKhgi0U5dpa1xyzPhwU5sGjn2FTn7am_k9B4SDHjJakNYal835nZJ8Ay5vM9wFm610u-ZbXu1dnpCafkmA44CO8olR-qSh5_iFFmVRwhsAtrpuLjOa4-epDjDMlk1FOaZqhU4S6mqra1XqPEl6MnV-M-Pg8_Ig8IDgAgUSStJ8GHCHFiqcasWq_ygRS7ek2kcdL6v89DhS5MGHL4WZWccieZgqOFojEEVM4RuHdWmh5fY5YbRoeZIoFKGOBZ3E2BllYENQVCpMshtC1p7KMxyIq9ynXGDSZEyfI_0vTz8qX--ViYoljdHi8HZpKoeNj6SFsAcA8zOI03XLZNYSGVZHCNh0uOa6D5KVB7hJIteYeOr5fc3ZHG7KM7baEhxPPIg9NFrvWjEYiohwaPHV7CUfjbUlAdnUVXNTmrp4iSH_gcP0Goly6a7QQQ78vJWY7UIIMk0fUv9n7bw-eHYfqfeCeRrv_Mt4nQ5PXAZJ-Rek66QG_AD7JcQPmUhyUdluZyWYHKVOzmT2rbg==",
            "facilitated_booking_available": true,
            "pnr_count": 2,
            "has_airport_change": false,
            "technical_stops": 0,
            "throw_away_ticketing": false,
            "hidden_city_ticketing": false,
            "virtual_interlining": false
        },
        {
            "id": "0b7717884de4000058002cfc_0|17880b774dea000078729e34_0",
            "flyFrom": "BUD",
            "flyTo": "HAM",
            "cityFrom": "Budapest",
            "cityCodeFrom": "BUD",
            "cityTo": "Hamburg",
            "cityCodeTo": "HAM",
            "countryFrom": {
                "code": "HU",
                "name": "Hungary"
            },
            "countryTo": {
                "code": "DE",
                "name": "Germany"
            },
            "local_departure": "2024-08-05T08:40:00.000Z",
            "utc_departure": "2024-08-05T06:40:00.000Z",
            "local_arrival": "2024-08-05T10:25:00.000Z",
            "utc_arrival": "2024-08-05T08:25:00.000Z",
            "nightsInDest": 6,
            "quality": 388.333205,
            "distance": 949.98,
            "duration": {
                "departure": 6300,
                "return": 6000,
                "total": 12300
            },
            "price": 337,
            "conversion": {
                "EUR": 337
            },
            "fare": {
                "adults": 337,
                "children": 337,
                "infants": 337
            },
            "bags_price": {
                "1": 72.8,
                "2": 282.8
            },
            "baglimit": {
                "hand_dimensions_sum": 118,
                "hand_height": 40,
                "hand_length": 55,
                "hand_weight": 8,
                "hand_width": 23,
                "hold_dimensions_sum": 158,
                "hold_height": 52,
                "hold_length": 78,
                "hold_weight": 23,
                "hold_width": 28,
                "personal_item_dimension_sum": 95,
                "personal_item_height": 30,
                "personal_item_length": 40,
                "personal_item_weight": 8,
                "personal_item_width": 25
            },
            "availability": {
                "seats": 3
            },
            "airlines": [
                "EW"
            ],
            "route": [
                {
                    "id": "0b7717884de4000058002cfc_0",
                    "combination_id": "0b7717884de4000058002cfc",
                    "flyFrom": "BUD",
                    "flyTo": "HAM",
                    "cityFrom": "Budapest",
                    "cityCodeFrom": "BUD",
                    "cityTo": "Hamburg",
                    "cityCodeTo": "HAM",
                    "local_departure": "2024-08-05T08:40:00.000Z",
                    "utc_departure": "2024-08-05T06:40:00.000Z",
                    "local_arrival": "2024-08-05T10:25:00.000Z",
                    "utc_arrival": "2024-08-05T08:25:00.000Z",
                    "airline": "EW",
                    "flight_no": 7785,
                    "operating_carrier": "EW",
                    "operating_flight_no": "7785",
                    "fare_basis": "",
                    "fare_category": "M",
                    "fare_classes": "",
                    "return": 0,
                    "bags_recheck_required": false,
                    "vi_connection": false,
                    "guarantee": false,
                    "equipment": null,
                    "vehicle_type": "aircraft"
                },
                {
                    "id": "17880b774dea000078729e34_0",
                    "combination_id": "17880b774dea000078729e34",
                    "flyFrom": "HAM",
                    "flyTo": "BUD",
                    "cityFrom": "Hamburg",
                    "cityCodeFrom": "HAM",
                    "cityTo": "Budapest",
                    "cityCodeTo": "BUD",
                    "local_departure": "2024-08-11T18:25:00.000Z",
                    "utc_departure": "2024-08-11T16:25:00.000Z",
                    "local_arrival": "2024-08-11T20:05:00.000Z",
                    "utc_arrival": "2024-08-11T18:05:00.000Z",
                    "airline": "EW",
                    "flight_no": 7782,
                    "operating_carrier": "EW",
                    "operating_flight_no": "7782",
                    "fare_basis": "",
                    "fare_category": "M",
                    "fare_classes": "",
                    "return": 1,
                    "bags_recheck_required": false,
                    "vi_connection": false,
                    "guarantee": false,
                    "equipment": null,
                    "vehicle_type": "aircraft"
                }
            ],
            "booking_token": "HdXfKkI_GwFyMR-qL36w_B8bqi2xDaK4oR2J5JZHWz086sNl_mQ8XSr3j3H6-MEOlUA334nffSr0K8mgxVAu4gztHTekKCZQ49cJ9gbtTDwXd6AwO0Yf9CqMBzC0fbWt3VyF36f1-qHiOtjyxQPksd_qENMPHRqxtSP9F10LeaLxTQMgGbL5xkGQno6afuAZ4Ls0Xc3a5Ik0UIZjBTD7yptj-0aYOLF_xeM9_2yvRelIOPNQSwTKLd6cQpJ7pESU1SrG2j3GWzi1i4UVGhvya606SxIUs8mNfOsLvQFtyp4I304Ug5S02otzwwzQSX89NAW898ui5jTT4veCIJCEJ2MYDkauYYJDPzEuez5DNNZxy4YFGDo5d2o9DsPVGZo6SoV_KZuKr9ZvGfh9A8fHjQ3AYBLvvCPxFpzYOtBUpp4yuWSiwN9C7azUn3dqcAkel2nZdDyMoUIAxUacImQp9IzJvpuybUOg9Jwjc5IKKPDB5vh4aV6HP-iXCzSynJZ5fdPLMRtYKHY0QZyuQkghNO1kzJu3wJhmmjEM8VuNVl_XQVpei8dFID9Zi5qBvnRHt1zohQsGAZCqdchqYNU17lXKmEaZEI9nONYPvZfMAHGwKDeIHXKBo1K5QuzhxsJLD0n5Ho5seSDg8t8plY4vldw==",
            "deep_link": "https://www.kiwi.com/deep?affilid=mihalytest&currency=EUR&flightsId=0b7717884de4000058002cfc_0%7C17880b774dea000078729e34_0&from=BUD&lang=en&passengers=1&to=HAM&booking_token=HdXfKkI_GwFyMR-qL36w_B8bqi2xDaK4oR2J5JZHWz086sNl_mQ8XSr3j3H6-MEOlUA334nffSr0K8mgxVAu4gztHTekKCZQ49cJ9gbtTDwXd6AwO0Yf9CqMBzC0fbWt3VyF36f1-qHiOtjyxQPksd_qENMPHRqxtSP9F10LeaLxTQMgGbL5xkGQno6afuAZ4Ls0Xc3a5Ik0UIZjBTD7yptj-0aYOLF_xeM9_2yvRelIOPNQSwTKLd6cQpJ7pESU1SrG2j3GWzi1i4UVGhvya606SxIUs8mNfOsLvQFtyp4I304Ug5S02otzwwzQSX89NAW898ui5jTT4veCIJCEJ2MYDkauYYJDPzEuez5DNNZxy4YFGDo5d2o9DsPVGZo6SoV_KZuKr9ZvGfh9A8fHjQ3AYBLvvCPxFpzYOtBUpp4yuWSiwN9C7azUn3dqcAkel2nZdDyMoUIAxUacImQp9IzJvpuybUOg9Jwjc5IKKPDB5vh4aV6HP-iXCzSynJZ5fdPLMRtYKHY0QZyuQkghNO1kzJu3wJhmmjEM8VuNVl_XQVpei8dFID9Zi5qBvnRHt1zohQsGAZCqdchqYNU17lXKmEaZEI9nONYPvZfMAHGwKDeIHXKBo1K5QuzhxsJLD0n5Ho5seSDg8t8plY4vldw==",
            "facilitated_booking_available": true,
            "pnr_count": 2,
            "has_airport_change": false,
            "technical_stops": 0,
            "throw_away_ticketing": false,
            "hidden_city_ticketing": false,
            "virtual_interlining": false
        },
        {
            "id": "0b7717884de10000a0f97f01_0|17880b774de80000ce85ae83_0",
            "flyFrom": "BUD",
            "flyTo": "HAM",
            "cityFrom": "Budapest",
            "cityCodeFrom": "BUD",
            "cityTo": "Hamburg",
            "cityCodeTo": "HAM",
            "countryFrom": {
                "code": "HU",
                "name": "Hungary"
            },
            "countryTo": {
                "code": "DE",
                "name": "Germany"
            },
            "local_departure": "2024-08-02T20:45:00.000Z",
            "utc_departure": "2024-08-02T18:45:00.000Z",
            "local_arrival": "2024-08-02T22:30:00.000Z",
            "utc_arrival": "2024-08-02T20:30:00.000Z",
            "nightsInDest": 7,
            "quality": 388.333205,
            "distance": 949.98,
            "duration": {
                "departure": 6300,
                "return": 6000,
                "total": 12300
            },
            "price": 337,
            "conversion": {
                "EUR": 337
            },
            "fare": {
                "adults": 337,
                "children": 337,
                "infants": 337
            },
            "bags_price": {
                "1": 72.8,
                "2": 282.8
            },
            "baglimit": {
                "hand_dimensions_sum": 118,
                "hand_height": 40,
                "hand_length": 55,
                "hand_weight": 8,
                "hand_width": 23,
                "hold_dimensions_sum": 158,
                "hold_height": 52,
                "hold_length": 78,
                "hold_weight": 23,
                "hold_width": 28,
                "personal_item_dimension_sum": 95,
                "personal_item_height": 30,
                "personal_item_length": 40,
                "personal_item_weight": 8,
                "personal_item_width": 25
            },
            "availability": {
                "seats": 5
            },
            "airlines": [
                "EW"
            ],
            "route": [
                {
                    "id": "0b7717884de10000a0f97f01_0",
                    "combination_id": "0b7717884de10000a0f97f01",
                    "flyFrom": "BUD",
                    "flyTo": "HAM",
                    "cityFrom": "Budapest",
                    "cityCodeFrom": "BUD",
                    "cityTo": "Hamburg",
                    "cityCodeTo": "HAM",
                    "local_departure": "2024-08-02T20:45:00.000Z",
                    "utc_departure": "2024-08-02T18:45:00.000Z",
                    "local_arrival": "2024-08-02T22:30:00.000Z",
                    "utc_arrival": "2024-08-02T20:30:00.000Z",
                    "airline": "EW",
                    "flight_no": 7783,
                    "operating_carrier": "",
                    "operating_flight_no": "",
                    "fare_basis": "",
                    "fare_category": "M",
                    "fare_classes": "",
                    "return": 0,
                    "bags_recheck_required": false,
                    "vi_connection": false,
                    "guarantee": false,
                    "equipment": null,
                    "vehicle_type": "aircraft"
                },
                {
                    "id": "17880b774de80000ce85ae83_0",
                    "combination_id": "17880b774de80000ce85ae83",
                    "flyFrom": "HAM",
                    "flyTo": "BUD",
                    "cityFrom": "Hamburg",
                    "cityCodeFrom": "HAM",
                    "cityTo": "Budapest",
                    "cityCodeTo": "BUD",
                    "local_departure": "2024-08-09T18:25:00.000Z",
                    "utc_departure": "2024-08-09T16:25:00.000Z",
                    "local_arrival": "2024-08-09T20:05:00.000Z",
                    "utc_arrival": "2024-08-09T18:05:00.000Z",
                    "airline": "EW",
                    "flight_no": 7782,
                    "operating_carrier": "EW",
                    "operating_flight_no": "7782",
                    "fare_basis": "",
                    "fare_category": "M",
                    "fare_classes": "",
                    "return": 1,
                    "bags_recheck_required": false,
                    "vi_connection": false,
                    "guarantee": false,
                    "equipment": null,
                    "vehicle_type": "aircraft"
                }
            ],
            "booking_token": "HA7oqTHsHSJDhA35190IZzr5b-LJZBAyUNjcVw38uh48goKjOjYjoLNZXp5-5eP9cWUg7j11I_yw8w0RRyCOTNZI293qlpHUYHtgXHJXfNK1QLQNerwHEjjCXFfB3F8R9stpZLPHeoKoOzVuCFXGmlm7gCZYygO4PMInUwKb51HVVzrPPiiTWIIk2Mrqtxccf_ML1bpRfOq5E1DKy0y8UQGpjWlPXgVPQYi5GnYFwEYDh8l005JuZQnJSi4fsSKwQpHPKaq8xpagDK6CVbwrd91RxetigUxg1RwPw79tlFVsXeCvwLRGViCB__IaexD9Y7Px92k8tHVNx0aj6s2OlOxJ_tnsluwGYPIgOBGdMjbMa2yN6yzlPiarK0xYX3HEp3t8magc2sHmr_qI-w7_imc4WZUOL7e-Xu-cMyXplgDVGtKIQPTy2kt90W7uvVB3uvM8VEEWv254ZJLrPqxocZyZvNoYrZlvZMrRfCH3ZqBaK8haefDjr_G67x69kSl0JHx1jkpJpfnhpfH05L1ZCDfGNwqtH-KVnqauNnSRu7ETkKadcuhpRfC5xaAgH3seuvIVzvEbqRMlndrBS2RdBBvsY2Ta-Tj-xF-OdgWZlvfp8o_efJACidIhq_OfFFEEOhhUVtG92e8tvSSK_RvwqGg==",
            "deep_link": "https://www.kiwi.com/deep?affilid=mihalytest&currency=EUR&flightsId=0b7717884de10000a0f97f01_0%7C17880b774de80000ce85ae83_0&from=BUD&lang=en&passengers=1&to=HAM&booking_token=HA7oqTHsHSJDhA35190IZzr5b-LJZBAyUNjcVw38uh48goKjOjYjoLNZXp5-5eP9cWUg7j11I_yw8w0RRyCOTNZI293qlpHUYHtgXHJXfNK1QLQNerwHEjjCXFfB3F8R9stpZLPHeoKoOzVuCFXGmlm7gCZYygO4PMInUwKb51HVVzrPPiiTWIIk2Mrqtxccf_ML1bpRfOq5E1DKy0y8UQGpjWlPXgVPQYi5GnYFwEYDh8l005JuZQnJSi4fsSKwQpHPKaq8xpagDK6CVbwrd91RxetigUxg1RwPw79tlFVsXeCvwLRGViCB__IaexD9Y7Px92k8tHVNx0aj6s2OlOxJ_tnsluwGYPIgOBGdMjbMa2yN6yzlPiarK0xYX3HEp3t8magc2sHmr_qI-w7_imc4WZUOL7e-Xu-cMyXplgDVGtKIQPTy2kt90W7uvVB3uvM8VEEWv254ZJLrPqxocZyZvNoYrZlvZMrRfCH3ZqBaK8haefDjr_G67x69kSl0JHx1jkpJpfnhpfH05L1ZCDfGNwqtH-KVnqauNnSRu7ETkKadcuhpRfC5xaAgH3seuvIVzvEbqRMlndrBS2RdBBvsY2Ta-Tj-xF-OdgWZlvfp8o_efJACidIhq_OfFFEEOhhUVtG92e8tvSSK_RvwqGg==",
            "facilitated_booking_available": true,
            "pnr_count": 2,
            "has_airport_change": false,
            "technical_stops": 0,
            "throw_away_ticketing": false,
            "hidden_city_ticketing": false,
            "virtual_interlining": false
        },
        {
            "id": "0b7717884de10000a0f97f01_0|17880b774de4000087dc066b_0",
            "flyFrom": "BUD",
            "flyTo": "HAM",
            "cityFrom": "Budapest",
            "cityCodeFrom": "BUD",
            "cityTo": "Hamburg",
            "cityCodeTo": "HAM",
            "countryFrom": {
                "code": "HU",
                "name": "Hungary"
            },
            "countryTo": {
                "code": "DE",
                "name": "Germany"
            },
            "local_departure": "2024-08-02T20:45:00.000Z",
            "utc_departure": "2024-08-02T18:45:00.000Z",
            "local_arrival": "2024-08-02T22:30:00.000Z",
            "utc_arrival": "2024-08-02T20:30:00.000Z",
            "nightsInDest": 3,
            "quality": 392.333205,
            "distance": 949.98,
            "duration": {
                "departure": 6300,
                "return": 6000,
                "total": 12300
            },
            "price": 341,
            "conversion": {
                "EUR": 341
            },
            "fare": {
                "adults": 341,
                "children": 341,
                "infants": 341
            },
            "bags_price": {
                "1": 72.8,
                "2": 282.8
            },
            "baglimit": {
                "hand_dimensions_sum": 118,
                "hand_height": 40,
                "hand_length": 55,
                "hand_weight": 8,
                "hand_width": 23,
                "hold_dimensions_sum": 158,
                "hold_height": 52,
                "hold_length": 78,
                "hold_weight": 23,
                "hold_width": 28,
                "personal_item_dimension_sum": 95,
                "personal_item_height": 30,
                "personal_item_length": 40,
                "personal_item_weight": 8,
                "personal_item_width": 25
            },
            "availability": {
                "seats": 5
            },
            "airlines": [
                "EW"
            ],
            "route": [
                {
                    "id": "0b7717884de10000a0f97f01_0",
                    "combination_id": "0b7717884de10000a0f97f01",
                    "flyFrom": "BUD",
                    "flyTo": "HAM",
                    "cityFrom": "Budapest",
                    "cityCodeFrom": "BUD",
                    "cityTo": "Hamburg",
                    "cityCodeTo": "HAM",
                    "local_departure": "2024-08-02T20:45:00.000Z",
                    "utc_departure": "2024-08-02T18:45:00.000Z",
                    "local_arrival": "2024-08-02T22:30:00.000Z",
                    "utc_arrival": "2024-08-02T20:30:00.000Z",
                    "airline": "EW",
                    "flight_no": 7783,
                    "operating_carrier": "",
                    "operating_flight_no": "",
                    "fare_basis": "",
                    "fare_category": "M",
                    "fare_classes": "",
                    "return": 0,
                    "bags_recheck_required": false,
                    "vi_connection": false,
                    "guarantee": false,
                    "equipment": null,
                    "vehicle_type": "aircraft"
                },
                {
                    "id": "17880b774de4000087dc066b_0",
                    "combination_id": "17880b774de4000087dc066b",
                    "flyFrom": "HAM",
                    "flyTo": "BUD",
                    "cityFrom": "Hamburg",
                    "cityCodeFrom": "HAM",
                    "cityTo": "Budapest",
                    "cityCodeTo": "BUD",
                    "local_departure": "2024-08-05T06:15:00.000Z",
                    "utc_departure": "2024-08-05T04:15:00.000Z",
                    "local_arrival": "2024-08-05T07:55:00.000Z",
                    "utc_arrival": "2024-08-05T05:55:00.000Z",
                    "airline": "EW",
                    "flight_no": 7784,
                    "operating_carrier": "",
                    "operating_flight_no": "",
                    "fare_basis": "",
                    "fare_category": "M",
                    "fare_classes": "",
                    "return": 1,
                    "bags_recheck_required": false,
                    "vi_connection": false,
                    "guarantee": false,
                    "equipment": null,
                    "vehicle_type": "aircraft"
                }
            ],
            "booking_token": "H3zQ98StdHyDxyayD9Nf1Gt1EMeXloG69u_0aWyeU_Y2xigAXD0NV0VnJNRiYvFUYnHxSe5CjxmCKijrbnZ_CnQQKv4PjQAjNYmSf-oaMXgqFD6Phctyi0c1GoZdohQAR_aGX87s0jmCH0XOFu7bywDbsLX_vZJFc8gCfhPUdcl4HZvsiPnFC_MBz8ie8hqRjSVYlX4sEVDW3UqgIzvLLwdFGkF-P1FNAryxYviXY7HoYXeBnxc5M0n2zjz_LoMutrbqLrwUe_pPXU5tVXCgzOX6I_asrWfsWdzY3Deg-XZS9wz3LrVQKnmAPN1NexsolqCK40y0blF7bNKeo5gXzeHsVexs207nFpBRCZkrlzj1mM1GKSvbiBre3yheIuTqI1US-udGqfAaDCNWu-8h2BE3kNGaUlQzMsA-olSLPaXtJwGMRdASjUaZq01rQxMhfICDSA6i91Vtdha85bPP-VzA4kd5U97FVJdD1jm3QoBZNBJAu0Qx8RnCMi2PRSir57r3kezAzJXo1tj63fwJbzPXTT9MjUUxr8DI0PgNpX4S1QJxvEPpCvPHZCuyXaMzo0LdwNNHv3KhcnrxR9FpkeHxS3rleVfmnrjojnIVhxoQCjPhfeUKHcFAGUyOTclCc7R35p_IneUgn9Qo_wD1EO8nuqCXFBLzjvyogqQdBlHU=",
            "deep_link": "https://www.kiwi.com/deep?affilid=mihalytest&currency=EUR&flightsId=0b7717884de10000a0f97f01_0%7C17880b774de4000087dc066b_0&from=BUD&lang=en&passengers=1&to=HAM&booking_token=H3zQ98StdHyDxyayD9Nf1Gt1EMeXloG69u_0aWyeU_Y2xigAXD0NV0VnJNRiYvFUYnHxSe5CjxmCKijrbnZ_CnQQKv4PjQAjNYmSf-oaMXgqFD6Phctyi0c1GoZdohQAR_aGX87s0jmCH0XOFu7bywDbsLX_vZJFc8gCfhPUdcl4HZvsiPnFC_MBz8ie8hqRjSVYlX4sEVDW3UqgIzvLLwdFGkF-P1FNAryxYviXY7HoYXeBnxc5M0n2zjz_LoMutrbqLrwUe_pPXU5tVXCgzOX6I_asrWfsWdzY3Deg-XZS9wz3LrVQKnmAPN1NexsolqCK40y0blF7bNKeo5gXzeHsVexs207nFpBRCZkrlzj1mM1GKSvbiBre3yheIuTqI1US-udGqfAaDCNWu-8h2BE3kNGaUlQzMsA-olSLPaXtJwGMRdASjUaZq01rQxMhfICDSA6i91Vtdha85bPP-VzA4kd5U97FVJdD1jm3QoBZNBJAu0Qx8RnCMi2PRSir57r3kezAzJXo1tj63fwJbzPXTT9MjUUxr8DI0PgNpX4S1QJxvEPpCvPHZCuyXaMzo0LdwNNHv3KhcnrxR9FpkeHxS3rleVfmnrjojnIVhxoQCjPhfeUKHcFAGUyOTclCc7R35p_IneUgn9Qo_wD1EO8nuqCXFBLzjvyogqQdBlHU=",
            "facilitated_booking_available": true,
            "pnr_count": 2,
            "has_airport_change": false,
            "technical_stops": 0,
            "throw_away_ticketing": false,
            "hidden_city_ticketing": false,
            "virtual_interlining": false
        },
        {
            "id": "0b7717884de80000d149791f_0|0b7717884de80000d149791f_1|17880b774dea000078729e34_0",
            "flyFrom": "BUD",
            "flyTo": "HAM",
            "cityFrom": "Budapest",
            "cityCodeFrom": "BUD",
            "cityTo": "Hamburg",
            "cityCodeTo": "HAM",
            "countryFrom": {
                "code": "HU",
                "name": "Hungary"
            },
            "countryTo": {
                "code": "DE",
                "name": "Germany"
            },
            "local_departure": "2024-08-09T08:25:00.000Z",
            "utc_departure": "2024-08-09T06:25:00.000Z",
            "local_arrival": "2024-08-09T12:00:00.000Z",
            "utc_arrival": "2024-08-09T10:00:00.000Z",
            "nightsInDest": 2,
            "quality": 406.999835,
            "distance": 949.98,
            "duration": {
                "departure": 12900,
                "return": 6000,
                "total": 18900
            },
            "price": 341,
            "conversion": {
                "EUR": 341
            },
            "fare": {
                "adults": 341,
                "children": 341,
                "infants": 341
            },
            "bags_price": {
                "1": 92.4,
                "2": 322
            },
            "baglimit": {
                "hand_dimensions_sum": 118,
                "hand_height": 40,
                "hand_length": 55,
                "hand_weight": 8,
                "hand_width": 23,
                "hold_dimensions_sum": 158,
                "hold_height": 52,
                "hold_length": 78,
                "hold_weight": 23,
                "hold_width": 28,
                "personal_item_dimension_sum": 95,
                "personal_item_height": 30,
                "personal_item_length": 40,
                "personal_item_weight": 8,
                "personal_item_width": 25
            },
            "availability": {
                "seats": 3
            },
            "airlines": [
                "EW"
            ],
            "route": [
                {
                    "id": "0b7717884de80000d149791f_0",
                    "combination_id": "0b7717884de80000d149791f",
                    "flyFrom": "BUD",
                    "flyTo": "STR",
                    "cityFrom": "Budapest",
                    "cityCodeFrom": "BUD",
                    "cityTo": "Stuttgart",
                    "cityCodeTo": "STR",
                    "local_departure": "2024-08-09T08:25:00.000Z",
                    "utc_departure": "2024-08-09T06:25:00.000Z",
                    "local_arrival": "2024-08-09T09:55:00.000Z",
                    "utc_arrival": "2024-08-09T07:55:00.000Z",
                    "airline": "EW",
                    "flight_no": 2781,
                    "operating_carrier": "EW",
                    "operating_flight_no": "2781",
                    "fare_basis": "",
                    "fare_category": "M",
                    "fare_classes": "T",
                    "return": 0,
                    "bags_recheck_required": false,
                    "vi_connection": false,
                    "guarantee": false,
                    "equipment": null,
                    "vehicle_type": "aircraft"
                },
                {
                    "id": "0b7717884de80000d149791f_1",
                    "combination_id": "0b7717884de80000d149791f",
                    "flyFrom": "STR",
                    "flyTo": "HAM",
                    "cityFrom": "Stuttgart",
                    "cityCodeFrom": "STR",
                    "cityTo": "Hamburg",
                    "cityCodeTo": "HAM",
                    "local_departure": "2024-08-09T10:50:00.000Z",
                    "utc_departure": "2024-08-09T08:50:00.000Z",
                    "local_arrival": "2024-08-09T12:00:00.000Z",
                    "utc_arrival": "2024-08-09T10:00:00.000Z",
                    "airline": "EW",
                    "flight_no": 2046,
                    "operating_carrier": "EW",
                    "operating_flight_no": "2046",
                    "fare_basis": "",
                    "fare_category": "M",
                    "fare_classes": "T",
                    "return": 0,
                    "bags_recheck_required": false,
                    "vi_connection": false,
                    "guarantee": false,
                    "equipment": null,
                    "vehicle_type": "aircraft"
                },
                {
                    "id": "17880b774dea000078729e34_0",
                    "combination_id": "17880b774dea000078729e34",
                    "flyFrom": "HAM",
                    "flyTo": "BUD",
                    "cityFrom": "Hamburg",
                    "cityCodeFrom": "HAM",
                    "cityTo": "Budapest",
                    "cityCodeTo": "BUD",
                    "local_departure": "2024-08-11T18:25:00.000Z",
                    "utc_departure": "2024-08-11T16:25:00.000Z",
                    "local_arrival": "2024-08-11T20:05:00.000Z",
                    "utc_arrival": "2024-08-11T18:05:00.000Z",
                    "airline": "EW",
                    "flight_no": 7782,
                    "operating_carrier": "EW",
                    "operating_flight_no": "7782",
                    "fare_basis": "",
                    "fare_category": "M",
                    "fare_classes": "",
                    "return": 1,
                    "bags_recheck_required": false,
                    "vi_connection": false,
                    "guarantee": false,
                    "equipment": null,
                    "vehicle_type": "aircraft"
                }
            ],
            "booking_token": "HKoap8bFHsZK6Fg9suHLaUz-OSkytb_XdpBqpaeMNy-0NCHjUOHflS54UVZWgYOYDSHQVyjMyunw9onrbSZn8yXl-AIwQmNq4pWGqhavw4N5WRSkoVn_NzVqcycFvUhX1rS_RUnykklAgQRdFVydSrk9Y8h2EVqjWW82YWuLQ84818J-tTR7d2Eki3tyOUuUCkWwC2W-Mf6VB6WwczvThB-KOzLWU59voZy9Y5tdqnLRLvGjaV2oisEP-y3pDYkFQLFDqZ9JyXzTIUUiI51aHC1Qjzd6HR4kqxB73LTzfaxMLWmI25kEGsajq5zl8TJXyOjVsWDXfoeQU1yMrxvpff0HLxuSJ-TXacWAecGQAHFxWek1TVT-40Ry5pGdI_2ltC3WlPBytMSRvMBS92YoiouneWewqgeJc1-Rmbm8Tky-TxsEnQiWZTV-5T1d5MKGJwhKxqbjBA4W6SVvohZB-7cifeTUhGT4Q9ZMyr2WxqlTFZtT2MSFJKP2qb9ibQXZdiw3RoMknGdDRW88Lo0BiDE830BiscMkA6tGDV6OEEXsVcIN498aq6RE_F61Y6jFqE3l0u0Zx_QRJVfKz4T_ddx-wGYuiAXt3rEcWlBBdjVimxbmt4s361Pn77Uq6wlxExMP7VOdEunrzI4BK-tm2zk753iD3VEWCjHEDEVQDJWK32J11mjL71ngBK3MtPUpNYmDU_OvUTLMHgqUJTj8g-g==",
            "deep_link": "https://www.kiwi.com/deep?affilid=mihalytest&currency=EUR&flightsId=0b7717884de80000d149791f_0%7C0b7717884de80000d149791f_1%7C17880b774dea000078729e34_0&from=BUD&lang=en&passengers=1&to=HAM&booking_token=HKoap8bFHsZK6Fg9suHLaUz-OSkytb_XdpBqpaeMNy-0NCHjUOHflS54UVZWgYOYDSHQVyjMyunw9onrbSZn8yXl-AIwQmNq4pWGqhavw4N5WRSkoVn_NzVqcycFvUhX1rS_RUnykklAgQRdFVydSrk9Y8h2EVqjWW82YWuLQ84818J-tTR7d2Eki3tyOUuUCkWwC2W-Mf6VB6WwczvThB-KOzLWU59voZy9Y5tdqnLRLvGjaV2oisEP-y3pDYkFQLFDqZ9JyXzTIUUiI51aHC1Qjzd6HR4kqxB73LTzfaxMLWmI25kEGsajq5zl8TJXyOjVsWDXfoeQU1yMrxvpff0HLxuSJ-TXacWAecGQAHFxWek1TVT-40Ry5pGdI_2ltC3WlPBytMSRvMBS92YoiouneWewqgeJc1-Rmbm8Tky-TxsEnQiWZTV-5T1d5MKGJwhKxqbjBA4W6SVvohZB-7cifeTUhGT4Q9ZMyr2WxqlTFZtT2MSFJKP2qb9ibQXZdiw3RoMknGdDRW88Lo0BiDE830BiscMkA6tGDV6OEEXsVcIN498aq6RE_F61Y6jFqE3l0u0Zx_QRJVfKz4T_ddx-wGYuiAXt3rEcWlBBdjVimxbmt4s361Pn77Uq6wlxExMP7VOdEunrzI4BK-tm2zk753iD3VEWCjHEDEVQDJWK32J11mjL71ngBK3MtPUpNYmDU_OvUTLMHgqUJTj8g-g==",
            "facilitated_booking_available": true,
            "pnr_count": 2,
            "has_airport_change": false,
            "technical_stops": 0,
            "throw_away_ticketing": false,
            "hidden_city_ticketing": false,
            "virtual_interlining": false
        },
        {
            "id": "0b7717884de70000d9fcc90c_0|0b7717884de70000d9fcc90c_1|17880b774dea000078729e34_0",
            "flyFrom": "BUD",
            "flyTo": "HAM",
            "cityFrom": "Budapest",
            "cityCodeFrom": "BUD",
            "cityTo": "Hamburg",
            "cityCodeTo": "HAM",
            "countryFrom": {
                "code": "HU",
                "name": "Hungary"
            },
            "countryTo": {
                "code": "DE",
                "name": "Germany"
            },
            "local_departure": "2024-08-08T09:20:00.000Z",
            "utc_departure": "2024-08-08T07:20:00.000Z",
            "local_arrival": "2024-08-08T15:30:00.000Z",
            "utc_arrival": "2024-08-08T13:30:00.000Z",
            "nightsInDest": 3,
            "quality": 427.66645,
            "distance": 949.98,
            "duration": {
                "departure": 22200,
                "return": 6000,
                "total": 28200
            },
            "price": 341,
            "conversion": {
                "EUR": 341
            },
            "fare": {
                "adults": 341,
                "children": 341,
                "infants": 341
            },
            "bags_price": {
                "1": 92.4,
                "2": 322
            },
            "baglimit": {
                "hand_dimensions_sum": 118,
                "hand_height": 40,
                "hand_length": 55,
                "hand_weight": 8,
                "hand_width": 23,
                "hold_dimensions_sum": 158,
                "hold_height": 52,
                "hold_length": 78,
                "hold_weight": 23,
                "hold_width": 28,
                "personal_item_dimension_sum": 95,
                "personal_item_height": 30,
                "personal_item_length": 40,
                "personal_item_weight": 8,
                "personal_item_width": 25
            },
            "availability": {
                "seats": 3
            },
            "airlines": [
                "EW"
            ],
            "route": [
                {
                    "id": "0b7717884de70000d9fcc90c_0",
                    "combination_id": "0b7717884de70000d9fcc90c",
                    "flyFrom": "BUD",
                    "flyTo": "DUS",
                    "cityFrom": "Budapest",
                    "cityCodeFrom": "BUD",
                    "cityTo": "D\u00fcsseldorf",
                    "cityCodeTo": "DUS",
                    "local_departure": "2024-08-08T09:20:00.000Z",
                    "utc_departure": "2024-08-08T07:20:00.000Z",
                    "local_arrival": "2024-08-08T11:10:00.000Z",
                    "utc_arrival": "2024-08-08T09:10:00.000Z",
                    "airline": "EW",
                    "flight_no": 9785,
                    "operating_carrier": "EW",
                    "operating_flight_no": "9785",
                    "fare_basis": "",
                    "fare_category": "M",
                    "fare_classes": "T",
                    "return": 0,
                    "bags_recheck_required": false,
                    "vi_connection": false,
                    "guarantee": false,
                    "equipment": null,
                    "vehicle_type": "aircraft"
                },
                {
                    "id": "0b7717884de70000d9fcc90c_1",
                    "combination_id": "0b7717884de70000d9fcc90c",
                    "flyFrom": "DUS",
                    "flyTo": "HAM",
                    "cityFrom": "D\u00fcsseldorf",
                    "cityCodeFrom": "DUS",
                    "cityTo": "Hamburg",
                    "cityCodeTo": "HAM",
                    "local_departure": "2024-08-08T14:30:00.000Z",
                    "utc_departure": "2024-08-08T12:30:00.000Z",
                    "local_arrival": "2024-08-08T15:30:00.000Z",
                    "utc_arrival": "2024-08-08T13:30:00.000Z",
                    "airline": "EW",
                    "flight_no": 9036,
                    "operating_carrier": "EW",
                    "operating_flight_no": "9036",
                    "fare_basis": "",
                    "fare_category": "M",
                    "fare_classes": "T",
                    "return": 0,
                    "bags_recheck_required": false,
                    "vi_connection": false,
                    "guarantee": false,
                    "equipment": null,
                    "vehicle_type": "aircraft"
                },
                {
                    "id": "17880b774dea000078729e34_0",
                    "combination_id": "17880b774dea000078729e34",
                    "flyFrom": "HAM",
                    "flyTo": "BUD",
                    "cityFrom": "Hamburg",
                    "cityCodeFrom": "HAM",
                    "cityTo": "Budapest",
                    "cityCodeTo": "BUD",
                    "local_departure": "2024-08-11T18:25:00.000Z",
                    "utc_departure": "2024-08-11T16:25:00.000Z",
                    "local_arrival": "2024-08-11T20:05:00.000Z",
                    "utc_arrival": "2024-08-11T18:05:00.000Z",
                    "airline": "EW",
                    "flight_no": 7782,
                    "operating_carrier": "EW",
                    "operating_flight_no": "7782",
                    "fare_basis": "",
                    "fare_category": "M",
                    "fare_classes": "",
                    "return": 1,
                    "bags_recheck_required": false,
                    "vi_connection": false,
                    "guarantee": false,
                    "equipment": null,
                    "vehicle_type": "aircraft"
                }
            ],
            "booking_token": "HCvXJRTE2JsfXQnECin41roSO2SZWCqV8Rj3GBo0KOi-MDT_ASPiFr-kV7M4p5Y3ADzUV-GOTZYLskebRaUXAfwVdflGstCfosi3vj0yE0zXplacOUvayM54VewofBRGU3fZ3omX9BEHWxqQWqgXLoBk7INSKr8NFQkH2mLSNX1I1O8u7nfhJ9T7Cc440GTe5Sm_SEYDlnYpYmglJICSbvujwceqX87Iz7npsTQvL5iOKzcB2DP6O2Nu5tnw1aw_4HAzVe7M_7HVoM3BWnxRHJpiBbU0P3YOnk5-Ehjg9U4YOlRT-bfK5HNTpXAP-ykToE09uz1vqSTzh2XdkVbsRaTlzV3B9yt8ELGU6U5qARLEcIqQ9tpu-Pac1yePuryuaFTGlum-6u8dPy1JgI2ZU7OB_m3CIX3m8FdAHZwk9chjb6u1ck-VKL1-7_9oudJyXM_Er-h-WHg_7oRtnIA8gRrZcVwl4kdnGeGdFcyzZMT1z6jy3QgLwnNDI8giPOCG9UypfieS7OnDDFQ5iXciI847v4hv57GCHbvwD0BwmwTnnNSOUU5ggFCKrIzpi8f7_V0tNo1Hcs84X-0XK866aekjViqloSkr1gvGoyRNhEI7SqQh0X_SdHr_A1M0t1-oJuIajM030jai0em9nlfgt9sIGYxC1FmnvSVaq8oNdOhsMH4DcGOQf-WuwHFJwhOM4DG8LNRtJ_27p3bXs-67VpQ==",
            "deep_link": "https://www.kiwi.com/deep?affilid=mihalytest&currency=EUR&flightsId=0b7717884de70000d9fcc90c_0%7C0b7717884de70000d9fcc90c_1%7C17880b774dea000078729e34_0&from=BUD&lang=en&passengers=1&to=HAM&booking_token=HCvXJRTE2JsfXQnECin41roSO2SZWCqV8Rj3GBo0KOi-MDT_ASPiFr-kV7M4p5Y3ADzUV-GOTZYLskebRaUXAfwVdflGstCfosi3vj0yE0zXplacOUvayM54VewofBRGU3fZ3omX9BEHWxqQWqgXLoBk7INSKr8NFQkH2mLSNX1I1O8u7nfhJ9T7Cc440GTe5Sm_SEYDlnYpYmglJICSbvujwceqX87Iz7npsTQvL5iOKzcB2DP6O2Nu5tnw1aw_4HAzVe7M_7HVoM3BWnxRHJpiBbU0P3YOnk5-Ehjg9U4YOlRT-bfK5HNTpXAP-ykToE09uz1vqSTzh2XdkVbsRaTlzV3B9yt8ELGU6U5qARLEcIqQ9tpu-Pac1yePuryuaFTGlum-6u8dPy1JgI2ZU7OB_m3CIX3m8FdAHZwk9chjb6u1ck-VKL1-7_9oudJyXM_Er-h-WHg_7oRtnIA8gRrZcVwl4kdnGeGdFcyzZMT1z6jy3QgLwnNDI8giPOCG9UypfieS7OnDDFQ5iXciI847v4hv57GCHbvwD0BwmwTnnNSOUU5ggFCKrIzpi8f7_V0tNo1Hcs84X-0XK866aekjViqloSkr1gvGoyRNhEI7SqQh0X_SdHr_A1M0t1-oJuIajM030jai0em9nlfgt9sIGYxC1FmnvSVaq8oNdOhsMH4DcGOQf-WuwHFJwhOM4DG8LNRtJ_27p3bXs-67VpQ==",
            "facilitated_booking_available": true,
            "pnr_count": 2,
            "has_airport_change": false,
            "technical_stops": 0,
            "throw_away_ticketing": false,
            "hidden_city_ticketing": false,
            "virtual_interlining": false
        },
        {
            "id": "0b7717884de4000044efb755_0|0b7717884de4000044efb755_1|17880b774dea000078729e34_0",
            "flyFrom": "BUD",
            "flyTo": "HAM",
            "cityFrom": "Budapest",
            "cityCodeFrom": "BUD",
            "cityTo": "Hamburg",
            "cityCodeTo": "HAM",
            "countryFrom": {
                "code": "HU",
                "name": "Hungary"
            },
            "countryTo": {
                "code": "DE",
                "name": "Germany"
            },
            "local_departure": "2024-08-05T09:20:00.000Z",
            "utc_departure": "2024-08-05T07:20:00.000Z",
            "local_arrival": "2024-08-05T16:20:00.000Z",
            "utc_arrival": "2024-08-05T14:20:00.000Z",
            "nightsInDest": 6,
            "quality": 434.3331,
            "distance": 949.98,
            "duration": {
                "departure": 25200,
                "return": 6000,
                "total": 31200
            },
            "price": 341,
            "conversion": {
                "EUR": 341
            },
            "fare": {
                "adults": 341,
                "children": 341,
                "infants": 341
            },
            "bags_price": {
                "1": 109.2,
                "2": 404.2
            },
            "baglimit": {
                "hand_dimensions_sum": 118,
                "hand_height": 40,
                "hand_length": 55,
                "hand_weight": 8,
                "hand_width": 23,
                "hold_dimensions_sum": 158,
                "hold_height": 52,
                "hold_length": 78,
                "hold_weight": 23,
                "hold_width": 28,
                "personal_item_dimension_sum": 95,
                "personal_item_height": 30,
                "personal_item_length": 40,
                "personal_item_weight": 8,
                "personal_item_width": 25
            },
            "availability": {
                "seats": 3
            },
            "airlines": [
                "EW"
            ],
            "route": [
                {
                    "id": "0b7717884de4000044efb755_0",
                    "combination_id": "0b7717884de4000044efb755",
                    "flyFrom": "BUD",
                    "flyTo": "DUS",
                    "cityFrom": "Budapest",
                    "cityCodeFrom": "BUD",
                    "cityTo": "D\u00fcsseldorf",
                    "cityCodeTo": "DUS",
                    "local_departure": "2024-08-05T09:20:00.000Z",
                    "utc_departure": "2024-08-05T07:20:00.000Z",
                    "local_arrival": "2024-08-05T11:10:00.000Z",
                    "utc_arrival": "2024-08-05T09:10:00.000Z",
                    "airline": "EW",
                    "flight_no": 9785,
                    "operating_carrier": "EW",
                    "operating_flight_no": "9785",
                    "fare_basis": "",
                    "fare_category": "M",
                    "fare_classes": "T",
                    "return": 0,
                    "bags_recheck_required": false,
                    "vi_connection": false,
                    "guarantee": false,
                    "equipment": null,
                    "vehicle_type": "aircraft"
                },
                {
                    "id": "0b7717884de4000044efb755_1",
                    "combination_id": "0b7717884de4000044efb755",
                    "flyFrom": "DUS",
                    "flyTo": "HAM",
                    "cityFrom": "D\u00fcsseldorf",
                    "cityCodeFrom": "DUS",
                    "cityTo": "Hamburg",
                    "cityCodeTo": "HAM",
                    "local_departure": "2024-08-05T15:20:00.000Z",
                    "utc_departure": "2024-08-05T13:20:00.000Z",
                    "local_arrival": "2024-08-05T16:20:00.000Z",
                    "utc_arrival": "2024-08-05T14:20:00.000Z",
                    "airline": "EW",
                    "flight_no": 9036,
                    "operating_carrier": "BT",
                    "operating_flight_no": "",
                    "fare_basis": "",
                    "fare_category": "M",
                    "fare_classes": "T",
                    "return": 0,
                    "bags_recheck_required": false,
                    "vi_connection": false,
                    "guarantee": false,
                    "equipment": null,
                    "vehicle_type": "aircraft"
                },
                {
                    "id": "17880b774dea000078729e34_0",
                    "combination_id": "17880b774dea000078729e34",
                    "flyFrom": "HAM",
                    "flyTo": "BUD",
                    "cityFrom": "Hamburg",
                    "cityCodeFrom": "HAM",
                    "cityTo": "Budapest",
                    "cityCodeTo": "BUD",
                    "local_departure": "2024-08-11T18:25:00.000Z",
                    "utc_departure": "2024-08-11T16:25:00.000Z",
                    "local_arrival": "2024-08-11T20:05:00.000Z",
                    "utc_arrival": "2024-08-11T18:05:00.000Z",
                    "airline": "EW",
                    "flight_no": 7782,
                    "operating_carrier": "EW",
                    "operating_flight_no": "7782",
                    "fare_basis": "",
                    "fare_category": "M",
                    "fare_classes": "",
                    "return": 1,
                    "bags_recheck_required": false,
                    "vi_connection": false,
                    "guarantee": false,
                    "equipment": null,
                    "vehicle_type": "aircraft"
                }
            ],
            "booking_token": "H7k4OlomYAqP9MWgeiyOa0CPv6dOrKJjvV-UEAWYSRfqD4-QeAPNiPrnNLXpoFVfGSU_FNPAT1crYtyvcvlsbjYydqM0BbtY1075b6-YlARNQ2bE3lh801R06Gyr7At-DlOKmWepK0sHkoRpIa1tqzN7L6bY1cmMVrArBvEEilAx4Al3tW-ThEISiByl-Uj7SZAmqWBsLF5AhUZXHP9_TSZTSSV1vDouAo6iFZoK3EXsvUUrtbk-s3XKtIUgxBVOPqal2yZLznD6XLeEom-xVL7yBFlPp_wqC8wCap0WYnNsZWtNT-Hz6WxIQgSl375B9u0FkoGv6akb-1YsoAl_l0380xVs5MW9eQc1_qBP3R4DgTPRh8xVM3_c-fVQLEHMERiUVi5IndkagEfgrJ5xrg6RRFzqdIWyesJPpQv8xtBcIGDqASTsMM5kqd2wuohdAuincqXk909-wi51TIqfSeJ_LJNz9_nKxVcff1XVwjYrx1vs_G-hsEAHlh1N05-tjxmEjubao6_iLKIcrfMfngn6NcnTvnPekGirvouTFpqw8KQ-2vOHV4zruSgYwCq8ZtBGHV2v2-uogqTOoIlfUl0SdJqFGuqt7Ybr-kLriOxyPM13x9UhkMhJAMOdNMoGJ0kfKkHm8_TjB-lzTL3CN-OjtJ7VV-X_plZMDV_Y8qyUpEgSgtKXilrEsfEihhcgM",
            "deep_link": "https://www.kiwi.com/deep?affilid=mihalytest&currency=EUR&flightsId=0b7717884de4000044efb755_0%7C0b7717884de4000044efb755_1%7C17880b774dea000078729e34_0&from=BUD&lang=en&passengers=1&to=HAM&booking_token=H7k4OlomYAqP9MWgeiyOa0CPv6dOrKJjvV-UEAWYSRfqD4-QeAPNiPrnNLXpoFVfGSU_FNPAT1crYtyvcvlsbjYydqM0BbtY1075b6-YlARNQ2bE3lh801R06Gyr7At-DlOKmWepK0sHkoRpIa1tqzN7L6bY1cmMVrArBvEEilAx4Al3tW-ThEISiByl-Uj7SZAmqWBsLF5AhUZXHP9_TSZTSSV1vDouAo6iFZoK3EXsvUUrtbk-s3XKtIUgxBVOPqal2yZLznD6XLeEom-xVL7yBFlPp_wqC8wCap0WYnNsZWtNT-Hz6WxIQgSl375B9u0FkoGv6akb-1YsoAl_l0380xVs5MW9eQc1_qBP3R4DgTPRh8xVM3_c-fVQLEHMERiUVi5IndkagEfgrJ5xrg6RRFzqdIWyesJPpQv8xtBcIGDqASTsMM5kqd2wuohdAuincqXk909-wi51TIqfSeJ_LJNz9_nKxVcff1XVwjYrx1vs_G-hsEAHlh1N05-tjxmEjubao6_iLKIcrfMfngn6NcnTvnPekGirvouTFpqw8KQ-2vOHV4zruSgYwCq8ZtBGHV2v2-uogqTOoIlfUl0SdJqFGuqt7Ybr-kLriOxyPM13x9UhkMhJAMOdNMoGJ0kfKkHm8_TjB-lzTL3CN-OjtJ7VV-X_plZMDV_Y8qyUpEgSgtKXilrEsfEihhcgM",
            "facilitated_booking_available": true,
            "pnr_count": 2,
            "has_airport_change": false,
            "technical_stops": 0,
            "throw_away_ticketing": false,
            "hidden_city_ticketing": false,
            "virtual_interlining": false
        },
        {
            "id": "0b7717884de30000d07a005a_0|17880b774de6000048039773_0",
            "flyFrom": "BUD",
            "flyTo": "HAM",
            "cityFrom": "Budapest",
            "cityCodeFrom": "BUD",
            "cityTo": "Hamburg",
            "cityCodeTo": "HAM",
            "countryFrom": {
                "code": "HU",
                "name": "Hungary"
            },
            "countryTo": {
                "code": "DE",
                "name": "Germany"
            },
            "local_departure": "2024-08-04T20:45:00.000Z",
            "utc_departure": "2024-08-04T18:45:00.000Z",
            "local_arrival": "2024-08-04T22:30:00.000Z",
            "utc_arrival": "2024-08-04T20:30:00.000Z",
            "nightsInDest": 3,
            "quality": 393.333205,
            "distance": 949.98,
            "duration": {
                "departure": 6300,
                "return": 6000,
                "total": 12300
            },
            "price": 342,
            "conversion": {
                "EUR": 342
            },
            "fare": {
                "adults": 342,
                "children": 342,
                "infants": 342
            },
            "bags_price": {
                "1": 72.8,
                "2": 282.8
            },
            "baglimit": {
                "hand_dimensions_sum": 118,
                "hand_height": 40,
                "hand_length": 55,
                "hand_weight": 8,
                "hand_width": 23,
                "hold_dimensions_sum": 158,
                "hold_height": 52,
                "hold_length": 78,
                "hold_weight": 23,
                "hold_width": 28,
                "personal_item_dimension_sum": 95,
                "personal_item_height": 30,
                "personal_item_length": 40,
                "personal_item_weight": 8,
                "personal_item_width": 25
            },
            "availability": {
                "seats": 6
            },
            "airlines": [
                "EW"
            ],
            "route": [
                {
                    "id": "0b7717884de30000d07a005a_0",
                    "combination_id": "0b7717884de30000d07a005a",
                    "flyFrom": "BUD",
                    "flyTo": "HAM",
                    "cityFrom": "Budapest",
                    "cityCodeFrom": "BUD",
                    "cityTo": "Hamburg",
                    "cityCodeTo": "HAM",
                    "local_departure": "2024-08-04T20:45:00.000Z",
                    "utc_departure": "2024-08-04T18:45:00.000Z",
                    "local_arrival": "2024-08-04T22:30:00.000Z",
                    "utc_arrival": "2024-08-04T20:30:00.000Z",
                    "airline": "EW",
                    "flight_no": 7783,
                    "operating_carrier": "EW",
                    "operating_flight_no": "7783",
                    "fare_basis": "",
                    "fare_category": "M",
                    "fare_classes": "",
                    "return": 0,
                    "bags_recheck_required": false,
                    "vi_connection": false,
                    "guarantee": false,
                    "equipment": null,
                    "vehicle_type": "aircraft"
                },
                {
                    "id": "17880b774de6000048039773_0",
                    "combination_id": "17880b774de6000048039773",
                    "flyFrom": "HAM",
                    "flyTo": "BUD",
                    "cityFrom": "Hamburg",
                    "cityCodeFrom": "HAM",
                    "cityTo": "Budapest",
                    "cityCodeTo": "BUD",
                    "local_departure": "2024-08-07T18:25:00.000Z",
                    "utc_departure": "2024-08-07T16:25:00.000Z",
                    "local_arrival": "2024-08-07T20:05:00.000Z",
                    "utc_arrival": "2024-08-07T18:05:00.000Z",
                    "airline": "EW",
                    "flight_no": 7782,
                    "operating_carrier": "EW",
                    "operating_flight_no": "7782",
                    "fare_basis": "",
                    "fare_category": "M",
                    "fare_classes": "",
                    "return": 1,
                    "bags_recheck_required": false,
                    "vi_connection": false,
                    "guarantee": false,
                    "equipment": null,
                    "vehicle_type": "aircraft"
                }
            ],
            "booking_token": "Hst8hPwaxsNTY4k1VKQgOPKw7AgDk7WgEo62chZfo2BbRpdfH1T0VOUVegqFJ2gGMTZb7JXCW8hG4B6u1aYe41r6wP5vacdpIad1UHDdtFDmfWjGZQ-QVe1PbfOg3pJ2DdSh_NDabJSvZzmYfzszKtu46HqYkrToWggkq_VoR4jG-s_6oKux6FeXvSkEkd8FDl4zku1wfA2gu0d7vnlyxKZoErE-0620l7CxcTuFP1rax_FnjwuB6yG41dnJMbhOdIxuQYpiel1MR_P3EJHEKD3B_ukevVuEL2CpaK2mmWxTzxCKNGZ5gufT8au5f5x2C_O12L6ZHYgKaVwhTsGvPF9lBUB1cykhHluy8TGCcBpU1SXoLvNZEvDrT-sOm7JOhQr8-RWwahHpO9Hq3P2Q-jm15EHCr-LN_18QFkNvF2M2Ibf7H-13_h9uaBylkkNoRZkaIMOqawcMmLs1f4-9gR3xqAJbJ4lHKE88c6P-m_OJoXUVWJhfsS9v0yk1yzwlY0L2PhGqnkBv5I-lKiK0VJjoq_XbRwZrAcYiMkA6biQzO1GZS3Io9HCigVBlHvf3S-_7eko4zMUf3HpiobnHNA5EfCrnZURlylCwqlDceseOQJTpQ-yMMTzmxj0unU_tj8cMLSs41sB_D44I2m4tnrA==",
            "deep_link": "https://www.kiwi.com/deep?affilid=mihalytest&currency=EUR&flightsId=0b7717884de30000d07a005a_0%7C17880b774de6000048039773_0&from=BUD&lang=en&passengers=1&to=HAM&booking_token=Hst8hPwaxsNTY4k1VKQgOPKw7AgDk7WgEo62chZfo2BbRpdfH1T0VOUVegqFJ2gGMTZb7JXCW8hG4B6u1aYe41r6wP5vacdpIad1UHDdtFDmfWjGZQ-QVe1PbfOg3pJ2DdSh_NDabJSvZzmYfzszKtu46HqYkrToWggkq_VoR4jG-s_6oKux6FeXvSkEkd8FDl4zku1wfA2gu0d7vnlyxKZoErE-0620l7CxcTuFP1rax_FnjwuB6yG41dnJMbhOdIxuQYpiel1MR_P3EJHEKD3B_ukevVuEL2CpaK2mmWxTzxCKNGZ5gufT8au5f5x2C_O12L6ZHYgKaVwhTsGvPF9lBUB1cykhHluy8TGCcBpU1SXoLvNZEvDrT-sOm7JOhQr8-RWwahHpO9Hq3P2Q-jm15EHCr-LN_18QFkNvF2M2Ibf7H-13_h9uaBylkkNoRZkaIMOqawcMmLs1f4-9gR3xqAJbJ4lHKE88c6P-m_OJoXUVWJhfsS9v0yk1yzwlY0L2PhGqnkBv5I-lKiK0VJjoq_XbRwZrAcYiMkA6biQzO1GZS3Io9HCigVBlHvf3S-_7eko4zMUf3HpiobnHNA5EfCrnZURlylCwqlDceseOQJTpQ-yMMTzmxj0unU_tj8cMLSs41sB_D44I2m4tnrA==",
            "facilitated_booking_available": true,
            "pnr_count": 2,
            "has_airport_change": false,
            "technical_stops": 0,
            "throw_away_ticketing": false,
            "hidden_city_ticketing": false,
            "virtual_interlining": false
        },
        {
            "id": "0b7717884de8000098e7f552_0|0b7717884de8000098e7f552_1|17880b774dea000078729e34_0",
            "flyFrom": "BUD",
            "flyTo": "HAM",
            "cityFrom": "Budapest",
            "cityCodeFrom": "BUD",
            "cityTo": "Hamburg",
            "cityCodeTo": "HAM",
            "countryFrom": {
                "code": "HU",
                "name": "Hungary"
            },
            "countryTo": {
                "code": "DE",
                "name": "Germany"
            },
            "local_departure": "2024-08-09T17:30:00.000Z",
            "utc_departure": "2024-08-09T15:30:00.000Z",
            "local_arrival": "2024-08-09T22:10:00.000Z",
            "utc_arrival": "2024-08-09T20:10:00.000Z",
            "nightsInDest": 2,
            "quality": 424.66648,
            "distance": 949.98,
            "duration": {
                "departure": 16800,
                "return": 6000,
                "total": 22800
            },
            "price": 350,
            "conversion": {
                "EUR": 350
            },
            "fare": {
                "adults": 350,
                "children": 350,
                "infants": 350
            },
            "fare_locks": {
                "EUR": [
                    {
                        "default": false,
                        "duration": "P1D",
                        "itinerary_price_limit": 550,
                        "itinerary_price_remaining": 350,
                        "fare_lock_kind": "fee",
                        "price": 17.5,
                        "rule_instance_id": 26749,
                        "version": "v1"
                    },
                    {
                        "default": true,
                        "duration": "P3D",
                        "itinerary_price_limit": 550,
                        "itinerary_price_remaining": 350,
                        "fare_lock_kind": "fee",
                        "price": 35,
                        "rule_instance_id": 26748,
                        "version": "v1"
                    }
                ]
            },
            "bags_price": {
                "1": 85.4
            },
            "baglimit": {
                "hand_dimensions_sum": 118,
                "hand_height": 40,
                "hand_length": 55,
                "hand_weight": 8,
                "hand_width": 23,
                "hold_dimensions_sum": 158,
                "hold_height": 52,
                "hold_length": 78,
                "hold_weight": 23,
                "hold_width": 28,
                "personal_item_dimension_sum": 82,
                "personal_item_height": 30,
                "personal_item_length": 40,
                "personal_item_weight": 2,
                "personal_item_width": 12
            },
            "availability": {
                "seats": 3
            },
            "airlines": [
                "LO",
                "EW"
            ],
            "route": [
                {
                    "id": "0b7717884de8000098e7f552_0",
                    "combination_id": "0b7717884de8000098e7f552",
                    "flyFrom": "BUD",
                    "flyTo": "WAW",
                    "cityFrom": "Budapest",
                    "cityCodeFrom": "BUD",
                    "cityTo": "Warsaw",
                    "cityCodeTo": "WAW",
                    "local_departure": "2024-08-09T17:30:00.000Z",
                    "utc_departure": "2024-08-09T15:30:00.000Z",
                    "local_arrival": "2024-08-09T18:45:00.000Z",
                    "utc_arrival": "2024-08-09T16:45:00.000Z",
                    "airline": "LO",
                    "flight_no": 538,
                    "operating_carrier": "LO",
                    "operating_flight_no": "538",
                    "fare_basis": "V1SAV7",
                    "fare_category": "M",
                    "fare_classes": "V",
                    "return": 0,
                    "bags_recheck_required": false,
                    "vi_connection": false,
                    "guarantee": false,
                    "equipment": null,
                    "vehicle_type": "aircraft"
                },
                {
                    "id": "0b7717884de8000098e7f552_1",
                    "combination_id": "0b7717884de8000098e7f552",
                    "flyFrom": "WAW",
                    "flyTo": "HAM",
                    "cityFrom": "Warsaw",
                    "cityCodeFrom": "WAW",
                    "cityTo": "Hamburg",
                    "cityCodeTo": "HAM",
                    "local_departure": "2024-08-09T20:30:00.000Z",
                    "utc_departure": "2024-08-09T18:30:00.000Z",
                    "local_arrival": "2024-08-09T22:10:00.000Z",
                    "utc_arrival": "2024-08-09T20:10:00.000Z",
                    "airline": "LO",
                    "flight_no": 401,
                    "operating_carrier": "LO",
                    "operating_flight_no": "401",
                    "fare_basis": "V1SAV7",
                    "fare_category": "M",
                    "fare_classes": "V",
                    "return": 0,
                    "bags_recheck_required": false,
                    "vi_connection": false,
                    "guarantee": false,
                    "equipment": null,
                    "vehicle_type": "aircraft"
                },
                {
                    "id": "17880b774dea000078729e34_0",
                    "combination_id": "17880b774dea000078729e34",
                    "flyFrom": "HAM",
                    "flyTo": "BUD",
                    "cityFrom": "Hamburg",
                    "cityCodeFrom": "HAM",
                    "cityTo": "Budapest",
                    "cityCodeTo": "BUD",
                    "local_departure": "2024-08-11T18:25:00.000Z",
                    "utc_departure": "2024-08-11T16:25:00.000Z",
                    "local_arrival": "2024-08-11T20:05:00.000Z",
                    "utc_arrival": "2024-08-11T18:05:00.000Z",
                    "airline": "EW",
                    "flight_no": 7782,
                    "operating_carrier": "EW",
                    "operating_flight_no": "7782",
                    "fare_basis": "",
                    "fare_category": "M",
                    "fare_classes": "",
                    "return": 1,
                    "bags_recheck_required": false,
                    "vi_connection": false,
                    "guarantee": false,
                    "equipment": null,
                    "vehicle_type": "aircraft"
                }
            ],
            "booking_token": "HU10vV9xnCid6rrcPV_uHVa-pt0NlSs8nb0lwaH3X81UYCtA0-rqp4xpLd_GTRFGfyIUCXtTgA2JoYa5Z1EO04iugtFnCV7wW1vHwacSfowbwRhQLp41XOCue_8HNJb4i9jkdmkP-LgnMkyE6O_Yv9uCCx4pXkvoTOO1r6gVSGGzpL2i8f_dP_sp62SmetIT63pII92I0Gj8Venai09642MOQKlNvVWHpHvnF0MH8ZkMa_bX9vKM7-dHWgBA_IB-rE1dYpdEh7nDghKyl0xdXSvz6whMms-m6r6AU8_HCXkHTjFniFJP-KPGUxXE9CMjznDh2w2zoBbRUVZUk2zaos39XicB8GgMiUiLVBF50_UlCocEhamXTFATnA_D3eR4Wxcxw55KM8tCgsyMsStTVjX3cQLtx_oHbuL8HEd8Ta97X_Y7zsLSpFu7f8hx5DN8HEnJzaYz5GvmlZampuMQZHwO_6ZVdjoNY7vluYm-OgeQuxIC57hWrTmHyj6hNY02ZqvMPkbPjOwO1pEU8zxuRnW5XlmlfMAF6lV9cKEmTifsgbHJIn40RQyaZ4ZitnVs-pGO4hWt24NTmSdJumTJ_t6JrsHG4iUw4xPjtVNQQo1XdlOQOzeT6F03tLmV-1fgnyJxeRaPL8jJp0Uj1G-rJyr1i0tzv9O-zvL_s1CQ9jSt3OsuvKq2xc7A5eSGsHn12pQV0rgam4C8LFkk55axuUgWU2ckESrxDZhh2qzDaDVH-eXZeUAokvW_6qepfj0w9",
            "deep_link": "https://www.kiwi.com/deep?affilid=mihalytest&currency=EUR&flightsId=0b7717884de8000098e7f552_0%7C0b7717884de8000098e7f552_1%7C17880b774dea000078729e34_0&from=BUD&lang=en&passengers=1&to=HAM&booking_token=HU10vV9xnCid6rrcPV_uHVa-pt0NlSs8nb0lwaH3X81UYCtA0-rqp4xpLd_GTRFGfyIUCXtTgA2JoYa5Z1EO04iugtFnCV7wW1vHwacSfowbwRhQLp41XOCue_8HNJb4i9jkdmkP-LgnMkyE6O_Yv9uCCx4pXkvoTOO1r6gVSGGzpL2i8f_dP_sp62SmetIT63pII92I0Gj8Venai09642MOQKlNvVWHpHvnF0MH8ZkMa_bX9vKM7-dHWgBA_IB-rE1dYpdEh7nDghKyl0xdXSvz6whMms-m6r6AU8_HCXkHTjFniFJP-KPGUxXE9CMjznDh2w2zoBbRUVZUk2zaos39XicB8GgMiUiLVBF50_UlCocEhamXTFATnA_D3eR4Wxcxw55KM8tCgsyMsStTVjX3cQLtx_oHbuL8HEd8Ta97X_Y7zsLSpFu7f8hx5DN8HEnJzaYz5GvmlZampuMQZHwO_6ZVdjoNY7vluYm-OgeQuxIC57hWrTmHyj6hNY02ZqvMPkbPjOwO1pEU8zxuRnW5XlmlfMAF6lV9cKEmTifsgbHJIn40RQyaZ4ZitnVs-pGO4hWt24NTmSdJumTJ_t6JrsHG4iUw4xPjtVNQQo1XdlOQOzeT6F03tLmV-1fgnyJxeRaPL8jJp0Uj1G-rJyr1i0tzv9O-zvL_s1CQ9jSt3OsuvKq2xc7A5eSGsHn12pQV0rgam4C8LFkk55axuUgWU2ckESrxDZhh2qzDaDVH-eXZeUAokvW_6qepfj0w9",
            "facilitated_booking_available": true,
            "pnr_count": 2,
            "has_airport_change": false,
            "technical_stops": 0,
            "throw_away_ticketing": false,
            "hidden_city_ticketing": false,
            "virtual_interlining": false
        },
        {
            "id": "0b7717884de50000a60a502f_0|0b7717884de50000a60a502f_1|17880b774de60000d9698e52_0|17880b774de60000d9698e52_1",
            "flyFrom": "BUD",
            "flyTo": "HAM",
            "cityFrom": "Budapest",
            "cityCodeFrom": "BUD",
            "cityTo": "Hamburg",
            "cityCodeTo": "HAM",
            "countryFrom": {
                "code": "HU",
                "name": "Hungary"
            },
            "countryTo": {
                "code": "DE",
                "name": "Germany"
            },
            "local_departure": "2024-08-06T17:30:00.000Z",
            "utc_departure": "2024-08-06T15:30:00.000Z",
            "local_arrival": "2024-08-06T22:10:00.000Z",
            "utc_arrival": "2024-08-06T20:10:00.000Z",
            "nightsInDest": 1,
            "quality": 456.333075,
            "distance": 949.98,
            "duration": {
                "departure": 16800,
                "return": 18900,
                "total": 35700
            },
            "price": 353,
            "conversion": {
                "EUR": 353
            },
            "fare": {
                "adults": 353,
                "children": 353,
                "infants": 353
            },
            "bags_price": {
                "1": 98
            },
            "baglimit": {
                "hand_dimensions_sum": 118,
                "hand_height": 40,
                "hand_length": 55,
                "hand_weight": 8,
                "hand_width": 23,
                "hold_dimensions_sum": 158,
                "hold_height": 52,
                "hold_length": 78,
                "hold_weight": 23,
                "hold_width": 28,
                "personal_item_dimension_sum": 87,
                "personal_item_height": 35,
                "personal_item_length": 40,
                "personal_item_weight": 2,
                "personal_item_width": 12
            },
            "availability": {
                "seats": 1
            },
            "airlines": [
                "LO"
            ],
            "route": [
                {
                    "id": "0b7717884de50000a60a502f_0",
                    "combination_id": "0b7717884de50000a60a502f",
                    "flyFrom": "BUD",
                    "flyTo": "WAW",
                    "cityFrom": "Budapest",
                    "cityCodeFrom": "BUD",
                    "cityTo": "Warsaw",
                    "cityCodeTo": "WAW",
                    "local_departure": "2024-08-06T17:30:00.000Z",
                    "utc_departure": "2024-08-06T15:30:00.000Z",
                    "local_arrival": "2024-08-06T18:45:00.000Z",
                    "utc_arrival": "2024-08-06T16:45:00.000Z",
                    "airline": "LO",
                    "flight_no": 538,
                    "operating_carrier": "LO",
                    "operating_flight_no": "538",
                    "fare_basis": "S1SAV3",
                    "fare_category": "M",
                    "fare_classes": "S",
                    "return": 0,
                    "bags_recheck_required": false,
                    "vi_connection": false,
                    "guarantee": false,
                    "equipment": null,
                    "vehicle_type": "aircraft"
                },
                {
                    "id": "0b7717884de50000a60a502f_1",
                    "combination_id": "0b7717884de50000a60a502f",
                    "flyFrom": "WAW",
                    "flyTo": "HAM",
                    "cityFrom": "Warsaw",
                    "cityCodeFrom": "WAW",
                    "cityTo": "Hamburg",
                    "cityCodeTo": "HAM",
                    "local_departure": "2024-08-06T20:30:00.000Z",
                    "utc_departure": "2024-08-06T18:30:00.000Z",
                    "local_arrival": "2024-08-06T22:10:00.000Z",
                    "utc_arrival": "2024-08-06T20:10:00.000Z",
                    "airline": "LO",
                    "flight_no": 401,
                    "operating_carrier": "LO",
                    "operating_flight_no": "401",
                    "fare_basis": "S1SAV3",
                    "fare_category": "M",
                    "fare_classes": "S",
                    "return": 0,
                    "bags_recheck_required": false,
                    "vi_connection": false,
                    "guarantee": false,
                    "equipment": null,
                    "vehicle_type": "aircraft"
                },
                {
                    "id": "17880b774de60000d9698e52_0",
                    "combination_id": "17880b774de60000d9698e52",
                    "flyFrom": "HAM",
                    "flyTo": "WAW",
                    "cityFrom": "Hamburg",
                    "cityCodeFrom": "HAM",
                    "cityTo": "Warsaw",
                    "cityCodeTo": "WAW",
                    "local_departure": "2024-08-07T06:55:00.000Z",
                    "utc_departure": "2024-08-07T04:55:00.000Z",
                    "local_arrival": "2024-08-07T08:25:00.000Z",
                    "utc_arrival": "2024-08-07T06:25:00.000Z",
                    "airline": "LO",
                    "flight_no": 402,
                    "operating_carrier": "LO",
                    "operating_flight_no": "402",
                    "fare_basis": "S1SAV3",
                    "fare_category": "M",
                    "fare_classes": "S",
                    "return": 1,
                    "bags_recheck_required": false,
                    "vi_connection": false,
                    "guarantee": false,
                    "equipment": null,
                    "vehicle_type": "aircraft"
                },
                {
                    "id": "17880b774de60000d9698e52_1",
                    "combination_id": "17880b774de60000d9698e52",
                    "flyFrom": "WAW",
                    "flyTo": "BUD",
                    "cityFrom": "Warsaw",
                    "cityCodeFrom": "WAW",
                    "cityTo": "Budapest",
                    "cityCodeTo": "BUD",
                    "local_departure": "2024-08-07T10:50:00.000Z",
                    "utc_departure": "2024-08-07T08:50:00.000Z",
                    "local_arrival": "2024-08-07T12:10:00.000Z",
                    "utc_arrival": "2024-08-07T10:10:00.000Z",
                    "airline": "LO",
                    "flight_no": 535,
                    "operating_carrier": "LO",
                    "operating_flight_no": "535",
                    "fare_basis": "S1SAV3",
                    "fare_category": "M",
                    "fare_classes": "S",
                    "return": 1,
                    "bags_recheck_required": false,
                    "vi_connection": false,
                    "guarantee": false,
                    "equipment": null,
                    "vehicle_type": "aircraft"
                }
            ],
            "booking_token": "HZReraThL1BWzNL770gIlVZj6OYQ-ShG_CsiE0TjxXbhAYCW0v0tf2bsRvWS7zFnW6oRn7skMhojcm8c_g7Kt2aeUMYcKftP2IhlPqw5wgjKCYf5qs-St0NoVkCjvv4sCAKtW-NdCfWDWFV_hijBwtVr8Njr9E9q4T5UdtdBh8KfkYequ_Qt_JRSJ2YUjxTmDXICRBJR8JDlaKXthlfp0ZcotJcUoRbDxwvF5PdK7ze0kwTkcQgnCxIGtkwUq6Kl_b4-sguGYj8LXfZKFQQ2E6lXXZrRK6hUvh4YFpQSI2A2O68CCvJPchdjer9OHXPxFzSbCNPVBQlCJ4BhSLdmWzAKISpahvP7ndY7ujM0m2logn6XFXMnMqi_z3E-MDku2YBatLfqgnHiY7rFlpvvWJm-LPlrZzYVBwWqVMD5MNj4u3Uvexv5R2FkNuifbD0gtmD_0Q23T-nBJUEih8UN0-mnyT2w10Upd6Sa2zNuXAjGS9FnQu5LkWpNPk-4xYLZRMHPu2mAhZlh6dvYRJLhp6jX--gHMhMZQlxnEVySnHuXtJwDCsZtsKJ2mjoVXkbQV-oIy_5J2vIe5P4zRnl_AyH8xNLNxixTyxpfWfMXxBKwUFlbqC8MKYNsItq5W3woHV2zm71uZu_v-wZnXgPlXK_qEXp93Vf5bBz9-F3qBtXhyxOsH1CCjmxEMXoGRCPBrDVvw7OfS8aHbIeW_diCPF_FTGAA6L9C0-zd3prAAvZs=",
            "deep_link": "https://www.kiwi.com/deep?affilid=mihalytest&currency=EUR&flightsId=0b7717884de50000a60a502f_0%7C0b7717884de50000a60a502f_1%7C17880b774de60000d9698e52_0%7C17880b774de60000d9698e52_1&from=BUD&lang=en&passengers=1&to=HAM&booking_token=HZReraThL1BWzNL770gIlVZj6OYQ-ShG_CsiE0TjxXbhAYCW0v0tf2bsRvWS7zFnW6oRn7skMhojcm8c_g7Kt2aeUMYcKftP2IhlPqw5wgjKCYf5qs-St0NoVkCjvv4sCAKtW-NdCfWDWFV_hijBwtVr8Njr9E9q4T5UdtdBh8KfkYequ_Qt_JRSJ2YUjxTmDXICRBJR8JDlaKXthlfp0ZcotJcUoRbDxwvF5PdK7ze0kwTkcQgnCxIGtkwUq6Kl_b4-sguGYj8LXfZKFQQ2E6lXXZrRK6hUvh4YFpQSI2A2O68CCvJPchdjer9OHXPxFzSbCNPVBQlCJ4BhSLdmWzAKISpahvP7ndY7ujM0m2logn6XFXMnMqi_z3E-MDku2YBatLfqgnHiY7rFlpvvWJm-LPlrZzYVBwWqVMD5MNj4u3Uvexv5R2FkNuifbD0gtmD_0Q23T-nBJUEih8UN0-mnyT2w10Upd6Sa2zNuXAjGS9FnQu5LkWpNPk-4xYLZRMHPu2mAhZlh6dvYRJLhp6jX--gHMhMZQlxnEVySnHuXtJwDCsZtsKJ2mjoVXkbQV-oIy_5J2vIe5P4zRnl_AyH8xNLNxixTyxpfWfMXxBKwUFlbqC8MKYNsItq5W3woHV2zm71uZu_v-wZnXgPlXK_qEXp93Vf5bBz9-F3qBtXhyxOsH1CCjmxEMXoGRCPBrDVvw7OfS8aHbIeW_diCPF_FTGAA6L9C0-zd3prAAvZs=",
            "facilitated_booking_available": true,
            "pnr_count": 2,
            "has_airport_change": false,
            "technical_stops": 0,
            "throw_away_ticketing": false,
            "hidden_city_ticketing": false,
            "virtual_interlining": false
        },
        {
            "id": "0b7717884de50000a60a502f_0|0b7717884de50000a60a502f_1|17880b774de70000ee24c452_0|17880b774de70000ee24c452_1",
            "flyFrom": "BUD",
            "flyTo": "HAM",
            "cityFrom": "Budapest",
            "cityCodeFrom": "BUD",
            "cityTo": "Hamburg",
            "cityCodeTo": "HAM",
            "countryFrom": {
                "code": "HU",
                "name": "Hungary"
            },
            "countryTo": {
                "code": "DE",
                "name": "Germany"
            },
            "local_departure": "2024-08-06T17:30:00.000Z",
            "utc_departure": "2024-08-06T15:30:00.000Z",
            "local_arrival": "2024-08-06T22:10:00.000Z",
            "utc_arrival": "2024-08-06T20:10:00.000Z",
            "nightsInDest": 2,
            "quality": 456.333075,
            "distance": 949.98,
            "duration": {
                "departure": 16800,
                "return": 18900,
                "total": 35700
            },
            "price": 353,
            "conversion": {
                "EUR": 353
            },
            "fare": {
                "adults": 353,
                "children": 353,
                "infants": 353
            },
            "bags_price": {
                "1": 98
            },
            "baglimit": {
                "hand_dimensions_sum": 118,
                "hand_height": 40,
                "hand_length": 55,
                "hand_weight": 8,
                "hand_width": 23,
                "hold_dimensions_sum": 158,
                "hold_height": 52,
                "hold_length": 78,
                "hold_weight": 23,
                "hold_width": 28,
                "personal_item_dimension_sum": 87,
                "personal_item_height": 35,
                "personal_item_length": 40,
                "personal_item_weight": 2,
                "personal_item_width": 12
            },
            "availability": {
                "seats": 9
            },
            "airlines": [
                "LO"
            ],
            "route": [
                {
                    "id": "0b7717884de50000a60a502f_0",
                    "combination_id": "0b7717884de50000a60a502f",
                    "flyFrom": "BUD",
                    "flyTo": "WAW",
                    "cityFrom": "Budapest",
                    "cityCodeFrom": "BUD",
                    "cityTo": "Warsaw",
                    "cityCodeTo": "WAW",
                    "local_departure": "2024-08-06T17:30:00.000Z",
                    "utc_departure": "2024-08-06T15:30:00.000Z",
                    "local_arrival": "2024-08-06T18:45:00.000Z",
                    "utc_arrival": "2024-08-06T16:45:00.000Z",
                    "airline": "LO",
                    "flight_no": 538,
                    "operating_carrier": "LO",
                    "operating_flight_no": "538",
                    "fare_basis": "S1SAV3",
                    "fare_category": "M",
                    "fare_classes": "S",
                    "return": 0,
                    "bags_recheck_required": false,
                    "vi_connection": false,
                    "guarantee": false,
                    "equipment": null,
                    "vehicle_type": "aircraft"
                },
                {
                    "id": "0b7717884de50000a60a502f_1",
                    "combination_id": "0b7717884de50000a60a502f",
                    "flyFrom": "WAW",
                    "flyTo": "HAM",
                    "cityFrom": "Warsaw",
                    "cityCodeFrom": "WAW",
                    "cityTo": "Hamburg",
                    "cityCodeTo": "HAM",
                    "local_departure": "2024-08-06T20:30:00.000Z",
                    "utc_departure": "2024-08-06T18:30:00.000Z",
                    "local_arrival": "2024-08-06T22:10:00.000Z",
                    "utc_arrival": "2024-08-06T20:10:00.000Z",
                    "airline": "LO",
                    "flight_no": 401,
                    "operating_carrier": "LO",
                    "operating_flight_no": "401",
                    "fare_basis": "S1SAV3",
                    "fare_category": "M",
                    "fare_classes": "S",
                    "return": 0,
                    "bags_recheck_required": false,
                    "vi_connection": false,
                    "guarantee": false,
                    "equipment": null,
                    "vehicle_type": "aircraft"
                },
                {
                    "id": "17880b774de70000ee24c452_0",
                    "combination_id": "17880b774de70000ee24c452",
                    "flyFrom": "HAM",
                    "flyTo": "WAW",
                    "cityFrom": "Hamburg",
                    "cityCodeFrom": "HAM",
                    "cityTo": "Warsaw",
                    "cityCodeTo": "WAW",
                    "local_departure": "2024-08-08T06:55:00.000Z",
                    "utc_departure": "2024-08-08T04:55:00.000Z",
                    "local_arrival": "2024-08-08T08:25:00.000Z",
                    "utc_arrival": "2024-08-08T06:25:00.000Z",
                    "airline": "LO",
                    "flight_no": 402,
                    "operating_carrier": "LO",
                    "operating_flight_no": "402",
                    "fare_basis": "S1SAV3",
                    "fare_category": "M",
                    "fare_classes": "S",
                    "return": 1,
                    "bags_recheck_required": false,
                    "vi_connection": false,
                    "guarantee": false,
                    "equipment": null,
                    "vehicle_type": "aircraft"
                },
                {
                    "id": "17880b774de70000ee24c452_1",
                    "combination_id": "17880b774de70000ee24c452",
                    "flyFrom": "WAW",
                    "flyTo": "BUD",
                    "cityFrom": "Warsaw",
                    "cityCodeFrom": "WAW",
                    "cityTo": "Budapest",
                    "cityCodeTo": "BUD",
                    "local_departure": "2024-08-08T10:50:00.000Z",
                    "utc_departure": "2024-08-08T08:50:00.000Z",
                    "local_arrival": "2024-08-08T12:10:00.000Z",
                    "utc_arrival": "2024-08-08T10:10:00.000Z",
                    "airline": "LO",
                    "flight_no": 535,
                    "operating_carrier": "LO",
                    "operating_flight_no": "535",
                    "fare_basis": "S1SAV3",
                    "fare_category": "M",
                    "fare_classes": "S",
                    "return": 1,
                    "bags_recheck_required": false,
                    "vi_connection": false,
                    "guarantee": false,
                    "equipment": null,
                    "vehicle_type": "aircraft"
                }
            ],
            "booking_token": "HI826USJcIWLOpUcx26QfQAfQKZ0csHsHCWQdpmKMoY-BhyogYEucYjT42cOu8q1d3G3wKMV5J9mpGP9ZQrr_cnUrU4qnNE1wQ9SH9eI3cJEoiC50ol2Hdw8mzlgk-5sKKJ20ch7t-1GHzI-lbz6yQW_ifavqA6rIoJ-MFoOgTL0rAR25V5nDXl_jeBtJOCtA9Vm483BypStHf0USzWafA3zwM3WE5IwVEjJGKi-hQ2Y9a50ZMinJlso9MFPhXqtmKM9Zsz1fKQcd6_6zYTIDSvkptI--a8ghWXvMAqmyCDZGGrtBghC8sQeSJ5hISmap35bsXl-lCBhNvWnzHEKHN-AH0RsnTMa3xolYEUEzPnZLsD09nK0mgrZkLNMmIuqKFAZzFMihZ1bGPWyoEw53qjDlqeQ7rhI3P8NZLV7UyXl6HL7LAJcSRn9G_Yo2L7ARh9E8ZMNUfAq9_ToWADHHKjufi9pnUC3GmarM-tGEYKXILUm2rFis6nq960FlDrndkDO85QHKANWegd3JNmtGh5JHO3At8awDFGr9BK6veC9k3BtLNUgmPD8eJVDHDMSw3XnZ3QjAAFlyhNX_vtxh1Bm4vP_FP7pf2FpZIy1tizmamkk9a1toZ5_5bEkcnI7NyllWaJ5FBiXkvF0KfUGIDGrBISmt1qAPZICtwrVDg_Jof5f01kZEZjWguSiUti6KaU6BNj9Tlx8qcIkuqUX-qS1nC_H9JCXA2RGZveYKnd8=",
            "deep_link": "https://www.kiwi.com/deep?affilid=mihalytest&currency=EUR&flightsId=0b7717884de50000a60a502f_0%7C0b7717884de50000a60a502f_1%7C17880b774de70000ee24c452_0%7C17880b774de70000ee24c452_1&from=BUD&lang=en&passengers=1&to=HAM&booking_token=HI826USJcIWLOpUcx26QfQAfQKZ0csHsHCWQdpmKMoY-BhyogYEucYjT42cOu8q1d3G3wKMV5J9mpGP9ZQrr_cnUrU4qnNE1wQ9SH9eI3cJEoiC50ol2Hdw8mzlgk-5sKKJ20ch7t-1GHzI-lbz6yQW_ifavqA6rIoJ-MFoOgTL0rAR25V5nDXl_jeBtJOCtA9Vm483BypStHf0USzWafA3zwM3WE5IwVEjJGKi-hQ2Y9a50ZMinJlso9MFPhXqtmKM9Zsz1fKQcd6_6zYTIDSvkptI--a8ghWXvMAqmyCDZGGrtBghC8sQeSJ5hISmap35bsXl-lCBhNvWnzHEKHN-AH0RsnTMa3xolYEUEzPnZLsD09nK0mgrZkLNMmIuqKFAZzFMihZ1bGPWyoEw53qjDlqeQ7rhI3P8NZLV7UyXl6HL7LAJcSRn9G_Yo2L7ARh9E8ZMNUfAq9_ToWADHHKjufi9pnUC3GmarM-tGEYKXILUm2rFis6nq960FlDrndkDO85QHKANWegd3JNmtGh5JHO3At8awDFGr9BK6veC9k3BtLNUgmPD8eJVDHDMSw3XnZ3QjAAFlyhNX_vtxh1Bm4vP_FP7pf2FpZIy1tizmamkk9a1toZ5_5bEkcnI7NyllWaJ5FBiXkvF0KfUGIDGrBISmt1qAPZICtwrVDg_Jof5f01kZEZjWguSiUti6KaU6BNj9Tlx8qcIkuqUX-qS1nC_H9JCXA2RGZveYKnd8=",
            "facilitated_booking_available": true,
            "pnr_count": 2,
            "has_airport_change": false,
            "technical_stops": 0,
            "throw_away_ticketing": false,
            "hidden_city_ticketing": false,
            "virtual_interlining": false
        },
        {
            "id": "0b7717884de50000a60a502f_0|0b7717884de50000a60a502f_1|17880b774de80000f39a69a5_0|17880b774de80000f39a69a5_1",
            "flyFrom": "BUD",
            "flyTo": "HAM",
            "cityFrom": "Budapest",
            "cityCodeFrom": "BUD",
            "cityTo": "Hamburg",
            "cityCodeTo": "HAM",
            "countryFrom": {
                "code": "HU",
                "name": "Hungary"
            },
            "countryTo": {
                "code": "DE",
                "name": "Germany"
            },
            "local_departure": "2024-08-06T17:30:00.000Z",
            "utc_departure": "2024-08-06T15:30:00.000Z",
            "local_arrival": "2024-08-06T22:10:00.000Z",
            "utc_arrival": "2024-08-06T20:10:00.000Z",
            "nightsInDest": 3,
            "quality": 456.333075,
            "distance": 949.98,
            "duration": {
                "departure": 16800,
                "return": 18900,
                "total": 35700
            },
            "price": 353,
            "conversion": {
                "EUR": 353
            },
            "fare": {
                "adults": 353,
                "children": 353,
                "infants": 353
            },
            "bags_price": {
                "1": 98
            },
            "baglimit": {
                "hand_dimensions_sum": 118,
                "hand_height": 40,
                "hand_length": 55,
                "hand_weight": 8,
                "hand_width": 23,
                "hold_dimensions_sum": 158,
                "hold_height": 52,
                "hold_length": 78,
                "hold_weight": 23,
                "hold_width": 28,
                "personal_item_dimension_sum": 87,
                "personal_item_height": 35,
                "personal_item_length": 40,
                "personal_item_weight": 2,
                "personal_item_width": 12
            },
            "availability": {
                "seats": 9
            },
            "airlines": [
                "LO"
            ],
            "route": [
                {
                    "id": "0b7717884de50000a60a502f_0",
                    "combination_id": "0b7717884de50000a60a502f",
                    "flyFrom": "BUD",
                    "flyTo": "WAW",
                    "cityFrom": "Budapest",
                    "cityCodeFrom": "BUD",
                    "cityTo": "Warsaw",
                    "cityCodeTo": "WAW",
                    "local_departure": "2024-08-06T17:30:00.000Z",
                    "utc_departure": "2024-08-06T15:30:00.000Z",
                    "local_arrival": "2024-08-06T18:45:00.000Z",
                    "utc_arrival": "2024-08-06T16:45:00.000Z",
                    "airline": "LO",
                    "flight_no": 538,
                    "operating_carrier": "LO",
                    "operating_flight_no": "538",
                    "fare_basis": "S1SAV3",
                    "fare_category": "M",
                    "fare_classes": "S",
                    "return": 0,
                    "bags_recheck_required": false,
                    "vi_connection": false,
                    "guarantee": false,
                    "equipment": null,
                    "vehicle_type": "aircraft"
                },
                {
                    "id": "0b7717884de50000a60a502f_1",
                    "combination_id": "0b7717884de50000a60a502f",
                    "flyFrom": "WAW",
                    "flyTo": "HAM",
                    "cityFrom": "Warsaw",
                    "cityCodeFrom": "WAW",
                    "cityTo": "Hamburg",
                    "cityCodeTo": "HAM",
                    "local_departure": "2024-08-06T20:30:00.000Z",
                    "utc_departure": "2024-08-06T18:30:00.000Z",
                    "local_arrival": "2024-08-06T22:10:00.000Z",
                    "utc_arrival": "2024-08-06T20:10:00.000Z",
                    "airline": "LO",
                    "flight_no": 401,
                    "operating_carrier": "LO",
                    "operating_flight_no": "401",
                    "fare_basis": "S1SAV3",
                    "fare_category": "M",
                    "fare_classes": "S",
                    "return": 0,
                    "bags_recheck_required": false,
                    "vi_connection": false,
                    "guarantee": false,
                    "equipment": null,
                    "vehicle_type": "aircraft"
                },
                {
                    "id": "17880b774de80000f39a69a5_0",
                    "combination_id": "17880b774de80000f39a69a5",
                    "flyFrom": "HAM",
                    "flyTo": "WAW",
                    "cityFrom": "Hamburg",
                    "cityCodeFrom": "HAM",
                    "cityTo": "Warsaw",
                    "cityCodeTo": "WAW",
                    "local_departure": "2024-08-09T06:55:00.000Z",
                    "utc_departure": "2024-08-09T04:55:00.000Z",
                    "local_arrival": "2024-08-09T08:25:00.000Z",
                    "utc_arrival": "2024-08-09T06:25:00.000Z",
                    "airline": "LO",
                    "flight_no": 402,
                    "operating_carrier": "LO",
                    "operating_flight_no": "402",
                    "fare_basis": "S1SAV3",
                    "fare_category": "M",
                    "fare_classes": "S",
                    "return": 1,
                    "bags_recheck_required": false,
                    "vi_connection": false,
                    "guarantee": false,
                    "equipment": null,
                    "vehicle_type": "aircraft"
                },
                {
                    "id": "17880b774de80000f39a69a5_1",
                    "combination_id": "17880b774de80000f39a69a5",
                    "flyFrom": "WAW",
                    "flyTo": "BUD",
                    "cityFrom": "Warsaw",
                    "cityCodeFrom": "WAW",
                    "cityTo": "Budapest",
                    "cityCodeTo": "BUD",
                    "local_departure": "2024-08-09T10:50:00.000Z",
                    "utc_departure": "2024-08-09T08:50:00.000Z",
                    "local_arrival": "2024-08-09T12:10:00.000Z",
                    "utc_arrival": "2024-08-09T10:10:00.000Z",
                    "airline": "LO",
                    "flight_no": 535,
                    "operating_carrier": "LO",
                    "operating_flight_no": "535",
                    "fare_basis": "S1SAV3",
                    "fare_category": "M",
                    "fare_classes": "S",
                    "return": 1,
                    "bags_recheck_required": false,
                    "vi_connection": false,
                    "guarantee": false,
                    "equipment": null,
                    "vehicle_type": "aircraft"
                }
            ],
            "booking_token": "HLsSYyKVYmGSldvLHKlBorNqiu5dogduLZmGwobFiGK77X1JcVtJzMzM8LnFszRIlXijYl_0xKy2geIsQflnXFHWJ-RwQUp9CwzAzo_iEq7rn0XQretbQ_RjOs7l57klZRKdQ4Za18sQWNxEZZzG8vt6oHGBMziBMdXPdDIS8E0OZrdGl3BWDdpAj_5l-iSj6l7IQh9a8zV0By30fnffSksMFC-Yiyt2NAHu_Oak_OTsGCXu2W6IK5ADQIcp-xHD6Fq_KB1MxRF0KfKfE4n1iYvN3ZXmlC4jp5qRgklCepQIlUnMeeZ6lRMWlsXa2s22bIFPYwDrC2uNEzfHDF9K8wPEfu9WKZ8rWIrrw57NYuQ-TaQZy5hgZZ7UaopDXpMTMUAyJi1o3ENWtEfhS-K4eSpDOIxMdDI3qrDr8ZFN48tSfJCEMlJqlALyCqblr4fnK1PBH6x8ZUo3vw2wUh9y4zn6zkv3VVnPHpCbz4IUK878n3bGn2NhZe4g1OvF-5saR_FNk_Opt6bQQsI_zgKbtGnSmqZgkOVm1HSL29K6PrGw62_zUpluSVZe_H1jb1fXyyfD-S9cFH9gW4QbBQ-XldLMz1odElVKZhMYmJytVbrvUqupTh811_L2TaDIoH6LvdjvtksZd96p46DuDAsvg0NS-qz58DpAg30eI8mvY33Y0lMHpjXkj-mI9leZKWoJqL-3oXLvIzo-FoVdI0TVbIFaOUndygwWd65GY6P_SoRM=",
            "deep_link": "https://www.kiwi.com/deep?affilid=mihalytest&currency=EUR&flightsId=0b7717884de50000a60a502f_0%7C0b7717884de50000a60a502f_1%7C17880b774de80000f39a69a5_0%7C17880b774de80000f39a69a5_1&from=BUD&lang=en&passengers=1&to=HAM&booking_token=HLsSYyKVYmGSldvLHKlBorNqiu5dogduLZmGwobFiGK77X1JcVtJzMzM8LnFszRIlXijYl_0xKy2geIsQflnXFHWJ-RwQUp9CwzAzo_iEq7rn0XQretbQ_RjOs7l57klZRKdQ4Za18sQWNxEZZzG8vt6oHGBMziBMdXPdDIS8E0OZrdGl3BWDdpAj_5l-iSj6l7IQh9a8zV0By30fnffSksMFC-Yiyt2NAHu_Oak_OTsGCXu2W6IK5ADQIcp-xHD6Fq_KB1MxRF0KfKfE4n1iYvN3ZXmlC4jp5qRgklCepQIlUnMeeZ6lRMWlsXa2s22bIFPYwDrC2uNEzfHDF9K8wPEfu9WKZ8rWIrrw57NYuQ-TaQZy5hgZZ7UaopDXpMTMUAyJi1o3ENWtEfhS-K4eSpDOIxMdDI3qrDr8ZFN48tSfJCEMlJqlALyCqblr4fnK1PBH6x8ZUo3vw2wUh9y4zn6zkv3VVnPHpCbz4IUK878n3bGn2NhZe4g1OvF-5saR_FNk_Opt6bQQsI_zgKbtGnSmqZgkOVm1HSL29K6PrGw62_zUpluSVZe_H1jb1fXyyfD-S9cFH9gW4QbBQ-XldLMz1odElVKZhMYmJytVbrvUqupTh811_L2TaDIoH6LvdjvtksZd96p46DuDAsvg0NS-qz58DpAg30eI8mvY33Y0lMHpjXkj-mI9leZKWoJqL-3oXLvIzo-FoVdI0TVbIFaOUndygwWd65GY6P_SoRM=",
            "facilitated_booking_available": true,
            "pnr_count": 2,
            "has_airport_change": false,
            "technical_stops": 0,
            "throw_away_ticketing": false,
            "hidden_city_ticketing": false,
            "virtual_interlining": false
        },
        {
            "id": "0b7717884de30000d07a005a_0|17880b774de80000ce85ae83_0",
            "flyFrom": "BUD",
            "flyTo": "HAM",
            "cityFrom": "Budapest",
            "cityCodeFrom": "BUD",
            "cityTo": "Hamburg",
            "cityCodeTo": "HAM",
            "countryFrom": {
                "code": "HU",
                "name": "Hungary"
            },
            "countryTo": {
                "code": "DE",
                "name": "Germany"
            },
            "local_departure": "2024-08-04T20:45:00.000Z",
            "utc_departure": "2024-08-04T18:45:00.000Z",
            "local_arrival": "2024-08-04T22:30:00.000Z",
            "utc_arrival": "2024-08-04T20:30:00.000Z",
            "nightsInDest": 5,
            "quality": 410.333205,
            "distance": 949.98,
            "duration": {
                "departure": 6300,
                "return": 6000,
                "total": 12300
            },
            "price": 359,
            "conversion": {
                "EUR": 359
            },
            "fare": {
                "adults": 359,
                "children": 359,
                "infants": 359
            },
            "bags_price": {
                "1": 72.8,
                "2": 282.8
            },
            "baglimit": {
                "hand_dimensions_sum": 118,
                "hand_height": 40,
                "hand_length": 55,
                "hand_weight": 8,
                "hand_width": 23,
                "hold_dimensions_sum": 158,
                "hold_height": 52,
                "hold_length": 78,
                "hold_weight": 23,
                "hold_width": 28,
                "personal_item_dimension_sum": 95,
                "personal_item_height": 30,
                "personal_item_length": 40,
                "personal_item_weight": 8,
                "personal_item_width": 25
            },
            "availability": {
                "seats": 9
            },
            "airlines": [
                "EW"
            ],
            "route": [
                {
                    "id": "0b7717884de30000d07a005a_0",
                    "combination_id": "0b7717884de30000d07a005a",
                    "flyFrom": "BUD",
                    "flyTo": "HAM",
                    "cityFrom": "Budapest",
                    "cityCodeFrom": "BUD",
                    "cityTo": "Hamburg",
                    "cityCodeTo": "HAM",
                    "local_departure": "2024-08-04T20:45:00.000Z",
                    "utc_departure": "2024-08-04T18:45:00.000Z",
                    "local_arrival": "2024-08-04T22:30:00.000Z",
                    "utc_arrival": "2024-08-04T20:30:00.000Z",
                    "airline": "EW",
                    "flight_no": 7783,
                    "operating_carrier": "EW",
                    "operating_flight_no": "7783",
                    "fare_basis": "",
                    "fare_category": "M",
                    "fare_classes": "",
                    "return": 0,
                    "bags_recheck_required": false,
                    "vi_connection": false,
                    "guarantee": false,
                    "equipment": null,
                    "vehicle_type": "aircraft"
                },
                {
                    "id": "17880b774de80000ce85ae83_0",
                    "combination_id": "17880b774de80000ce85ae83",
                    "flyFrom": "HAM",
                    "flyTo": "BUD",
                    "cityFrom": "Hamburg",
                    "cityCodeFrom": "HAM",
                    "cityTo": "Budapest",
                    "cityCodeTo": "BUD",
                    "local_departure": "2024-08-09T18:25:00.000Z",
                    "utc_departure": "2024-08-09T16:25:00.000Z",
                    "local_arrival": "2024-08-09T20:05:00.000Z",
                    "utc_arrival": "2024-08-09T18:05:00.000Z",
                    "airline": "EW",
                    "flight_no": 7782,
                    "operating_carrier": "EW",
                    "operating_flight_no": "7782",
                    "fare_basis": "",
                    "fare_category": "M",
                    "fare_classes": "",
                    "return": 1,
                    "bags_recheck_required": false,
                    "vi_connection": false,
                    "guarantee": false,
                    "equipment": null,
                    "vehicle_type": "aircraft"
                }
            ],
            "booking_token": "HOaWopud51gsCpz5ms4N5zllw2WQDAHWUZ90bVAbmlVlpI6AmjGtiB2k7Ui5740a7BGCYoEYzWno2_hRq-jFDxbYYSVNNHsH31c7sVRNhtyPlvFzU5qgbzy3P0b0wn_DBkz3zHz4CpV7Bf2pEaWtIFROqTE2P4sxoxORYcHL6MFR4kwhTtEglFwz4VzaGYoJORpPkPeQ3hAGQ8GL5tfEApY4iVNABXcarnVsszqQYlYvLEp_zOvQaXbqXr2Zv0qA7slbjnweRjrVVaRLJslL6hKq7Yn1aJDIKpayhbA8PcNy69y2_UpW7ZOm-BtvS2b06uDBafRluvBhO2P5EY3q1Cq5RHIpFAqyjNIxsYG7-81ZSjXFWiGzqUVXyWuKHEvYUw3blgDYKzRqNRvzjyDNnJQXD75qK7KP0vPvXSN3aqXAgb1Bu73GvV0KcOme6qomI8YgPHID3OiwJaPZzQtaUuj3AZJSWS4FSfMi_Uy5zH2-fNZHCe3MBwyRmXtJBOEC0IxmBUHwJwqPaIY59Q0nIrr_nH8a0zUNysgKiL_8gYL3euqt1-I407w7kfdkI3M7Wrw4EVaalheeIcfIBlOvh6IUhJ3VAOsZ5y42xdY3cq7PCcLitpxNlbqOfAmu5m-htbBht6KwJW6_xEVewOKOXgCDkWeAcqcsHZnrqzmJ6d4c=",
            "deep_link": "https://www.kiwi.com/deep?affilid=mihalytest&currency=EUR&flightsId=0b7717884de30000d07a005a_0%7C17880b774de80000ce85ae83_0&from=BUD&lang=en&passengers=1&to=HAM&booking_token=HOaWopud51gsCpz5ms4N5zllw2WQDAHWUZ90bVAbmlVlpI6AmjGtiB2k7Ui5740a7BGCYoEYzWno2_hRq-jFDxbYYSVNNHsH31c7sVRNhtyPlvFzU5qgbzy3P0b0wn_DBkz3zHz4CpV7Bf2pEaWtIFROqTE2P4sxoxORYcHL6MFR4kwhTtEglFwz4VzaGYoJORpPkPeQ3hAGQ8GL5tfEApY4iVNABXcarnVsszqQYlYvLEp_zOvQaXbqXr2Zv0qA7slbjnweRjrVVaRLJslL6hKq7Yn1aJDIKpayhbA8PcNy69y2_UpW7ZOm-BtvS2b06uDBafRluvBhO2P5EY3q1Cq5RHIpFAqyjNIxsYG7-81ZSjXFWiGzqUVXyWuKHEvYUw3blgDYKzRqNRvzjyDNnJQXD75qK7KP0vPvXSN3aqXAgb1Bu73GvV0KcOme6qomI8YgPHID3OiwJaPZzQtaUuj3AZJSWS4FSfMi_Uy5zH2-fNZHCe3MBwyRmXtJBOEC0IxmBUHwJwqPaIY59Q0nIrr_nH8a0zUNysgKiL_8gYL3euqt1-I407w7kfdkI3M7Wrw4EVaalheeIcfIBlOvh6IUhJ3VAOsZ5y42xdY3cq7PCcLitpxNlbqOfAmu5m-htbBht6KwJW6_xEVewOKOXgCDkWeAcqcsHZnrqzmJ6d4c=",
            "facilitated_booking_available": true,
            "pnr_count": 2,
            "has_airport_change": false,
            "technical_stops": 0,
            "throw_away_ticketing": false,
            "hidden_city_ticketing": false,
            "virtual_interlining": false
        },
        {
            "id": "0b7717884de30000d07a005a_0|17880b774de4000087dc066b_0",
            "flyFrom": "BUD",
            "flyTo": "HAM",
            "cityFrom": "Budapest",
            "cityCodeFrom": "BUD",
            "cityTo": "Hamburg",
            "cityCodeTo": "HAM",
            "countryFrom": {
                "code": "HU",
                "name": "Hungary"
            },
            "countryTo": {
                "code": "DE",
                "name": "Germany"
            },
            "local_departure": "2024-08-04T20:45:00.000Z",
            "utc_departure": "2024-08-04T18:45:00.000Z",
            "local_arrival": "2024-08-04T22:30:00.000Z",
            "utc_arrival": "2024-08-04T20:30:00.000Z",
            "nightsInDest": 1,
            "quality": 414.333205,
            "distance": 949.98,
            "duration": {
                "departure": 6300,
                "return": 6000,
                "total": 12300
            },
            "price": 363,
            "conversion": {
                "EUR": 363
            },
            "fare": {
                "adults": 363,
                "children": 363,
                "infants": 363
            },
            "bags_price": {
                "1": 72.8,
                "2": 282.8
            },
            "baglimit": {
                "hand_dimensions_sum": 118,
                "hand_height": 40,
                "hand_length": 55,
                "hand_weight": 8,
                "hand_width": 23,
                "hold_dimensions_sum": 158,
                "hold_height": 52,
                "hold_length": 78,
                "hold_weight": 23,
                "hold_width": 28,
                "personal_item_dimension_sum": 95,
                "personal_item_height": 30,
                "personal_item_length": 40,
                "personal_item_weight": 8,
                "personal_item_width": 25
            },
            "availability": {
                "seats": 9
            },
            "airlines": [
                "EW"
            ],
            "route": [
                {
                    "id": "0b7717884de30000d07a005a_0",
                    "combination_id": "0b7717884de30000d07a005a",
                    "flyFrom": "BUD",
                    "flyTo": "HAM",
                    "cityFrom": "Budapest",
                    "cityCodeFrom": "BUD",
                    "cityTo": "Hamburg",
                    "cityCodeTo": "HAM",
                    "local_departure": "2024-08-04T20:45:00.000Z",
                    "utc_departure": "2024-08-04T18:45:00.000Z",
                    "local_arrival": "2024-08-04T22:30:00.000Z",
                    "utc_arrival": "2024-08-04T20:30:00.000Z",
                    "airline": "EW",
                    "flight_no": 7783,
                    "operating_carrier": "EW",
                    "operating_flight_no": "7783",
                    "fare_basis": "",
                    "fare_category": "M",
                    "fare_classes": "",
                    "return": 0,
                    "bags_recheck_required": false,
                    "vi_connection": false,
                    "guarantee": false,
                    "equipment": null,
                    "vehicle_type": "aircraft"
                },
                {
                    "id": "17880b774de4000087dc066b_0",
                    "combination_id": "17880b774de4000087dc066b",
                    "flyFrom": "HAM",
                    "flyTo": "BUD",
                    "cityFrom": "Hamburg",
                    "cityCodeFrom": "HAM",
                    "cityTo": "Budapest",
                    "cityCodeTo": "BUD",
                    "local_departure": "2024-08-05T06:15:00.000Z",
                    "utc_departure": "2024-08-05T04:15:00.000Z",
                    "local_arrival": "2024-08-05T07:55:00.000Z",
                    "utc_arrival": "2024-08-05T05:55:00.000Z",
                    "airline": "EW",
                    "flight_no": 7784,
                    "operating_carrier": "",
                    "operating_flight_no": "",
                    "fare_basis": "",
                    "fare_category": "M",
                    "fare_classes": "",
                    "return": 1,
                    "bags_recheck_required": false,
                    "vi_connection": false,
                    "guarantee": false,
                    "equipment": null,
                    "vehicle_type": "aircraft"
                }
            ],
            "booking_token": "HKo9BxaTSiPFKby4zFxAtlCHYHVmLThaIMIPKLkyzY7WNRAU0NW8pySS0A91DKXkyt1r608uto96XYY_c0orge4iRff4XbysDvh4_D_70bthIm2Myupx9tAk70B1IFmO6K2RyHqq1-pqCV3s_1fXLvt6Z-o-wg3M3wlvkxC021Fhiac5m5YEQ_yBwfUfvbCFCoGjFq1M_imXx1XVUTsa9sz-So7O0KAnj-juo-ZA87QKFEC6I6uE4n3rP98hTCwK1WnyNjRhNspiU4pmX0jd3YPWKFsEsoU_wJou3OKE2hmzv-44LFgg-kWmh_nsnKzGN71C0bu9C255NyM5-ihlrUPZmPJCPD-OBuThdICp8z4lHP3IchvmTEbIttBbbWfTbhdxN7HzXNm-PMmwfc-EFKuaQr2enVL_k3BGjHGAMxoJqy-ftMbaOQSEIoQnoJV0wgtq-OMJm0GLWYfqatzRmYYPhWXyM6t5AKR6rAOjpOwMJQGUQqWhfhYM96moDKbbFZC0QxdYdN2oemjwV-KWIEipXnP5mKcXxuMdTPyyZzlLI8BLmIeNIi5turysBoJel5avg2sPoZvbjvg1qthj3XEC--PEccJXLBPWK7oUJ2_ZKb1B5I5c7NlD4fY8K8_NHkwU4lSJj_FeE7YSfv5z_5KY_0GAEJl-BumRUpzhAfB4=",
            "deep_link": "https://www.kiwi.com/deep?affilid=mihalytest&currency=EUR&flightsId=0b7717884de30000d07a005a_0%7C17880b774de4000087dc066b_0&from=BUD&lang=en&passengers=1&to=HAM&booking_token=HKo9BxaTSiPFKby4zFxAtlCHYHVmLThaIMIPKLkyzY7WNRAU0NW8pySS0A91DKXkyt1r608uto96XYY_c0orge4iRff4XbysDvh4_D_70bthIm2Myupx9tAk70B1IFmO6K2RyHqq1-pqCV3s_1fXLvt6Z-o-wg3M3wlvkxC021Fhiac5m5YEQ_yBwfUfvbCFCoGjFq1M_imXx1XVUTsa9sz-So7O0KAnj-juo-ZA87QKFEC6I6uE4n3rP98hTCwK1WnyNjRhNspiU4pmX0jd3YPWKFsEsoU_wJou3OKE2hmzv-44LFgg-kWmh_nsnKzGN71C0bu9C255NyM5-ihlrUPZmPJCPD-OBuThdICp8z4lHP3IchvmTEbIttBbbWfTbhdxN7HzXNm-PMmwfc-EFKuaQr2enVL_k3BGjHGAMxoJqy-ftMbaOQSEIoQnoJV0wgtq-OMJm0GLWYfqatzRmYYPhWXyM6t5AKR6rAOjpOwMJQGUQqWhfhYM96moDKbbFZC0QxdYdN2oemjwV-KWIEipXnP5mKcXxuMdTPyyZzlLI8BLmIeNIi5turysBoJel5avg2sPoZvbjvg1qthj3XEC--PEccJXLBPWK7oUJ2_ZKb1B5I5c7NlD4fY8K8_NHkwU4lSJj_FeE7YSfv5z_5KY_0GAEJl-BumRUpzhAfB4=",
            "facilitated_booking_available": true,
            "pnr_count": 2,
            "has_airport_change": false,
            "technical_stops": 0,
            "throw_away_ticketing": false,
            "hidden_city_ticketing": false,
            "virtual_interlining": false
        }
    ],
    "_results": 391
}